0 0.559375 0.339583 0.04375 0.0583333 0.250479
0 0.430469 0.0864583 0.0546875 0.09375 0.254032
0 0.404687 0.365625 0.0625 0.0645833 0.256704
0 0.585938 0.303125 0.046875 0.0729167 0.264296
0 0.0171875 0.441667 0.03125 0.0666667 0.264474
0 0.0984375 0.25 0.046875 0.0541667 0.266196
0 0.914844 0.0291667 0.0828125 0.0583333 0.270218
0 0.540625 0.584375 0.059375 0.08125 0.279459
0 0.839844 0.145833 0.0734375 0.0666667 0.279914
0 0.911719 0.389583 0.0515625 0.0583333 0.300032
0 0.260156 0.0145833 0.0671875 0.0291667 0.30443
0 0.146094 0.35625 0.0515625 0.05 0.305906
0 0.307813 0.071875 0.046875 0.0645833 0.307508
0 0.265625 0.248958 0.0875 0.18125 0.311617
0 0.932813 0.01875 0.08125 0.0375 0.314695
0 0.190625 0.338542 0.05 0.0520833 0.315572
0 0.133594 0.364583 0.0359375 0.0416667 0.318318
0 0.0179687 0.246875 0.0359375 0.0645833 0.32543
0 0.460938 0.564583 0.034375 0.0541667 0.327491
0 0.539062 0.3875 0.046875 0.0625 0.347585
0 0.682813 0.266667 0.034375 0.0416667 0.348069
0 0.158594 0.0427083 0.0703125 0.0854167 0.366552
0 0.109375 0.446875 0.04375 0.0395833 0.372082
0 0.755469 0.134375 0.0421875 0.0604167 0.373374
0 0.817969 0.357292 0.0453125 0.04375 0.374646
0 0.245312 0.307292 0.046875 0.0604167 0.384844
0 0.291406 0.446875 0.0390625 0.04375 0.390771
0 0.885938 0.178125 0.040625 0.0479167 0.404978
0 0.928906 0.109375 0.0390625 0.0479167 0.417292
0 0.521875 0.142708 0.05625 0.0854167 0.433258
0 0.154687 0.34375 0.0625 0.0458333 0.439283
0 0.921875 0.384375 0.03125 0.0395833 0.446479
0 0.567969 0.210417 0.0453125 0.1 0.450525
0 0.910156 0.296875 0.0578125 0.06875 0.4549
0 0.139844 0.286458 0.0578125 0.05625 0.454988
0 0.9625 0.192708 0.04375 0.0645833 0.456411
0 0.632031 0.1625 0.0640625 0.0791667 0.45957
0 0.74375 0.323958 0.040625 0.0604167 0.474418
0 0.686719 0.028125 0.0515625 0.0479167 0.475748
0 0.544531 0.5625 0.0453125 0.0708333 0.476689
0 0.482812 0.334375 0.040625 0.05625 0.484839
0 0.432813 0.0197917 0.0625 0.0395833 0.508073
0 0.272656 0.0791667 0.0453125 0.0833333 0.509386
0 0.422656 0.46875 0.0390625 0.0916667 0.512966
0 0.602344 0.125 0.0484375 0.0958333 0.517154
0 0.51875 0.221875 0.04375 0.0604167 0.521461
0 0.726562 0.361458 0.046875 0.0604167 0.551909
0 0.339844 0.0427083 0.0921875 0.0854167 0.551939
0 0.246094 0.484375 0.0296875 0.0479167 0.553406
0 0.615625 0.148958 0.046875 0.09375 0.556642
0 0.654688 0.472917 0.03125 0.0625 0.559506
0 0.400781 0.388542 0.0421875 0.0479167 0.586745
0 0.597656 0.2875 0.0359375 0.0541667 0.587292
0 0.169531 0.021875 0.0734375 0.04375 0.593984
0 0.0265625 0.123958 0.053125 0.16875 0.601178
0 0.567187 0.469792 0.046875 0.0604167 0.634879
0 0.829687 0.126042 0.05625 0.06875 0.643342
0 0.889844 0.395833 0.0359375 0.0708333 0.645892
0 0.465625 0.179167 0.0625 0.1 0.646902
0 0.0242187 0.458333 0.0484375 0.0625 0.653203
0 0.701563 0.090625 0.046875 0.0770833 0.655453
0 0.661719 0.165625 0.0421875 0.05625 0.672465
0 0.274219 0.210417 0.0671875 0.1 0.687383
0 0.790625 0.0489583 0.06875 0.0895833 0.701916
0 0.153906 0.130208 0.0703125 0.0895833 0.717528
0 0.0984375 0.059375 0.1 0.114583 0.719914
0 0.135937 0.4875 0.05 0.0625 0.760763
0 0.302344 0.390625 0.0546875 0.06875 0.765251
0 0.544531 0.05625 0.107813 0.1125 0.770055
0 0.639063 0.046875 0.05625 0.0729167 0.773813
0 0.421875 0.344792 0.04375 0.0479167 0.779908
0 0.210156 0.0927083 0.0828125 0.0854167 0.819436
0 0.482031 0.497917 0.0546875 0.0708333 0.833217
