0 0.334704065625 0.47983098125 0.338842221875 0.47816749583333334 0.34074200625 0.4764352625 0.3455522203125 0.46756613333333336 0.3485402109375 0.4564028041666666 0.34827143125000004 0.44820901875 0.342946890625 0.44778968333333335 0.33962292656250004 0.44871078125 0.33465508593750004 0.4463839166666667 0.3315198328125 0.4402763708333334 0.3315896453125 0.43388356875 0.3292427328125 0.4283757833333333 0.32725252031249996 0.42096046875 0.3270586796875 0.41718149791666664 0.32577924999999996 0.41439237500000004 0.3215402984375 0.41298318958333335 0.3172832421875 0.41528251666666666 0.3150267578125 0.41892227708333335 0.312491134375 0.42044313333333333 0.31063269375 0.4255659583333333 0.308825959375 0.42800449375 0.30683312812499997 0.42903042708333333 0.30486615 0.42871421458333336 0.301066584375 0.43217868125 0.30026013749999997 0.4352874354166667 0.2995648453125 0.43539397916666667 0.29807859531249997 0.4433420104166667 0.3013068953125 0.4501558583333333 0.301441284375 0.45425275000000004 0.3020176765625 0.45478204791666665 0.301694575 0.45771379999999995 0.3029223 0.4631872125 0.3062617546875 0.4669988479166667 0.31256073125 0.46943054791666666 0.316130240625 0.46960413333333334 0.3201908421875 0.47196708125 0.3228091515625 0.47722740625 0.3255980671875 0.4791676 0.3298964671875 0.48025886458333333 0.334704065625 0.47983098125
0 0.07819118593749999 0 0.06346903125 0.07872978333333333 0.0666537109375 0.07734965625 0.0708435734375 0.07300188333333332 0.07476465624999999 0.060460327083333334 0.0804458953125 0.0589721375 0.0830487171875 0.05949972708333333 0.08531294375000001 0.05822633125 0.08966566875000001 0.04819206041666667 0.0904204109375 0.047767595833333336 0.09278030312499999 0.03875925625 0.0949514828125 0.03677956041666666 0.10909513281250001 0.033377006249999994 0.1142775390625 0.027333083333333334 0.1167692046875 0.03086288333333333 0.1256787453125 0.03618853958333333 0.1269581765625 0.0389776625 0.132026809375 0.04437719791666667 0.1440483671875 0.048711295833333335 0.1440819640625 0.04973552083333333 0.1516526234375 0.052589975 0.1558838296875 0.05163279166666667 0.1579283640625 0.04792257083333333 0.15741142187499998 0.047075352083333334 0.15698240000000002 0.03612681875 0.1578147 0.031675920833333336 0.1620123078125 0.029694514583333335 0.16293765468750002 0.025949918750000002 0.163219415625 0.01962757916666667 0.1627024734375 0.018780358333333334 0.16378293593749998 0.006982895833333333 0.162648259375 0.0022157874999999996 0.162575575 0 0.07819118593749999 0
0 0.7362012546875001 0.2553578833333333 0.7381010375 0.2536256479166667 0.7399258796875 0.2474786 0.740680621875 0.24705413541666665 0.741631821875 0.24196739375 0.741039940625 0.2367053625 0.7425003375 0.2300994729166667 0.7428674015625 0.22211706666666667 0.739256546875 0.21855289166666667 0.7384010125 0.21590468541666666 0.73851216875 0.21290247708333335 0.7379357765625 0.21237317708333334 0.738853378125 0.20626221458333335 0.737863453125 0.19951711666666666 0.7345834484375 0.19538756041666666 0.7333143796875 0.18652355625 0.7302876656249999 0.18585504791666668 0.7272092453125001 0.18787082916666667 0.71554176875 0.1900704479166667 0.710623015625 0.1935005416666667 0.7062393140625 0.19406934374999998 0.703432290625 0.19583766041666667 0.699133890625 0.19474639583333334 0.6949362828125001 0.19672780416666666 0.6919845062500001 0.20047410625 0.69133055625 0.20397124166666666 0.6918293921875 0.20852697291666666 0.690989346875 0.21061150416666666 0.6893609609375 0.212096275 0.683281678125 0.21210140416666665 0.679084071875 0.21408280833333335 0.66650411875 0.23320100624999998 0.6632007718749999 0.24966245208333332 0.6633946109375 0.25344142291666666 0.6639710046875 0.25397072291666667 0.6739170484375 0.25254957291666663 0.6843955234375 0.25670837916666667 0.6872025453124999 0.25494006041666667 0.6949438125 0.25447438541666667 0.7084826 0.26032592083333334 0.70994038125 0.26216128125 0.7108889640625 0.2655157875 0.713804521875 0.26918650624999996 0.7181959703125 0.27098407291666665 0.7214010359375 0.2706988166666667 0.73208633125 0.26412046666666666 0.7354542578125 0.2581487145833333 0.7362012546875001 0.2553578833333333
0 0.5011355390625 0.2832462479166667 0.5030947718750001 0.28119609375 0.504503465625 0.27727449583333336 0.505801003125 0.27635510625 0.5066229390625 0.2779790875 0.5101071484374999 0.2798127395833333 0.5101407453125 0.28083696249999995 0.516804165625 0.2837275 0.5215859109375 0.2846417625 0.521976209375 0.28375845833333335 0.52741965 0.2835419520833333 0.5325063890624999 0.28523297291666666 0.5402812515625001 0.28579152083333337 0.5427238296875 0.2835643625 0.545293053125 0.28306773125 0.548185378125 0.27963934583333333 0.5492296249999999 0.27525890625000005 0.54923224375 0.26681766041666666 0.5482242109375 0.26378107708333337 0.5473790375 0.25505799166666665 0.5457946140625001 0.25149210625 0.545228584375 0.24488792916666666 0.5413902937499999 0.23652056041666666 0.5411137671875 0.22596040833333333 0.5383171078125 0.22165384791666665 0.5288389203125 0.21816525833333333 0.5282883796875 0.21629381666666667 0.5297306703125 0.21339643958333332 0.5325506734375 0.19711199375000002 0.5284151328125 0.19033423333333335 0.5232276 0.18557054166666667 0.5167166765625 0.18306838333333333 0.507253978125 0.18431252916666668 0.504302203125 0.18805883333333334 0.5012211640625 0.1985158625 0.5005258718750001 0.19862240625000002 0.49963412187499995 0.20339122291666667 0.4988199296875 0.20413360833333333 0.495421025 0.20063989583333333 0.49545723906249994 0.19322286875 0.49475420156250005 0.19096304583333332 0.4899569671875 0.18531605 0.485242415625 0.18645023333333333 0.47950947031249996 0.19062271458333332 0.4781860796875 0.19288424583333336 0.47565045625 0.19440510416666665 0.47228253125 0.20037685833333332 0.46928679375 0.20917381875000002 0.4693255203125 0.22100565625 0.4714863375 0.22510083958333332 0.47015258437499996 0.23343725208333332 0.47233925625 0.23619028958333335 0.47401672812499995 0.240462475 0.47432946718749996 0.24360560625 0.4780592203125 0.24653393750000002 0.47949114687499994 0.24971144166666667 0.48667925624999997 0.25581556875 0.49120509375 0.26171002708333335 0.493407253125 0.26919580000000004 0.49308414999999994 0.27212755000000005 0.4964649484375 0.2793297791666667 0.49886356718749997 0.282153275 0.5011355390625 0.2832462479166667
0 0.341350346875 0.23721906458333333 0.34897533125 0.22894798333333333 0.3505959703125 0.22509684375 0.3544549859375 0.22131445416666665 0.357567003125 0.22032289791666668 0.3602809796875 0.21784827708333332 0.3619791765625 0.20997070625 0.36273391875 0.20954623958333332 0.3653497203125 0.19555770208333334 0.364951678125 0.19407464166666666 0.36279860468749997 0.192345825 0.35410875625 0.18945699583333334 0.3478769765625 0.18907374375 0.3418390359375 0.19246946041666665 0.3395489546875 0.195085 0.337675025 0.1954750875 0.3350540984375 0.19865601041666667 0.331577634375 0.19918872708333335 0.3306445421875 0.20056695624999998 0.32626083906250003 0.20113575833333333 0.324030209375 0.203433375 0.304605978125 0.20136593541666667 0.3035203875 0.20235578333333332 0.3054098078125 0.20669842916666664 0.30683911875000003 0.21831717916666668 0.30585432031250004 0.22237969583333334 0.3033522921875 0.224924775 0.30254584375000004 0.22803353125 0.30185055156249996 0.22814007500000003 0.3015533015625 0.22972967916666667 0.30277328125 0.232836725 0.31224372499999997 0.23395894374999998 0.32659670625000004 0.23906809583333333 0.3302256671875 0.23892375833333332 0.334185475 0.23821403958333331 0.334575771875 0.23733073541666666 0.338721675 0.23803361874999998 0.341350346875 0.23721906458333333
0 0.8325962484374999 0.22864604375 0.8414851703125 0.21843135 0.8425966140625001 0.21609935833333335 0.8455691140624999 0.20020329583333335 0.8516096718749999 0.18836632916666665 0.852798671875 0.18200790416666665 0.8497487218750001 0.17424029375 0.848324540625 0.17342915625 0.8477739984375001 0.17155771458333333 0.845163434375 0.16866375625 0.8425709765624999 0.16206128749999998 0.838774028125 0.15708451041666666 0.8380632453124999 0.15245831875 0.8358765765625 0.14970527916666668 0.83322466875 0.14342072916666665 0.8327516859375 0.13752285416666668 0.8341475046875001 0.12042727291666666 0.8311647515624999 0.11470810833333332 0.8268327531249999 0.11259262083333334 0.8237801843750001 0.11326625833333333 0.8206164625 0.11694210416666667 0.814816321875 0.1190661375 0.8117715000000001 0.12210613958333334 0.8081761359374999 0.1232747 0.8016031453125001 0.12953170833333333 0.8005847515625 0.13257000208333333 0.7987780156250001 0.1350085395833333 0.7955806953125 0.1376601625 0.7927995250000001 0.1380863375 0.79201893125 0.13985294583333333 0.7889405093749999 0.141868725 0.7862678765625 0.1477339375 0.7838253 0.14996109375 0.782264109375 0.15349431249999998 0.7786816187500001 0.16783685208333335 0.7758900859375 0.17433790624999998 0.77519479375 0.17444445 0.774269446875 0.17818904583333334 0.773574153125 0.17829558958333333 0.7708834140625 0.1878693125 0.7694747203125 0.19179091250000002 0.7687794265625 0.19189745416666665 0.7669959265624999 0.20143509166666668 0.76930924375 0.20591865625 0.7742253781249999 0.21092980833333333 0.776233696875 0.21463661250000002 0.7817520796874999 0.21883492083333334 0.7840835015625001 0.21960997291666665 0.7869241203125 0.21886587916666667 0.791163071875 0.22027506458333335 0.794179425 0.22701845 0.797968628125 0.22962886249999998 0.8029623203125 0.23061358333333332 0.8085478953124999 0.2368603375 0.812965196875 0.23731575833333332 0.8219962546874999 0.23356432708333333 0.8234721421875 0.2316911729166667 0.8325962484374999 0.22864604375
0 0.10556413281249999 0.10041547499999999 0.10857535781250001 0.09635124791666666 0.1160969328125 0.09344874375000001 0.12032039218749999 0.09012519375 0.1235694171875 0.08478928333333333 0.125285721875 0.0732032 0.12192303281250001 0.06229246041666667 0.118973875 0.05759751875 0.114967596875 0.04410903333333334 0.1124087359375 0.038530787500000004 0.106262259375 0.03648746875 0.1058719609375 0.03737077291666667 0.09852099375 0.03695314375 0.0961637171875 0.0375202375 0.09344974218749999 0.03999485625 0.090877903125 0.048932737500000004 0.0866440796875 0.05833116458333333 0.0837181578125 0.060735325 0.08136088281250001 0.06130241875 0.07561244687499999 0.060742164583333334 0.0718102625 0.07264787916666667 0.0702490734375 0.07618109791666666 0.06955378125 0.07628764166666667 0.06913763125 0.07851308958333333 0.06642365624999999 0.08098770833333332 0.06309969062500001 0.08190880833333333 0.062729209375 0.0826861375 0.06040570468749999 0.09511156041666666 0.0610938796875 0.09745086458333334 0.06764614531249999 0.10334361458333333 0.0698250703125 0.10373028541666666 0.0765324515625 0.10157016875 0.082619478125 0.10393140833333334 0.0903839796875 0.11056483541666666 0.09470823125 0.11031395416666667 0.10198426093749999 0.10631676875 0.1048765859375 0.10288838541666667 0.10556413281249999 0.10041547499999999
0 0.5999526000000001 0.21107679583333333 0.6003661328125001 0.21729259374999998 0.60216250625 0.2209289375 0.6037391859375 0.22212845416666666 0.6039252796875 0.22354105833333332 0.60804533125 0.22558608541666667 0.6164922515625 0.21893898541666665 0.6187900749999999 0.2186898145833333 0.6223518421875001 0.21649703125 0.627040540625 0.21670499166666665 0.635063565625 0.209916975 0.6375319953125 0.20634767291666664 0.6428229375 0.20574278541666666 0.64635110625 0.20252577916666667 0.6507451718749999 0.1958820979166667 0.65232446875 0.18864036874999998 0.654369003125 0.18493014791666665 0.6548627109375 0.17867826666666667 0.6543457687500001 0.17783104583333334 0.65517806875 0.17338014791666667 0.657196753125 0.17101207291666667 0.659613478125 0.17012705625000002 0.662226659375 0.16457976875 0.6625497625000001 0.16164801666666667 0.661813128125 0.15836397083333334 0.6520997578125 0.14770582083333333 0.6530509578125 0.1426190791666667 0.6518232328125 0.13714566666666667 0.651156409375 0.12746882083333333 0.6447902390625 0.122988675 0.6362528875 0.12048822499999999 0.62681604375 0.12039022708333333 0.6164564671874999 0.11559557916666667 0.608622153125 0.11535495416666668 0.60351730625 0.11737244375000001 0.59944634375 0.12108437291666667 0.59637566875 0.12546652083333334 0.5913044171874999 0.12850823541666667 0.5878770421875 0.13479790833333333 0.5849820984375 0.14666753958333334 0.5854473359375 0.1501990479166667 0.5878536999999999 0.15538891458333334 0.592888734375 0.159764225 0.593498725 0.16131774791666667 0.5937520140625 0.16477879583333335 0.5919090640625 0.17463435833333335 0.59248545625 0.17516365625 0.5921623546875 0.17809540625 0.5936278796875001 0.18229713333333333 0.5943722593749999 0.18794754791666665 0.5962022296875 0.19260811458333332 0.5962771703125 0.19702292916666667 0.598750728125 0.20426123958333334 0.598427625 0.20719298958333335 0.5999526000000001 0.21107679583333333
0 0.543510521875 0.04339440000000001 0.5502566265625 0.05306612083333333 0.5506675421875 0.06772316458333334 0.5501919421875 0.07026653333333334 0.5512930218750001 0.07400942291666666 0.559752815625 0.08053630416666667 0.5648369375 0.09066857291666668 0.5703734265625 0.09115837083333332 0.5814981078125 0.08945367291666666 0.5848401796875 0.08482406458333333 0.5860291796875 0.07846563749999999 0.5858534468750001 0.07097815625000001 0.5892498421875 0.05522301041666667 0.5883116234375 0.045793625 0.5905112734375 0.0340305375 0.5893765953125001 0.029263427083333335 0.5838246171875 0.024040895833333336 0.5837910203125001 0.023016672916666665 0.580816009375 0.019663877083333333 0.5802654703125001 0.01779243125 0.5810977703125 0.013341535416666666 0.5808062781250001 0.011556208333333333 0.560213515625 0.004710406249999999 0.557995490625 0.005661477083333334 0.5514923125 0.005525683333333333 0.5467596546875 0.010368381250000001 0.543968121875 0.01686943541666667 0.5429419828125 0.0175413625 0.5425258328125 0.019766810416666666 0.543042775 0.02061403125 0.542520596875 0.03664930208333333 0.5430969890624999 0.03717860208333333 0.543510521875 0.04339440000000001
0 0.18004881875 0 0.1789940703125 0.00629900625 0.180128746875 0.011066114583333333 0.180356184375 0.015869310416666668 0.183227784375 0.024590683333333332 0.1869316859375 0.028861160416666667 0.19179873281249998 0.02811535625 0.1956318953125 0.0256751125 0.19920915156250002 0.0282150625 0.19997163906249998 0.030156966666666667 0.20137509687500002 0.04311786041666667 0.20351006093750001 0.0485551875 0.208139309375 0.04908106875 0.2104035359375 0.047807675 0.21451584218750003 0.04748633541666667 0.21825595781249998 0.04433978958333333 0.220988040625 0.03815665625 0.222735325 0.036036041666666664 0.22516241250000002 0.029076147916666666 0.2259171546875 0.028651683333333334 0.227894496875 0.022893016666666665 0.2280573546875 0.017206516666666668 0.227328465625 0.016288839583333332 0.22707517500000002 0.0128277875 0.226041290625 0.011133349999999998 0.224873015625 0.005342016666666667 0.2236271828125 0.003577114583333333 0.2228248109375 0 0.18004881875 0
0 1 0.40625150416666667 0.9956040734375 0.40913 0.9938567875000001 0.41125061458333334 0.988384878125 0.42125051041666667 0.986136140625 0.4272566395833334 0.985440846875 0.42736318125 0.9843966 0.43174362083333334 0.9818351218749999 0.43460662083333335 0.9810286749999999 0.43771537499999996 0.9803333828125 0.43782191875 0.9792632812500001 0.44354450208333335 0.9829413296875 0.44915712291666665 0.9920369656249999 0.4558953833333333 0.9922825109375 0.4569900666666667 0.9971650484374999 0.46097699583333335 1 0.46175387083333336 1 0.40625150416666667
0 0.5868873328124999 0.07267259791666666 0.5865642296875 0.07560434791666666 0.5873008640624999 0.07888839375 0.5884872484375 0.08097121666666666 0.5886216375 0.08506810833333334 0.594114165625 0.09060856041666666 0.598629640625 0.1025779 0.6015452015625 0.10624861666666667 0.6047580109374999 0.10832972916666667 0.6050035578124999 0.10942441041666666 0.612150321875 0.11213794791666666 0.6166606703124999 0.11329967083333334 0.6170509671875 0.11241636666666667 0.6185346 0.11290958333333333 0.6187801453125 0.1140042625 0.623442990625 0.11555436666666667 0.624045234375 0.11474152291666666 0.6262836093749999 0.11481027291666666 0.6358574640625 0.11056391666666668 0.6438804890625 0.10377589791666667 0.6467211109375001 0.10303180208333333 0.6597688078124999 0.106693975 0.6635683718750001 0.10322950833333334 0.663984521875 0.10100405833333334 0.6706014734375 0.08969639166666667 0.6723100343749999 0.07574394166666668 0.67400823125 0.06786636875 0.67518686875 0.06758282291666666 0.6760424046875 0.07023102708333333 0.6781024296875 0.07125354166666667 0.6798988015625 0.07488988541666666 0.6838069046874999 0.07686445416666668 0.683840503125 0.077888675 0.6900386843749999 0.07724770625 0.694567140625 0.07470091875 0.6976714125 0.07134299375 0.70084288125 0.07003351666666666 0.7046424453125 0.06656904791666667 0.7067464328125 0.06254090625 0.7140483125 0.057201575 0.7142861125 0.055929889583333336 0.5834236609375 0.012426324999999998 0.5830647484375 0.013657747916666666 0.5817672093749999 0.014577135416666666 0.5821471453125 0.01976871041666667 0.5847835625 0.021320525 0.5890044062500001 0.026438220833333335 0.5913590640625 0.034312375 0.588888015625 0.046322925 0.589759040625 0.05370386458333333 0.586310940625 0.07214329791666667 0.5868873328124999 0.07267259791666666
0 0.1966287046875 0.2563074354166667 0.19812008125 0.25916701875000003 0.1980347796875 0.2608270833333333 0.20085729218749998 0.26379150208333335 0.20576306406249997 0.27487753541666665 0.20991671250000002 0.2779467854166667 0.21134863906249998 0.28112428958333335 0.21559533593750002 0.28489984166666665 0.21645087031250002 0.2875480458333334 0.2191208859375 0.29012408125 0.222173453125 0.28945044583333335 0.2263969140625 0.2861268979166667 0.227296409375 0.28372444375 0.22892479375 0.2822396729166667 0.2332439203125 0.2711811791666667 0.23608977343749998 0.2535545895833333 0.23732786250000001 0.2529531208333333 0.24235515312499997 0.25496206666666665 0.2432778828125 0.2596587166666667 0.2475917734375 0.26548271458333333 0.254813478125 0.27261106458333334 0.259993265625 0.27500838958333335 0.2627563296875 0.2782907270833333 0.26452684843749996 0.2832692145833333 0.2668065671875 0.28672855625 0.26757679843750004 0.29103682708333334 0.26945847343749996 0.29301310416666665 0.2706190046875 0.29643807083333334 0.2738059609375 0.299861325 0.2776287625 0.3034959604166667 0.2817488125 0.30554098749999997 0.285090884375 0.3009113791666667 0.2868898765625 0.29610647500000004 0.28764461875 0.2956820104166667 0.28865526875 0.29027735 0.2898597578125 0.28865165833333334 0.29227910156250003 0.27932539791666666 0.2924161078125 0.2749810458333333 0.2914080765625 0.27194445833333336 0.2913331359375 0.26752964375 0.29349144374999997 0.2523759666666667 0.2925092640625 0.2479972375 0.29019594843749996 0.243513675 0.28822122656250004 0.24083109374999997 0.28509934062500003 0.23878021041666667 0.286833259375 0.23260293541666668 0.2916486 0.23454141875 0.301155259375 0.22824661666666665 0.304404284375 0.22291070416666667 0.30610248281249997 0.21503313333333332 0.3051978609375 0.20662797083333334 0.3036470328125 0.20408630833333333 0.30184291406249997 0.1980835979166667 0.3001731875 0.19617777916666668 0.29934350468750004 0.19218743124999998 0.2972498828125 0.19014069375 0.2959368546875 0.18632734791666666 0.292690446875 0.1832220125 0.29271630000000004 0.18187986874999998 0.2834164609375 0.17743751458333332 0.26829063125 0.17646133958333332 0.26471337500000003 0.1739213895833333 0.262816209375 0.1672123770833333 0.2614514765625 0.16608331875000001 0.2528133328125 0.1605102 0.24009648281249998 0.15628264375 0.22552893749999997 0.15954428125 0.22399359843750002 0.16173535416666668 0.2215174234375 0.16293828958333334 0.2212796234375 0.16420997499999998 0.218837046875 0.16643713333333335 0.21809004999999998 0.16922796458333333 0.21739475625 0.16933450833333333 0.217707496875 0.17247763541666666 0.22002855625 0.17932756875000003 0.22453628593750002 0.1889305375 0.2242984859375 0.19020222083333332 0.22610260468750001 0.19620493333333336 0.22572005156250002 0.19945460416666666 0.2264489421875 0.20037228541666666 0.22611547656250003 0.20937891458333333 0.22333430625 0.20980508958333333 0.2200025953125 0.20835982083333335 0.2111111625 0.19932565 0.20504998749999997 0.19562226666666668 0.20377055781250003 0.19283314375000002 0.1947602234375 0.18443481874999998 0.190673771875 0.1834140125 0.19037652031250002 0.18500361875000002 0.1883578390625 0.18737169583333332 0.18710164375 0.191681675 0.1854034453125 0.19955924791666665 0.1852069890625 0.20422152291666668 0.18624861718750002 0.20828233125 0.190045565625 0.21325911041666668 0.1912991453125 0.21739037708333334 0.19052629375000002 0.22152335416666666 0.18751506874999999 0.22558758125 0.1859952203125 0.23251138958333334 0.1866646609375 0.23374698958333334 0.1863415578125 0.23667873958333333 0.18701874375 0.24028070833333331 0.18654314375 0.24282407916666668 0.187093684375 0.24469552291666666 0.1950029359375 0.2493509625 0.19683290625 0.25401152916666664 0.1966287046875 0.2563074354166667
0 1 0.24751176249999998 0.9999444625 0.24747120833333333 0.9947155875 0.23931692499999999 0.9857284890625 0.23801770208333334 0.9810139390625 0.2391518875 0.968004965625 0.2473215520833333 0.96640243125 0.24746417916666666 0.9657407375 0.24859494583333333 0.95803306875 0.25008484583333335 0.9537760109375 0.25238417291666665 0.9509818609374999 0.26732647083333333 0.9489373265625 0.27103669166666666 0.9451015453125 0.28191818333333335 0.942514215625 0.28612332916666666 0.93599293125 0.28969605 0.9328292078124999 0.29337189583333334 0.9317694703124999 0.2930196 0.9289909171874999 0.28500452708333335 0.9290529843750001 0.2762453583333333 0.928223303125 0.27225501041666667 0.9318445171875 0.26974430625 0.9341010000000001 0.26610454375 0.9369700906249999 0.25557705833333333 0.9377248328125001 0.25515259375 0.937386240625 0.2533516083333333 0.9392705328125001 0.24688663958333334 0.93555114375 0.23788342916666666 0.933152525 0.23505992916666668 0.932415890625 0.23177588333333335 0.9243282875000001 0.22807420625 0.9230824546875 0.22630930833333332 0.9236614640624999 0.21839736041666666 0.9251477140625 0.21044932916666664 0.9241991328125 0.20709482083333333 0.9210121750000001 0.20367156458333333 0.9209785765625 0.20264734166666667 0.9117717859375001 0.19891129166666666 0.9093809140625 0.19845416041666666 0.9082953234375 0.19944401041666668 0.897501490625 0.20058332291666667 0.89469446875 0.20235163958333333 0.8915488515625001 0.20231897499999998 0.8889537781250001 0.20415775208333334 0.8835103375 0.20437425833333334 0.8794652265625 0.20674404166666666 0.8778600765625001 0.21532791666666667 0.8785036640625 0.2179056625 0.8780616609375 0.2214732541666667 0.878638053125 0.22200255416666667 0.8778806937500001 0.23086826666666665 0.8792867687499999 0.23538791458333333 0.8792247 0.24414708125 0.8764771281250001 0.2455974791666667 0.87120429375 0.24249385416666666 0.8631502859375001 0.23981640208333335 0.8576137984375001 0.23932660416666665 0.8545948296875 0.24102446458333335 0.8519325578125001 0.24081479583333334 0.8472852046874999 0.243997425 0.8450881703125 0.24731926458333334 0.8436381359375 0.24785027291666667 0.842679190625 0.2505706458333333 0.8435579609375001 0.26031795416666664 0.8428626671874999 0.2604244958333333 0.8421751203125 0.26289740624999997 0.840182290625 0.26392333958333336 0.8332190015625001 0.27106365416666667 0.8310891640625 0.27643393958333334 0.8284682374999999 0.2796148625 0.8244127640625001 0.2880595270833333 0.823717471875 0.28816607083333334 0.8188632968749999 0.30208585625 0.8157331703124999 0.30678592708333335 0.8147483718749999 0.31084844375000004 0.8140530796875 0.3109549875 0.8121170828125001 0.32010424375 0.8124892718750001 0.32292945208333335 0.8192534859375 0.3288926604166667 0.8280027828125001 0.33146356875 0.8326578843749999 0.33064730416666666 0.834074321875 0.329092075 0.846437090625 0.32678591041666666 0.84882021875 0.324876675 0.854620359375 0.3227526416666667 0.85636764375 0.3206320270833333 0.8594796609375001 0.31964046875 0.8619816890625 0.31709538958333333 0.86491535625 0.3170575958333333 0.8672390343749999 0.31546628125 0.8699607546875001 0.3153580291666667 0.8751999921875001 0.31743743125 0.8765724703125001 0.32093285625 0.8790305375 0.32343843333333333 0.8796818703125 0.3283825458333334 0.8768308875 0.3352015208333333 0.87365941875 0.33651099791666667 0.8711573921875001 0.33905607708333335 0.8604307531250001 0.3422438375 0.8576573281250001 0.34503637916666663 0.8548167078125 0.34578047291666664 0.8530099734375 0.3482190104166667 0.8505337984375 0.34942194375 0.8455891921875001 0.35419418124999996 0.8448757921875 0.3580092375 0.8438496531249999 0.3586811645833333 0.8408797703124999 0.3661359791666667 0.8389179203125 0.37662738333333334 0.8393237078125001 0.38047681250000004 0.8417223249999999 0.3833003104166667 0.8447722750000001 0.39106792291666664 0.84423460625 0.4023704604166667 0.8447851468750001 0.40424190416666667 0.8477343046874999 0.4089368458333333 0.853074334375 0.41408891666666664 0.8543279140625 0.41822018541666667 0.8540461531249999 0.424542525 0.8548422375 0.42750865208333333 0.8586650390624999 0.4311432854166667 0.8596394734375 0.43315564791666666 0.8603425109374999 0.4354154708333333 0.8596627078125 0.44025475000000003 0.860272696875 0.4418082729166667 0.8657807156249999 0.45208146041666664 0.872239934375 0.45726790625 0.8752071984375001 0.4582543375 0.8794978546875001 0.45697923333333335 0.8844166078125 0.45354914166666666 0.8854091499999999 0.4518529895833333 0.88864006875 0.45022559166666665 0.8920157375000001 0.4466202041666667 0.8960453578124999 0.43951768333333335 0.8997260234375 0.4366890583333333 0.9051048875 0.4259828604166667 0.9142393546875001 0.41686285 0.9193209671875 0.4077462583333333 0.9217739078125 0.39944422083333336 0.923852040625 0.396758225 0.9272613078124999 0.39417706041666667 0.9288638421875 0.3940344333333333 0.9293135890625001 0.39283320625 0.935630671875 0.39155639375 0.93879439375 0.38788054791666665 0.9402857718750001 0.39074013125 0.9429531687500001 0.4017574125 0.9472489515625 0.41128992291666666 0.9477219359375001 0.41718780208333334 0.9503738421874999 0.42347234791666666 0.9502885390625 0.42513241458333334 0.9554243671875 0.4325803958333333 0.9572543375 0.4372409625 0.9590429640625 0.43851093750000003 0.9602629453124999 0.44161798125 0.9650188390625001 0.4438743875 0.9683169515625 0.4442954333333333 0.971123975 0.44252711666666666 0.9757196234375 0.44202877291666665 0.9764924734375 0.4378957958333333 0.9792659 0.4351032541666667 0.9805479484375 0.42945113124999995 0.981243240625 0.4293445875 0.9819566406250001 0.42552953125 0.9831611296875 0.42390384166666667 0.984357875 0.41991178333333334 0.9864101546875 0.41856793125 0.9892016890625 0.41206687708333334 1 0.402007725 1 0.24751176249999998
0 0.1618879578125 0.10259306875 0.1670186578125 0.09923343333333333 0.1736175 0.09163427916666667 0.1744833984375 0.08820760416666666 0.1752381421875 0.08778313958333334 0.1766985390625 0.08117725208333333 0.1796167171875 0.07640672291666667 0.1797201265625 0.07103814791666667 0.177339615625 0.06450613749999999 0.166752603125 0.054908293749999997 0.162513653125 0.05349910833333334 0.1605802734375 0.05420711875 0.157476 0.05756504375 0.1535420453125 0.05693262083333333 0.1438777609375 0.05203142708333333 0.133797328125 0.04935568541666667 0.1295842296875 0.04660435416666667 0.1258467328125 0.04130965416666667 0.1209641953125 0.037322725 0.11848801875 0.03852566041666667 0.1172576765625 0.04149349583333333 0.115611184375 0.04668677708333333 0.11634781875 0.049970827083333336 0.11902557968750001 0.05491322916666667 0.120007759375 0.05929195833333333 0.1221349796875 0.06236291875 0.12214272500000001 0.0647292875 0.1241251921875 0.06977823124999999 0.12544596562500002 0.07595794791666667 0.1324996828125 0.07796518125 0.135864990625 0.080434675 0.1414841640625 0.08770565208333332 0.149246046875 0.10278032499999999 0.151187171875 0.10443868125 0.15400193906249998 0.10503672916666668 0.15541837812499998 0.1034815 0.1618879578125 0.10259306875
0 0.7302234109375 0.09229503333333335 0.73636214375 0.09197198541666667 0.739169165625 0.09020366666666665 0.7409241953125 0.09044941875 0.743095378125 0.08846972291666666 0.7446979093749999 0.08832709583333333 0.7469879890625 0.08571155625 0.748319125 0.08581639166666667 0.7493530109375001 0.08751083124999999 0.7497252 0.09033603958333333 0.7514879750000001 0.09294815833333334 0.7512837718750001 0.09524406666666667 0.7521987578125 0.09757434999999999 0.7542923796875 0.09962108750000001 0.7552409625000001 0.10297559375000001 0.7616071343749999 0.10745573958333333 0.7631915578124999 0.111021625 0.76610711875 0.11469234166666667 0.7741275265625001 0.11634557083333334 0.779503771875 0.11408061875 0.782396096875 0.11065223541666666 0.78296474375 0.10881516875000001 0.7853478734375 0.10690593125 0.7859759703125 0.10475094166666667 0.7883255 0.10181748125 0.7947873359375001 0.09856268125 0.7967465687499999 0.09651252708333334 0.79870841875 0.086021125 0.7981914765625 0.08517390416666666 0.798323303125 0.08386698958333333 0.7164055874999999 0.05663448333333333 0.7157102953125001 0.05674102708333333 0.714903846875 0.059849779166666665 0.7118667703125 0.06525615208333332 0.7113730625 0.07150803333333333 0.7154051921875 0.08365437083333332 0.7175918625000001 0.08640741041666668 0.718964340625 0.08990283541666666 0.7216343546874999 0.09247887291666666 0.7274758375 0.09374542916666666 0.7302234109375 0.09229503333333335
0 0.9705718937500001 0.17219584375 0.975955884375 0.17229725833333334 0.9851885265625 0.17469116458333334 0.9919553578125001 0.172213125 0.9932192984375 0.17026951458333334 0.9942299484375001 0.16486485208333335 0.9932477671875001 0.16048612291666667 0.9933589218750001 0.15748391458333336 0.9926300328125001 0.15656623333333333 0.99261454375 0.15183349791666664 0.9933099703125 0.14868783749999998 0.9370429515625001 0.12998258125 0.9349622015625 0.141109825 0.9355385937499999 0.14163912291666667 0.935334390625 0.14393503333333332 0.937314240625 0.157425225 0.9423828750000001 0.16282476041666666 0.9424164718749999 0.16384898333333334 0.94856295 0.16589230208333333 0.9539882828125 0.16938430833333334 0.9701815968749999 0.17307914583333334 0.9705718937500001 0.17219584375
0 0.34046663593750004 0 0.33958330625 0.00227846875 0.33839430625 0.008636893750000001 0.338714790625 0.014146389583333334 0.339841725 0.016547133333333335 0.342876184375 0.019582008333333335 0.34397726562500003 0.023324895833333335 0.3405033125 0.043106472916666666 0.340883246875 0.04829804791666667 0.3428062640625 0.053664916666666666 0.3424650546875 0.06030517916666667 0.34299748750000003 0.06588513541666667 0.344209721875 0.0666258125 0.34525135156250003 0.07068661875 0.347556921875 0.07280381666666667 0.3487769015625 0.07591086041666667 0.3524730578125 0.07781497083333333 0.356492315625 0.07678732708333333 0.3598085359375 0.0734998625 0.363794196875 0.07144799791666667 0.36670462812500004 0.06431110208333334 0.372124834375 0.05699549375 0.376619690625 0.05342448541666667 0.37907001406249996 0.05356369375 0.3820553875 0.0508416125 0.381316134375 0.05599881041666666 0.3796283 0.05780150416666666 0.3786435015625 0.06186402291666667 0.377948209375 0.06197056458333334 0.375249725 0.06917792083333334 0.3745750484375 0.0848248125 0.3761000234375 0.08870861666666667 0.376141365625 0.09209920833333334 0.3773872 0.09386410833333333 0.3812358515625 0.09615659791666667 0.38193889062499997 0.09841642083333334 0.3848544484375 0.10208714166666667 0.38553163437500004 0.10568910833333334 0.38631997500000004 0.10628886875 0.3868446625 0.10950245625 0.3884885375 0.11275041666666666 0.38804653437500003 0.11631801041666666 0.38863841718750003 0.12158004583333333 0.3923164640625 0.12719266666666668 0.3960126203125 0.129096775 0.3980467921875 0.13146143541666666 0.401316434375 0.14166587083333332 0.40392700000000004 0.14455982916666665 0.40514697968749996 0.14766687291666666 0.40896978125 0.15130150833333333 0.409765865625 0.15426763333333332 0.41219808125 0.15811535416666667 0.412875265625 0.16171732291666666 0.420215871875 0.16820982916666666 0.42838877656249996 0.17025144166666667 0.43150079375 0.16925988125 0.43868377656249996 0.16455639583333334 0.44226364843750005 0.15865510208333333 0.44714880468749996 0.15420078541666668 0.451201659375 0.15419736458333333 0.459056696875 0.14228823333333332 0.46095648125000005 0.14055599791666668 0.4674519140625 0.13832542291666666 0.469072553125 0.13447428333333333 0.47003924374999995 0.13412027916666666 0.47241462500000003 0.12984467291666665 0.47423946875 0.12369762499999999 0.47949943125 0.11362727083333332 0.49037082343750005 0.108461525 0.491303915625 0.10708329791666667 0.495643765625 0.08387504375 0.49340800781249994 0.07536504791666668 0.4945375578125 0.06932454166666666 0.49816651875 0.06918020625 0.5072802609375 0.07220995416666667 0.5111987265625 0.06810964374999999 0.5164302203125 0.06782267916666668 0.5217883578125 0.06926623958333335 0.5242645328125 0.06806330416666667 0.5255879218749999 0.06580177291666667 0.5283949453125001 0.06403345208333333 0.5326003 0.06441841458333333 0.5329905968750001 0.0635351125 0.5375862453125 0.06303676875 0.5387312875 0.061729 0.5396824875 0.056642260416666666 0.5394291953125 0.053181210416666666 0.5383953109374999 0.05148676875 0.5373898968749999 0.0400089375 0.5377156171874999 0.0286359375 0.535420409375 0.0204438625 0.5363457578124999 0.016699266666666667 0.5371005 0.016274802083333335 0.5372375078125 0.011930447916666666 0.533856709375 0.004728220833333334 0.532856421875 0.004058004166666667 0.5320935 0 0.34046663593750004 0
0 0.945475384375 0.5255131125 0.946426584375 0.5204263729166666 0.9474785765625 0.5184123 0.95076894375 0.51646698125 0.9519811796875001 0.5172076583333334 0.9562588546875 0.5304486791666666 0.96049780625 0.5318578645833333 0.9688103359375001 0.5211138729166667 0.9722790531250001 0.5182147875 0.9761561765625 0.5107238895833334 0.980769934375 0.5065170333333333 0.9818219265625 0.5045029624999999 0.9838742078125 0.5031591104166666 0.991581875 0.5016692104166667 0.9937530546875 0.4996895145833333 0.994923946875 0.49703959999999997 0.9962499546875 0.48633682083333335 0.9956735625 0.48580752083333334 0.995996665625 0.48287577083333333 0.9949886328125 0.4798391854166667 0.9874696765625 0.47430044166666663 0.976482003125 0.47166078333333333 0.9712505109375 0.4719477458333333 0.965010984375 0.46919812708333336 0.9636385078125 0.4657027020833333 0.9646491578124999 0.46029804166666666 0.9640986187499999 0.4584265979166667 0.9621574921875 0.4567682395833333 0.9610486671875 0.4506589875 0.959438390625 0.44843524583333333 0.9581512156249999 0.44327975416666665 0.9561764921875 0.44059717708333335 0.9537365328125 0.4343830875 0.9487868 0.42834771041666664 0.9477193171874999 0.42562904791666667 0.9443204125 0.42213533124999997 0.9384944187500001 0.4256015083333333 0.9346172968750001 0.43309241041666663 0.9284940531249999 0.43814819375 0.9237096890625001 0.44567517916666666 0.9175864484374999 0.4507309625 0.9148543640625 0.45691409583333337 0.9140220640625 0.46136499166666667 0.9163276343750001 0.46348218750000003 0.9176070640624999 0.4662713125 0.9169867125 0.4707926666666667 0.9152135749999999 0.47425542708333335 0.9121610062500001 0.4749290625 0.9097184296874999 0.47715622083333337 0.906301415625 0.4773710166666667 0.90343494375 0.47945725625 0.8970584109375 0.48105198958333334 0.89308049375 0.4854702229166667 0.89278324375 0.4870598291666666 0.891154859375 0.4885446 0.8904673125 0.49101751041666664 0.8888389265625 0.49250228333333335 0.8861662953125 0.49836749375 0.883178303125 0.5095308229166666 0.8837546968750001 0.5100601229166667 0.8835582390625 0.5147223979166667 0.8854735109374999 0.5177229 0.8990717515625001 0.5232565145833333 0.9039878859374999 0.5282676708333333 0.912863828125 0.5325691020833333 0.916857234375 0.5328836041666667 0.92024065 0.5316445854166667 0.920690396875 0.5304433604166666 0.9247432515625 0.5304399416666666 0.9266843781249999 0.5320982979166666 0.9293621375000001 0.5370407020833333 0.9330246953125 0.5379205895833333 0.9426838500000001 0.5320141666666667 0.945475384375 0.5255131125
0 0.6601244312500001 0.3816875229166667 0.662099153125 0.38437010416666667 0.6645236234375 0.38585145833333334 0.66817581875 0.39280622291666667 0.67017639375 0.39414665833333334 0.67327805 0.39922998125000003 0.676795853125 0.4020878541666667 0.6785767375 0.4009914625 0.683415421875 0.38233894166666665 0.6845010125 0.38134909166666664 0.685248009375 0.3785582604166667 0.6875639421875 0.37460057708333333 0.6951372203124999 0.3690137854166667 0.7043104140625001 0.37172561249999997 0.708296075 0.36967374999999997 0.7135973796874999 0.3629939833333333 0.7154997796875 0.35282050416666666 0.7143496125000001 0.3433206583333333 0.7152413625 0.33855183958333335 0.717226446875 0.33515953958333333 0.7181414328125 0.3374898229166667 0.7183352734375 0.3412687958333333 0.7210466296875 0.34723541875 0.7214524171875001 0.3510848520833333 0.730772875 0.37106755208333336 0.7350118234374999 0.3724767354166667 0.7373019046875 0.36986119791666666 0.7413211609375 0.36883355833333337 0.7433398453125 0.36646548125 0.7455446218749999 0.36551000833333336 0.7461132703125 0.3636729395833333 0.7480130515625001 0.36194070625 0.7494036390625001 0.36172761875 0.7526526625 0.35639170833333333 0.7560154609375 0.33961233958333337 0.756770203125 0.3391878729166667 0.75874754375 0.33342920833333334 0.7592489953125 0.32954369375 0.7587165640625 0.32396373749999996 0.7581401718749999 0.32343443749999995 0.7580988296875 0.3200438479166667 0.756514403125 0.3164779645833333 0.7572278031249999 0.3126629083333333 0.7587372890624999 0.3118139791666667 0.7607223734375 0.3084216791666667 0.7617252796875 0.30065064999999996 0.7599547578125 0.2956721625 0.75899843125 0.2899512875 0.7566851156250001 0.285467725 0.7564654234375 0.28303089791666663 0.7543718015625 0.2809841604166667 0.752846825 0.27710035625 0.7496004187499999 0.2739950208333333 0.743030046875 0.27181078333333336 0.7392408421875001 0.2692003729166667 0.733034915625 0.267474975 0.7278370187500001 0.2687861625 0.7236135578125 0.2721097125 0.7229854609374999 0.2742647 0.720602334375 0.2761739395833333 0.716332296875 0.2929893895833333 0.715637003125 0.29309593333333334 0.714406659375 0.29606376875 0.7122949296875001 0.29772554375000004 0.7112015953124999 0.296349025 0.7093044296875 0.2896400104166667 0.7095189953125 0.2812692229166667 0.7119383375 0.27194296458333334 0.7117444984375 0.26816399375 0.70982148125 0.26279712499999996 0.7079992546875 0.260502925 0.7041842 0.2592346583333333 0.6987485046875 0.26181753125 0.6892780609375 0.26069531041666666 0.6856232484375 0.26218179166666666 0.6810870484375 0.2623622125 0.676592190625 0.26593322291666666 0.6751499 0.26883060000000003 0.672435925 0.27130522083333336 0.670042434375 0.2792893354166667 0.6698459765625 0.2839516125 0.6713968046875001 0.28649327291666665 0.6725314828125 0.29126038125 0.6721747828125 0.2931679104166667 0.667891871875 0.29680937916666666 0.6626939765625 0.29812056875 0.65837746875 0.30073781666666666 0.6562993359375 0.30342381458333334 0.6545779031250001 0.3042022833333334 0.6520836203125 0.30911373125 0.651388328125 0.30922027500000004 0.6481961359375 0.3226795125 0.6467512281250001 0.3340181354166667 0.6473276203125 0.3345474333333333 0.6463505671875 0.34097631666666667 0.6464255062500001 0.34539113125000004 0.6482477328125 0.34768533125 0.6503672078125 0.34838992291666665 0.6529622828125 0.34655114583333335 0.6562009453125001 0.34729011249999997 0.6569039828125 0.3495499375 0.6549162796875 0.3613834833333333 0.655195421875 0.36350238749999997 0.6572890453125 0.36554912708333337 0.6597884546875 0.37144529375 0.65954029375 0.3787918583333333 0.6601244312500001 0.3816875229166667
0 0.7859090234375 0.7034436145833334 0.788669575 0.6874770916666667 0.794650684375 0.6759580479166666 0.795899134375 0.6692817020833334 0.795382190625 0.6684344812499999 0.7958577906250001 0.6658911125 0.795046215625 0.6581922520833333 0.7958449187500001 0.6527171291666666 0.795532178125 0.6495740020833334 0.7935755624999999 0.6431829104166666 0.7892177140625 0.6424095666666666 0.78272228125 0.64464014375 0.779524959375 0.6472917666666667 0.7689094765625 0.6474773145833334 0.7641768203125 0.6523200104166667 0.763184275 0.6540161604166667 0.76215551875 0.6631293354166666 0.7637812859374999 0.6700858083333333 0.7635770828124999 0.67238171875 0.7659498499999999 0.6765473604166666 0.766627034375 0.6801493291666667 0.7678134156249999 0.68223215 0.7678702484375 0.690355475 0.7695296140625 0.6983361729166667 0.7704755796875 0.710131925 0.77496781875 0.7150021604166666 0.78020705625 0.7170815625 0.780827409375 0.71256020625 0.7821766515624999 0.7089565291666666 0.7840764359375 0.7072242958333333 0.7859090234375 0.7034436145833334
0 0.558772821875 0.17847675833333335 0.5598403046875 0.18119542291666668 0.5700783625 0.19506716041666666 0.57258551875 0.20332969375 0.576204115625 0.2092602375 0.582027490625 0.21423530625 0.58693588125 0.21688009375 0.5869694796875 0.21790431666666665 0.591725371875 0.2201607229166667 0.5958195703125 0.22354789375 0.5991771328125 0.22365101875 0.5985671421875 0.22209749791666666 0.599086703125 0.21450347083333332 0.5975798343750001 0.20691115208333333 0.597641903125 0.19815198541666668 0.596150525 0.19529240416666666 0.596354728125 0.19299649583333334 0.5937881218750001 0.18505188125000002 0.5927981984375 0.17830678541666664 0.5939639624999999 0.16484925625000002 0.5929223328125001 0.16078844791666666 0.5886420390625 0.15598867291666665 0.585718734375 0.14995158541666667 0.585736840625 0.146243075 0.5872825421875 0.13797712083333333 0.589445978125 0.13363105833333336 0.590371325 0.1298864625 0.5911260671874999 0.12946199583333334 0.59332571875 0.11769891041666666 0.5943182609375001 0.11600276041666667 0.5949127609375 0.11282354791666667 0.5935661343749999 0.10798597916666666 0.5819865796875 0.10008428541666667 0.5761890562499999 0.09376707291666667 0.568380596875 0.09218430208333334 0.5645138359375 0.093600325 0.5633093453125 0.09522601458333332 0.5565166625 0.09904619791666666 0.5507139046875 0.10961147708333334 0.5487701625 0.11639436666666667 0.5484548046875 0.12169248541666668 0.550496721875 0.12642351041666666 0.5547175656250001 0.13154120833333333 0.5574961171874999 0.13955627916666666 0.5576899562500001 0.14333525 0.5585118953125 0.14495923333333333 0.5580104421875001 0.1488447479166667 0.5587393328125 0.14976242708333334 0.5591192671874999 0.15495400208333335 0.559695659375 0.15548330208333333 0.55949145625 0.15777920833333334 0.557201378125 0.16039474791666666 0.5570385171875001 0.16608124791666665 0.5589356828125001 0.17279025833333334 0.558772821875 0.17847675833333335
0 0.7238905140624999 0.17190943333333333 0.7258187671874999 0.16039380833333333 0.7253018250000001 0.1595465875 0.7264417375 0.14743120416666666 0.725250228125 0.13454076875 0.72399665 0.13040950208333332 0.7212335875 0.1271271625 0.7215902875 0.12521963541666667 0.725152053125 0.12302685416666666 0.7256121640625001 0.11575075 0.7244257796875 0.11366792708333334 0.723655546875 0.10935965625 0.7200705468749999 0.10445333750000001 0.716873228125 0.10710496041666667 0.7154903874999999 0.10968441458333333 0.7116494796875 0.10975829166666666 0.707529428125 0.10771326458333334 0.70530654375 0.11237725 0.701982578125 0.11329834583333334 0.7005144359375 0.11753786666666667 0.7009279687500001 0.12375366666666668 0.698425940625 0.12629874375 0.6904210234375 0.12937824791666666 0.6877070484375001 0.13185287083333333 0.6868411484375 0.13527954583333335 0.68614585625 0.1353860895833333 0.683625721875 0.14163967916666667 0.6826409234375 0.14570219583333335 0.68194563125 0.14580873958333335 0.67550703125 0.15616264166666666 0.66922605625 0.17771253750000002 0.66833430625 0.18248135833333334 0.670342625 0.18618816041666666 0.670536465625 0.18996713125 0.6721544890625 0.1945572375 0.6741292109375 0.19723981875 0.67991124375 0.19882429583333333 0.6902553296875 0.19888621041666665 0.696259671875 0.19446626874999998 0.7033056453125 0.1941071375 0.7068079609375 0.19223227499999998 0.7103180203125 0.19272378124999998 0.7142700843750001 0.18964769375 0.7173226515625 0.18897405625000002 0.719638584375 0.18501637291666664 0.7216934828125 0.175231275 0.7238905140624999 0.17190943333333333
0 0.8398622359375001 0.14765341458333334 0.8391824328125 0.15249269375000002 0.8399190687500001 0.15577673958333332 0.8459104312499999 0.165872925 0.8469184640625 0.16890950833333335 0.85037681875 0.17208530416666665 0.8525970859375 0.17586256458333333 0.8570479843750001 0.17734221041666667 0.85888831875 0.17592789791666666 0.86031511875 0.1682977875 0.8601212765625 0.16451881666666665 0.8609535765624999 0.16006791874999998 0.8604624875000001 0.15787855416666666 0.8623054375000001 0.14802299375 0.8689559859375 0.13773955208333336 0.8739445515625001 0.12791665833333335 0.87581848125 0.12752656874999999 0.87853245625 0.12505195 0.8867389609374999 0.12811778125 0.8935471328125001 0.12903033333333333 0.8980161390625 0.12680146666666667 0.9063001984374999 0.12584086666666666 0.9104202499999999 0.12788589375 0.91148773125 0.13060455833333334 0.9134288578125 0.13226291458333334 0.9177608546875 0.1343784 0.9224754046875001 0.13324421666666666 0.9242821390625 0.13080568125 0.9305647296874999 0.12782897708333332 0.8286000046875 0.09393209583333334 0.8277788265625 0.09669826666666667 0.82651226875 0.10708312708333333 0.8277322484375 0.11019017083333332 0.83497980625 0.115976375 0.8357164421875 0.11926042291666666 0.8335322812499999 0.13575624375 0.8344808625000001 0.13911075208333334 0.8395494953125 0.14451028541666666 0.8392858437499999 0.14712411458333333 0.8398622359375001 0.14765341458333334
0 0.22132107343750002 0.13991045625 0.2261364171875 0.14184894166666667 0.229654221875 0.14470681458333334 0.22968782031249999 0.14573103958333336 0.23669757812499997 0.15278892708333333 0.24856663750000002 0.15673464583333332 0.25695923593750003 0.1612130833333333 0.26095264218750003 0.16152758541666667 0.26258102656250004 0.16004281458333333 0.262123534375 0.15887767291666668 0.262658584375 0.15601638125 0.2614567109375 0.14920082499999998 0.2570833734375 0.14369474791666667 0.25438750468750004 0.14246085625 0.2548631046875 0.13991748541666665 0.259373453125 0.14107920833333332 0.26179017656250003 0.14019419583333334 0.2673266640625 0.14068399166666667 0.282739384375 0.14614543958333334 0.2873608875 0.14430495416666667 0.29004126406249997 0.14080611041666666 0.2907546640625 0.13699105625 0.2903747296875 0.13179948125 0.28890920468750003 0.12759775416666666 0.28471421406249997 0.1211379125 0.27652581875000004 0.11436356666666667 0.27155797812500004 0.11203670208333333 0.2642664609375 0.11130115416666667 0.2596889171875 0.10809098333333332 0.256085809375 0.10689317499999999 0.253847434375 0.10682442708333334 0.2493784296875 0.10905329375 0.24837814218749998 0.10838307500000001 0.24778625937499998 0.10312104166666666 0.248678009375 0.09835222291666666 0.244806121875 0.08896062916666667 0.23970389218750002 0.08253687291666667 0.23388825937500002 0.07992817083333333 0.230166253125 0.07936620625 0.22545170312499999 0.08050038958333333 0.21639479218750002 0.08559396666666667 0.21116329843749998 0.08588093333333333 0.208356275 0.08764925 0.20557510625000003 0.088075425 0.1989762625 0.09567457708333334 0.1941428125 0.09744460416666666 0.18512986250000002 0.09748752708333333 0.182051440625 0.09950330624999999 0.1778796859375 0.10014256666666667 0.173852684375 0.09880383958333333 0.1693164828125 0.09898426249999999 0.1663052578125 0.10304848958333333 0.1672951828125 0.10979358541666667 0.1645604828125 0.12441796458333335 0.16374629062499998 0.12516035 0.1614148671875 0.12438529791666667 0.16084621875 0.12622236666666667 0.1608798171875 0.12724658958333335 0.1640590296875 0.12830347916666668 0.16394787500000002 0.13130568958333333 0.1660371359375 0.128961075 0.168721875 0.12985358333333333 0.1719088328125 0.1332768375 0.183565946875 0.13715209791666666 0.1873551484375 0.13976251041666668 0.20967945000000002 0.14076793125 0.2174465703125 0.13896011041666664 0.22132107343750002 0.13991045625
0 0.0588025078125 0.43234769375 0.0604644890625 0.4318871458333333 0.06374711093749999 0.4275754583333333 0.068071365625 0.4273245770833333 0.0727083578125 0.43021682499999997 0.074928625 0.4339940875 0.07953202031249999 0.4358621125 0.082949034375 0.4356473166666667 0.0880538828125 0.4336298270833333 0.09052231250000001 0.430060525 0.0928459890625 0.42846920833333335 0.105139053125 0.4048657375 0.108289903125 0.3880159125 0.1110814359375 0.38151485625 0.11191373593750001 0.3770639604166667 0.11171989687499999 0.3732849875 0.1114407546875 0.37116608333333334 0.10952548124999999 0.36816558125000004 0.10887414843750001 0.36322147083333334 0.107349175 0.3593376645833333 0.10698734531250001 0.3504375791666667 0.10348503125 0.35231243958333336 0.0999646078125 0.35789581249999997 0.09703094062499999 0.35793360625 0.0962865609375 0.35228319166666666 0.0987240109375 0.33924842083333334 0.0988610171875 0.33490406666666667 0.095115775 0.32724299791666667 0.0876304171875 0.3227284791666667 0.0828564171875 0.3241805833333334 0.0767228125 0.33531124791666667 0.066978353125 0.3428777333333333 0.0659263609375 0.34489180625 0.0643651703125 0.348425025 0.0632950703125 0.35414760624999997 0.06331056093750001 0.35888034166666666 0.0609067078125 0.3729393354166667 0.0614649921875 0.37717714583333334 0.064794084375 0.3870636625 0.0644115328125 0.3903133375 0.06221449999999999 0.39363517708333334 0.0605757515625 0.40119482916666666 0.060524046875 0.40387911666666665 0.0623953609375 0.4119302729166667 0.0619533578125 0.41549786666666666 0.0625633484375 0.4170513895833333 0.061671596875 0.42182020833333334 0.05878701562500001 0.42761495833333335 0.0588025078125 0.43234769375