0 0.80009920625 0 0.7991071421875 0.003968254166666667 0.799355159375 0.009589947916666668 0.8005952375 0.011243385416666666 0.8018353171875001 0.016865079166666668 0.8018353171875001 0.02744708958333333 0.7983630953125 0.035714285416666665 0.7981150796875001 0.03935185208333333 0.8005952375 0.04596560833333333 0.8005952375 0.050595237499999994 0.799355159375 0.05324074166666667 0.7983630953125 0.06117724791666667 0.80009920625 0.06779100625 0.8005952375 0.08498677291666666 0.8020833328125001 0.09027777708333334 0.8040674609374999 0.09193121666666666 0.813244046875 0.08895502708333333 0.8211805562500001 0.08928571458333333 0.8244047625 0.08664021250000001 0.827876984375 0.08531746041666667 0.8301091265625 0.08597883541666666 0.830605159375 0.0879629625 0.8291170640625 0.09126984166666667 0.8293650796875 0.10482804166666666 0.830605159375 0.10945767291666667 0.834325396875 0.1130952375 0.841269840625 0.11541005208333334 0.844494046875 0.12334656041666667 0.85615079375 0.13525132291666667 0.8630952375 0.14748677291666665 0.8700396828124999 0.1494709 0.8769841265625 0.15443121666666665 0.8834325390625001 0.15740740833333333 0.893353175 0.15839947083333333 0.8948412703124999 0.15773809583333334 0.89657738125 0.15376984166666666 0.8995535718750001 0.14021163958333333 0.9017857140625001 0.13855820208333333 0.903273809375 0.13558201041666665 0.90575396875 0.13392857083333334 0.906994046875 0.13029100624999998 0.9104662703124999 0.125661375 0.9149305562500001 0.12433862500000001 0.9198908734375 0.11970899375 0.9206349203125 0.11640211666666667 0.9236111109375 0.11111111041666667 0.9258432546875 0.10912698333333333 0.9327876984374999 0.10615079375 0.9365079359375 0.09755291041666667 0.936755953125 0.08465608541666667 0.938244046875 0.08134920625 0.956597221875 0.07539682499999999 0.9580853171875001 0.07109788333333333 0.9568452375 0.05687830625 0.9595734125 0.05324074166666667 0.968501984375 0.063161375 0.9697420640625 0.06712962916666668 0.9732142859374999 0.07109788333333333 0.978174603125 0.07208994791666666 0.9806547625 0.07374338541666667 0.985119046875 0.07341269791666667 0.9856150796875 0.07506613749999999 0.9833829359375 0.07738095208333333 0.98387896875 0.07771163958333333 0.98487103125 0.07638888958333333 0.9853670640625 0.07771163958333333 0.9885912703124999 0.07738095208333333 0.9913194437499999 0.07473545 0.9928075390625001 0.07142857083333333 0.9930555562500001 0.06117724791666667 0.9950396828124999 0.05720899375 0.9945436515624999 0.042658729166666666 0.9962797625 0.027777777083333333 0.993799603125 0.00562169375 0.9913194437499999 0.0013227520833333332 0.9913194437499999 0 0.9620535718750001 0 0.9615575390625001 0.0016534395833333333 0.9595734125 0.0026455020833333334 0.9553571421875 0.0026455020833333334 0.9518849203125 0.0013227520833333332 0.9516369046875001 0 0.80009920625 0
0 0.7728174609375 0.6005290999999999 0.7738095234375 0.6015211645833334 0.7745535718750001 0.6041666666666666 0.77802579375 0.6097883604166667 0.7854662703125 0.6130952375 0.790674603125 0.6130952375 0.796875 0.6101190479166667 0.80282738125 0.6018518520833334 0.8038194437499999 0.59325396875 0.8018353171875001 0.5780423270833333 0.8005952375 0.575396825 0.800347221875 0.5724206354166667 0.7978670640625001 0.5671296291666666 0.794146825 0.563161375 0.7876984125 0.5595238104166668 0.7822420640625001 0.5588624333333333 0.7762896828125 0.5674603166666666 0.7745535718750001 0.5671296291666666 0.7720734125 0.5641534395833333 0.768105159375 0.5634920625 0.7641369046875 0.5671296291666666 0.763144840625 0.5720899479166667 0.762896825 0.5909391541666668 0.7638888890625 0.5955687833333333 0.768353175 0.6001984125 0.7728174609375 0.6005290999999999
0 0.593005953125 0.4593253958333333 0.5947420640625001 0.4649470895833333 0.596478175 0.46693121666666665 0.5979662703125 0.4712301583333333 0.599454365625 0.4801587291666667 0.6019345234375 0.4874338625 0.6056547625 0.4880952375 0.6138392859375 0.4828042333333334 0.6200396828125 0.4801587291666667 0.6230158734375 0.47321428541666666 0.6237599203124999 0.46990740833333333 0.6230158734375 0.46031746041666666 0.6143353171875 0.4480820104166667 0.606646825 0.43419312083333333 0.6016865078125 0.42956349166666663 0.5982142859375 0.42923280416666665 0.594494046875 0.4325396833333333 0.588045634375 0.42857142916666663 0.5833333328125 0.43419312083333333 0.580853175 0.44014550208333336 0.5796130953125 0.44642857083333337 0.5793650796875001 0.4494047625 0.580853175 0.45238095208333334 0.5890376984375 0.45568783124999995 0.593005953125 0.4593253958333333
0 0.790674603125 0.38591269791666666 0.799851190625 0.4031084645833333 0.8055555562500001 0.40641534375 0.811755953125 0.40839947083333333 0.8177083328125001 0.4087301583333333 0.8263888890625 0.40707671875 0.831597221875 0.4077380958333333 0.8355654765624999 0.40509259166666667 0.8387896828124999 0.4021164020833333 0.841269840625 0.3974867729166667 0.8427579359375 0.39318783124999995 0.84325396875 0.3869047625 0.8454861109375 0.38260582083333333 0.8459821421875 0.37764550208333336 0.8454861109375 0.36011904791666666 0.8425099203125 0.35185185208333336 0.8373015875 0.3478835979166667 0.8271329359375 0.3468915354166667 0.8231646828124999 0.35119047708333334 0.8226686515624999 0.35350529166666667 0.8206845234375001 0.35648148125 0.8191964281249999 0.3548280416666667 0.8191964281249999 0.3452380958333333 0.8105158734375 0.337632275 0.8033234125 0.3396164020833333 0.80009920625 0.34193121666666665 0.7951388890625 0.34821428541666666 0.7829861109375 0.37037037083333335 0.7822420640625001 0.3740079375 0.7832341265625 0.37764550208333336 0.7881944437499999 0.38425925833333335 0.790674603125 0.38591269791666666
0 0.259424603125 0 0.2591765875 0.008928570833333333 0.2604166671875 0.013558202083333333 0.262896825 0.015211639583333332 0.26884920625 0.013888889583333335 0.2710813484375 0.014880952083333334 0.27256944375000003 0.01851851875 0.2720734125 0.029100529166666667 0.27430555624999997 0.03141534375 0.2792658734375 0.03240740833333333 0.2864583328125 0.030753968750000003 0.291170634375 0.03472222291666667 0.2919146828125 0.0370370375 0.2956349203125 0.041666666666666664 0.31349206406249996 0.05158730208333333 0.3179563484375 0.049603175 0.32142857187499996 0.04365079375 0.3226686515625 0.03935185208333333 0.3229166671875 0.03439153541666666 0.32465277812500004 0.02976190416666667 0.328869046875 0.022817460416666668 0.330605159375 0.014880952083333334 0.3328373015625 0.010251322916666666 0.3363095234375 0.00661375625 0.34052579375 0.004629629166666666 0.3420138890625 0.0013227520833333332 0.3420138890625 0 0.259424603125 0
0 0.887152778125 0.73115079375 0.8975694437499999 0.7324735458333334 0.9012896828124999 0.7344576729166667 0.903769840625 0.7367724875 0.9042658734375 0.7394179895833334 0.905505953125 0.7404100520833333 0.90575396875 0.7433862437500001 0.9077380953124999 0.7480158729166667 0.9112103171875001 0.7457010583333333 0.9176587296875001 0.7519841270833333 0.918402778125 0.7542989416666667 0.9181547625 0.7572751312499999 0.9171626984374999 0.7592592583333333 0.9141865078125001 0.7615740750000001 0.9129464281249999 0.7671957666666667 0.9141865078125001 0.7771164020833333 0.9169146828124999 0.78207671875 0.921875 0.7830687833333333 0.9305555562500001 0.7787698416666667 0.9352678578125 0.7777777770833333 0.9422123015625001 0.7721560854166667 0.94990079375 0.7731481479166666 0.952876984375 0.7671957666666667 0.9543650796875 0.7549603166666666 0.955605159375 0.7533068791666667 0.9650297625 0.7546296291666666 0.9675099203125 0.7526455020833333 0.9702380953124999 0.74371693125 0.9709821421875 0.7354497354166667 0.9709821421875 0.7208994708333333 0.969494046875 0.7116402125000001 0.9704861109375 0.69973545 0.9675099203125 0.69279100625 0.9642857140625001 0.6891534395833333 0.952876984375 0.6805555562500001 0.94990079375 0.6789021166666667 0.9476686515624999 0.6789021166666667 0.9419642859374999 0.68187830625 0.934523809375 0.6941137562499999 0.934027778125 0.6967592583333333 0.931795634375 0.6990740750000001 0.9290674609374999 0.6967592583333333 0.9255952375 0.6785714291666667 0.921875 0.6729497354166667 0.9208829359375 0.6729497354166667 0.9176587296875001 0.66964285625 0.9136904765624999 0.66865079375 0.900545634375 0.6703042333333333 0.896825396875 0.6719576729166667 0.8921130953124999 0.6775793645833333 0.8918650796875 0.688161375 0.887896825 0.6954365083333334 0.8883928578125 0.7070105812499999 0.8856646828124999 0.72420635 0.8859126984374999 0.7298280416666666 0.887152778125 0.73115079375
0 0.21676587343749998 0.18915343958333333 0.2234623015625 0.19212962916666668 0.2299107140625 0.19279100624999998 0.2331349203125 0.19477513125 0.2366071421875 0.19510582083333333 0.2423115078125 0.19212962916666668 0.247023809375 0.1871693125 0.252976190625 0.18518518541666668 0.2552083328125 0.18187830624999998 0.25694444375000003 0.17625661458333333 0.2591765875 0.17261904791666666 0.2614087296875 0.16468253958333331 0.262896825 0.15410052916666667 0.262896825 0.14021163958333333 0.2643849203125 0.13326719583333332 0.2641369046875 0.1259920625 0.2614087296875 0.12003968333333333 0.262896825 0.11375661458333333 0.263144840625 0.10879629583333333 0.2591765875 0.09656084583333334 0.2547123015625 0.09523809583333334 0.2514880953125 0.09193121666666666 0.24925595312499998 0.09126984166666667 0.2408234125 0.09292328125 0.23685515937499999 0.09490740833333335 0.22941468281250002 0.10548941875 0.2251984125 0.11739417916666667 0.222222221875 0.12103174583333334 0.21676587343749998 0.13227513125 0.21552579375 0.13988095208333334 0.21626984062500001 0.14384920625 0.2142857140625 0.1488095229166667 0.21378968281250002 0.15839947083333333 0.21552579375 0.16732804166666665 0.21552579375 0.18551587291666666 0.21676587343749998 0.18915343958333333
0 0.502976190625 0.7777777770833333 0.50322420625 0.78141534375 0.5042162703125 0.7830687833333333 0.5052083328125 0.7833994708333333 0.5079365078125 0.78141534375 0.512648809375 0.7754629625 0.5146329359374999 0.76223545 0.5166170640625001 0.75562169375 0.518353175 0.7536375666666667 0.5193452375 0.7536375666666667 0.52157738125 0.75628306875 0.5230654765625 0.7599206354166667 0.5233134921875 0.7632275125 0.52529761875 0.7675264541666666 0.528273809375 0.76917989375 0.5327380953125 0.76818783125 0.5381944437499999 0.7645502645833333 0.54365079375 0.7625661375 0.546875 0.7592592583333333 0.5481150796875001 0.7516534395833333 0.5481150796875001 0.74371693125 0.5453869046875 0.7380952375 0.5451388890625 0.7169312166666667 0.5416666671875 0.7070105812499999 0.5376984125 0.7020502645833333 0.5329861109375 0.6990740750000001 0.5300099203124999 0.6984126979166666 0.525049603125 0.6987433854166666 0.5225694437499999 0.7000661375 0.5106646828125 0.700396825 0.5079365078125 0.7020502645833333 0.5047123015625 0.7113095229166666 0.5042162703125 0.7156084645833333 0.5044642859375 0.72420635 0.5066964281249999 0.7304894187500001 0.5064484125 0.7576058208333334 0.502976190625 0.7777777770833333
0 0.396825396875 0.6220238104166668 0.396825396875 0.624338625 0.3990575390625 0.6230158729166667 0.3980654765625 0.6216931208333333 0.396825396875 0.6220238104166668
0 0.1731150796875 0.5449735458333334 0.18303571406250002 0.5416666666666666 0.18774801562500001 0.5330687833333333 0.190228175 0.525132275 0.190476190625 0.5205026458333334 0.1929563484375 0.5089285708333333 0.1922123015625 0.5013227520833333 0.190228175 0.49834656041666664 0.1862599203125 0.49669312083333333 0.17633928593749998 0.49702381041666666 0.1703869046875 0.5006613750000001 0.16344246093749998 0.5095899479166667 0.162946428125 0.512896825 0.15972222187500001 0.51917989375 0.15798611093749998 0.5254629625 0.15724206406250002 0.537367725 0.15798611093749998 0.5429894187500001 0.15947420625 0.54464285625 0.1731150796875 0.5449735458333334
0 0.3484623015625 0 0.3484623015625 0.0013227520833333332 0.346478175 0.002976189583333333 0.34474206406249996 0.0033068791666666666 0.34275793593750004 0.00529100625 0.33928571406249997 0.00595238125 0.337549603125 0.008928570833333333 0.334325396875 0.009589947916666668 0.3293650796875 0.021164020833333335 0.327876984375 0.039682539583333336 0.330853175 0.05026455 0.3400297625 0.05423280416666666 0.34275793593750004 0.05720899375 0.34474206406249996 0.061507937500000005 0.3501984125 0.06646825416666667 0.3521825390625 0.06977513125 0.35838293593750004 0.07374338541666667 0.365079365625 0.07341269791666667 0.37152777812500004 0.07142857083333333 0.3797123015625 0.063161375 0.38392857187499996 0.06117724791666667 0.3891369046875 0.052579364583333336 0.390873015625 0.04431216875 0.390873015625 0.03869047708333333 0.3893849203125 0.031084656250000002 0.3891369046875 0.0248015875 0.3854166671875 0.017526454166666667 0.380704365625 0.011574075 0.3804563484375 0.009920635416666665 0.3764880953125 0.00595238125 0.35838293593750004 0.0019841270833333333 0.34970238125 0.0016534395833333333 0.3492063484375 0 0.3484623015625 0
0 0.3943452375 0.6392195770833333 0.3943452375 0.6468253958333333 0.3980654765625 0.6514550270833334 0.4015376984375 0.6534391541666668 0.40426587343750003 0.65674603125 0.4072420640625 0.6580687833333333 0.4112103171875 0.6574074083333333 0.415178571875 0.6537698416666667 0.4154265875 0.6478174604166667 0.4169146828125 0.6451719583333334 0.41815476250000005 0.6448412708333334 0.42881944375 0.6547619041666667 0.43402777812500004 0.6527777770833333 0.44146825468750006 0.6392195770833333 0.4427083328125 0.6342592583333333 0.4429563484375 0.6140873020833334 0.4427083328125 0.6124338625 0.440228175 0.6087962958333333 0.4362599203125 0.6054894187500001 0.43055555625 0.6035052916666667 0.42881944375 0.6018518520833334 0.424355159375 0.6015211645833334 0.4171626984375 0.60681216875 0.4141865078125 0.6124338625 0.4139384921875 0.61970899375 0.41021825468750006 0.6210317458333333 0.40178571406249997 0.61904761875 0.3970734125 0.61904761875 0.3945932546875 0.6207010583333333 0.393105159375 0.6233465604166667 0.393105159375 0.6319444437499999 0.3953373015625 0.6359126979166666 0.39508928593750003 0.6385582020833334 0.3943452375 0.6392195770833333
0 0.4012896828125 0.4269179895833333 0.4015376984375 0.4325396833333333 0.403273809375 0.4388227520833333 0.40550595312500004 0.44279100625 0.40575396875 0.44543650833333337 0.41046627031250005 0.45205026458333336 0.4144345234375 0.4623015875 0.41790674531249994 0.4662698416666667 0.421875 0.46693121666666665 0.42385912656249997 0.46527777708333334 0.4295634921875 0.45601851875 0.43303571406249997 0.45205026458333336 0.43427579375 0.449074075 0.43551587343750003 0.43551587291666666 0.43700396875 0.43320105833333333 0.4389880953125 0.4325396833333333 0.43948412656249997 0.43088624375 0.4392361109375 0.4249338625 0.43700396875 0.42063492083333337 0.435019840625 0.4100529104166667 0.4392361109375 0.3991402125 0.43824404687499996 0.38988095208333334 0.440476190625 0.38260582083333333 0.440228175 0.37830687916666667 0.43799603125 0.375661375 0.43303571406249997 0.3740079375 0.42410714218749995 0.36574074166666665 0.419394840625 0.36408730208333334 0.4144345234375 0.3650793645833333 0.41319444375 0.36640211666666667 0.4114583328125 0.3759920625 0.408978175 0.37169312083333333 0.4052579359375 0.37037037083333335 0.40029761875 0.3726851854166667 0.39508928593750003 0.3726851854166667 0.390376984375 0.3713624333333333 0.3856646828125 0.37202381041666666 0.3854166671875 0.3799603166666667 0.39161706406249996 0.3951719583333333 0.39409722187499996 0.41170635 0.4012896828125 0.4269179895833333
0 0.22767857187499999 0.5029761895833333 0.2301587296875 0.5 0.2304067453125 0.49669312083333333 0.2296626984375 0.49470899375 0.2289186515625 0.48412698333333337 0.2229662703125 0.4758597875 0.2175099203125 0.4725529104166667 0.2095734125 0.4725529104166667 0.2070932546875 0.47718253958333334 0.20585317500000003 0.48181216875000005 0.20560515937499999 0.49801587291666666 0.2068452375 0.5 0.222222221875 0.5046296291666666 0.22767857187499999 0.5029761895833333
0 0.3489583328125 0.20502645416666668 0.35044642812500004 0.20634920625 0.34970238125 0.21494708958333333 0.3509424609375 0.21990740833333333 0.35838293593750004 0.23578042291666668 0.3616071421875 0.24007936458333334 0.36631944375000003 0.24305555625 0.3695436515625 0.24470899375000002 0.3730158734375 0.24470899375000002 0.3826884921875 0.24007936458333334 0.38616071406249997 0.23346560833333332 0.3928571421875 0.22585978750000002 0.39409722187499996 0.22222222291666668 0.3970734125 0.21990740833333333 0.40426587343750003 0.22916666666666666 0.40848214218749995 0.23181216875 0.41790674531249994 0.23247354583333332 0.421626984375 0.22949735416666667 0.4233630953125 0.22354497291666667 0.42633928593750003 0.21825396875 0.42757936562500004 0.2119709 0.43303571406249997 0.20171957708333332 0.43303571406249997 0.19378306875 0.43030753906249997 0.18485449791666667 0.43055555625 0.18353174583333332 0.4362599203125 0.17691798958333335 0.43675595312500004 0.17394179791666667 0.4362599203125 0.17162698333333332 0.4325396828125 0.16468253958333331 0.43055555625 0.1626984125 0.4293154765625 0.15839947083333333 0.4268353171875 0.15410052916666667 0.42385912656249997 0.1498015875 0.418898809375 0.14616402083333335 0.4126984125 0.14417989375 0.403273809375 0.14517195833333335 0.3990575390625 0.1488095229166667 0.390873015625 0.15079364999999997 0.3883928578125 0.15575396875 0.3869047625 0.15707671875 0.38467261875 0.15079364999999997 0.377728175 0.14252645416666668 0.3730158734375 0.13921957708333332 0.3665674609375 0.13921957708333332 0.356398809375 0.14814814791666667 0.3521825390625 0.1504629625 0.3514384921875 0.15211640208333332 0.34424603125000003 0.15873015833333334 0.340773809375 0.16898148124999998 0.33928571406249997 0.17857142916666666 0.33705357187499996 0.18320105833333333 0.3358134921875 0.1884920625 0.3355654765625 0.1994047625 0.337549603125 0.20271163958333333 0.3417658734375 0.20436507916666666 0.3489583328125 0.20502645416666668
0 0.9828869046875001 0.7400793645833333 0.9828869046875001 0.74470899375 0.981646825 0.7470238104166668 0.981398809375 0.75 0.9821428578125 0.76884920625 0.984375 0.7718253958333333 0.9888392859374999 0.7738095229166666 0.990079365625 0.7754629625 0.9908234125 0.78042328125 0.994295634375 0.78670635 0.99950396875 0.7876984125 0.99950396875 0.7116402125000001 0.9930555562500001 0.7106481479166666 0.9856150796875 0.7119709000000001 0.98387896875 0.7129629625 0.9804067453125 0.71825396875 0.9791666671874999 0.7218915354166667 0.9789186515624999 0.7255290999999999 0.978174603125 0.7265211645833334 0.9791666671874999 0.7331349208333333 0.9828869046875001 0.7400793645833333
0 0.6163194437499999 0.28670635 0.6180555562500001 0.28935185208333336 0.6180555562500001 0.29298941875 0.619295634375 0.2953042333333334 0.6195436515625 0.2999338625 0.6232638890625 0.3101851854166667 0.6299603171875 0.3115079375 0.63467261875 0.3085317458333333 0.64112103125 0.30720899375 0.6460813484375 0.3022486770833333 0.6470734125 0.299603175 0.6498015875 0.2986111104166667 0.6510416671875 0.29662698333333337 0.6512896828125 0.30158730208333334 0.650545634375 0.30390211666666667 0.6517857140625 0.3121693125 0.6579861109375 0.32043650833333337 0.662450396875 0.3224206354166667 0.671626984375 0.33167989374999995 0.6736111109375 0.33201058125 0.6770833328125 0.3349867729166667 0.681795634375 0.33630952291666666 0.6914682546875001 0.33630952291666666 0.700644840625 0.3237433854166667 0.706597221875 0.31911375625 0.7137896828125 0.3161375666666667 0.7177579359374999 0.31051587291666666 0.719494046875 0.30522486875 0.7224702375 0.3012566145833333 0.724454365625 0.2989417979166667 0.72842261875 0.29662698333333337 0.731398809375 0.29298941875 0.7328869046875 0.2853835979166667 0.7326388890625 0.28042328125 0.7304067453124999 0.27281746041666666 0.7304067453124999 0.26818783124999995 0.7328869046875 0.2698412708333333 0.7428075390625 0.2708333333333333 0.744295634375 0.2718253958333333 0.7480158734375 0.2718253958333333 0.749255953125 0.26884920625 0.750744046875 0.262896825 0.75 0.25 0.749255953125 0.24834656041666667 0.749255953125 0.23941798958333335 0.750248015625 0.23412698333333332 0.749255953125 0.21990740833333333 0.7480158734375 0.21527777708333332 0.74677579375 0.20304232708333333 0.7413194437499999 0.19841269791666666 0.7326388890625 0.19708994791666665 0.72197420625 0.199074075 0.7132936515625 0.19874338541666667 0.709325396875 0.20105820208333333 0.6927083328125 0.20370370416666667 0.68799603125 0.20601851875000002 0.674603175 0.20634920625 0.671626984375 0.20337301666666668 0.66592261875 0.200396825 0.6639384921875 0.1960978833333333 0.6614583328125 0.19411375625000002 0.6517857140625 0.19246031666666666 0.6470734125 0.19477513125 0.64384920625 0.19411375625000002 0.6366567453124999 0.19708994791666665 0.63467261875 0.2000661375 0.6319444437499999 0.20767195833333335 0.6329365078125 0.21428571458333331 0.6321924609375 0.21593915416666667 0.6316964281249999 0.22718253958333331 0.62822420625 0.23478836041666667 0.6259920640625001 0.23611111041666666 0.62177579375 0.24239417916666667 0.621527778125 0.24404761875 0.6183035718750001 0.24801587291666666 0.615575396875 0.2539682541666667 0.61532738125 0.25628306875 0.615575396875 0.27314814791666664 0.6180555562500001 0.2787698416666667 0.6178075390625 0.2827380958333333 0.6163194437499999 0.28670635
0 0.8658234125 0.6266534395833333 0.875 0.6233465604166667 0.8789682546875 0.61970899375 0.8804563484375001 0.6167328041666666 0.8804563484375001 0.6114417979166666 0.87822420625 0.60681216875 0.8769841265625 0.6011904770833334 0.8732638890625 0.5982142854166667 0.8700396828124999 0.5972222229166667 0.865575396875 0.5975529104166667 0.8633432546875 0.5988756604166666 0.8578869046875001 0.60681216875 0.8554067453125 0.6087962958333333 0.8544146828124999 0.6117724875 0.8544146828124999 0.6259920625 0.8554067453125 0.6296296291666666 0.859126984375 0.63062169375 0.8658234125 0.6266534395833333
0 0.5731646828125 0.6111111104166667 0.5763888890625 0.6160714291666667 0.5766369046875 0.6200396833333334 0.5793650796875001 0.6233465604166667 0.5853174609375 0.6236772479166667 0.5952380953125 0.6207010583333333 0.5982142859375 0.6160714291666667 0.6039186515625 0.6124338625 0.606398809375 0.6054894187500001 0.606398809375 0.59292328125 0.6029265875 0.5780423270833333 0.596726190625 0.575396825 0.590773809375 0.5763888895833333 0.5892857140625 0.5740740750000001 0.5865575390625 0.5638227520833333 0.5853174609375 0.5621693125 0.577876984375 0.5608465604166667 0.574652778125 0.5628306875 0.5729166671875 0.5658068791666667 0.5679563484375 0.56878306875 0.562748015625 0.5744047625 0.559523809375 0.5793650791666667 0.5580357140625 0.5856481479166666 0.5575396828125 0.59391534375 0.559027778125 0.5995370375 0.5696924609375 0.6091269833333333 0.5731646828125 0.6111111104166667
0 0.5540674609375 0.44014550208333336 0.5610119046875 0.43220899375 0.5679563484375 0.42162698333333337 0.5704365078125 0.41600529166666667 0.5704365078125 0.4113756604166667 0.5642361109375 0.39451058125 0.5610119046875 0.3925264541666667 0.556795634375 0.39285714374999997 0.5533234125 0.39451058125 0.549355159375 0.3991402125 0.5458829359374999 0.40542328125 0.5458829359374999 0.4166666666666667 0.549603175 0.4371693125 0.5508432546875001 0.4388227520833333 0.5540674609375 0.44014550208333336
0 0.5414186515625 0 0.5404265875 0.003968254166666667 0.534722221875 0.010912697916666667 0.53174603125 0.018849206249999997 0.528769840625 0.022817460416666668 0.518353175 0.027777777083333333 0.5042162703125 0.03902116458333334 0.50049603125 0.046957672916666665 0.49925595312500004 0.05654761875 0.49677579375 0.0625 0.49677579375 0.06878306875 0.4952876984375 0.07142857083333333 0.4950396828125 0.07473545 0.4920634921875 0.07705026458333333 0.490575396875 0.07969576666666667 0.4908234125 0.08829365 0.49429563437499996 0.0879629625 0.49553571406249997 0.09126984166666667 0.49801587343750003 0.09259259166666665 0.50049603125 0.09589947083333333 0.50322420625 0.09722222291666666 0.5089285718750001 0.10350529166666668 0.5119047625 0.10449735416666667 0.5178571421875 0.10119047708333334 0.5200892859375 0.10152116458333334 0.5275297625 0.10846560833333332 0.5334821421875 0.11177248749999999 0.5394345234375 0.12003968333333333 0.544146825 0.12003968333333333 0.5550595234375 0.11408730208333333 0.5607638890625 0.10780423333333333 0.565476190625 0.10416666666666667 0.5766369046875 0.08994708958333333 0.5768849203124999 0.08829365 0.58407738125 0.07804232708333333 0.5850694437499999 0.074074075 0.590277778125 0.06580687916666667 0.59052579375 0.063161375 0.593005953125 0.05787037083333334 0.593005953125 0.052579364583333336 0.59052579375 0.045634920833333335 0.590277778125 0.028439154166666664 0.5892857140625 0.02248677291666667 0.5882936515625 0.021164020833333335 0.5870535718750001 0.02248677291666667 0.5868055562500001 0.029100529166666667 0.5853174609375 0.03141534375 0.581597221875 0.030753968750000003 0.5801091265625 0.028439154166666664 0.578869046875 0.021164020833333335 0.5766369046875 0.01818783125 0.575396825 0.014219577083333332 0.5744047625 0.0132275125 0.5706845234375 0.0132275125 0.5669642859375 0.009589947916666668 0.562748015625 0.0033068791666666666 0.5605158734375 0.0016534395833333333 0.560019840625 0 0.5414186515625 0
0 0.5364583328125 0.7020502645833333 0.5399305562500001 0.70568783125 0.5414186515625 0.7076719583333334 0.5416666671875 0.7099867729166667 0.543898809375 0.7146164020833333 0.544146825 0.7347883604166667 0.546626984375 0.7430555562500001 0.549355159375 0.7463624333333333 0.5550595234375 0.7466931208333333 0.556795634375 0.7476851854166667 0.562748015625 0.74470899375 0.563244046875 0.73776455 0.5691964281249999 0.73082010625 0.5714285718750001 0.7265211645833334 0.575148809375 0.7116402125000001 0.575148809375 0.70634920625 0.5729166671875 0.6967592583333333 0.5714285718750001 0.6795634916666666 0.5704365078125 0.6736111104166667 0.56845238125 0.66931216875 0.5647321421875 0.6636904770833334 0.5605158734375 0.66170635 0.556795634375 0.6607142854166667 0.5533234125 0.6626984125 0.5518353171875 0.6643518520833334 0.5518353171875 0.6660052916666667 0.549603175 0.6699735458333334 0.5491071421875 0.6726190479166667 0.5458829359374999 0.6759259249999999 0.5451388890625 0.68154761875 0.5419146828125 0.6871693125 0.5332341265625 0.6894841270833333 0.530505953125 0.6924603166666666 0.5292658734375 0.6957671958333334 0.5295138890625 0.6970899479166667 0.53075396875 0.6990740750000001 0.5364583328125 0.7020502645833333
0 0.6366567453124999 0 0.6364087296875 0.0013227520833333332 0.6339285718750001 0.0026455020833333334 0.6227678578125 0.004629629166666666 0.6183035718750001 0.009920635416666665 0.615575396875 0.014880952083333334 0.6143353171875 0.02248677291666667 0.6143353171875 0.033730158333333336 0.6130952375 0.0380291 0.611855159375 0.03935185208333333 0.609623015625 0.0492724875 0.609623015625 0.05555555625 0.6108630953125 0.06018518541666666 0.6138392859375 0.06580687916666667 0.6158234125 0.08068783125 0.6175595234375 0.08234127083333333 0.6183035718750001 0.08498677291666666 0.62177579375 0.0879629625 0.62177579375 0.08928571458333333 0.6267361109375 0.09589947083333333 0.6351686515625 0.09689153541666666 0.6525297625 0.09126984166666667 0.6617063484375 0.09093915416666666 0.6651785718750001 0.08928571458333333 0.6674107140625 0.08432539583333334 0.6706349203124999 0.08167989375000001 0.67509920625 0.08201058125 0.678075396875 0.08564814791666667 0.6803075390625 0.08664021250000001 0.684523809375 0.09093915416666666 0.6889880953125 0.09160052916666667 0.6946924609375 0.08300264583333333 0.7041170640625001 0.07341269791666667 0.7083333328125 0.056216931250000005 0.7098214281249999 0.054563491666666665 0.7132936515625 0.054563491666666665 0.71875 0.06084656041666667 0.722222221875 0.063161375 0.7251984125 0.06746031666666667 0.7266865078125 0.07771163958333333 0.7289186515625 0.08234127083333333 0.7294146828125 0.08564814791666667 0.73487103125 0.09292328125 0.7358630953125 0.09556878333333334 0.744295634375 0.10449735416666667 0.7517361109375 0.10681216875 0.75595238125 0.10548941875 0.7589285718750001 0.10085978749999999 0.7604166671875 0.09656084583333334 0.76512896875 0.09226190416666666 0.766369046875 0.09060846458333334 0.7671130953125 0.0873015875 0.7693452375 0.08531746041666667 0.7728174609375 0.07638888958333333 0.7745535718750001 0.063161375 0.775545634375 0.061838625 0.781498015625 0.06051587291666667 0.7827380953125 0.057539683333333334 0.7829861109375 0.03174603125 0.781498015625 0.024140212499999997 0.778769840625 0.01951058125 0.768353175 0.016203704166666666 0.7643849203124999 0.0132275125 0.762648809375 0.010582010416666668 0.75967261875 0.009259258333333333 0.7566964281249999 0.004629629166666666 0.74677579375 0.0026455020833333334 0.743799603125 0.0013227520833333332 0.7433035718750001 0 0.6366567453124999 0
0 0.869295634375 0.2827380958333333 0.8737599203125 0.28406084583333335 0.8802083328125001 0.2837301583333333 0.8836805562500001 0.2853835979166667 0.884424603125 0.28968253958333334 0.8829365078125001 0.29398148125 0.8841765875 0.2999338625 0.8866567453125 0.30357142916666663 0.8886408734375 0.30456349166666663 0.8926091265625 0.30919312083333333 0.8993055562500001 0.32175925833333335 0.9042658734375 0.324074075 0.922619046875 0.32109788333333333 0.9268353171875001 0.3164682541666667 0.9327876984374999 0.3121693125 0.9375 0.30555555624999997 0.93799603125 0.2926587291666667 0.936755953125 0.28935185208333336 0.936755953125 0.2850529104166667 0.940476190625 0.2787698416666667 0.9427083328125001 0.2724867729166667 0.9427083328125001 0.2675264541666667 0.940972221875 0.25694444375 0.9429563484375001 0.24603174583333332 0.9456845234375001 0.2414021166666667 0.952876984375 0.2374338625 0.953869046875 0.23379629583333333 0.952876984375 0.23148148124999998 0.9481646828124999 0.23048941875 0.9451884921874999 0.22718253958333331 0.9427083328125001 0.21461640208333332 0.9392361109375 0.20667989375 0.931299603125 0.20667989375 0.928075396875 0.20800264583333333 0.924851190625 0.21097883541666668 0.9171626984374999 0.21263227499999998 0.9129464281249999 0.21626984166666666 0.9102182546875 0.22056878333333335 0.8990575390625001 0.22883597916666665 0.8866567453125 0.23214285625 0.884920634375 0.23445767291666667 0.8804563484375001 0.2374338625 0.8764880953124999 0.24173280416666668 0.872023809375 0.2513227520833333 0.869295634375 0.2642195770833333 0.869295634375 0.2675264541666667 0.8680555562500001 0.27149470833333333 0.8680555562500001 0.2797619041666667 0.869295634375 0.2827380958333333
0 0.2614087296875 0.8125 0.268353175 0.8151455020833333 0.2738095234375 0.8151455020833333 0.2829861109375 0.8108465604166667 0.2834821421875 0.80621693125 0.28125 0.79431216875 0.28174603125000003 0.7850529104166667 0.28447420625 0.7771164020833333 0.294146825 0.7595899479166667 0.2953869046875 0.7542989416666667 0.2931547625 0.7519841270833333 0.2894345234375 0.750661375 0.287450396875 0.7526455020833333 0.2849702375 0.7589285708333333 0.2738095234375 0.7642195770833333 0.263144840625 0.7655423270833333 0.2571924609375 0.76917989375 0.252976190625 0.7827380958333333 0.2462797625 0.7896825395833333 0.24181547656250002 0.7992724875 0.2408234125 0.80720899375 0.243799603125 0.8105158729166667 0.250744046875 0.8121693125 0.2614087296875 0.8125