0 0.32909322812499997 0 0.322032465625 0.0039390208333333334 0.3182568375 0.009260335416666666 0.31611975625 0.014285814583333334 0.316648528125 0.01498778125 0.3163057890625 0.01823940625 0.3169793515625 0.021380035416666665 0.3186069046875 0.025000868750000002 0.31938402187500003 0.029065227083333332 0.3169445234375 0.04458447083333333 0.3174925359375 0.054634716666666666 0.31927587812499997 0.05677754166666667 0.3198147296875 0.05929004166666666 0.327259678125 0.06490530833333333 0.332154246875 0.06612393333333334 0.33783784843750003 0.06176303125 0.34272233750000003 0.061171120833333335 0.34634125625 0.063055025 0.34902634843749997 0.06807979583333333 0.3531841203125 0.07247620416666667 0.35548615156249996 0.07351045833333333 0.3555897078125 0.07443418541666666 0.362091665625 0.07565257291666666 0.3669248359375 0.07173519375 0.369684159375 0.06652487708333334 0.372494803125 0.06464002708333333 0.3742167453125 0.061646847916666664 0.3754923953125 0.060981564583333335 0.3777229484375 0.05506928125 0.3779932921875 0.050598325000000006 0.3762722671875 0.047864297916666666 0.3748316640625 0.042469847916666664 0.371834990625 0.040401102083333335 0.3708709234375 0.03811036041666667 0.36265801875000003 0.035968481249999996 0.360646490625 0.03408433958333333 0.3627624921875 0.031164999999999998 0.36389334687499997 0.028061058333333333 0.36617521875 0.025474241666666668 0.36698533125 0.017788579166666665 0.3649848 0.0119877625 0.36440471093750004 0.007960329166666667 0.36149143125 0.0031942416666666668 0.3573748984375 0.0003127666666666667 0.3573398359375 0 0.32909322812499997 0
0 0.6025879265625 0.7905206833333334 0.6015303859375 0.78911675 0.596469946875 0.7875656020833334 0.5919905140624999 0.7843146833333333 0.587937215625 0.7751147937499999 0.5876998671875 0.76783573125 0.586611165625 0.7667274000000001 0.5878978140625 0.76214544375 0.5908541671875 0.7569720479166667 0.5881379156250001 0.75224288125 0.5863958125 0.75161499375 0.5849029734375 0.7486222833333334 0.5794686375 0.7506183645833333 0.5778401671875 0.7527247395833334 0.5761704625 0.75331618125 0.5758176421875 0.7547572708333333 0.57376395625 0.7570854041666667 0.5744063625 0.7605216354166667 0.577807175 0.7644747583333333 0.575888203125 0.7674310187500001 0.5737804453125 0.7836153083333334 0.5751990515625 0.7968431041666667 0.576100803125 0.7997250499999999 0.5773553734375 0.8011659062500001 0.5818348062500001 0.804416825 0.581190565625 0.8124350104166667 0.582185790625 0.81443015 0.58396913125 0.8165729729166666 0.5872251515625 0.8180874354166666 0.5905324890625 0.8229273645833334 0.5916312703125 0.82584623125 0.5927822859375 0.8263633604166666 0.5945033109375 0.8290973875 0.598412734375 0.83013140625 0.6014827234375 0.827692275 0.6048019765625 0.8228883229166667 0.6083906546875 0.8193406208333334 0.61323390625 0.8172337791666667 0.6207109296875 0.8168262333333334 0.62387439375 0.8135002958333334 0.624746821875 0.8052234270833334 0.6236480421875 0.8023045604166666 0.6189816593749999 0.8008272541666667 0.6157146421874999 0.8032294666666666 0.6107577578125001 0.8026020479166667 0.604723171875 0.796949625 0.6025879265625 0.7905206833333334
0 0.5809843890625 0.7400505208333333 0.5826852546875 0.7391634770833334 0.5858688765625 0.7394586083333333 0.586533278125 0.7350614937500001 0.5858386375 0.7340270020833334 0.5866890687499999 0.73358348125 0.58664783125 0.7320685479166666 0.583359734375 0.7365768979166667 0.5792844421875001 0.7352103562500001 0.578568721875 0.7362820020833334 0.578485328125 0.73897934375 0.5809843890625 0.7400505208333333
0 0.5884018515625 0.7230525583333333 0.5871161218750001 0.7219073041666667 0.586203371875 0.7229420291666667 0.5870840453125 0.7279301145833333 0.58835969375 0.7272648333333334 0.5884018515625 0.7230525583333333
0 0.5854784890625 0.7164759333333334 0.5850230328125 0.7112660875 0.5828135578125 0.7150722333333334 0.584347634375 0.7195798750000001 0.5853639375 0.7194688791666667 0.5854784890625 0.7164759333333334
0 0.2269112953125 0.488918175 0.22597838593750003 0.48633183125 0.2230440265625 0.48367188125 0.21870938906249998 0.4828596229166667 0.21737142343750002 0.48411611041666663 0.21617825000000002 0.48781125625 0.216041703125 0.49863754791666665 0.214557109375 0.5089097895833333 0.2124823453125 0.5133440625 0.21075032343750003 0.5145267083333334 0.2091319328125 0.5184436166666667 0.21040666562500002 0.52350554375 0.21072740781250002 0.5280872625 0.20903570624999998 0.53651205 0.20725144687500002 0.5400964333333333 0.2070434203125 0.5439761875 0.208888159375 0.5512550125 0.2080780484375 0.558940675 0.20548459531250002 0.5644835145833333 0.2044572921875 0.5685111854166667 0.20546259843749998 0.5723168604166666 0.208822171875 0.5747550520833333 0.21341615625000002 0.5750130270833334 0.218155853125 0.5719824520833333 0.22038548750000003 0.5717973770833333 0.22508394531249998 0.5672518708333333 0.22667117656250002 0.5636305645833333 0.2292224734375 0.5623 0.22934710625000002 0.5611175916666666 0.23400432499999999 0.5550571541666667 0.2353945265625 0.5513989250000001 0.238454434375 0.5471492583333333 0.24164172968750003 0.5245355562499999 0.24585357187499998 0.51507580625 0.2451176921875 0.5125263833333333 0.2398923 0.50491550625 0.23843061875 0.50162719375 0.2305815328125 0.49412754999999997 0.22892282343749998 0.4908023166666667 0.2269112953125 0.488918175
0 0.41868205 0.20592902500000002 0.41451328125 0.2054492875 0.41189966718750004 0.20737105833333333 0.4094730015625 0.2075192125 0.40433924687499995 0.21047594375 0.4027318578125 0.21047617916666667 0.3998588984375 0.21295223333333332 0.3924231109375 0.21487470833333333 0.3809541890625 0.21121836666666666 0.379585065625 0.21277045625 0.3786503203125 0.22163852708333334 0.379189171875 0.22415103125 0.3807443265625 0.22655253541666667 0.38072324687500003 0.22865867291666667 0.38188434375 0.23098633541666666 0.3832626296875 0.23697198958333335 0.3828053375 0.24321656249999998 0.3837070890625 0.24609850833333333 0.3849928171875 0.24724376250000002 0.3872536109375 0.24676308333333333 0.39267786875 0.24295646458333334 0.3970125078125 0.24376872291666668 0.40219574375 0.2555918770833333 0.4050677859375 0.25884303333333336 0.4081066171875 0.2566995020833333 0.40996419062499995 0.24860723958333333 0.41241193281250005 0.24635294791666668 0.417877428125 0.2440612625 0.4207403078125 0.23977467291666665 0.42423551249999997 0.23711378125000002 0.42598861406250005 0.2338249979166667 0.4261654828125 0.23024084791666669 0.4247038015625 0.2269525375 0.4244352953125 0.21996907708333333 0.422061784375 0.21198828333333333 0.42227989218750006 0.20991906666666665 0.41868205 0.20592902500000002
0 0.374224959375 0.20453145208333331 0.3772527921875 0.20630459583333333 0.37889134062499996 0.20600875833333332 0.3793587140625 0.20157472083333333 0.37898573281250003 0.19939474166666665 0.3750662296875 0.1965501875 0.3721419515625 0.19570077291666665 0.3703164546875 0.19777022500000002 0.374224959375 0.20453145208333331
0 0.1070854703125 0.7965422479166667 0.1069104375 0.7886719812499999 0.10594637031250001 0.7863812395833333 0.1061956359375 0.7840164208333333 0.10437105625000001 0.7803586666666666 0.1002123671875 0.7816894645833333 0.096664925 0.7867520979166667 0.09689127812500001 0.7979478333333333 0.0935821046875 0.80456231875 0.09298001875 0.80836823125 0.093591265625 0.8121000645833334 0.095550559375 0.81638594375 0.10098306093750001 0.8258442791666667 0.10076495468749999 0.8279134958333334 0.09916764375 0.8297242666666667 0.09711304062500001 0.8377796083333333 0.097589575 0.8408833166666666 0.1003993 0.844725675 0.10453691093749999 0.8455010145833334 0.10766921562500001 0.8424706770833333 0.10782500625 0.8409926645833333 0.1092252875 0.8391449729166667 0.11029474531250001 0.8309050270833332 0.110916990625 0.8307201854166667 0.112224715625 0.8240320937500001 0.11250605625000001 0.8156444645833333 0.111946128125 0.8152380979166666 0.1115630671875 0.8112475854166666 0.1104743671875 0.8101392520833334 0.1104954453125 0.8080331145833333 0.1070854703125 0.7965422479166667
0 0.5729530515625 0.2520196645833333 0.5687842843750001 0.2515399291666667 0.5648327046875 0.2547181854166667 0.5620019015625 0.25298196458333333 0.5613695765625 0.25135626875 0.5620458921875 0.23731527083333334 0.5599729640625 0.230295125 0.5568727359375 0.22730265416666665 0.5521440390625 0.22641655416666667 0.5492921578125001 0.22678646875 0.546284484375 0.22863439583333334 0.5434527640625 0.23262538333333332 0.5415237109375 0.23377110625 0.5404863296875 0.23598824375 0.5377380031250001 0.23728188541666664 0.5369599671875 0.23894473958333334 0.5346056984375 0.24031222291666668 0.5322615109375 0.24349024375 0.5317006640625 0.24881108541666666 0.533420771875 0.25727232291666663 0.5338139109375 0.26307337291666666 0.5349026109375 0.26418170625 0.5367262734375 0.27356666875 0.5417344765625 0.27751955624999997 0.5409555234375001 0.2849096166666667 0.5418361968750001 0.2898977 0.5416180890625 0.29196691666666663 0.543909121875 0.29691784583333336 0.5448631109375001 0.2973980541666667 0.5500481828125 0.29776678749999996 0.5524647671875 0.2958081 0.5565922984375 0.2947729 0.5618809234375 0.29606536666666666 0.5656657140625 0.29828179583333336 0.5665262281250001 0.2996488083333333 0.5729145515625 0.2981329333333333 0.5752587390625 0.2949549125 0.5770246734375 0.27629503958333335 0.5777614718749999 0.27311725625 0.5783837187499999 0.2729324145833333 0.57910035625 0.26613356041666664 0.5785404265625 0.2657271958333333 0.5788107703125001 0.2612562375 0.5743725765625001 0.25952025208333335 0.5744559703125 0.2568229083333333 0.57536871875 0.25578818333333336 0.5755556671875001 0.25401456875 0.5729530515625 0.2520196645833333
0 0.5105250953125 0.18093753750000002 0.5078913203125001 0.17923823749999998 0.5061904546875 0.18012527916666665 0.5105250953125 0.18093753750000002
0 0.5797813078125 0.02902704375 0.5764932125 0.03353539375 0.574936221875 0.04258830625 0.5710249640625 0.05300870208333333 0.5701424546875 0.05947503333333334 0.5705566734375 0.06316994583333332 0.5723500953125 0.06712330416666666 0.5711761656250001 0.08016673125 0.5711963265625 0.08378780208333333 0.5717250968750001 0.08448976875 0.5714235953125 0.08925632916666666 0.573776028125 0.09934326041666666 0.5752074671875 0.09719996458333333 0.577345465625 0.08644727916666667 0.579461465625 0.08352794166666667 0.5811009328125001 0.07750489583333334 0.584254315625 0.07236842083333334 0.5847629265625 0.06944931666666668 0.5862878406250001 0.06641921666666667 0.5892542734374999 0.06305635625 0.5896694109375 0.061024060416666664 0.5935797515625 0.056330868750000006 0.5953640109375 0.05274648541666667 0.597552409375 0.05104647708333333 0.5993055109375 0.04775769375 0.6011722453125 0.04720317291666667 0.602437815625 0.04472735625 0.6068769265625 0.040736133333333334 0.608142496875 0.03826031666666666 0.6110466140625 0.035488662500000004 0.6117009343750001 0.0292810125 0.6077814312500001 0.02643645625 0.594217584375 0.023593316666666666 0.5852578015625001 0.022818685416666665 0.5813685390625001 0.0254057375 0.5797813078125 0.02902704375
0 0.8137638515625 0.10422238333333333 0.8138160875 0.10182064375 0.8128208625 0.09982550416666666 0.8118366343750001 0.09391369166666667 0.8095556796875 0.0907733 0.8088198 0.088223875 0.8077934171875001 0.0865243375 0.8060513125 0.08589644791666666 0.8034697749999999 0.08179540833333333 0.7895641062500001 0.07647668333333332 0.7839529 0.08205691666666667 0.78070604375 0.08808019791666667 0.7792947625 0.09384456458333333 0.7790445796875 0.10193658958333333 0.7777680124999999 0.10832908125 0.7766371578125 0.11143302499999999 0.77461463125 0.11346555625 0.7741994953125 0.11549785208333334 0.7721769671875001 0.11753038333333334 0.770662134375 0.12237102083333333 0.7714584953125 0.13578365416666666 0.77293025625 0.14088250416666667 0.774598125 0.15174547916666667 0.7761633609375 0.15595751875000002 0.778579028125 0.1597260375 0.7835872312500001 0.16367892291666666 0.7851634640625 0.16397428958333335 0.788502878125 0.16279140833333333 0.7902349 0.16160876458333334 0.7914693125000001 0.15942855 0.79418648125 0.15843050833333333 0.806205253125 0.16068267916666665 0.8096793796874999 0.16012792499999998 0.811867778125 0.15842791666666667 0.8161932546875 0.15170242916666668 0.81888018125 0.14527278333333332 0.8201365890625001 0.13525922291666664 0.820852309375 0.134187575 0.8202923796875 0.13378121041666666 0.82040693125 0.13078826458333334 0.8183752421875001 0.12528305208333335 0.8179921828125 0.12129253958333333 0.8169658 0.11959300208333333 0.8159201734374999 0.10854518541666666 0.8137638515625 0.10422238333333333
0 0.9149268109375001 0.162366425 0.91232419375 0.16037152083333334 0.9111319390625001 0.15833945833333332 0.9100322421874999 0.1611478 0.9062776921875001 0.16436297916666665 0.905240309375 0.16658011458333333 0.9019705390625001 0.18616395208333333 0.8969705812500001 0.19547601458333333 0.8941186984374999 0.19584593125 0.8886953609375 0.19392533958333333 0.883085071875 0.19377836458333333 0.8801397156249999 0.1950350875 0.8792682062500001 0.19758474583333333 0.8786762015624999 0.20320119166666667 0.8790180218750001 0.205676775 0.8797438234375001 0.20641566249999999 0.8797731453125 0.21757447500000002 0.8832032796875 0.2326864125 0.8832023609374999 0.2384136208333333 0.8858352187499999 0.24584013125 0.8864666265625001 0.25319303541666666 0.8871924265625 0.25393192291666666 0.8880007031250001 0.25770067708333333 0.8897217296875001 0.26043470208333336 0.9002577421875 0.2615047020833333 0.9071949984375 0.26431186458333333 0.9108038390625 0.2643852333333333 0.9225953421875 0.26116887708333336 0.9254371421875 0.25898842708333336 0.9266413140624999 0.25137660624999997 0.92668346875 0.24716432916666667 0.9261235390625 0.2467579666666667 0.9270793625 0.23578375416666666 0.9283980843749999 0.22517898958333332 0.9290203312499999 0.22499415 0.929831359375 0.21158127916666666 0.9304536062500001 0.21139643958333335 0.9311702437499999 0.20459758541666667 0.9319794375000001 0.20263912916666668 0.9332670015625 0.19232996458333332 0.9342008296875 0.1891891020833333 0.93512549375 0.17851049583333334 0.9335914171875 0.17400285208333335 0.931808075 0.17186002916666665 0.92655060625 0.1702719625 0.9194273203125001 0.16351120416666667 0.9149268109375001 0.162366425
0 0.0985299671875 0.21436355833333334 0.09159179375 0.21728360416666667 0.0730087453125 0.21440425 0.0651789015625 0.21625288333333334 0.05808401875 0.22637815208333334 0.057316064062500005 0.22985153958333332 0.05891245625 0.23376797708333333 0.0575946515625 0.23864553125 0.0571996765625 0.24429889791666665 0.0589830171875 0.2464417229166667 0.063752953125 0.24884275625000002 0.064426515625 0.2519833833333333 0.06409385625 0.25704554583333333 0.0645291546875 0.25863431875000004 0.0697133078125 0.2647302645833333 0.07095688125 0.27008779375 0.07154796718749999 0.27019855625000005 0.0733102328125 0.2744475166666666 0.07840182812499999 0.27570306041666665 0.0803208015625 0.2727468 0.0851851296875 0.26853381875 0.0898725875 0.2679049854166667 0.091572534375 0.27274515208333333 0.09351899531249999 0.29240212083333333 0.0963287203125 0.2962444833333333 0.1007568328125 0.2961699333333333 0.1044802265625 0.29325035833333335 0.1073229453125 0.2853427 0.10895325 0.27178191041666666 0.10957549375 0.27159706875 0.11014642187499998 0.2680867604166667 0.11082182031250001 0.2597729729166667 0.1120461515625 0.2557822229166667 0.115687065625 0.24983278333333334 0.1243050265625 0.24813183125 0.1265145015625 0.24432568333333335 0.1278213109375 0.24336480000000002 0.126256075 0.23915276249999998 0.12437925937500001 0.23789674583333334 0.12318700468749999 0.23586468333333332 0.1232080828125 0.23375854583333336 0.121238709375 0.22766212916666667 0.1213221046875 0.22496478749999999 0.11994381875 0.21897913333333333 0.1168435890625 0.21598666041666667 0.11326590781250001 0.2156176875 0.11176207187500001 0.21654165 0.10690874218749999 0.21683796041666667 0.0985299671875 0.21436355833333334
0 0.7565272671875001 0.5118971458333333 0.7546916875 0.5121560625 0.7503772093750001 0.514964875 0.7296534109375 0.54001983125 0.725866784375 0.54925781875 0.7243006328125 0.5507729895833333 0.722070078125 0.5566852729166667 0.72004755 0.5587178041666667 0.7170701187499999 0.5659973375 0.7140102109375001 0.5702470041666667 0.7122781875 0.57142965 0.7107532734374999 0.5744597520833333 0.708251459375 0.5905702020833333 0.70878023125 0.59127216875 0.7090798953124999 0.5979600270833333 0.7115780390625 0.6047584104166667 0.7135584109375 0.6069381520833333 0.7194692828125 0.6080457770833333 0.72463419375 0.60479344375 0.7250493296875 0.6027611479166667 0.7269059859375 0.60039609375 0.734476484375 0.5991017437499999 0.73885328125 0.595701725 0.7418829484375 0.5860204541666667 0.7437927578125 0.57552645 0.746542003125 0.5685055979166667 0.7489585875 0.56654690625 0.7492802484375 0.5654014187499999 0.753366540625 0.5628512895833333 0.7551508 0.5592669020833333 0.7557528859375 0.55546099375 0.7563751296875 0.5552761520833334 0.7570807703125 0.55239396875 0.7581089890625 0.5426390895833334 0.7590840546875001 0.5410131583333333 0.7595926656249999 0.53809405625 0.761905696875 0.5352116375 0.7622585171875 0.5337705458333333 0.763534165625 0.5331052645833333 0.7646247015625 0.5227591791666667 0.763277571875 0.516477925 0.7619817624999999 0.5135221333333333 0.7601672640625 0.5116749145833334 0.7568177703125001 0.5110472604166667 0.7565272671875001 0.5118971458333333
0 0.47855063906249995 0 0.480914875 0.006280508333333334 0.484118659375 0.010196708333333334 0.48861916875 0.011341491666666667 0.49215561093750004 0.010195529166666667 0.49432293125 0.010601658333333335 0.4995281625 0.014591466666666667 0.510292365625 0.015402783333333333 0.5130608515625 0.017730208333333334 0.527692321875 0.023787818750000002 0.538466603125 0.026409670833333333 0.543288775 0.026408964583333337 0.54564304375 0.025041477083333333 0.5473649875000001 0.022048297916666668 0.5478635171875 0.01731866041666667 0.5473035890625 0.016912293749999998 0.548394125 0.006566210416666667 0.5482347375 0.004124814583333333 0.5262225546875 0 0.47855063906249995 0
0 1 0.38094808958333337 0.999399078125 0.3807638916666667 0.99909849375 0.3798032416666667 0.9943697968749999 0.3789171416666666 0.9940792921874999 0.37976702916666666 0.984860165625 0.37954668333333336 0.983636753125 0.377810225 0.9832536921875 0.37381970833333333 0.9796356906250001 0.3662085958333333 0.978121775 0.365322025 0.9760690078125001 0.36192295 0.9698997078125 0.35564239999999997 0.9602663609375 0.35172714166666663 0.9547293874999999 0.34707228749999997 0.9476986578125001 0.3451519333333334 0.936718184375 0.33495541666666667 0.9294803453125 0.33118760625000004 0.9278106375 0.33177904583333334 0.924947759375 0.3360656354166667 0.9206021218749999 0.33917005 0.9168998078125 0.33998348749999996 0.9121912703125 0.34271845625 0.9103868515625001 0.3426817729166666 0.90793910625 0.3449360645833333 0.9052842546875001 0.3453429020833333 0.9013949921875 0.3479299520833333 0.8988638546875001 0.3528815875 0.897297703125 0.35439675625 0.8970786765625001 0.36219318125 0.883679784375 0.36540977083333337 0.8831198546874999 0.36500340833333333 0.883400278125 0.36234298541666665 0.88183504375 0.3581309458333333 0.8818249640625 0.3563204104166667 0.8802285703124999 0.3524039729166667 0.877947615625 0.34926358125 0.877906378125 0.34774864791666665 0.8752002078125001 0.34483001666666663 0.8737073687500001 0.34183730625000003 0.867745178125 0.3374042125 0.8674445953125 0.3364435645833333 0.8451381546875 0.3364837854166666 0.8400044015624999 0.33944051666666664 0.8349632046875 0.34723765 0.8332934968749999 0.34782908958333336 0.8302033484375 0.34664715 0.8267292234375001 0.34720190624999997 0.8234622046875 0.34960411875 0.8179866296875 0.3500852666666667 0.81497895625 0.35193319375 0.8129875890625 0.35367012291666666 0.8112033296875 0.35725451041666667 0.8107982734375 0.3610973395833333 0.8087546671875 0.3652360104166667 0.80454374375 0.36896855 0.7940792078125 0.3748450916666667 0.7909459859375 0.3836026375 0.7889234578125001 0.3856351708333333 0.7868486953125 0.3900694416666666 0.7865994296875 0.3924342604166667 0.7850644359375 0.393653825 0.7832490171875001 0.3975338145833333 0.7819110515625 0.3987903020833333 0.7817552609375 0.4002683125 0.7809048296875 0.40071183541666666 0.7796181828125001 0.40529378958333334 0.7802505078124999 0.4069194854166666 0.7827495703125 0.4079906604166667 0.7836100828125 0.409357675 0.786171459375 0.4098376458333333 0.7862750140625 0.41076137291666664 0.7994961218750001 0.41685613958333334 0.801082434375 0.41896204374999996 0.800957803125 0.42014445208333334 0.7968614296875 0.4208840479166666 0.7965709265625 0.42173393541666665 0.793190275 0.42140188125000005 0.7867707921875 0.4232133604166667 0.7838043578125 0.42657622083333335 0.783389221875 0.42860851666666666 0.780453946875 0.43167577500000004 0.7803293140625 0.43285818541666665 0.7772281671875 0.43559291875 0.7751845609375 0.43973158749999997 0.7747685078125001 0.4474910916666667 0.7734195453125 0.45266425416666667 0.7709195656250001 0.45732028541666664 0.77003705625 0.4637866166666667 0.7693836546874999 0.46426706041666665 0.7701296140625 0.46862701875 0.7796694859375 0.47342908333333333 0.78224094375 0.47571959166666666 0.7837649390625 0.4784166979166667 0.7834533578125 0.4813727208333333 0.7797913656250001 0.4894283 0.7783590078125 0.4972988020833334 0.778887778125 0.49800076875 0.77801535 0.5062776375 0.77652159375 0.5090121354166667 0.7760542203125 0.5134461708333333 0.7763648859375001 0.51621735625 0.77739126875 0.51791689375 0.7791746109375 0.5200597166666666 0.7809167140625 0.52068760625 0.7824407109375 0.5233847125 0.7812566999999999 0.5346176041666666 0.78320499375 0.5428201583333333 0.785454790625 0.5462561541666666 0.7877870640625 0.5527220145833333 0.7876092765625 0.5620333729166667 0.7884487124999999 0.565506525 0.789734440625 0.5666517770833334 0.7930839359374999 0.56727943125 0.798114134375 0.5633989729166667 0.80764484375 0.5606632958333333 0.8098020828125 0.5592588875000001 0.8136711859375 0.5530507666666666 0.8198212421875001 0.5499830375 0.8214185531249999 0.5481722666666666 0.8218336890625 0.5461399708333333 0.8237939000000001 0.54469864375 0.8242401953125 0.54237074375 0.8248624390625 0.54218590625 0.8285244328125 0.5341303270833334 0.8317511296875001 0.5244859729166667 0.833804815625 0.5221578395833333 0.8366576140624999 0.5160607166666666 0.8388771687500001 0.51406510625 0.8405991125 0.511071925 0.8456604703125 0.5068958625 0.8489064093750001 0.5065997875 0.8526188031249999 0.5075968875 0.8542674328125001 0.5091115833333333 0.8566308625 0.5152818416666667 0.8570551625 0.5207872916666667 0.8562972859375 0.5260712125 0.8537560687499999 0.5292123125 0.8507062390625 0.5352725145833334 0.8489742171874999 0.5364551604166666 0.8460902593749999 0.5428478875 0.84498048125 0.54384569375 0.842968034375 0.5476887604166667 0.8408098781250001 0.554820375 0.84088135625 0.5617669125 0.8416997140625 0.5673462020833333 0.841232340625 0.5717802375000001 0.841771190625 0.5742927416666667 0.8433263468750001 0.5766942458333334 0.8449025796875 0.5769896125 0.846717078125 0.5788368333333334 0.8486864515624999 0.5849332500000001 0.8511644359374999 0.5881105625 0.8620734296875 0.5913605375 0.8731079749999999 0.5877008979166667 0.8762384453125 0.5961249770833333 0.8843468765625 0.6030703375 0.8912309765625 0.6140064479166667 0.8955967749999999 0.6145231041666667 0.899019584375 0.61064288125 0.9038628328125 0.6085360354166667 0.9082799484375 0.6123781604166666 0.9092128578124999 0.6149645041666666 0.9123854828125 0.6191763083333334 0.9127584640625 0.6213562874999999 0.9153922390625 0.6230555875 0.9195921640625 0.6232397208333332 0.921479978125 0.6205790645833333 0.92354374375 0.6200614666666666 0.9281789671875 0.6218343729166667 0.9310821656250001 0.624789925 0.9344316609375 0.6254175791666667 0.9384244781250001 0.62375425625 0.9436407093750001 0.6238273916666667 0.9542912749999999 0.62190444375 0.9558262687499999 0.6206848770833333 0.9566354640625001 0.6187264229166666 0.95551560625 0.6179136937499999 0.9512652781250001 0.6086768854166666 0.9496487265625 0.6011393770833333 0.9515896937500001 0.5903497708333333 0.9512286281250001 0.5785259083333333 0.95380100625 0.5750892083333333 0.9574620812499999 0.5727608375000001 0.958924678125 0.5703219416666666 0.9608042484375 0.55439633125 0.9615199671875001 0.5533246854166667 0.9651498859375 0.5512919187499999 0.9709159640625 0.54996088125 0.9747016734375 0.5464501020833333 0.976195428125 0.5437156020833334 0.9764144531250001 0.5359191770833333 0.9754503859374999 0.5336284354166666 0.9747255031250001 0.5271623395833334 0.9740620203124999 0.5258322458333333 0.9746540250000001 0.5202158 0.9792489281250001 0.5147465666666666 0.981314528125 0.5027745520833333 0.985390740625 0.49841388541666665 0.9868533375 0.4959749895833333 0.9874242640625001 0.49246468125000004 0.9880465109375001 0.4922798395833333 0.988720990625 0.48969326041666666 0.9905153312499999 0.48791941041666664 0.9906198046875 0.48311593125 0.992114478125 0.47465422291666665 0.99276788125 0.47417378125000004 0.9922079515625001 0.47376741666666666 0.99203291875 0.46589715 0.9900323875 0.46009633541666667 0.9864033875 0.45640189375 0.979456053125 0.45178419583333335 0.9725508734374999 0.44295422500000003 0.96687826875 0.44339845208333334 0.965583378125 0.4347154541666667 0.9677406156249999 0.43331105000000003 0.9698877765624999 0.43009610833333334 0.9765455265625 0.42983648333333335 0.9777377812499999 0.4318685458333333 0.9782143156249999 0.43497225 0.9795312015625001 0.43582190416666666 0.9807756937500001 0.43545222083333335 0.9821347359375 0.4320895979166667 0.9833792265625 0.43171991666666665 0.9909598046875001 0.43223610208333335 0.9976697906249999 0.4295747375 1 0.430373625 1 0.38094808958333337
0 0.62203164375 0.14666878958333335 0.6215441109375 0.14748175208333333 0.6148451234375 0.14622644375 0.61474156875 0.14530271875 0.6116202625 0.14441638125 0.6094740203125 0.14190411458333332 0.60341835625 0.13835782708333333 0.59426154375 0.1375462770833333 0.5860697187499999 0.13329826041666668 0.5759277609375 0.13230210208333334 0.5699023375000001 0.1341874229166667 0.5682216312499999 0.1386955375 0.5723482453125001 0.1433875479166667 0.5738099234375 0.14667585833333333 0.5776671109375 0.15011161666666667 0.5794605328125 0.154064975 0.5754988734375 0.15543269583333333 0.573704534375 0.15720654583333332 0.5689547578124999 0.15842658333333332 0.56516905 0.16193736458333333 0.5633536328125001 0.16581735208333334 0.5656959859375 0.17409374791666668 0.5690555609375 0.1765319375 0.5745412156249999 0.17786132291666668 0.5799233171875 0.17826698125 0.5836256296875 0.17745354583333334 0.5860110578125 0.17579045833333332 0.5927311234375 0.17493962916666667 0.59344684375 0.1738679791666667 0.597180315625 0.17275894166666667 0.598943496875 0.17128069375 0.602749365625 0.17139098333333333 0.6030911859375 0.17386656666666667 0.5984238890625 0.17811647083333335 0.595332821875 0.18266173958333332 0.5876990890625 0.19027450416666666 0.5858525125 0.19445009375 0.58523026875 0.19463493333333334 0.5848563703125 0.1981821625 0.5854162984375 0.19858852708333333 0.5859542328125 0.20682823958333335 0.5877375734375 0.2089710604166667 0.5911906234375001 0.21052244375 0.597392915625 0.20505297291666666 0.5991661781250001 0.20538526041666666 0.6002347171875 0.20287252291666666 0.603367021875 0.19984218541666668 0.603813315625 0.19751428750000002 0.6055352593750001 0.19452110833333333 0.6081488734375 0.1925993375 0.6102648734375 0.18968000000000002 0.6144547203124999 0.18805359583333334 0.6187893609375 0.18886585416666665 0.621692559375 0.19182140833333333 0.6241916203125 0.19289258333333334 0.6273752453125 0.19318771458333334 0.6303206015625 0.19193099166666666 0.6337644859375 0.18594462916666668 0.637272525 0.16791264791666669 0.6413597359375001 0.15963531041666668 0.6421386890624999 0.15224524791666666 0.640584453125 0.14411653541666666 0.6383758937499999 0.14219547291666668 0.6349017671875 0.14275022916666666 0.6280048328125 0.14718520833333332 0.62203164375 0.14666878958333335
0 0.20707560468750003 0.08428459166666666 0.20712784062499998 0.08188285208333333 0.20362347343749998 0.07700599999999999 0.1964268734375 0.07475312291666666 0.1928281140625 0.0764902875 0.1831095375 0.08672678958333332 0.182953746875 0.0882048 0.1803190546875 0.09223270624999999 0.17848347656250002 0.09249162291666665 0.1762950796875 0.09419163333333333 0.1763161578125 0.09208549375 0.1757562296875 0.09167913125 0.1772105828125 0.07597528125 0.17531360625 0.07109819583333334 0.1695383640625 0.0648914875 0.16030915625 0.06286060624999999 0.15716677031249998 0.06408040625 0.15687626875 0.06493029374999999 0.15215765 0.06585472916666667 0.14827846875 0.07025231458333334 0.1425123890625 0.07158335208333333 0.140261675 0.07387456458333334 0.13828954843750002 0.08495977291666666 0.1355091453125 0.09227622916666665 0.1349070609375 0.0960821375 0.1342536578125 0.09656257916666666 0.1338073625 0.09889047916666667 0.13178483593749998 0.10092301041666667 0.1281228421875 0.1089785875 0.1271569390625 0.11814226458333334 0.128722175 0.12235430208333334 0.1336057453125 0.12748959791666667 0.1353056921875 0.13232976458333334 0.1435809125 0.13388043958333334 0.1543762734375 0.13439615208333333 0.1563878015625 0.13628029375 0.15745542343750002 0.13949476458333335 0.1608049171875 0.14012241875 0.161997171875 0.14215447708333334 0.1640710171875 0.14344741458333335 0.16685966562500001 0.14939591458333332 0.1764719328125 0.15541731041666665 0.1847159953125 0.15726358541666666 0.188148884375 0.15519389791666666 0.191986828125 0.14928137916666667 0.19391588125 0.14813565416666666 0.2000860984375 0.14868899583333334 0.20174572500000001 0.14628702083333334 0.20387180625 0.14517821666666667 0.206726440625 0.127626675 0.2076602671875 0.12448581249999999 0.21081365000000002 0.1193493375 0.21177955312500002 0.1101856625 0.2102243984375 0.10778415625 0.2091989328125 0.10035741458333333 0.20739543125 0.09459351875 0.2076355328125 0.08469095625 0.20707560468750003 0.08428459166666666
0 0.7629587265625 0.24120248125000002 0.7575784609375 0.22934240833333333 0.7576618546875 0.22664506458333333 0.7535874796875001 0.21955131458333332 0.7530174703125 0.21733441458333333 0.7490356499999999 0.21508106458333334 0.7391512046875001 0.22498504166666666 0.7377087671875 0.23104501041666667 0.74060096875 0.23791723541666665 0.7425492640625 0.24611978958333333 0.744291365625 0.24674767916666665 0.7457118078125 0.24852105625 0.7480028437499999 0.25347198541666666 0.749483765625 0.266108575 0.7517024046875 0.2698401729166667 0.7537139328125 0.27172431458333335 0.7592307453125 0.27275809791666666 0.7604752359375 0.27238841875 0.7618755187499999 0.2705407270833333 0.7649244281249999 0.27020773125 0.7671650624999999 0.26610598333333335 0.7679229390625 0.26082206041666667 0.767674590625 0.25745967291666666 0.7671146625 0.25705330625 0.765767534375 0.25077205208333336 0.7652497609375 0.24615341041666666 0.763632290625 0.24434311041666668 0.7629587265625 0.24120248125000002
0 0.7338525140625001 0.1570722145833333 0.733572090625 0.15973263541666669 0.7341631765625001 0.15984339791666666 0.7344436 0.15718297708333334 0.7338525140625001 0.1570722145833333
0 0.7260840843749999 0.09924702708333334 0.723160721875 0.09267040416666666 0.72105571875 0.09167307083333333 0.7209521640625 0.09074934166666666 0.717820778125 0.08805247083333333 0.7170848984375 0.08550304583333333 0.7106663328125 0.08158731666666667 0.6984917703125 0.08081315833333333 0.6938455484375 0.082956925 0.6916983890624999 0.08617186458333334 0.6846768203125 0.09178925208333334 0.683183065625 0.09452375208333333 0.6807976390625 0.09618683958333334 0.680610690625 0.09796045416666667 0.6774472265625 0.10128639375 0.677260278125 0.10306000833333333 0.6733499375 0.10775319791666667 0.6710579859375 0.10852947708333334 0.668610240625 0.11078376875 0.66592423125 0.11148620833333332 0.6638393890625001 0.11410994583333332 0.6615474359375 0.11488622708333333 0.6592655640625 0.11747304166666667 0.651902175 0.12061484791666667 0.65089595 0.12253638333333333 0.650522053125 0.12608361041666666 0.6507493234374999 0.1315521375 0.6517234703125 0.13565341666666667 0.6563687734375 0.13923685833333332 0.6585874109375001 0.14296845416666668 0.6588669171875 0.14603524166666665 0.6598621421875001 0.14803037916666667 0.6599647796875 0.15468131666666668 0.660565946875 0.15660261458333335 0.663479225 0.16136870208333332 0.666278871875 0.16340052708333333 0.6689227265625 0.16691036458333333 0.6700526625000001 0.16953362916666667 0.670632753125 0.1735610645833333 0.6713585531249999 0.17429995208333335 0.6712339203125001 0.1754823625 0.6755364828125 0.18231743125 0.6762412046875 0.18516245625 0.6777963609375 0.18756396041666665 0.679028934375 0.19683816458333334 0.6814757609375001 0.20031107916666666 0.6828549640625 0.200569525 0.6831454671875 0.19971963958333333 0.690809440625 0.19753848125 0.69260378125 0.19576463125 0.6950304453125 0.19561647708333335 0.699407240625 0.19221646041666668 0.7059925953125 0.19073750416666665 0.7089691078125 0.18918517916666666 0.71644796875 0.17732322083333332 0.7179829625 0.17610365416666665 0.7207633640625 0.1687872 0.7225494609374999 0.15374839791666667 0.7231717046874999 0.15356355625 0.723452128125 0.15090313541666667 0.7241678484375 0.14983148958333334 0.7268153734375 0.13043249166666668 0.7272525062499999 0.12056684999999999 0.727128790625 0.11602205 0.7265688625 0.11561568750000001 0.726808046875 0.11144033125000001 0.725626790625 0.10549159791666667 0.7260840843749999 0.09924702708333334
0 0.6443298562499999 0.06855378958333333 0.6450868140625 0.06899707499999999 0.6453040031249999 0.07265506666666667 0.6456779015625 0.0691078375 0.6436352125 0.06751929791666668 0.6425675921875 0.06430482916666666 0.6431687593750001 0.06622612708333334 0.64210571875 0.06678052916666667 0.6420379031250001 0.06933006875 0.6441396109374999 0.06972390416666667 0.6443298562499999 0.06855378958333333
0 0.636694303125 0.02281114375 0.6365907484375 0.021887414583333334 0.635968503125 0.02207225416666667 0.635781553125 0.02384586875 0.636694303125 0.02281114375
0 0.635781553125 0.02384586875 0.6356569203125 0.025028279166666667 0.6365073546875 0.024584758333333335 0.635781553125 0.02384586875
0 0.867356628125 0.30296712291666666 0.8657913921875 0.29875508333333334 0.86397689375 0.2969078625 0.850174778125 0.29251286875000004 0.8387984124999999 0.29369692708333334 0.8334676296874999 0.29661673958333334 0.82870685625 0.3017534479166667 0.8284887484375 0.30382266458333335 0.827544840625 0.30515299375 0.82711870625 0.31110196250000005 0.8256451109375 0.3174575333333333 0.825022865625 0.31764237291666664 0.8247424421874999 0.32030279375 0.8238296937499999 0.32133752083333333 0.8229572656249999 0.32961438750000005 0.8238379390624999 0.33460247083333333 0.8256313593750001 0.33855582916666666 0.826480875 0.3438395166666667 0.8337086328125001 0.34579679166666666 0.8369655703125 0.34158404583333335 0.8377848453125001 0.3414361270833333 0.8388533859375 0.3389233875 0.8431990234375 0.33581897499999996 0.851848140625 0.3338224208333333 0.8668434265625 0.3345222666666666 0.8689695093750001 0.3334134645833334 0.8694881999999999 0.33230489375 0.871323778125 0.33204597708333333 0.8730145625000001 0.32934839791666665 0.873263828125 0.32698358125000004 0.874913375 0.32277106875 0.875474221875 0.31745022708333337 0.8751323984375 0.31497464375 0.8739401453125 0.3129425833333333 0.8716069546874999 0.31220393125 0.869595425 0.31031978958333334 0.867304390625 0.3053688625 0.867356628125 0.30296712291666666
0 0.894803246875 0.25987971249999997 0.8889959281250001 0.25969581458333335 0.8874920921875 0.2606197791666667 0.8861642078124999 0.26368680208333334 0.882710240625 0.26786262708333336 0.8773583796875 0.27288857499999997 0.8755228031250001 0.27314749166666663 0.8729192671874999 0.27687979583333333 0.8721100749999999 0.27883825 0.87048985 0.29420957708333334 0.8694524671874999 0.29642671249999997 0.868486565625 0.3055903875 0.8701764328125 0.30862001666666666 0.8720844062499999 0.30958043124999995 0.8727478906249999 0.3109105229166667 0.8768855 0.3116858604166667 0.8804842609374999 0.30994869583333334 0.8824545515625 0.31031790416666666 0.8857105703125001 0.3118323666666667 0.8871310125 0.31360574375 0.8912686234375 0.3143810833333333 0.89307304375 0.31441776666666665 0.8933635453125 0.31356788125 0.9065544125 0.3142310416666667 0.9084523078125001 0.31338092083333335 0.911553453125 0.3106461833333333 0.9119374312499999 0.30890949166666665 0.9125596781249999 0.30872465 0.9128089421875 0.30635983333333333 0.9142403828125 0.3042165375 0.9140231921874999 0.30055854583333336 0.915527946875 0.29390737499999997 0.9162345046875 0.2852979854166667 0.9156956515625 0.28278548125 0.91643245 0.2796076979166667 0.9240762640625 0.27380546875 0.92794445 0.2733245541666667 0.9295628375 0.2694076458333334 0.9295426765625001 0.265786575 0.9282468671874999 0.2628307875 0.9218695421875 0.26042998958333335 0.9165387578124999 0.2633498 0.911685428125 0.2636461104166667 0.894803246875 0.25987971249999997
0 0.3927025859375 0.34756114583333336 0.39291061250000003 0.34368139583333335 0.3921848140625 0.34294250833333334 0.39105579375 0.3345920333333333 0.38889947187499996 0.33026923125 0.38497172343749997 0.314159725 0.3831159859375 0.3107975729166667 0.3814481140625 0.29993459791666666 0.3786704640625 0.29006942708333333 0.3786915421875 0.2879632875 0.3781316140625 0.2875569229166667 0.3779675796875 0.27576998333333336 0.37548959531250004 0.27259267083333333 0.36938169374999996 0.27144812291666665 0.3664363390625 0.2727048458333333 0.3657206171875 0.27377649374999996 0.3639042828125 0.2833836895833333 0.3627202734375 0.29461658124999995 0.3610606453125 0.29701855625 0.3601268203125 0.30015942083333336 0.360219375 0.30499982291666666 0.36141162968749996 0.3070318833333333 0.362292303125 0.3120199666666667 0.36461449687499997 0.3166752916666667 0.365059871875 0.3200746020833333 0.3667808984375 0.32280862916666664 0.36812802499999997 0.3290898875 0.37093775 0.33293224583333336 0.3739032671875 0.3352965958333333 0.37699249687499997 0.3422057416666667 0.37697142031249997 0.34431187916666667 0.379635434375 0.3514427854166666 0.3807956140625 0.35949765625 0.3818843125 0.36060598958333334 0.3831691234375 0.36747845 0.38772003593750004 0.3776759083333333 0.38820665 0.3825901520833333 0.38920187500000003 0.3845852895833334 0.3902172609375 0.3902015020833333 0.3912124859375 0.39219663958333334 0.39312046093749997 0.39315705208333335 0.3944996640625 0.3934154979166667 0.395164065625 0.38901838541666667 0.395786309375 0.38883354374999995 0.39840359531249997 0.36400294166666664 0.39784366718749997 0.3635965770833333 0.39792706093749997 0.3608992333333333 0.397357053125 0.3586823333333333 0.3957707390625 0.35657643333333333 0.3957918171875 0.35447029583333334 0.3935420203125 0.3510343 0.3927025859375 0.34756114583333336
0 0.6356504968750001 0.0651187375 0.63915578125 0.06426837916666667 0.6402545609375 0.06718724583333334 0.64188119375 0.07653528958333333 0.6441722296875 0.08148621875 0.6620807953125001 0.08695215208333333 0.6659379828125 0.09038791041666668 0.6672961078124999 0.09275249375 0.6690070546875 0.0936759875 0.6697740921875 0.09592980833333334 0.6713915625 0.09774010625 0.675539253125 0.10032598125 0.680019603125 0.09784969166666667 0.6814822015625001 0.09541079583333333 0.6816691500000001 0.09363718125 0.6849984828125 0.09064376458333333 0.6867204265625 0.08765058333333334 0.68845245 0.0864679375 0.689780334375 0.08340091666666667 0.69219691875 0.081442225 0.6930995890625 0.0785969625 0.693721834375 0.078412125 0.6942927609375 0.07490181666666666 0.6957553578125 0.07246292083333333 0.699509909375 0.06924774166666667 0.7026440484375 0.05476298958333334 0.707726484375 0.048480789583333336 0.7088270999999999 0.03994523958333333 0.7086722265625001 0.03569604375 0.7081712546875 0.0340949625 0.6350296875 0.020389127083333333 0.634879803125 0.020963922916666666 0.63119765 0.025398429166666667 0.6282101375 0.03086742916666667 0.62717275625 0.0330845625 0.6255433703125 0.04091814583333333 0.6260721390625 0.0416201125 0.625997909375 0.0518552 0.6276557 0.06090763958333333 0.6315128859375 0.06434339791666667 0.6356504968750001 0.0651187375
0 0.5313570046875 0.2577899229166667 0.5300511171875 0.2530235979166667 0.5258731859375 0.24500611875 0.5233328859374999 0.24242001041666666 0.5199109953125001 0.24057302708333334 0.517318459375 0.24038865625 0.51525469375 0.24090625625 0.5131698515625 0.24352999375 0.50793254375 0.24556299583333333 0.50032996875 0.2528801583333333 0.4918568 0.2570197708333333 0.490394203125 0.25945866666666667 0.48913871562500005 0.26374502083333334 0.48720782656250006 0.2763451604166667 0.48456213750000005 0.28428973958333337 0.48377218437499997 0.29559647291666663 0.4874002671875 0.3050181229166667 0.49361080468749996 0.31281360416666665 0.501595521875 0.31521416666666663 0.504861621875 0.3185391645833333 0.5065927265625 0.3230837270833333 0.5089983140625 0.3250417083333333 0.50910186875 0.3259654375 0.518362234375 0.32770071666666667 0.5186527390625 0.32685083125 0.5251033796875 0.3247437479166667 0.5258814140625 0.32308089791666667 0.5288267703125 0.32182417708333333 0.5324988453125 0.31557913125 0.5336718546875 0.3082629145833333 0.5323558875 0.30168605416666666 0.5345671984375 0.2864254916666667 0.53481738125 0.27833346458333336 0.5342574531250001 0.27792710000000004 0.5348494578125 0.27231065416666667 0.53258958125 0.26706412291666665 0.5313570046875 0.2577899229166667
0 0.7958067203125 0.07824935625 0.8003695453124999 0.07880293333333334 0.803138034375 0.08113035833333333 0.8053878296875 0.08456635416666666 0.8071189343749999 0.08911091666666666 0.8101880046875 0.09239899375 0.8101770078125 0.09631566666666667 0.8125303593750001 0.10067538958333334 0.81594216875 0.10071183958333334 0.8202364875000001 0.09428195833333333 0.8223845656250001 0.08533980833333334 0.8266788843749999 0.078909925 0.8275824703125 0.07033745416666666 0.827022540625 0.06993108958333334 0.8271059359375 0.06723374791666667 0.8259448390624999 0.06490608541666668 0.8246288703125 0.05832922708333333 0.823571328125 0.05692528958333333 0.82352463125 0.055710775 0.7840743546875 0.04831827708333333 0.7840308031250001 0.048912997916666666 0.7847245265625 0.05567469583333333 0.7854191687500001 0.0567091875 0.7855529640625 0.06306452083333333 0.7864858734375 0.06565086666666667 0.786267765625 0.06772008333333333 0.78902525625 0.07396418333333334 0.7895329484375 0.07677228750000001 0.7933177390624999 0.07898871666666667 0.7958067203125 0.07824935625
0 1 0.08878010416666667 0.931273828125 0.07590165833333334 0.9294794906250001 0.07767550833333334 0.9277877859375 0.08610029583333333 0.9281607671875 0.088280275 0.9309081750000001 0.09271383958333333 0.932887628125 0.10062079166666667 0.932492653125 0.10627415833333333 0.9276384046875 0.11229767708333332 0.9257405109375 0.11314779791666667 0.9237280640625001 0.11699086458333333 0.9232506125000001 0.11961436458333334 0.9225972078125 0.12009480625 0.9217870953125 0.12778047083333333 0.919069009375 0.13450572083333334 0.9166927453125 0.14370655208333333 0.9160705 0.14389139166666667 0.9155618890625 0.14681049583333333 0.9149084859375 0.14729093750000002 0.9140158984375001 0.15194673333333333 0.9162033781250001 0.15597393333333331 0.9191065765624999 0.1589294875 0.919645428125 0.1614419875 0.920868840625 0.16317844583333332 0.9285832140625001 0.17004996666666666 0.9332184375000001 0.17182287291666667 0.9351988078125 0.17400261666666667 0.9366916468750001 0.176995325 0.9365670140625 0.17817773541666665 0.9378215843750001 0.1796185916666667 0.951945359375 0.18286809583333333 0.95455805625 0.18667353333333334 0.9571194343749999 0.18715350416666665 0.9574099390624999 0.18630362083333332 0.963414284375 0.1865244375 0.9672100718750001 0.18482419166666667 0.968838540625 0.18271782083333335 0.973982375 0.18157162500000001 0.9747182562500001 0.18412104791666667 0.9746348609375 0.18681838958333333 0.9762312546875 0.19073482708333334 0.982804690625 0.19889975416666666 0.9875333890625001 0.19978585416666667 0.989327728125 0.19801200416666667 0.98948351875 0.19653399166666666 0.9912054625 0.19354081041666668 0.99151704375 0.19058478750000002 0.9921392890625 0.19039994791666667 0.9924508703124999 0.18744392291666667 0.9952312734375001 0.18012746875 0.9954805390624999 0.17776264791666666 0.9970155328124999 0.17654308541666666 0.9999306484374999 0.16985475625 1 0.16978962708333334 1 0.08878010416666667
0 0.4988371765625 0.055457968749999996 0.49905528437499996 0.05338875208333334 0.49792534687499995 0.0507654875 0.498008740625 0.04806814583333333 0.494919509375 0.04115899791666667 0.494370578125 0.03683596041666667 0.49221425781250006 0.032513158333333333 0.49127126875 0.028116279166666664 0.48441740624999996 0.022611775 0.48005160937499997 0.022095116666666668 0.476743353125 0.022982395833333332 0.472604825 0.027934266666666666 0.470238640625 0.038945633333333333 0.46985374531249996 0.04640953541666667 0.4676754265625 0.049920079166666666 0.4657051375 0.04955087083333333 0.4610185953125 0.04445249375 0.45609286875 0.043529472916666666 0.4553148328125 0.04519232708333333 0.45466051093750004 0.05139997708333333 0.453363784375 0.05417139583333333 0.4525435921875 0.060046524999999996 0.452199934375 0.06902535833333333 0.4553414015625 0.07353276666666667 0.4556832234375 0.07600834583333334 0.4575078046875 0.07966610416666667 0.4593534609375 0.08121772083333334 0.459010721875 0.08446934583333333 0.45976768124999995 0.08491263333333333 0.46010950156249997 0.08738821458333333 0.459175675 0.09052907916666666 0.456883721875 0.09130535833333334 0.4551617796875 0.09429853958333334 0.45613592656249996 0.09839981666666667 0.45444330624999996 0.11255181041666668 0.455147109375 0.12112404583333333 0.45934611875 0.12703538749999999 0.463048434375 0.12622195208333334 0.46718604375000006 0.1269972875 0.4782719078125 0.12666311458333335 0.4805226203125 0.12437190208333333 0.48539702812499996 0.12196945416666667 0.4868284703125 0.11982616041666666 0.48941092499999994 0.11819999375 0.49144445000000003 0.1122507875 0.49261654374999997 0.11066177916666667 0.5021784125 0.1076305 0.5037766390625 0.10009251875 0.506120828125 0.09691449791666668 0.5068475453125 0.09192617916666666 0.5074697921875 0.0917413375 0.5096499437500001 0.07677637708333333 0.5087069546875 0.07237949791666667 0.5034916421875 0.06657915625000001 0.5003712546875 0.05996561041666667 0.5004958859374999 0.05878320208333333 0.4988371765625 0.055457968749999996
0 0.37367262343749996 0 0.3715279984375 0.014721083333333333 0.37250214531250003 0.018822362500000002 0.3736531609375 0.019339491666666667 0.3770017375 0.025694354166666666 0.3760147578125 0.036964164583333334 0.37652245 0.03977226875 0.37712361875 0.04169356666666667 0.3796327578125 0.04457527916666667 0.3815388984375 0.05699010833333333 0.3835082703125 0.06308652499999999 0.3834248765625 0.06578386875 0.38475184218749997 0.06844405208333333 0.39091106249999996 0.07291406875 0.3964278765625 0.07394785208333333 0.40343844687499997 0.07224713541666666 0.41765753281249995 0.06315541666666666 0.4234556875 0.055801570833333335 0.425468134375 0.05195850416666667 0.42861051874999995 0.05073870208333333 0.4298449296875 0.048558487500000004 0.43177398125 0.047412762500000004 0.43450490156250005 0.025316422916666668 0.4320168390625 0.020328572916666666 0.43206907499999997 0.01792683541666667 0.43006854375000003 0.01212601875 0.42977895781250003 0.007248697916666667 0.427767428125 0.00536455625 0.42669980625 0.0021500875 0.42497762968749997 0 0.37367262343749996 0
0 0.3914140578125 0.5580269979166667 0.387327765625 0.5605771291666667 0.3845070421875 0.5606514416666666 0.3821527734375 0.5620189270833333 0.382139940625 0.5773900166666667 0.3850532203125 0.5821561041666666 0.3917833671875 0.5831158125000001 0.3966678546875 0.5825239 0.4004636421875 0.5808236541666666 0.4014387078125 0.579197725 0.40376181874999995 0.5781258416666667 0.407733559375 0.5785686562500001 0.40923739374999996 0.5776446916666667 0.4100154296875 0.5759818395833334 0.41022345624999995 0.5721020874999999 0.408160609375 0.5668924770833333 0.40637726875 0.56474965625 0.40384704843749997 0.56397408125 0.3992640625 0.5597994354166667 0.3914140578125 0.5580269979166667
0 0.7018273421875 0.8154471999999999 0.7006451671875 0.8152256750000001 0.6990166984374999 0.8173320479166667 0.6966935859375 0.81840393125 0.695033959375 0.8208059062499999 0.6897031765625 0.8237257166666667 0.685534409375 0.82324598125 0.6815727500000001 0.8246137020833333 0.679788490625 0.8281980895833333 0.6775066171875 0.8307849041666666 0.676085259375 0.8347387333333334 0.6763528484375 0.8474494 0.67830114375 0.8556519541666667 0.6781141953125001 0.8574255708333334 0.6826861828124999 0.8655168916666667 0.6843659703125 0.8667359833333333 0.6883065515625 0.8674744000000001 0.6901421296875 0.8672154833333334 0.6906608203125 0.8661069166666666 0.6987399296875 0.8618934625 0.7044125343750001 0.8614492333333333 0.709339178125 0.8566450458333333 0.709889028125 0.8552408770833334 0.71158989375 0.8543538333333333 0.7163405859374999 0.8474065895833333 0.7179177359375 0.8419747479166666 0.71853998125 0.8417899062499999 0.7190073531250001 0.83735586875 0.718447425 0.8369495062500001 0.718561978125 0.8339565604166667 0.717421959375 0.8295227604166667 0.7145709953125 0.8241654666666667 0.7114707671875 0.82117299375 0.704502353125 0.8186614333333334 0.7018273421875 0.8154471999999999