0 0.8863811734375 0.0879629625 0.8937114203125001 0.0859375 0.8952546296874999 0.08651620416666667 0.9010416671874999 0.09403935208333333 0.9093364203125001 0.09722222291666666 0.9108796296874999 0.0995370375 0.9145447531249999 0.10098379583333333 0.919367284375 0.10474537083333332 0.9207175921875 0.10850694375 0.9228395062500001 0.11053240833333335 0.9241898140625 0.113425925 0.9270833328125001 0.1151620375 0.9280478390625 0.11747685208333333 0.9290123453125 0.11776620416666667 0.9299768515625001 0.11950231458333334 0.92959105 0.12181712916666668 0.9278549375 0.12471064791666667 0.9261188265625 0.12905092499999998 0.9259259265625 0.13136574166666667 0.9249614203125001 0.1328125 0.925347221875 0.14120370416666667 0.927276234375 0.14496527708333332 0.9301697531249999 0.1464120375 0.93267746875 0.15190972291666668 0.9353780859375 0.1542245375 0.9367283953125 0.15306712916666668 0.9367283953125 0.1426504625 0.9386574078125 0.13975694375 0.9392361109375 0.136863425 0.9425154328125 0.136863425 0.943865740625 0.13946759166666667 0.946759259375 0.140625 0.9554398140625 0.1385995375 0.9614197531249999 0.13396990833333333 0.965277778125 0.1270254625 0.965277778125 0.12268518541666666 0.9619984562499999 0.11805555625 0.9600694437499999 0.11776620416666667 0.9587191359375 0.11631944375 0.9589120375 0.11284722291666666 0.9664351859375 0.10677083333333333 0.9704861109375 0.10474537083333332 0.974151234375 0.10416666666666667 0.9758873453125 0.10127314791666667 0.9753086421875 0.09288194375 0.9733796296874999 0.089699075 0.9733796296874999 0.08854166666666667 0.970100309375 0.0859375 0.9645061734375 0.07870370416666667 0.9648919749999999 0.07378472291666666 0.9627700625 0.06886574166666667 0.9619984562499999 0.06452546249999999 0.9627700625 0.060763889583333335 0.9621913578125 0.05700231458333334 0.9627700625 0.04224537083333334 0.9614197531249999 0.02893518541666667 0.9606481484374999 0.028067129166666666 0.9606481484374999 0.02633101875 0.95794753125 0.021701389583333335 0.9527391968750001 0.015625 0.9494598765625 0.015046295833333334 0.9465663578125 0.016203704166666666 0.9434799375 0.015914352083333333 0.94039351875 0.014467591666666666 0.938078703125 0.011284722916666667 0.9353780859375 0.010706018749999999 0.9342206796875001 0.011863425 0.9347993828125001 0.025462962500000002 0.9353780859375 0.02893518541666667 0.9359567906249999 0.029224537499999998 0.9353780859375 0.03356481458333334 0.9359567906249999 0.033854166666666664 0.936149690625 0.036458333333333336 0.9353780859375 0.03790509166666667 0.9351851859375 0.04137731458333334 0.9342206796875001 0.043113425000000004 0.934027778125 0.04571759166666667 0.931134259375 0.05005787083333334 0.9288194437499999 0.052083333333333336 0.9274691359375 0.0489004625 0.9274691359375 0.04745370416666667 0.9236111109375 0.042824074999999996 0.9201388890625 0.023148147916666664 0.9201388890625 0.018807870833333334 0.9187885796874999 0.015625 0.9158950625 0.011574075 0.9112654328125 0.007523147916666667 0.9064429015625001 0.00694444375 0.9002700625 0.00694444375 0.8979552468750001 0.009259258333333333 0.894097221875 0.010706018749999999 0.8927469140625 0.016493056250000002 0.8917824078125 0.018229166666666668 0.8894675921875 0.019965277083333333 0.8873456796875001 0.025462962500000002 0.8854166671874999 0.0332754625 0.8821373453125 0.03790509166666667 0.8807870375 0.04253472291666667 0.8802083328125001 0.042824074999999996 0.8782793203124999 0.05034722291666667 0.8786651234375 0.05555555625 0.8780864203125001 0.060763889583333335 0.877507715625 0.06105324166666667 0.877507715625 0.06452546249999999 0.874421296875 0.07002314791666667 0.874421296875 0.07754629583333333 0.875578703125 0.08072916666666667 0.8802083328125001 0.08564814791666667 0.8863811734375 0.0879629625
0 0.333526234375 0.46817129583333333 0.3342978390625 0.47164351875 0.33487654375 0.47193287083333335 0.33506944375000003 0.47453703750000004 0.33699845625 0.4788773145833333 0.3404706796875 0.48119212916666665 0.346257715625 0.48148148125 0.3493441359375 0.480613425 0.3532021609375 0.48148148125 0.3562885796875 0.48524305624999997 0.35898919687499997 0.4861111104166667 0.36284722187499996 0.48582175833333335 0.3668981484375 0.48408564791666664 0.37017746875 0.48148148125 0.37152777812500004 0.47945601875 0.37422839531249996 0.4704861104166667 0.375 0.46006944375000003 0.37345679062500003 0.453125 0.3688271609375 0.45428240833333333 0.36612654375 0.45601851875 0.3614969140625 0.4554398145833333 0.35783179062500003 0.45109953750000004 0.356867284375 0.44560185208333336 0.353973765625 0.441550925 0.351080246875 0.4357638895833333 0.3503086421875 0.43258101875 0.3487654328125 0.43055555624999997 0.3449074078125 0.43055555624999997 0.3416280859375 0.433738425 0.34027777812500004 0.4375 0.338348765625 0.43952546249999996 0.3375771609375 0.44444444375000003 0.336419753125 0.4470486104166667 0.33487654375 0.44849537083333335 0.3331404328125 0.44878472291666666 0.3304398140625 0.45283564791666664 0.3302469140625 0.4557291666666667 0.32966820937499997 0.45601851875 0.32966820937499997 0.4632523145833333 0.333526234375 0.46817129583333333
0 0.0696373453125 0 0.06944444375 0.0020254625 0.0665509265625 0.002314814583333333 0.0626929015625 0.006076389583333333 0.0592206796875 0.007523147916666667 0.05574845625 0.012442129166666668 0.053819443749999994 0.021412037499999998 0.05362654375 0.02633101875 0.053047839062500005 0.026909722916666667 0.053047839062500005 0.030092591666666668 0.0518904328125 0.03414351875 0.05169753125 0.03761574166666667 0.050347221875 0.03964120416666667 0.0489969140625 0.04600694375 0.0457175921875 0.05324074166666667 0.0457175921875 0.05700231458333334 0.046296296875 0.057291666666666664 0.046489196875 0.05960648125 0.048225309375 0.06423611041666667 0.048225309375 0.07089120416666667 0.0449459875 0.07552083333333333 0.0435956796875 0.07870370416666667 0.0397376546875 0.07928240833333335 0.037808642187500005 0.07523148125 0.0364583328125 0.07465277708333334 0.035108025 0.07262731458333334 0.034143518750000004 0.06973379583333333 0.031828703125 0.06770833333333333 0.0304783953125 0.059895833333333336 0.0304783953125 0.050636574999999996 0.031635803125 0.04716435208333333 0.031635803125 0.04224537083333334 0.029706790625 0.03414351875 0.026813271875 0.029513889583333335 0.022183642187499998 0.025462962500000002 0.0179398140625 0.023148147916666664 0.0158179015625 0.020254629166666666 0.0113811734375 0.018229166666666668 0.011188271875 0.017361110416666665 0.003858025 0.016203704166666666 0.0023148140625 0.017361110416666665 0 0.017361110416666665 0 0.13310185208333333 0.001543209375 0.13310185208333333 0.0019290125 0.13570601875000002 0.001543209375 0.13802083333333334 0 0.13802083333333334 0 0.2167245375 0.0052083328125 0.21614583333333334 0.00868055625 0.21383101875000002 0.0123456796875 0.2129629625 0.016010803125 0.2207754625 0.0227623453125 0.222511575 0.0250771609375 0.22569444375 0.0260416671875 0.22916666666666666 0.0279706796875 0.23148148124999998 0.0343364203125 0.23582175833333335 0.0353009265625 0.23755787083333332 0.037808642187500005 0.23871527708333332 0.03915895 0.24160879583333333 0.0416666671875 0.24334490833333333 0.0432098765625 0.245949075 0.046875 0.24826388958333334 0.050347221875 0.24884259166666667 0.053819443749999994 0.24739583333333334 0.055169753125 0.245949075 0.0584490734375 0.2401620375 0.061149690624999996 0.23726851875000002 0.061921296875 0.23495370416666667 0.066358025 0.22945601875000002 0.06925154375 0.21846064791666667 0.072723765625 0.21556712916666668 0.07561728437500001 0.21064814791666667 0.0769675921875 0.19878472291666668 0.081597221875 0.19589120416666667 0.08391203750000001 0.19560185208333333 0.0856481484375 0.19386574166666665 0.0877700625 0.18402777708333332 0.088348765625 0.183449075 0.08892746875 0.17505787083333332 0.0904706796875 0.17274305625 0.10204475312500001 0.16579861041666666 0.10551697499999999 0.15914351875000002 0.1082175921875 0.16145833333333334 0.11670524687499999 0.16348379583333333 0.11824845625 0.16550925833333335 0.12345679062499999 0.16869212916666668 0.1344521609375 0.16898148124999998 0.1346450625 0.1698495375 0.14158950625 0.17013888958333334 0.145061728125 0.168113425 0.1462191359375 0.16435185208333333 0.1456404328125 0.16377314791666667 0.14351851875 0.15451388958333334 0.14351851875 0.1504629625 0.1467978390625 0.14756944375 0.146990740625 0.14409722291666668 0.1462191359375 0.1385995375 0.1456404328125 0.13802083333333334 0.1446759265625 0.12760416666666666 0.1429398140625 0.12384259166666665 0.14158950625 0.11776620416666667 0.14081790156250001 0.11689814791666667 0.14081790156250001 0.11487268541666666 0.140239196875 0.11458333333333333 0.140239196875 0.1114004625 0.14081790156250001 0.11111111041666667 0.141010803125 0.109375 0.14081790156250001 0.10416666666666667 0.13811728437499998 0.0995370375 0.13811728437499998 0.097511575 0.1369598765625 0.09490740833333335 0.13175154375 0.0879629625 0.1315586421875 0.08449074166666667 0.13348765468749998 0.08159722291666666 0.134259259375 0.07667824166666667 0.1315586421875 0.07060185208333333 0.12750771562500002 0.0682870375 0.125 0.06568287083333334 0.119598765625 0.06336805625 0.114776234375 0.06336805625 0.11246142031249999 0.06423611041666667 0.11033950625 0.0625 0.109953703125 0.06018518541666666 0.1130401234375 0.05931712916666666 0.114776234375 0.0567129625 0.11516203750000001 0.05121527708333333 0.11766975312500001 0.04571759166666667 0.11844135781250001 0.0370370375 0.11805555625 0.032986110416666665 0.11689814843749999 0.029803241666666664 0.1136188265625 0.026909722916666667 0.1095679015625 0.021412037499999998 0.10185185156250001 0.019675925 0.09857253125 0.015625 0.0914351859375 0.014178241666666667 0.086419753125 0.011574075 0.0812114203125 0.010127314583333333 0.07908950625 0.00694444375 0.077739196875 0.006365741666666667 0.07638888906249999 0.0031828708333333333 0.074652778125 0.0020254625 0.0744598765625 0 0.0696373453125 0
0 0.621141975 0.19270833333333334 0.6307870375 0.1932870375 0.63290895 0.19097222291666668 0.6394675921874999 0.18836805625 0.6520061734375 0.1895254625 0.6535493828125001 0.19068287083333332 0.654899690625 0.1932870375 0.6579861109375 0.19560185208333333 0.6620370375 0.19589120416666667 0.6647376546875 0.19473379583333333 0.67283950625 0.18605324166666665 0.67476851875 0.17997685208333333 0.6749614203125 0.17737268541666668 0.676311728125 0.17534722291666668 0.6768904328125 0.16956018541666668 0.6774691359375 0.16898148124999998 0.6774691359375 0.16435185208333333 0.6761188265625 0.160011575 0.676311728125 0.15393518541666668 0.675347221875 0.14699074166666665 0.6716820984375 0.14496527708333332 0.670524690625 0.14293981458333332 0.6701388890625 0.14033564791666667 0.6695601859375 0.14004629583333333 0.669367284375 0.13454861041666666 0.667438271875 0.12905092499999998 0.66396605 0.12644675833333333 0.6614583328125 0.1192129625 0.658757715625 0.11950231458333334 0.6564429015625 0.12210648125 0.6467978390625 0.12731481458333332 0.643132715625 0.13165509166666667 0.6394675921874999 0.13339120416666667 0.6373456796875 0.13570601875000002 0.6334876546875 0.13599537083333332 0.6302083328125 0.13888888958333334 0.6282793203125 0.14293981458333332 0.6282793203125 0.14612268541666668 0.629436728125 0.14988425833333335 0.6290509265625001 0.15190972291666668 0.62789351875 0.15364583333333334 0.6226851859375 0.15538194375 0.6194058640625 0.1582754625 0.6116898140625 0.17824074166666665 0.6114969140625 0.1932870375 0.61226851875 0.19646990833333333 0.612847221875 0.19675925833333335 0.621141975 0.19270833333333334
0 0.938078703125 0 0.938078703125 0.0017361104166666666 0.936149690625 0.00289351875 0.936149690625 0.0057870375 0.9407793203124999 0.010995370833333332 0.951774690625 0.011574075 0.953125 0.012442129166666668 0.9535108031249999 0.013888889583333335 0.956597221875 0.017361110416666665 0.9573688265625 0.019965277083333333 0.9596836421875 0.022280091666666668 0.9612268515625001 0.025462962500000002 0.9619984562499999 0.02893518541666667 0.9619984562499999 0.03443287083333334 0.9625771609375 0.03472222291666667 0.9625771609375 0.04050925833333333 0.9631558640625 0.04253472291666667 0.9635416671874999 0.0567129625 0.9646990734375 0.059895833333333336 0.9666280859375 0.06105324166666667 0.9706790125 0.05931712916666666 0.9733796296874999 0.05324074166666667 0.978973765625 0.046875 0.981867284375 0.04224537083333334 0.9826388890625 0.03935185208333333 0.9853395062500001 0.03674768541666666 0.986882715625 0.033854166666666664 0.9901620375 0.030671295833333334 0.9953703703125001 0.027777777083333333 0.996527778125 0.024884258333333336 0.996527778125 0.021701389583333335 0.9980709875 0.017650462500000002 0.9998070984374999 0.017071758333333336 0.9998070984374999 0 0.938078703125 0
0 0.9185956796875001 0 0.918402778125 0.0020254625 0.91415895 0.003761575 0.91415895 0.006076389583333333 0.9182098765625 0.010706018749999999 0.9220679015625001 0.010995370833333332 0.923225309375 0.010127314583333333 0.92669753125 0.005208333333333333 0.9274691359375 0.002314814583333333 0.928240740625 0.0017361104166666666 0.928240740625 0 0.9185956796875001 0
0 0.1847993828125 0 0.1842206796875 0.003761575 0.18595679062499998 0.024016204166666666 0.1853780859375 0.024305556250000002 0.1853780859375 0.032986110416666665 0.18402777812499999 0.03877314791666667 0.18402777812499999 0.04340277708333333 0.1853780859375 0.04658564791666667 0.1894290125 0.04716435208333333 0.19618055625 0.04195601875 0.2096836421875 0.04224537083333334 0.2137345671875 0.04050925833333333 0.2166280859375 0.03790509166666667 0.2214506171875 0.037326389583333335 0.22395833281250002 0.03587962916666666 0.22472993749999998 0.0332754625 0.22453703749999998 0.030671295833333334 0.2214506171875 0.01851851875 0.2206790125 0.010995370833333332 0.2195216046875 0.0098379625 0.2166280859375 0.003761575 0.2146990734375 0.0017361104166666666 0.2146990734375 0 0.1847993828125 0
0 0.4434799375 0.234375 0.44579475312500005 0.23611111041666666 0.4479166671875 0.23929398124999998 0.44868827187500004 0.24189814791666667 0.45235339531249996 0.24334490833333333 0.45408950625 0.24565972291666668 0.4612268515625 0.24884259166666667 0.4660493828125 0.2526041666666667 0.46913580312500003 0.25839120416666667 0.46932870312499997 0.26099537083333335 0.4733796296875 0.26620370416666667 0.4758873453125 0.2679398145833333 0.478009259375 0.2682291666666667 0.4793595671875 0.26591435208333336 0.47993827187500004 0.26215277708333334 0.48090277812500004 0.26099537083333335 0.481867284375 0.26215277708333334 0.48514660468750004 0.26273148125 0.48533950625 0.2635995375 0.4915123453125 0.26417824166666665 0.4957561734375 0.2635995375 0.49594907343749994 0.26273148125 0.500578703125 0.26099537083333335 0.5052083328125 0.26099537083333335 0.5119598765625 0.25925925833333335 0.5136959875 0.25665509166666667 0.5158179015625 0.2554976854166667 0.5177469140625 0.25173611041666666 0.5179398140625 0.24768518541666668 0.51658950625 0.24045138958333334 0.515239196875 0.238136575 0.513117284375 0.23090277708333332 0.511188271875 0.22829861041666666 0.5096450625 0.222800925 0.5050154328125 0.2167245375 0.5030864203125 0.20775462916666668 0.5 0.20486111041666666 0.49131944375 0.20457175833333335 0.49054783906250005 0.203125 0.49131944375 0.20023148124999998 0.49112654375 0.1854745375 0.4864969140625 0.18084490833333333 0.48128857968750005 0.17824074166666665 0.4753086421875 0.17795138958333334 0.46739969062500003 0.1817129625 0.4654706796875 0.18576388958333334 0.4645061734375 0.19560185208333333 0.46392746875 0.19589120416666667 0.46392746875 0.20023148124999998 0.463348765625 0.2010995375 0.45987654375 0.199074075 0.45871913593749997 0.19270833333333334 0.4577546296875 0.19097222291666668 0.45273919687499997 0.1875 0.4488811734375 0.18981481458333332 0.4446373453125 0.19502314791666667 0.443865740625 0.1973379625 0.44193672812499996 0.199363425 0.440007715625 0.20543981458333332 0.43885030937499997 0.21383101875000002 0.4407793203125 0.22395833333333334 0.44328703750000004 0.22685185208333333 0.4434799375 0.234375
0 0.3009259265625 0.2717013895833333 0.2991898140625 0.27459490833333333 0.2989969140625 0.277488425 0.29841820937499997 0.27777777708333334 0.29841820937499997 0.27922453750000004 0.2999614203125 0.28153935208333336 0.3082561734375 0.27980324166666665 0.32137345625 0.28009259166666667 0.3244598765625 0.2789351854166667 0.32773919687499997 0.277199075 0.3279320984375 0.27633101875 0.33159722187499996 0.2757523145833333 0.3337191359375 0.27430555624999997 0.33892746875 0.26504629583333333 0.3396990734375 0.26128472291666666 0.34239969062500003 0.25694444375 0.3449074078125 0.2552083333333333 0.3468364203125 0.2523148145833333 0.3470293203125 0.24508101875000002 0.347608025 0.24450231458333332 0.347608025 0.23177083333333334 0.3470293203125 0.230613425 0.3449074078125 0.22974537083333332 0.33699845625 0.22974537083333332 0.33159722187499996 0.23119212916666668 0.3269675921875 0.23582175833333335 0.32542438281249997 0.23871527708333332 0.3238811734375 0.23958333333333334 0.3221450625 0.24305555625 0.31925154375 0.24450231458333332 0.3186728390625 0.245949075 0.315007715625 0.24768518541666668 0.31346450625 0.25028935208333336 0.29648919687499997 0.254050925 0.2957175921875 0.2552083333333333 0.2980324078125 0.25839120416666667 0.3011188265625 0.2679398145833333 0.3009259265625 0.2717013895833333
0 0.702739196875 0.1310763895833333 0.7081404328125 0.13310185208333333 0.7102623453125 0.13310185208333333 0.7125771609375 0.13165509166666667 0.7164351859375 0.13165509166666667 0.720100309375 0.136574075 0.7237654328125 0.13773148124999998 0.7282021609375 0.13715277708333332 0.733989196875 0.14091435208333333 0.737847221875 0.14004629583333333 0.7449845671875 0.13425925833333335 0.7459490734374999 0.13223379583333333 0.7532793203125 0.1270254625 0.759259259375 0.11574074166666667 0.7598379625 0.113425925 0.7598379625 0.09895833333333333 0.763117284375 0.08709490833333335 0.763117284375 0.08130787083333332 0.759259259375 0.07552083333333333 0.75790895 0.07523148125 0.7571373453125 0.07378472291666666 0.754436728125 0.07204861041666667 0.7511574078125001 0.06712962916666668 0.74710648125 0.06394675833333334 0.7457561734375 0.06018518541666666 0.7434413578125 0.058449074999999996 0.7401620375 0.05381944375 0.738811728125 0.0489004625 0.73726851875 0.033854166666666664 0.733796296875 0.029803241666666664 0.7297453703125 0.029224537499999998 0.7272376546875 0.030671295833333334 0.725115740625 0.03472222291666667 0.7204861109375 0.03819444375 0.718364196875 0.041666666666666664 0.7154706796875 0.04369212916666666 0.71084105 0.050925925000000004 0.710455246875 0.05381944375 0.7092978390625 0.056423610416666665 0.706983025 0.05960648125 0.7046682093750001 0.060763889583333335 0.7042824078125001 0.0625 0.7019675921874999 0.06510416666666667 0.700617284375 0.07089120416666667 0.6988811734375 0.07349537083333332 0.6981095671875 0.07696759166666665 0.6973379625 0.09027777708333334 0.6959876546875 0.09664351875 0.69540895 0.09693287083333332 0.69521605 0.10040509166666665 0.6946373453125 0.10069444375 0.693865740625 0.10966435208333333 0.6932870375 0.113425925 0.6927083328125 0.11371527708333334 0.6927083328125 0.12239583333333333 0.69540895 0.12557870416666667 0.7004243828125001 0.12847222291666666 0.702739196875 0.1310763895833333
0 0.079668209375 0.23726851875000002 0.08506944375 0.23350694375 0.0906635796875 0.23379629583333333 0.0983796296875 0.23726851875000002 0.10204475312500001 0.23582175833333335 0.1076388890625 0.230324075 0.1095679015625 0.2265625 0.109760803125 0.22424768541666668 0.1116898140625 0.21990740833333333 0.11766975312500001 0.21527777708333332 0.1207561734375 0.21122685208333333 0.1226851859375 0.20572916666666666 0.1222993828125 0.1953125 0.11766975312500001 0.18692129583333333 0.11439043281250001 0.183738425 0.108796296875 0.17332175833333335 0.1057098765625 0.16927083333333334 0.10011574062499999 0.16927083333333334 0.0999228390625 0.17013888958333334 0.0935570984375 0.171875 0.0916280859375 0.17303240833333333 0.0896990734375 0.175925925 0.08892746875 0.18431712916666668 0.08680555625 0.19357638958333334 0.08468364218749999 0.19646990833333333 0.0827546296875 0.19762731458333332 0.077739196875 0.19878472291666668 0.07638888906249999 0.21006944375 0.07561728437500001 0.21354166666666666 0.0750385796875 0.21383101875000002 0.0750385796875 0.21585648124999998 0.0731095671875 0.21875 0.07040895 0.22048611041666666 0.06925154375 0.22511574166666665 0.0696373453125 0.23148148124999998 0.07118055625 0.234375 0.077739196875 0.23755787083333332 0.079668209375 0.23726851875000002
0 0.5368441359375 0.13628472291666668 0.537615740625 0.13744212916666668 0.5383873453125 0.14033564791666667 0.5383873453125 0.14930555625 0.53896605 0.14959490833333333 0.53915895 0.152199075 0.5410879625 0.15538194375 0.5426311734375 0.160011575 0.5449459875 0.16348379583333333 0.5457175921874999 0.16724537083333332 0.5489969140625 0.17274305625 0.5491898140625 0.17534722291666668 0.5511188265625 0.17824074166666665 0.5524691359375 0.183449075 0.55459105 0.18605324166666665 0.556134259375 0.18663194375 0.5565200625 0.18778935208333333 0.5603780859375 0.18836805625 0.5665509265625001 0.18026620416666667 0.5684799375 0.17939814791666667 0.5711805562500001 0.17650462916666668 0.57523148125 0.17534722291666668 0.58101851875 0.16724537083333332 0.582561728125 0.16348379583333333 0.58699845625 0.16145833333333334 0.5895061734375 0.15769675833333335 0.5922067906249999 0.15075231458333332 0.592399690625 0.14409722291666668 0.5935570984375 0.14033564791666667 0.5929783953125 0.1348379625 0.592399690625 0.13425925833333335 0.592399690625 0.13020833333333334 0.59375 0.12760416666666666 0.5956790125 0.12615740833333333 0.5970293203125 0.12065972291666666 0.5968364203125 0.11805555625 0.5956790125 0.11545138958333333 0.5856481484375 0.10908564791666667 0.5856481484375 0.10445601875 0.5837191359375 0.10011574166666667 0.581597221875 0.09201388958333333 0.5754243828125001 0.089988425 0.5677083328125 0.09027777708333334 0.55960648125 0.09288194375 0.5499614203125 0.0917245375 0.5432098765625 0.09375 0.53915895 0.09693287083333332 0.5362654328125 0.10127314791666667 0.5343364203125 0.10590277708333334 0.5304783953125 0.10995370416666667 0.5285493828125001 0.11631944375 0.5279706796875 0.12731481458333332 0.5289351859375 0.13020833333333334 0.531828703125 0.13396990833333333 0.5368441359375 0.13628472291666668
0 0.47183642031249995 0.03125 0.4739583328125 0.045138889583333335 0.47453703750000004 0.04542824166666667 0.4758873453125 0.050636574999999996 0.4832175921875 0.05700231458333334 0.485918209375 0.06944444375 0.485918209375 0.07175925833333333 0.48746142031249995 0.07465277708333334 0.4957561734375 0.07783564791666667 0.5017361109375 0.08506944375 0.5065586421875 0.0839120375 0.5158179015625 0.07928240833333335 0.5179398140625 0.074363425 0.5179398140625 0.06857638958333333 0.51658950625 0.06221064791666667 0.516975309375 0.04774305625 0.51466049375 0.03993055625 0.51466049375 0.029224537499999998 0.5129243828125001 0.025462962500000002 0.507330246875 0.022569443749999998 0.5071373453125 0.021701389583333335 0.5040509265625001 0.019675925 0.5032793203125 0.018229166666666668 0.5032793203125 0.014178241666666667 0.5023148140625 0.011574075 0.49517746875 0.008969908333333334 0.4947916671875 0.0078125 0.48784722187499996 0.009548610416666665 0.4822530859375 0.014178241666666667 0.47665895 0.015914352083333333 0.4733796296875 0.021412037499999998 0.4720293203125 0.027777777083333333 0.471257715625 0.028645833333333332 0.471257715625 0.030671295833333334 0.47183642031249995 0.03125
0 0.10165895 0 0.10146605 0.00289351875 0.10088734531250002 0.0031828708333333333 0.10088734531250002 0.0066550916666666664 0.10146605 0.00694444375 0.10165895 0.010127314583333333 0.10223765468749998 0.010416666666666666 0.1033950625 0.014467591666666666 0.10551697499999999 0.016493056250000002 0.1095679015625 0.017071758333333336 0.11689814843749999 0.026041666666666668 0.1207561734375 0.03269675833333333 0.12094907343750001 0.03616898125 0.121527778125 0.036458333333333336 0.121527778125 0.04195601875 0.1228780859375 0.04571759166666667 0.1296296296875 0.05237268541666666 0.131365740625 0.05526620416666667 0.1325231484375 0.05584490833333333 0.13348765468749998 0.05815972291666667 0.13676697499999999 0.06105324166666667 0.14158950625 0.05931712916666666 0.1429398140625 0.05700231458333334 0.1446759265625 0.056423610416666665 0.14737654375 0.057291666666666664 0.1510416671875 0.06192129583333333 0.15277777812499999 0.06278935208333333 0.16010802500000001 0.06307870416666667 0.16473765468749998 0.06452546249999999 0.1682098765625 0.06365740833333333 0.17013888906250002 0.0625 0.1707175921875 0.060763889583333335 0.1759259265625 0.05815972291666667 0.177276234375 0.05584490833333333 0.180169753125 0.05410879583333333 0.180169753125 0.052951389583333335 0.18267746875 0.05034722291666667 0.18402777812499999 0.04600694375 0.1842206796875 0.03964120416666667 0.1847993828125 0.0390625 0.18595679062499998 0.03269675833333333 0.1847993828125 0.0066550916666666664 0.1842206796875 0.006076389583333333 0.1834490734375 0 0.10165895 0
0 0.1593364203125 0.08275462916666668 0.1595293203125 0.08883101875 0.1583719140625 0.09317129583333333 0.1581790125 0.10243055625 0.1574074078125 0.10445601875 0.156828703125 0.11197916666666667 0.1574074078125 0.11226851875 0.157600309375 0.12268518541666666 0.1593364203125 0.12644675833333333 0.1603009265625 0.13049768541666668 0.16415895 0.13715277708333332 0.16801697499999999 0.13975694375 0.17206790156250001 0.13773148124999998 0.1749614203125 0.13454861041666666 0.1784336421875 0.13570601875000002 0.1793981484375 0.13715277708333332 0.18267746875 0.14785879583333333 0.1853780859375 0.15190972291666668 0.1894290125 0.15104166666666666 0.1911651234375 0.14930555625 0.19463734531250002 0.14785879583333333 0.1973379625 0.14409722291666668 0.198688271875 0.13802083333333334 0.1998456796875 0.13570601875000002 0.2008101859375 0.12905092499999998 0.20138888906250002 0.12847222291666666 0.20216049374999998 0.1229745375 0.20138888906250002 0.11805555625 0.20061728437499998 0.11747685208333333 0.1998456796875 0.11458333333333333 0.198688271875 0.113425925 0.196759259375 0.10879629583333333 0.19540895 0.10763888958333333 0.1927083328125 0.1015625 0.1915509265625 0.10069444375 0.1894290125 0.09606481458333334 0.186921296875 0.09288194375 0.18402777812499999 0.08680555625 0.1832561734375 0.08304398125 0.18074845625 0.07754629583333333 0.17881944375 0.07089120416666667 0.17534722187500001 0.06539351875 0.17168209843749999 0.06278935208333333 0.16415895 0.06278935208333333 0.1595293203125 0.06539351875 0.1581790125 0.06799768541666666 0.1581790125 0.07494212916666668 0.15875771562500002 0.07696759166666665 0.15875771562500002 0.08246527708333334 0.1593364203125 0.08275462916666668
0 0.9174382718749999 0.27314814791666664 0.9263117281250001 0.27633101875 0.92669753125 0.277199075 0.9315200625 0.27922453750000004 0.9367283953125 0.2789351854166667 0.9456018515625001 0.27459490833333333 0.947723765625 0.2751736104166667 0.9484953703125001 0.27690972291666666 0.9488811734375 0.27980324166666665 0.9479166671874999 0.28269675833333335 0.9436728390625 0.2873263895833333 0.9415509265625 0.28848379583333333 0.9396219140625 0.2916666666666667 0.938078703125 0.292824075 0.9378858031249999 0.2945601854166667 0.938078703125 0.30005787083333335 0.9444444437499999 0.30526620416666667 0.9459876546875 0.30758101875 0.9471450625 0.3125 0.946759259375 0.339699075 0.94540895 0.3454861104166667 0.9473379625 0.3489583333333333 0.9492669749999999 0.35040509166666667 0.955632715625 0.35069444375000003 0.9600694437499999 0.35214120416666667 0.9660493828125001 0.3515625 0.9718364203125001 0.35040509166666667 0.97646605 0.3489583333333333 0.9774305562500001 0.347800925 0.980902778125 0.347511575 0.984953703125 0.34577546249999996 0.9890046296874999 0.3420138895833333 0.9901620375 0.33883101875 0.9913194437499999 0.3376736104166667 0.9998070984374999 0.339699075 0.9998070984374999 0.25 0.9984567906249999 0.25 0.9972993828125001 0.24681712916666668 0.9972993828125001 0.23466435208333333 0.9957561734375 0.23090277708333332 0.9940200625 0.22945601875000002 0.9926697531249999 0.22627314791666667 0.9866898140625 0.22048611041666666 0.9864969140625 0.21180555625 0.9853395062500001 0.20630787083333332 0.9826388890625 0.20283564791666667 0.9807098765625 0.19878472291666668 0.978973765625 0.19762731458333332 0.978009259375 0.1953125 0.974151234375 0.19299768541666668 0.966242284375 0.19299768541666668 0.9554398140625 0.191261575 0.9550540125 0.19212962916666668 0.9511959875 0.19299768541666668 0.946759259375 0.1953125 0.9450231484374999 0.19762731458333332 0.9421296296874999 0.199363425 0.9405864203125001 0.20399305625 0.9390432093750001 0.20630787083333332 0.9353780859375 0.20775462916666668 0.9342206796875001 0.20920138958333334 0.934027778125 0.21151620416666667 0.9334490734375 0.21180555625 0.9334490734375 0.2167245375 0.9315200625 0.21903935208333333 0.927276234375 0.22916666666666666 0.921875 0.23524305625 0.9207175921875 0.23755787083333332 0.9176311734375 0.24768518541666668 0.9166666671874999 0.25347222291666666 0.9160879625 0.253761575 0.9158950625 0.2578125 0.91415895 0.26099537083333335 0.91396605 0.26388888958333334 0.9133873453125 0.26417824166666665 0.9133873453125 0.269386575 0.9174382718749999 0.27314814791666664
0 0.5140817906249999 0 0.5138888890625 0.0020254625 0.5106095671875 0.003761575 0.5096450625 0.006076389583333333 0.5071373453125 0.007523147916666667 0.5059799375 0.011284722916666667 0.5052083328125 0.011863425 0.5050154328125 0.013888889583333335 0.5040509265625001 0.015046295833333334 0.5052083328125 0.019386575 0.50771605 0.019965277083333333 0.512152778125 0.023148147916666664 0.5154320984375 0.029224537499999998 0.515239196875 0.04021990833333333 0.5171682093750001 0.04629629583333333 0.5171682093750001 0.06307870416666667 0.5177469140625 0.06336805625 0.5179398140625 0.06597222291666667 0.519097221875 0.06857638958333333 0.52044753125 0.07002314791666667 0.5212191359375 0.07349537083333332 0.526813271875 0.07667824166666667 0.532600309375 0.08564814791666667 0.535686728125 0.0879629625 0.5387731484375 0.08883101875 0.53915895 0.089699075 0.5457175921874999 0.089988425 0.54976851875 0.089699075 0.5499614203125 0.08883101875 0.551311728125 0.08883101875 0.55169753125 0.089699075 0.5559413578125 0.089699075 0.5563271609375 0.08883101875 0.5582561734375 0.08825231458333334 0.5657793203125 0.081886575 0.5715663578125 0.07378472291666666 0.5738811734375 0.0723379625 0.5856481484375 0.07175925833333333 0.5883487656249999 0.06770833333333333 0.5883487656249999 0.06568287083333334 0.5922067906249999 0.05410879583333333 0.5914351859375 0.041666666666666664 0.5916280859375 0.03443287083333334 0.5925925921874999 0.033854166666666664 0.59375 0.03587962916666666 0.5956790125 0.03616898125 0.5978009265625001 0.03877314791666667 0.60146605 0.03935185208333333 0.60165895 0.04021990833333333 0.606867284375 0.03790509166666667 0.61033950625 0.03443287083333334 0.6124614203125 0.030671295833333334 0.6149691359375 0.028645833333333332 0.617669753125 0.024594908333333332 0.6188271609375 0.02054398125 0.6242283953125 0.013888889583333335 0.6242283953125 0.011284722916666667 0.622492284375 0.010127314583333333 0.621527778125 0.007523147916666667 0.6190200625 0.006365741666666667 0.615740740625 0.002314814583333333 0.6145833328125 0.0020254625 0.61419753125 0 0.5140817906249999 0
0 0.20023148124999998 0.296875 0.2019675921875 0.30005787083333335 0.2019675921875 0.30381944375000003 0.2000385796875 0.30815972291666666 0.1998456796875 0.31452546249999996 0.20061728437499998 0.31539351875 0.2008101859375 0.3179976854166667 0.2019675921875 0.32089120416666667 0.2019675921875 0.32320601875 0.202739196875 0.32465277708333334 0.21026234531250002 0.3263888895833333 0.2125771609375 0.3298611104166667 0.21277006250000002 0.331886575 0.2145061734375 0.33391203750000004 0.2146990734375 0.33535879583333333 0.2175925921875 0.33709490833333333 0.22357253125 0.34519675833333335 0.22762345625 0.34664351875 0.2293595671875 0.3489583333333333 0.2336033953125 0.35098379583333333 0.234760803125 0.35300925833333335 0.2374614203125 0.35445601875 0.23996913593750002 0.35300925833333335 0.24305555625 0.3489583333333333 0.2434413578125 0.34664351875 0.244598765625 0.34490740833333333 0.246527778125 0.3342013895833333 0.246141975 0.31828703750000004 0.24710648124999998 0.31741898125 0.2517361109375 0.3177083333333333 0.2532793203125 0.32146990833333333 0.25790894999999997 0.32523148125 0.26523919687499997 0.32928240833333333 0.270061728125 0.3298611104166667 0.272955246875 0.331886575 0.2752700625 0.33564814791666664 0.27777777812500004 0.33796296249999996 0.2791280859375 0.3414351854166667 0.2810570984375 0.34259259166666667 0.28260030937499997 0.34519675833333335 0.2858796296875 0.34722222291666666 0.2897376546875 0.3492476854166667 0.2935956796875 0.3498263895833333 0.2957175921875 0.34490740833333333 0.29648919687499997 0.34027777708333334 0.2970679015625 0.339699075 0.2970679015625 0.33478009166666667 0.29783950625 0.33304398125 0.29841820937499997 0.324363425 0.29783950625 0.32060185208333336 0.29648919687499997 0.31828703750000004 0.2957175921875 0.31452546249999996 0.2951388890625 0.300925925 0.2935956796875 0.29745370416666667 0.2908950625 0.2942708333333333 0.2887731484375 0.29253472291666666 0.28576948281250003 0.2916666666666667 0.2862654328125 0.28587962916666665 0.2907021609375 0.28616898125 0.29783950625 0.27806712916666665 0.29976851875 0.27256944375000003 0.2999614203125 0.26533564791666664 0.29783950625 0.25839120416666667 0.29610339531249996 0.25665509166666667 0.2935956796875 0.2520254625 0.2918595671875 0.25086805625 0.290509259375 0.24768518541666668 0.2883873453125 0.24652777708333332 0.286651234375 0.24363425833333335 0.2833719140625 0.24189814791666667 0.2831790125 0.24074074166666665 0.27449845625 0.23958333333333334 0.2613811734375 0.24305555625 0.25790894999999997 0.24189814791666667 0.2552083328125 0.23668981458333332 0.253858025 0.23611111041666666 0.245563271875 0.23379629583333333 0.233989196875 0.23379629583333333 0.22202932031249997 0.24074074166666665 0.2210648140625 0.24305555625 0.219135803125 0.24479166666666666 0.219135803125 0.245949075 0.21739969062500003 0.24855324166666665 0.217206790625 0.25115740833333333 0.2166280859375 0.25144675833333335 0.21739969062500003 0.254050925 0.22048611093749998 0.25925925833333335 0.22588734531250002 0.26620370416666667 0.22588734531250002 0.2673611104166667 0.22839506250000002 0.27199074166666665 0.22858796250000002 0.27488425833333335 0.2293595671875 0.27546296249999996 0.230516975 0.28327546249999996 0.2282021609375 0.28443287083333335 0.225115740625 0.28414351875 0.2160493828125 0.2789351854166667 0.21026234531250002 0.277488425 0.20871913593750002 0.27546296249999996 0.19965277812499999 0.2708333333333333 0.19598765468749998 0.2711226854166667 0.19598765468749998 0.27256944375000003 0.19463734531250002 0.2751736104166667 0.19425154375 0.27922453750000004 0.1940586421875 0.2864583333333333 0.19463734531250002 0.29050925833333335 0.19618055625 0.29369212916666665 0.20023148124999998 0.296875
0 0.7658179015625 0.21643518541666668 0.7696759265625001 0.21440972291666668 0.7706404328125 0.21267361041666666 0.780864196875 0.207175925 0.782600309375 0.20486111041666666 0.7872299375 0.20138888958333334 0.7883873453125 0.199074075 0.7908950625 0.1973379625 0.7926311734375 0.19444444375 0.7951388890625 0.19357638958333334 0.796875 0.191550925 0.7991898140625 0.19068287083333332 0.8040123453125 0.19097222291666668 0.8057484562499999 0.19357638958333334 0.8082561734375 0.19502314791666667 0.80960648125 0.199074075 0.8082561734375 0.20572916666666666 0.8057484562499999 0.20775462916666668 0.8040123453125 0.21064814791666667 0.7953317906249999 0.21643518541666668 0.793402778125 0.21961805625 0.7910879625 0.22106481458333332 0.7899305562500001 0.22366898124999998 0.78800154375 0.22540509166666667 0.7845293203125 0.23090277708333332 0.7845293203125 0.234375 0.783757715625 0.23524305625 0.7824074078125001 0.24247685208333333 0.7824074078125001 0.2520254625 0.7833719140625 0.2552083333333333 0.7858796296875 0.25694444375 0.7897376546875 0.26273148125 0.7910879625 0.27256944375000003 0.7918595671875 0.27401620416666667 0.7951388890625 0.277199075 0.8005401234375 0.28009259166666667 0.802276234375 0.28327546249999996 0.8030478390625 0.28877314791666664 0.8042052468750001 0.29108796249999996 0.8080632718749999 0.293113425 0.8092206796875001 0.2945601854166667 0.8101851859375 0.29629629583333333 0.8103780859375 0.300636575 0.811149690625 0.30179398125 0.8175154328125 0.30902777708333334 0.8238811734375 0.31163194375000003 0.8265817906249999 0.31163194375000003 0.8300540125 0.30931712916666665 0.8337191359375 0.30497685208333336 0.8342978390625 0.30324074166666665 0.8368055562500001 0.300925925 0.8391203703125001 0.296875 0.8414351859375 0.28964120416666667 0.8441358031249999 0.28616898125 0.8470293203124999 0.27546296249999996 0.8533950625 0.26504629583333333 0.8562885796874999 0.2557870375 0.8570601859375 0.2479745375 0.8584104937499999 0.24508101875000002 0.8609182093750001 0.24189814791666667 0.86226851875 0.24131944375 0.8624614203125001 0.2401620375 0.8676697531249999 0.23726851875000002 0.8697916671874999 0.23321759166666667 0.871527778125 0.23524305625 0.875578703125 0.24392361041666666 0.8807870375 0.25086805625 0.8821373453125 0.2557870375 0.8854166671874999 0.2604166666666667 0.8856095671875 0.261863425 0.891203703125 0.26678240833333333 0.89351851875 0.27025462916666665 0.8952546296874999 0.2708333333333333 0.8967978390625 0.27314814791666664 0.9012345671875 0.27372685208333336 0.9041280859375 0.27314814791666664 0.90625 0.2708333333333333 0.9101080250000001 0.26909722291666666 0.9101080250000001 0.26533564791666664 0.9120370375 0.26215277708333334 0.9122299375 0.25694444375 0.9128086421875 0.25665509166666667 0.9128086421875 0.25318287083333335 0.9135802468750001 0.25144675833333335 0.91396605 0.24768518541666668 0.915509259375 0.245949075 0.9168595671875 0.23958333333333334 0.9263117281250001 0.22511574166666665 0.9293981484374999 0.21527777708333332 0.92959105 0.20775462916666668 0.9301697531249999 0.20746527708333332 0.9305555562500001 0.2051504625 0.9334490734375 0.20138888958333334 0.9351851859375 0.19675925833333335 0.9386574078125 0.19212962916666668 0.9394290125 0.18865740833333333 0.9386574078125 0.18778935208333333 0.9359567906249999 0.17824074166666665 0.9342206796875001 0.17534722291666668 0.934027778125 0.17332175833333335 0.932098765625 0.16840277708333332 0.9307484562499999 0.16724537083333332 0.9293981484374999 0.16435185208333333 0.923225309375 0.16116898124999998 0.9176311734375 0.16087962916666668 0.91396605 0.15798611041666666 0.91396605 0.15451388958333334 0.9185956796875001 0.1504629625 0.9185956796875001 0.14959490833333333 0.9220679015625001 0.14496527708333332 0.9228395062500001 0.14236111041666666 0.9228395062500001 0.13628472291666668 0.925347221875 0.13020833333333334 0.9261188265625 0.125 0.9261188265625 0.1192129625 0.9249614203125001 0.11631944375 0.9209104937499999 0.113425925 0.9185956796875001 0.10879629583333333 0.9133873453125 0.10445601875 0.911651234375 0.1015625 0.905671296875 0.09837962916666668 0.9054783953125 0.097511575 0.8996913578125 0.09548611041666667 0.8939043203124999 0.089988425 0.8859953703125001 0.09143518541666666 0.8821373453125 0.09375 0.8722993828125001 0.10445601875 0.8709490734375 0.10503472291666666 0.8705632718749999 0.10619212916666668 0.86419753125 0.10966435208333333 0.8609182093750001 0.11284722291666666 0.8609182093750001 0.12644675833333333 0.8597608031249999 0.13020833333333334 0.8582175921875 0.140625 0.8566743828125001 0.14496527708333332 0.85165895 0.14988425833333335 0.8495370375 0.15393518541666668 0.84857253125 0.15393518541666668 0.8449074078125 0.14785879583333333 0.8435570984374999 0.14033564791666667 0.8422067906249999 0.13715277708333332 0.8449074078125 0.13396990833333333 0.846257715625 0.13020833333333334 0.8470293203124999 0.12037037083333332 0.8476080250000001 0.11979166666666667 0.8470293203124999 0.11834490833333335 0.8476080250000001 0.11226851875 0.8429783953125 0.105613425 0.8404706796875001 0.10387731458333334 0.8393132718749999 0.10127314791666667 0.8317901234375 0.10040509166666665 0.8304398140625 0.09924768541666666 0.8296682093750001 0.09230324166666667 0.8296682093750001 0.08506944375 0.8283179015625001 0.08246527708333334 0.8250385796874999 0.08043981458333334 0.8248456796875001 0.07957175833333333 0.8163580250000001 0.07899305625 0.8142361109375 0.07928240833333335 0.8134645062500001 0.08043981458333334 0.8043981484374999 0.08449074166666667 0.802276234375 0.08680555625 0.7995756171874999 0.08767361041666667 0.7976466046875 0.089988425 0.793016975 0.0917245375 0.7899305562500001 0.09490740833333335 0.7899305562500001 0.10271990833333335 0.7908950625 0.10474537083333332 0.7910879625 0.10792824166666667 0.7916666671875 0.10821759166666665 0.792438271875 0.11603009166666665 0.794367284375 0.11950231458333334 0.7957175921874999 0.1270254625 0.7935956796875 0.12905092499999998 0.788580246875 0.12789351875 0.78125 0.12789351875 0.77642746875 0.12905092499999998 0.7741126546875 0.13136574166666667 0.7717978390625 0.13194444375 0.7683256171874999 0.13599537083333332 0.766975309375 0.13946759166666667 0.7658179015625 0.14033564791666667 0.7654320984375 0.14293981458333332 0.7677469140625 0.15104166666666666 0.7671682093750001 0.15133101875000002 0.766975309375 0.15364583333333334 0.7654320984375 0.15509259166666667 0.7606095671875 0.16319444375 0.7596450625 0.16840277708333332 0.75790895 0.171875 0.7557870375 0.18026620416666667 0.7552083328125 0.18055555625 0.7532793203125 0.19386574166666665 0.751350309375 0.19878472291666668 0.7511574078125001 0.20254629583333333 0.750578703125 0.20283564791666667 0.750385803125 0.21122685208333333 0.7511574078125001 0.21354166666666666 0.75790895 0.2167245375 0.7658179015625 0.21643518541666668
0 0.11554783906249999 0.18489583333333334 0.11786265468749998 0.18692129583333333 0.11824845625 0.18894675833333335 0.1207561734375 0.19270833333333334 0.1228780859375 0.19762731458333332 0.1292438265625 0.1973379625 0.1325231484375 0.19849537083333332 0.1385030859375 0.203125 0.14756944375 0.21383101875000002 0.14949845625 0.214699075 0.1520061734375 0.21440972291666668 0.1529706796875 0.21267361041666666 0.1583719140625 0.21006944375 0.1622299375 0.20572916666666666 0.1666666671875 0.1973379625 0.1668595671875 0.19415509166666667 0.167438271875 0.19357638958333334 0.1676311734375 0.1875 0.16936728437499998 0.18258101875000002 0.1685956796875 0.17795138958333334 0.165509259375 0.17303240833333333 0.154899690625 0.167824075 0.1510416671875 0.167824075 0.14949845625 0.16898148124999998 0.14737654375 0.17274305625 0.1439043203125 0.17332175833333335 0.1348379625 0.171875 0.12577160468749998 0.17245370416666667 0.1217206796875 0.17129629583333333 0.11766975312500001 0.167824075 0.112847221875 0.16579861041666666 0.11091820937500001 0.16753472291666668 0.11033950625 0.17042824166666665 0.109760803125 0.17534722291666668 0.11091820937500001 0.17795138958333334 0.1140046296875 0.18142361041666666 0.11554783906249999 0.18489583333333334
0 0.6309799375 0 0.6307870375 0.0020254625 0.6286651234375 0.002314814583333333 0.6267361109375 0.003761575 0.6261574078125001 0.005208333333333333 0.6261574078125001 0.012731481250000001 0.625578703125 0.013020833333333334 0.625385803125 0.015914352083333333 0.623649690625 0.021412037499999998 0.6242283953125 0.026909722916666667 0.6296296296875 0.03616898125 0.6319444437499999 0.03790509166666667 0.6336805562500001 0.04050925833333333 0.6363811734375 0.04195601875 0.64158950625 0.04137731458333334 0.6437114203125 0.03935185208333333 0.648919753125 0.037326389583333335 0.6510416671875 0.035011574999999996 0.6525848765625 0.03472222291666667 0.6541280859375 0.03240740833333333 0.6554783953125 0.031828704166666666 0.6570216046875 0.02893518541666667 0.6581790125 0.028645833333333332 0.6593364203125 0.029803241666666664 0.660108025 0.03211805625 0.6620370375 0.033854166666666664 0.6622299375 0.03587962916666666 0.6633873453125 0.03761574166666667 0.665509259375 0.03877314791666667 0.6668595671875 0.04137731458333334 0.6730324078125001 0.04340277708333333 0.6749614203125 0.04600694375 0.6780478390625 0.04832175833333333 0.6851851859375 0.04745370416666667 0.6894290125 0.04398148125 0.691358025 0.04021990833333333 0.6915509265625001 0.03848379583333333 0.6932870375 0.03616898125 0.6934799375 0.03414351875 0.6950231484375 0.030960647916666664 0.7000385796875 0.02633101875 0.7013888890625 0.024016204166666666 0.7013888890625 0.014467591666666666 0.7008101859375 0.013888889583333335 0.700617284375 0.011574075 0.6959876546875 0.003761575 0.6911651234375 0.0020254625 0.6907793203125 0 0.6309799375 0
0 0 0.45023148125 0.0057870375 0.45109953750000004 0.0059799375 0.45023148125 0.0084876546875 0.449363425 0.0084876546875 0.441550925 0.0050154328125 0.441261575 0.00289351875 0.44444444375000003 0 0.44473379583333333 0 0.45023148125
0 0.0158179015625 0.44241898125 0.015046296875 0.44212962916666665 0.0158179015625 0.44068287083333335 0.015239196875 0.44039351875 0.0144675921875 0.44241898125 0.015239196875 0.44444444375000003 0.0158179015625 0.44415509166666667 0.0158179015625 0.44241898125
0 0.0227623453125 0.410011575 0.021797839062499998 0.410300925 0.0214120375 0.4114583333333333 0.02256944375 0.4140625 0.023919753125000002 0.4114583333333333 0.0227623453125 0.410011575
0 0.01658950625 0.40711805624999997 0.0158179015625 0.40625 0.0144675921875 0.40653935208333336 0.013888889062500001 0.40827546249999996 0.0144675921875 0.40943287083333335 0.0158179015625 0.40972222291666666 0.01658950625 0.40711805624999997
0 0 0.38425925833333335 0.0019290125 0.38425925833333335 0.002507715625 0.3851273145833333 0.0065586421875 0.38628472291666666 0.00771605 0.38773148125 0.00771605 0.39033564791666664 0.009645062499999999 0.39091435208333336 0.0133101859375 0.394386575 0.015046296875 0.39496527708333334 0.01658950625 0.39380787083333335 0.017168209375 0.39149305624999997 0.020061728125 0.39033564791666664 0.0196759265625 0.38975694375000003 0.0212191359375 0.3851273145833333 0.0237268515625 0.386574075 0.025270062500000003 0.38917824166666665 0.0300925921875 0.390625 0.0331790125 0.39641203750000004 0.0333719140625 0.4045138895833333 0.0324074078125 0.40827546249999996 0.0343364203125 0.41087962916666665 0.0343364203125 0.4123263895833333 0.031828703125 0.41435185208333336 0.0324074078125 0.41550925833333335 0.0362654328125 0.41608796249999996 0.03896605 0.41984953750000004 0.046296296875 0.42274305624999997 0.050347221875 0.42245370416666667 0.053819443749999994 0.42100694375000003 0.0607638890625 0.42245370416666667 0.0719521609375 0.410300925 0.07908950625 0.40769675833333335 0.08101851875 0.402199075 0.08294753125 0.39351851875 0.0831404328125 0.3845486104166667 0.08584105 0.3767361104166667 0.0856481484375 0.37152777708333334 0.08506944375 0.370949075 0.084490740625 0.36689814791666664 0.08506944375 0.36284722291666666 0.08719135781250001 0.36053240833333333 0.0895061734375 0.359375 0.0910493828125 0.35648148125 0.0916280859375 0.3532986104166667 0.0914351859375 0.34866898125 0.090277778125 0.3454861104166667 0.08699845625 0.34085648125 0.086419753125 0.3382523145833333 0.0842978390625 0.33535879583333333 0.08294753125 0.33159722291666666 0.079668209375 0.32870370416666667 0.0792824078125 0.32754629583333333 0.0779320984375 0.32725694375000003 0.0748456796875 0.32233796249999996 0.0709876546875 0.3203125 0.06057098749999999 0.3203125 0.0565200625 0.31741898125 0.0597993828125 0.30815972291666666 0.060185185937499996 0.30150462916666665 0.061149690624999996 0.29832175833333335 0.061149690624999996 0.29484953750000004 0.061728395312499997 0.2942708333333333 0.061728395312499997 0.2916666666666667 0.061149690624999996 0.29108796249999996 0.061149690624999996 0.28240740833333333 0.061728395312499997 0.28182870416666667 0.061728395312499997 0.27285879583333333 0.062885803125 0.26533564791666664 0.060956790625 0.25752314791666664 0.057098765625000006 0.25607638958333334 0.0499614203125 0.25752314791666664 0.046489196875 0.254050925 0.0408950625 0.2520254625 0.0362654328125 0.2520254625 0.0353009265625 0.25318287083333335 0.032600309375 0.25839120416666667 0.0324074078125 0.26099537083333335 0.031828703125 0.26128472291666666 0.0304783953125 0.28472222291666666 0.031057098437500003 0.296875 0.029899690625000003 0.300925925 0.0291280859375 0.30150462916666665 0.02642746875 0.3125 0.025270062500000003 0.31336805624999997 0.022955246874999998 0.31192129583333333 0.021990740624999998 0.3101851854166667 0.0196759265625 0.30121527708333334 0.01466049375 0.2913773145833333 0.013117284375 0.2873263895833333 0.011959876562500001 0.28125 0.0106095671875 0.2786458333333333 0.0106095671875 0.27314814791666664 0.011188271875 0.27256944375000003 0.0106095671875 0.25839120416666667 0.009259259374999999 0.25607638958333334 0.0065586421875 0.254050925 0.0017361109374999999 0.254050925 0 0.25462962916666665 0 0.38425925833333335
0 0.8285108031249999 0 0.827546296875 0.0057870375 0.8269675921875 0.006076389583333333 0.8269675921875 0.022858795833333334 0.827546296875 0.023148147916666664 0.8277391968750001 0.025173610416666665 0.831597221875 0.03616898125 0.8368055562500001 0.03935185208333333 0.8369984562499999 0.04021990833333333 0.8425925921875 0.04021990833333333 0.8478009265625 0.041666666666666664 0.86226851875 0.04021990833333333 0.8624614203125001 0.03935185208333333 0.86709105 0.03790509166666667 0.8753858031249999 0.037326389583333335 0.8807870375 0.0332754625 0.8815586421875 0.03125 0.8815586421875 0.02633101875 0.8800154328125 0.022858795833333334 0.8796296296874999 0.020254629166666666 0.8788580250000001 0.019675925 0.8780864203125001 0.015625 0.8782793203124999 0.009548610416666665 0.8796296296874999 0.005208333333333333 0.8790509265625 0 0.8285108031249999 0
0 0.304205246875 0 0.3040123453125 0.0020254625 0.3011188265625 0.003761575 0.29841820937499997 0.008391204166666666 0.296296296875 0.015625 0.2957175921875 0.015914352083333333 0.2957175921875 0.018229166666666668 0.294367284375 0.021701389583333335 0.294367284375 0.023726852083333336 0.2932098765625 0.025462962500000002 0.292438271875 0.029224537499999998 0.2937885796875 0.0332754625 0.29552469062500003 0.033854166666666664 0.29648919687499997 0.03587962916666666 0.2989969140625 0.03819444375 0.30034722187499996 0.04224537083333334 0.30169753125 0.04369212916666666 0.302276234375 0.04629629583333333 0.302276234375 0.05034722291666667 0.2999614203125 0.05584490833333333 0.2991898140625 0.06105324166666667 0.29841820937499997 0.06163194375 0.29822530937499997 0.06394675833333334 0.29533179062500003 0.06915509166666665 0.2945601859375 0.07349537083333332 0.2945601859375 0.07928240833333335 0.2957175921875 0.0839120375 0.2970679015625 0.08564814791666667 0.3001543203125 0.08738425833333333 0.30169753125 0.09027777708333334 0.3018904328125 0.10821759166666665 0.3030478390625 0.11255787083333332 0.30555555624999997 0.11660879583333333 0.3063271609375 0.12239583333333333 0.30767746875 0.1270254625 0.3088348765625 0.12731481458333332 0.3103780859375 0.13049768541666668 0.3126929015625 0.13165509166666667 0.3142361109375 0.13396990833333333 0.3177083328125 0.13454861041666666 0.3209876546875 0.13252314791666667 0.32330246875 0.12876157500000002 0.3263888890625 0.12586805625 0.32773919687499997 0.11892361041666667 0.3312114203125 0.11111111041666667 0.334490740625 0.10677083333333333 0.3366126546875 0.10619212916666668 0.3387345671875 0.10300925833333333 0.33892746875 0.10763888958333333 0.3377700625 0.10966435208333333 0.3375771609375 0.113425925 0.33699845625 0.11371527708333334 0.33584105000000003 0.12065972291666666 0.3377700625 0.13425925833333335 0.3396990734375 0.13715277708333332 0.34027777812500004 0.14004629583333333 0.3416280859375 0.14120370416666667 0.34529320937499997 0.14207175833333335 0.346257715625 0.14380787083333332 0.3493441359375 0.14612268541666668 0.35050154375 0.14901620416666667 0.3512731484375 0.14930555625 0.3522376546875 0.15190972291666668 0.3541666671875 0.1542245375 0.3543595671875 0.15740740833333333 0.3557098765625 0.16174768541666668 0.35976080312500003 0.16550925833333335 0.363233025 0.1660879625 0.3653549375 0.16753472291666668 0.3697916671875 0.17534722291666668 0.372492284375 0.17708333333333334 0.37403549375 0.17939814791666667 0.37789351875 0.18142361041666666 0.3790509265625 0.183738425 0.38175154375 0.18634259166666667 0.38290894999999997 0.18923611041666666 0.39023919687499997 0.19270833333333334 0.39756944375000003 0.19212962916666668 0.40007716093749995 0.19039351875000002 0.40547839531249996 0.18431712916666668 0.40760030937499997 0.17824074166666665 0.41107253125 0.17303240833333333 0.41454475312500005 0.171875 0.419367284375 0.15943287083333332 0.4207175921875 0.15740740833333333 0.42592592656250006 0.15364583333333334 0.42669753125 0.14988425833333335 0.42746913593749997 0.14930555625 0.42881944375 0.14496527708333332 0.4293981484375 0.13917824166666665 0.4322916671875 0.12905092499999998 0.4407793203125 0.12152777708333334 0.441358025 0.12008101875 0.441358025 0.09895833333333333 0.43807870312499997 0.09230324166666667 0.43807870312499997 0.08680555625 0.44116512343750003 0.08564814791666667 0.44945987656249997 0.08564814791666667 0.45216049375 0.08101851875 0.45659722187499996 0.07928240833333335 0.46141975312500005 0.07899305625 0.463348765625 0.07725694375 0.4641203703125 0.07494212916666668 0.466242284375 0.07262731458333334 0.4699074078125 0.07175925833333333 0.47010030937499997 0.07089120416666667 0.4739583328125 0.06915509166666665 0.4747299375 0.06770833333333333 0.4747299375 0.06307870416666667 0.4739583328125 0.06018518541666666 0.47280092656250006 0.05902777708333333 0.47010030937499997 0.049479166666666664 0.46855709843750004 0.03964120416666667 0.46527777812500004 0.0332754625 0.4654706796875 0.029803241666666664 0.4660493828125 0.029224537499999998 0.4654706796875 0.025462962500000002 0.46141975312500005 0.020254629166666666 0.46045524687499995 0.019965277083333333 0.45871913593749997 0.015625 0.4606481484375 0.009259258333333333 0.46006944375 0.005497685416666666 0.45659722187499996 0.002314814583333333 0.4542824078125 0.0020254625 0.45408950625 0 0.3946759265625 0 0.394483025 0.0020254625 0.38368055624999997 0.0034722229166666663 0.3802083328125 0.00694444375 0.3796296296875 0.008969908333333334 0.378858025 0.01851851875 0.377507715625 0.022569443749999998 0.377507715625 0.025462962500000002 0.3767361109375 0.028067129166666666 0.3728780859375 0.027199075 0.37229938281249997 0.025173610416666665 0.367669753125 0.020254629166666666 0.36419753125 0.017071758333333336 0.3591820984375 0.014178241666666667 0.3576388890625 0.012152777083333333 0.3576388890625 0.010127314583333333 0.3562885796875 0.005497685416666666 0.353009259375 0.002314814583333333 0.3508873453125 0.0020254625 0.35050154375 0 0.304205246875 0
0 0.9535108031249999 0.1620370375 0.954475309375 0.16464120416666667 0.9546682093750001 0.171875 0.96084105 0.17853009166666667 0.9625771609375 0.18315972291666668 0.9625771609375 0.18518518541666668 0.96392746875 0.18778935208333333 0.9664351859375 0.1895254625 0.9724151234375 0.1895254625 0.9749228390625 0.19068287083333332 0.97665895 0.19357638958333334 0.9791666671874999 0.19502314791666667 0.9832175921875 0.20138888958333334 0.9853395062500001 0.20283564791666667 0.987847221875 0.206886575 0.9899691359375 0.20833333333333334 0.9905478390625 0.21006944375 0.9938271609375 0.21209490833333333 0.994598765625 0.21354166666666666 0.9972993828125001 0.21122685208333333 0.9980709875 0.20862268541666668 0.9998070984374999 0.20833333333333334 0.9998070984374999 0.13165509166666667 0.9980709875 0.13136574166666667 0.996527778125 0.1270254625 0.9926697531249999 0.12355324166666667 0.9866898140625 0.12008101875 0.9768518515625001 0.11805555625 0.9704861109375 0.11805555625 0.967399690625 0.12268518541666666 0.967399690625 0.13136574166666667 0.9666280859375 0.13252314791666667 0.9666280859375 0.13425925833333335 0.9689429015625001 0.136574075 0.969328703125 0.13802083333333334 0.970100309375 0.13802083333333334 0.9710648140625 0.14091435208333333 0.9691358031249999 0.14091435208333333 0.9656635796874999 0.1385995375 0.96084105 0.1385995375 0.95794753125 0.13917824166666665 0.9486882718749999 0.14380787083333332 0.9488811734375 0.14901620416666667 0.9508101859375 0.15104166666666666 0.9527391968750001 0.15538194375 0.9535108031249999 0.1620370375
0 0.8449074078125 0.35966435208333336 0.8574459875 0.36053240833333333 0.8624614203125001 0.363425925 0.8707561734375 0.3645833333333333 0.8742283953125 0.36371527708333334 0.8769290125 0.3616898145833333 0.8771219140625 0.36053240833333333 0.8805941359375 0.359375 0.8825231484374999 0.36024305624999997 0.8856095671875 0.36371527708333334 0.8888888890625 0.363425925 0.8962191359375 0.355613425 0.8975694437499999 0.3492476854166667 0.8975694437499999 0.34461805624999997 0.8981481484374999 0.34259259166666667 0.9006558640625 0.339988425 0.9018132718749999 0.34027777708333334 0.907600309375 0.35040509166666667 0.9114583328125001 0.35040509166666667 0.9168595671875 0.33883101875 0.919367284375 0.33535879583333333 0.9214891968750001 0.32783564791666664 0.92476851875 0.3229166666666667 0.925347221875 0.32089120416666667 0.9268904328125 0.31915509166666667 0.9332561734375 0.31568287083333335 0.9347993828125001 0.31336805624999997 0.9353780859375 0.3107638895833333 0.9347993828125001 0.30121527708333334 0.9342206796875001 0.300925925 0.934027778125 0.29832175833333335 0.93267746875 0.29600694375000003 0.925347221875 0.29340277708333334 0.915509259375 0.2942708333333333 0.91107253125 0.29600694375000003 0.9052854937499999 0.29542824166666665 0.9035493828125001 0.292824075 0.9035493828125001 0.28790509166666667 0.902777778125 0.2864583333333333 0.900848765625 0.28559027708333334 0.8989197531249999 0.28067129583333333 0.8971836421875 0.27922453750000004 0.8952546296874999 0.2751736104166667 0.893132715625 0.2734375 0.890046296875 0.26880787083333335 0.8848379625 0.26504629583333333 0.8834876546875 0.2630208333333333 0.8800154328125 0.26099537083333335 0.875578703125 0.265625 0.8734567906249999 0.27314814791666664 0.8690200625 0.27922453750000004 0.8661265437500001 0.28703703750000004 0.8616898140625 0.293113425 0.8603395062500001 0.2991898145833333 0.8603395062500001 0.30324074166666665 0.8626543203124999 0.30439814791666664 0.86419753125 0.3064236104166667 0.8643904328125 0.31047453750000004 0.8634259265625 0.31394675833333335 0.8609182093750001 0.31539351875 0.8591820984374999 0.3179976854166667 0.8562885796874999 0.31915509166666667 0.8541666671874999 0.32175925833333335 0.8489583328125001 0.32494212916666665 0.846257715625 0.3298611104166667 0.846257715625 0.33130787083333335 0.845100309375 0.33304398125 0.8449074078125 0.33535879583333333 0.84375 0.33709490833333333 0.842399690625 0.34288194375000003 0.8416280859375 0.3532986104166667 0.8422067906249999 0.35358796249999996 0.8427854937499999 0.3576388895833333 0.8449074078125 0.35966435208333336
0 0.6116898140625 0.27633101875 0.6124614203125 0.28009259166666667 0.6143904328125 0.28153935208333336 0.6163194437499999 0.28153935208333336 0.61824845625 0.27922453750000004 0.621141975 0.2789351854166667 0.62210648125 0.28067129583333333 0.6222993828125001 0.2913773145833333 0.6228780859375 0.293113425 0.625 0.2942708333333333 0.6280864203125 0.2986111104166667 0.6290509265625001 0.30497685208333336 0.6300154328125 0.3072916666666667 0.6321373453125 0.30902777708333334 0.6344521609375 0.30960648125 0.6386959875 0.31452546249999996 0.640625 0.3151041666666667 0.644097221875 0.3185763895833333 0.6475694437499999 0.32002314791666664 0.648919753125 0.3185763895833333 0.6500771609375 0.30121527708333334 0.6508487656249999 0.30005787083333335 0.6510416671875 0.29745370416666667 0.652391975 0.29340277708333334 0.6579861109375 0.2864583333333333 0.6662808640625 0.28616898125 0.669367284375 0.28327546249999996 0.67283950625 0.2760416666666667 0.67283950625 0.26678240833333333 0.6703317906249999 0.25896990833333333 0.6703317906249999 0.25462962916666665 0.671489196875 0.25115740833333333 0.6726466046875 0.25289351875 0.6734182093750001 0.25607638958333334 0.67669753125 0.2604166666666667 0.6776620375 0.2635995375 0.688850309375 0.27806712916666665 0.6927083328125 0.27806712916666665 0.69425154375 0.2751736104166667 0.6975308640625 0.27314814791666664 0.6988811734375 0.27054398125 0.700617284375 0.26909722291666666 0.7008101859375 0.2673611104166667 0.70216049375 0.26533564791666664 0.7033179015625 0.26475694375 0.7052469140625 0.25925925833333335 0.7054398140625 0.24392361041666666 0.70601851875 0.24334490833333333 0.7067901234375 0.23784722291666668 0.706597221875 0.234375 0.7052469140625 0.22974537083333332 0.7046682093750001 0.22945601875000002 0.70408950625 0.2265625 0.70216049375 0.22395833333333334 0.70216049375 0.22048611041666666 0.7033179015625 0.21932870416666667 0.704475309375 0.21585648124999998 0.70408950625 0.2089120375 0.701774690625 0.2051504625 0.7000385796875 0.20052083333333334 0.6973379625 0.1973379625 0.696759259375 0.1953125 0.6946373453125 0.19415509166666667 0.6927083328125 0.191261575 0.6894290125 0.1895254625 0.6834490734374999 0.1895254625 0.67978395 0.18836805625 0.6741898140625 0.18865740833333333 0.6699459875 0.191261575 0.6668595671875 0.1953125 0.6666666671875 0.1973379625 0.6649305562500001 0.19965277708333332 0.66396605 0.21527777708333332 0.6633873453125 0.21556712916666668 0.6628086421875 0.21846064791666667 0.6612654328125 0.22048611041666666 0.660108025 0.21961805625 0.6574074078125001 0.21440972291666668 0.65625 0.207175925 0.656828703125 0.19849537083333332 0.6560570984375 0.1953125 0.6535493828125001 0.191261575 0.6516203703125 0.18981481458333332 0.6481481484375 0.18981481458333332 0.6439043203125 0.19357638958333334 0.6356095671875 0.1953125 0.63271605 0.19762731458333332 0.628858025 0.199074075 0.625578703125 0.20341435208333333 0.6248070984375 0.20630787083333332 0.6228780859375 0.20920138958333334 0.62210648125 0.2167245375 0.6226851859375 0.2207754625 0.624421296875 0.222511575 0.6261574078125001 0.22627314791666667 0.6261574078125001 0.22800925833333335 0.6230709875 0.2323495375 0.6188271609375 0.23495370416666667 0.6155478390625 0.238425925 0.61419753125 0.24131944375 0.612847221875 0.24247685208333333 0.6114969140625 0.24739583333333334 0.6109182093750001 0.24768518541666668 0.61033950625 0.2601273145833333 0.6109182093750001 0.27025462916666665 0.6114969140625 0.27054398125 0.6116898140625 0.27633101875
0 0.765239196875 0.5269097229166666 0.7679398140625 0.5298032416666667 0.769097221875 0.5326967583333333 0.77044753125 0.53414351875 0.7717978390625 0.5410879625 0.77449845625 0.5474537041666667 0.7771990734374999 0.5572916666666666 0.781828703125 0.5601851854166667 0.7866512343750001 0.5604745375 0.7864583328125 0.5564236104166667 0.7870370375 0.5529513895833333 0.7883873453125 0.5509259249999999 0.7893518515625 0.5471643520833334 0.78915895 0.5326967583333333 0.792438271875 0.5211226854166667 0.792438271875 0.5150462958333333 0.7918595671875 0.5144675916666667 0.7918595671875 0.5121527770833334 0.7899305562500001 0.5057870375 0.7897376546875 0.50086805625 0.78896605 0.4982638895833333 0.7862654328125 0.49334490833333333 0.7824074078125001 0.4939236104166667 0.7771990734374999 0.4976851854166667 0.774884259375 0.50086805625 0.7658179015625 0.504050925 0.7625385796875 0.5095486104166667 0.7619598765625 0.5112847229166666 0.7625385796875 0.519386575 0.765046296875 0.5248842583333333 0.765239196875 0.5269097229166666
0 0.49961419687499997 0.1229745375 0.5032793203125 0.12905092499999998 0.5040509265625001 0.13223379583333333 0.5050154328125 0.13339120416666667 0.5052083328125 0.136863425 0.5059799375 0.13744212916666668 0.5071373453125 0.14178240833333333 0.50771605 0.14207175833333335 0.50790895 0.14409722291666668 0.506365740625 0.14699074166666665 0.5071373453125 0.15190972291666668 0.5098379625 0.15711805625 0.5106095671875 0.1620370375 0.5119598765625 0.1640625 0.522955246875 0.17303240833333333 0.52642746875 0.17939814791666667 0.5304783953125 0.183449075 0.5362654328125 0.18605324166666665 0.5408950625 0.18692129583333333 0.5410879625 0.18778935208333333 0.545524690625 0.18836805625 0.5495756171874999 0.19010416666666666 0.5524691359375 0.18923611041666666 0.55169753125 0.18807870416666667 0.5509259265625001 0.18142361041666666 0.5484182093750001 0.17534722291666668 0.5470679015625 0.167824075 0.5453317906249999 0.16579861041666666 0.5451388890625 0.16377314791666667 0.5416666671875 0.15769675833333335 0.5397376546875 0.152199075 0.538580246875 0.14033564791666667 0.5370370375 0.13715277708333332 0.532600309375 0.13425925833333335 0.5291280859375 0.12991898125 0.5285493828125001 0.1267361104166667 0.5285493828125001 0.1192129625 0.5297067906249999 0.11487268541666666 0.529899690625 0.1114004625 0.5304783953125 0.11082175833333333 0.5304783953125 0.10011574166666667 0.5310570984375 0.09837962916666668 0.5310570984375 0.09548611041666667 0.5291280859375 0.0917245375 0.5179398140625 0.08825231458333334 0.5119598765625 0.08449074166666667 0.5050154328125 0.08535879583333333 0.5019290125 0.08767361041666667 0.5011574078125001 0.08940972291666666 0.49594907343749994 0.09461805625 0.49266975312500005 0.105324075 0.49209105 0.11168981458333334 0.49266975312500005 0.11631944375 0.49517746875 0.11979166666666667 0.49961419687499997 0.1229745375
0 0.250578703125 0 0.250578703125 0.0057870375 0.25675154375 0.016203704166666666 0.25790894999999997 0.019675925 0.265046296875 0.024884258333333336 0.2667824078125 0.028067129166666666 0.2687114203125 0.029513889583333335 0.2717978390625 0.03125 0.275848765625 0.031828704166666666 0.2831790125 0.029513889583333335 0.2870370375 0.026041666666666668 0.2908950625 0.019965277083333333 0.2918595671875 0.016203704166666666 0.29398148125 0.013888889583333335 0.29783950625 0.006365741666666667 0.2991898140625 0.0020254625 0.2991898140625 0 0.250578703125 0
0 0.61033950625 0.14351851875000002 0.6124614203125 0.14525462916666668 0.617669753125 0.14496527708333332 0.6265432093750001 0.14207175833333335 0.6309799375 0.136574075 0.6369598765625 0.13425925833333335 0.63966049375 0.13165509166666667 0.6427469140625 0.1310763895833333 0.6456404328125 0.12731481458333332 0.6481481484375 0.12586805625 0.64949845625 0.12181712916666668 0.6496913578125 0.11284722291666666 0.6510416671875 0.109375 0.6508487656249999 0.09895833333333333 0.6502700625 0.09837962916666668 0.6493055562500001 0.08767361041666667 0.6462191359375 0.07696759166666665 0.644483025 0.07378472291666666 0.64158950625 0.07175925833333333 0.64158950625 0.07002314791666667 0.6442901234375 0.06712962916666668 0.64351851875 0.060763889583333335 0.6421682093750001 0.05931712916666666 0.6408179015625 0.05584490833333333 0.6369598765625 0.0526620375 0.6346450625 0.05584490833333333 0.63387345625 0.058449074999999996 0.6305941359375 0.05960648125 0.6267361109375 0.05902777708333333 0.625578703125 0.06365740833333333 0.6228780859375 0.06539351875 0.6222993828125001 0.06944444375 0.623649690625 0.07465277708333334 0.6219135796875 0.07754629583333333 0.6155478390625 0.08246527708333334 0.6136188265625 0.08535879583333333 0.6134259265625001 0.08854166666666667 0.612847221875 0.08883101875 0.6116898140625 0.09490740833333335 0.6114969140625 0.09866898125 0.6109182093750001 0.09895833333333333 0.6070601859375 0.10966435208333333 0.6051311734375 0.12991898125 0.6051311734375 0.13425925833333335 0.6074459875 0.136863425 0.6082175921874999 0.14004629583333333 0.61033950625 0.14351851875000002
0 0.7328317906249999 0 0.7328317906249999 0.0017361104166666666 0.7310956796875 0.0034722229166666663 0.7293595671875 0.00694444375 0.7291666671875 0.009259258333333333 0.7285879625 0.009548610416666665 0.728009259375 0.015335647916666667 0.7285879625 0.024594908333333332 0.7301311734375 0.026909722916666667 0.73726851875 0.029803241666666664 0.7384259265625001 0.03240740833333333 0.73919753125 0.04716435208333333 0.7405478390625 0.04976851875 0.7457561734375 0.052951389583333335 0.7459490734374999 0.05526620416666667 0.746527778125 0.05555555625 0.7467206796875 0.059895833333333336 0.7478780859375 0.0625 0.7546296296875 0.06944444375 0.7559799375 0.07175925833333333 0.7594521609375 0.07349537083333332 0.7619598765625 0.0760995375 0.766010803125 0.0760995375 0.7673611109375 0.074363425 0.7673611109375 0.06741898125 0.76658950625 0.06423611041666667 0.76658950625 0.06018518541666666 0.7658179015625 0.058449074999999996 0.7658179015625 0.049479166666666664 0.7698688265625 0.03877314791666667 0.7725694437499999 0.02893518541666667 0.7741126546875 0.028067129166666666 0.7760416671875 0.025173610416666665 0.7835648140625 0.025462962500000002 0.789544753125 0.024305556250000002 0.793016975 0.02112268541666667 0.7999614203125 0.01793981458333333 0.8038194437499999 0.01851851875 0.8051697531249999 0.02054398125 0.807098765625 0.021412037499999998 0.811149690625 0.021990741666666664 0.815007715625 0.019675925 0.8161651234375 0.017071758333333336 0.8236882718749999 0.010416666666666666 0.8263888890625 0.006365741666666667 0.8265817906249999 0 0.7328317906249999 0
0 0.1614583328125 0.22887731458333332 0.1612654328125 0.230613425 0.1614583328125 0.23148148124999998 0.1643518515625 0.23148148124999998 0.16473765468749998 0.23408564791666667 0.1661521984375 0.23148148124999998 0.1685956796875 0.23148148124999998 0.171875 0.23350694375 0.1824845671875 0.23350694375 0.186149690625 0.23466435208333333 0.2054398140625 0.22916666666666666 0.21180555625 0.22540509166666667 0.215277778125 0.22511574166666665 0.21971450625000002 0.22540509166666667 0.223186728125 0.22685185208333333 0.2233796296875 0.22771990833333333 0.230516975 0.23177083333333334 0.24131944375 0.23177083333333334 0.2492283953125 0.23321759166666667 0.25270061718750003 0.2323495375 0.253858025 0.230613425 0.2532793203125 0.22974537083333332 0.2532793203125 0.22714120416666667 0.2511574078125 0.22164351875000002 0.246527778125 0.21817129583333333 0.24402006250000002 0.21788194375 0.24402006250000002 0.21556712916666668 0.2480709875 0.21527777708333332 0.25 0.21383101875000002 0.25482253125 0.21267361041666666 0.2689043203125 0.2129629625 0.27256944375000003 0.21006944375 0.27430555624999997 0.20630787083333332 0.27430555624999997 0.20283564791666667 0.2731481484375 0.19849537083333332 0.2712191359375 0.1953125 0.26658950625 0.19097222291666668 0.2584876546875 0.1875 0.253858025 0.18692129583333333 0.24749228437499998 0.18836805625 0.24305555625 0.18692129583333333 0.239776234375 0.18692129583333333 0.237847221875 0.1875 0.234375 0.19068287083333332 0.23341049374999998 0.19039351875000002 0.2320601859375 0.18605324166666665 0.2320601859375 0.1817129625 0.22723765468749998 0.17476851875000002 0.2218364203125 0.17071759166666667 0.2164351859375 0.17013888958333334 0.21315586406249998 0.17071759166666667 0.2092978390625 0.17303240833333333 0.2023533953125 0.17997685208333333 0.1979166671875 0.1817129625 0.195794753125 0.18402777708333332 0.1934799375 0.18518518541666668 0.18904320937500002 0.19357638958333334 0.1851851859375 0.19646990833333333 0.1774691359375 0.199074075 0.1751543203125 0.20167824166666665 0.17168209843749999 0.20341435208333333 0.16801697499999999 0.20341435208333333 0.16415895 0.20486111041666666 0.1622299375 0.20920138958333334 0.16415895 0.214699075 0.16415895 0.22800925833333335 0.163580246875 0.22887731458333332 0.1614583328125 0.22887731458333332
0 0.11516203750000001 0.4704861104166667 0.11631944375 0.4739583333333333 0.1207561734375 0.48148148125 0.12094907343750001 0.484375 0.119598765625 0.48784722291666666 0.1194058640625 0.4947916666666667 0.1197916671875 0.49710648125 0.1226851859375 0.5034722229166666 0.1228780859375 0.5066550916666667 0.123649690625 0.5078125 0.123649690625 0.5121527770833334 0.12210648125000001 0.5179398145833333 0.1228780859375 0.5219907416666667 0.1242283953125 0.5211226854166667 0.126350309375 0.51649305625 0.1300154328125 0.5150462958333333 0.1344521609375 0.5162037041666667 0.1369598765625 0.5188078708333334 0.141203703125 0.5190972229166666 0.14409722187500001 0.5179398145833333 0.1481481484375 0.51475694375 0.1496913578125 0.5109953708333334 0.15142746875 0.5089699083333333 0.1581790125 0.48524305624999997 0.1581790125 0.46990740833333333 0.1595293203125 0.4635416666666667 0.1595293203125 0.45949074166666665 0.15875771562500002 0.45630787083333335 0.1581790125 0.45457175833333335 0.15605709843749999 0.45254629583333333 0.15470679062499998 0.44849537083333335 0.15277777812499999 0.44560185208333336 0.1510416671875 0.43807870416666667 0.14834105 0.44068287083333335 0.1462191359375 0.44646990833333333 0.1437114203125 0.44733796249999996 0.14216820937500002 0.4427083333333333 0.14216820937500002 0.43084490833333333 0.14158950625 0.4270833333333333 0.13715277812499999 0.42158564791666664 0.1300154328125 0.41984953750000004 0.1261574078125 0.42245370416666667 0.1226851859375 0.433738425 0.11554783906249999 0.4429976854166667 0.1149691359375 0.44502314791666664 0.11419753125000001 0.44849537083333335 0.11419753125000001 0.45370370416666667 0.1149691359375 0.45775462916666665 0.11516203750000001 0.4704861104166667