0 0.9677579359375 0.013888889583333335 0.965773809375 0.014219577083333332 0.96552579375 0.015211639583333332 0.9665178578125 0.015873016666666667 0.968005953125 0.014880952083333334 0.9677579359375 0.013888889583333335
0 0.96825396875 0.0132275125 0.9704861109375 0.0132275125 0.9742063484375001 0.009259258333333333 0.9742063484375001 0.00595238125 0.9729662703124999 0.004629629166666666 0.96924603125 0.004629629166666666 0.9675099203125 0.008267195833333333 0.9645337296875001 0.008597883333333334 0.9672619046875001 0.009259258333333333 0.96825396875 0.0132275125
0 0.9179067453125 0 0.9179067453125 0.0013227520833333332 0.9154265875 0.004629629166666666 0.9151785718750001 0.010251322916666666 0.9139384921874999 0.013888889583333335 0.9109623015625001 0.017526454166666667 0.906994046875 0.013558202083333333 0.90625 0.010912697916666667 0.9042658734375 0.008597883333333334 0.903769840625 0.004960316666666667 0.90302579375 0.004629629166666666 0.8891369046875001 0.0026455020833333334 0.880704365625 0.0033068791666666666 0.8772321421875 0.004629629166666666 0.8730158734375 0.011243385416666666 0.8740079359375 0.017526454166666667 0.8737599203125 0.02248677291666667 0.8633432546875 0.030092591666666668 0.856398809375 0.0370370375 0.8492063484375001 0.03935185208333333 0.8447420640625 0.043320106250000004 0.844494046875 0.05026455 0.846478175 0.05357142916666667 0.847222221875 0.06084656041666667 0.8449900796875 0.0634920625 0.8370535718750001 0.06712962916666668 0.8325892859374999 0.07208994791666666 0.830853175 0.07275132291666667 0.828869046875 0.07638888958333333 0.8204365078125001 0.08333333333333333 0.815972221875 0.08994708958333333 0.815228175 0.09160052916666667 0.815228175 0.09523809583333334 0.8191964281249999 0.10416666666666667 0.8191964281249999 0.10714285625 0.8164682546875 0.11375661458333333 0.809523809375 0.12334656041666667 0.80927579375 0.12996031666666666 0.8115079359375 0.13392857083333334 0.811755953125 0.1375661375 0.8082837296875001 0.14550264583333333 0.80654761875 0.15509259166666667 0.806795634375 0.1630291 0.8075396828124999 0.16501322708333335 0.806299603125 0.17824074166666665 0.8080357140625001 0.188161375 0.8077876984374999 0.200396825 0.8082837296875001 0.20469576666666667 0.8107638890625 0.20800264583333333 0.8179563484375001 0.20833333333333334 0.8330853171875001 0.20667989375 0.8415178578125 0.20304232708333333 0.8492063484375001 0.20271163958333333 0.8554067453125 0.20105820208333333 0.8583829359375 0.19841269791666666 0.8630952375 0.19708994791666665 0.865575396875 0.19279100624999998 0.869295634375 0.19014550208333333 0.8730158734375 0.18584656041666667 0.875744046875 0.18353174583333332 0.8794642859374999 0.18253968333333334 0.8804563484375001 0.18320105833333333 0.8816964281249999 0.19047618958333334 0.8831845234375001 0.19246031666666666 0.8893849203125 0.19510582083333333 0.9010416671874999 0.19543650833333331 0.9050099203125 0.199074075 0.90625 0.20502645416666668 0.90625 0.2113095229166667 0.9052579359375 0.21660052916666667 0.905505953125 0.22751322708333335 0.9079861109375 0.23611111041666666 0.9084821421875 0.24470899375000002 0.9079861109375 0.24834656041666667 0.903273809375 0.25727513125 0.902777778125 0.26884920625 0.900545634375 0.275132275 0.90029761875 0.27910052916666667 0.896825396875 0.28869047708333334 0.8955853171875001 0.2972883604166666 0.8945932546875 0.299603175 0.8950892859374999 0.3115079375 0.8955853171875001 0.313161375 0.8983134921874999 0.31580687916666667 0.9134424609374999 0.31845238125 0.921626984375 0.31812169375 0.9283234125 0.31911375625 0.9417162703124999 0.31580687916666667 0.9491567453125 0.31580687916666667 0.953125 0.3128306875 0.9568452375 0.3115079375 0.9667658734375 0.30324074166666665 0.9761904765624999 0.3012566145833333 0.98387896875 0.29298941875 0.990575396875 0.29464285625000003 0.9952876984374999 0.29332010625000005 0.9962797625 0.28935185208333336 0.9980158734375 0.28703703750000004 0.99950396875 0.28703703750000004 0.99950396875 0.24239417916666667 0.9980158734375 0.24206349166666669 0.9962797625 0.23280423333333333 0.9930555562500001 0.22718253958333331 0.99404761875 0.22321428541666669 0.990575396875 0.22023809583333334 0.9918154765624999 0.21825396875 0.9950396828124999 0.21759259166666667 0.9980158734375 0.2119709 0.99950396875 0.2119709 0.99950396875 0.074074075 0.9980158734375 0.074074075 0.9957837296875001 0.07109788333333333 0.99677579375 0.0625 0.99677579375 0.05357142916666667 0.9980158734375 0.05191798958333334 0.99950396875 0.05191798958333334 0.99950396875 0.010251322916666666 0.9980158734375 0.010251322916666666 0.9952876984374999 0.004629629166666666 0.9913194437499999 0.003637566666666667 0.987847221875 0.004629629166666666 0.9858630953124999 0.00562169375 0.984126984375 0.008928570833333333 0.9806547625 0.010251322916666666 0.96875 0.01984127083333333 0.9667658734375 0.023809522916666666 0.9620535718750001 0.025132275 0.9608134921874999 0.02248677291666667 0.9632936515624999 0.018849206249999997 0.9618055562500001 0.01851851875 0.9613095234375001 0.01984127083333333 0.960503471875 0.01851851875 0.956597221875 0.01851851875 0.9551091265625 0.015873016666666667 0.95634920625 0.011574075 0.955605159375 0.009589947916666668 0.95262896875 0.00595238125 0.950644840625 0.004960316666666667 0.93700396875 0.004629629166666666 0.9305555562500001 0.0026455020833333334 0.9283234125 0.0013227520833333332 0.928075396875 0 0.9179067453125 0
0 0.719494046875 0.175925925 0.721726190625 0.18154761875 0.724950396875 0.18485449791666667 0.7269345234375 0.18882275208333335 0.7333829359374999 0.19212962916666668 0.736855159375 0.19345238125 0.7480158734375 0.19411375625000002 0.752976190625 0.19411375625000002 0.7581845234375 0.19212962916666668 0.7636408734375 0.19212962916666668 0.766369046875 0.19080687916666667 0.76884920625 0.1878306875 0.7703373015625 0.18584656041666667 0.7708333328125 0.18320105833333333 0.7767857140625 0.1749338625 0.77802579375 0.16832010625 0.780505953125 0.1626984125 0.780505953125 0.15608465625 0.7822420640625001 0.14781746041666669 0.7914186515625 0.13888888958333334 0.794394840625 0.13425925833333335 0.7951388890625 0.13128306875 0.7951388890625 0.12962962916666668 0.7929067453124999 0.1253306875 0.784226190625 0.11970899375 0.78075396875 0.113425925 0.7802579359374999 0.11044973541666667 0.7767857140625 0.10548941875 0.7767857140625 0.10185185208333333 0.77529761875 0.099867725 0.7738095234375 0.09226190416666666 0.7733134921875 0.08267195833333334 0.7740575390625 0.07175925833333333 0.7730654765625 0.06779100625 0.7668650796875001 0.05886243333333333 0.7614087296875 0.05489417916666666 0.7544642859375 0.05489417916666666 0.7517361109375 0.05654761875 0.7393353171875 0.07242063541666667 0.7306547625 0.08630952291666666 0.7301587296875 0.08895502708333333 0.7259424609375 0.09656084583333334 0.7254464281249999 0.099867725 0.7232142859375 0.10284391458333333 0.721478175 0.10945767291666667 0.7167658734375 0.11640211666666667 0.712549603125 0.12070105833333335 0.708829365625 0.12632275208333332 0.7080853171875 0.12896825416666666 0.7078373015625 0.1335978833333333 0.7095734125 0.14021163958333333 0.7167658734375 0.15013227499999998 0.719494046875 0.175925925
0 0.3613591265625 0.7748015875 0.361855159375 0.7800925916666667 0.359375 0.7883597874999999 0.359623015625 0.7929894187500001 0.3616071421875 0.7966269833333333 0.3658234125 0.8012566145833334 0.37177579375 0.8042328041666666 0.3764880953125 0.8039021166666667 0.3797123015625 0.8015873020833334 0.3826884921875 0.7969576729166667 0.38392857187499996 0.7929894187500001 0.38392857187499996 0.7847222229166667 0.3804563484375 0.7718253958333333 0.3826884921875 0.7701719583333334 0.38740079375 0.7708333333333334 0.396825396875 0.76917989375 0.3990575390625 0.7652116395833333 0.39756944375000003 0.7605820104166666 0.3943452375 0.7566137562499999 0.39409722187499996 0.7549603166666666 0.3926091265625 0.7536375666666667 0.3883928578125 0.7457010583333333 0.38095238125 0.7390873020833334 0.3802083328125 0.7367724875 0.3767361109375 0.7351190479166667 0.3707837296875 0.7361111104166667 0.36532738125 0.7457010583333333 0.3606150796875 0.7470238104166668 0.3554067453125 0.7503306875 0.3539186515625 0.7533068791666667 0.3516865078125 0.7549603166666666 0.34821428593750003 0.7615740750000001 0.34821428593750003 0.7764550270833334 0.3519345234375 0.7777777770833333 0.35887896874999997 0.7738095229166666 0.3613591265625 0.7748015875
0 0.627976190625 0.28306878333333335 0.63095238125 0.28703703750000004 0.6391369046875 0.29298941875 0.6458333328125 0.2953042333333334 0.6470734125 0.29794973541666664 0.6480654765625 0.29629629583333333 0.653273809375 0.29332010625000005 0.6646825390625 0.29199735416666667 0.672123015625 0.2853835979166667 0.6793154765625 0.2850529104166667 0.6825396828125 0.28339947083333333 0.6875 0.27215608541666664 0.6892361109375 0.26620370416666667 0.69072420625 0.25628306875 0.6939484125 0.2509920625 0.6966765875 0.24007936458333334 0.6966765875 0.22056878333333335 0.6949404765625 0.20998677291666665 0.6954365078125 0.20238095208333334 0.69345238125 0.19775132291666667 0.6917162703125 0.19675925833333335 0.68799603125 0.19113756666666668 0.688244046875 0.18485449791666667 0.690228175 0.17824074166666665 0.6892361109375 0.17328042291666668 0.6862599203124999 0.16997354583333332 0.6822916671875 0.16832010625 0.67509920625 0.16898148124999998 0.671875 0.17129629583333333 0.668898809375 0.18187830624999998 0.6579861109375 0.18419312083333333 0.6545138890625 0.1875 0.6517857140625 0.19477513125 0.6455853171875 0.20502645416666668 0.6388888890625 0.21097883541666668 0.6366567453124999 0.21164021249999998 0.6329365078125 0.21626984166666666 0.6292162703125 0.2261904770833333 0.627976190625 0.23445767291666667 0.62450396875 0.24107142916666666 0.622023809375 0.2509920625 0.62177579375 0.26818783124999995 0.6230158734375 0.2718253958333333 0.625248015625 0.2748015875 0.627976190625 0.28306878333333335
0 0.9804067453125 0.43220899375 0.981646825 0.43055555624999997 0.981894840625 0.42890211666666667 0.984375 0.4255952375 0.9856150796875 0.42096560833333335 0.9880952375 0.4173280416666667 0.9893353171875001 0.40839947083333333 0.9893353171875001 0.40277777708333334 0.9880952375 0.39880952291666666 0.984126984375 0.3994709 0.9766865078125001 0.40906084583333335 0.9754464281249999 0.41203703750000004 0.9732142859374999 0.41435185208333336 0.9727182546875 0.4176587291666667 0.96924603125 0.424603175 0.968998015625 0.42956349166666663 0.9697420640625 0.43220899375 0.9754464281249999 0.4338624333333333 0.9804067453125 0.43220899375
0 0.8945932546875 0.41600529166666667 0.90302579375 0.41931216875000005 0.9050099203125 0.4236111104166667 0.90674603125 0.4325396833333333 0.912450396875 0.436838625 0.9144345234375001 0.4414682541666667 0.9236111109375 0.44675925833333335 0.924355159375 0.44973545000000004 0.9288194437499999 0.45436507916666663 0.9325396828124999 0.4546957666666666 0.9392361109375 0.450396825 0.94072420625 0.4477513229166667 0.9429563484375001 0.44609788333333333 0.943204365625 0.44411375625 0.9464285718750001 0.43948412708333334 0.9481646828124999 0.43452381041666666 0.950396825 0.43220899375 0.950644840625 0.43055555624999997 0.956597221875 0.42096560833333335 0.9600694437499999 0.4133597875 0.9605654765624999 0.40906084583333335 0.9615575390625001 0.4077380958333333 0.9600694437499999 0.40443121666666665 0.955605159375 0.40509259166666667 0.9543650796875 0.40410052916666667 0.955605159375 0.4024470895833333 0.955605159375 0.40079365 0.9578373015625001 0.39880952291666666 0.9583333328125001 0.3961640208333333 0.9632936515624999 0.3902116395833334 0.9667658734375 0.387896825 0.9754464281249999 0.3746693125 0.9779265875 0.36871693125 0.9794146828124999 0.3611111104166667 0.981398809375 0.35615079375 0.981398809375 0.3515211645833333 0.9774305562500001 0.3468915354166667 0.9667658734375 0.3422619041666667 0.965277778125 0.34424603125 0.963045634375 0.34490740833333333 0.950644840625 0.3644179895833333 0.9479166671874999 0.36574074166666665 0.9456845234375001 0.36871693125 0.943204365625 0.36408730208333334 0.9429563484375001 0.3611111104166667 0.94072420625 0.3551587291666667 0.940228175 0.34656084583333335 0.936755953125 0.3412698416666667 0.918898809375 0.3396164020833333 0.9141865078125001 0.3412698416666667 0.909722221875 0.3452380958333333 0.9072420640625 0.34953703750000004 0.90674603125 0.36011904791666666 0.8995535718750001 0.37037037083333335 0.8970734125 0.3753306875 0.8950892859374999 0.38723545000000004 0.893353175 0.39120370416666667 0.8921130953124999 0.39814814791666664 0.890873015625 0.4087301583333333 0.890873015625 0.4113756604166667 0.8918650796875 0.4133597875 0.8945932546875 0.41600529166666667
0 0.4007936515625 0.5707671958333334 0.40054563437499996 0.575396825 0.3980654765625 0.58134920625 0.3980654765625 0.5849867729166667 0.40575396875 0.5958994708333333 0.4109623015625 0.59920635 0.4141865078125 0.59920635 0.4169146828125 0.5972222229166667 0.42609127031250005 0.5952380958333333 0.43055555625 0.5912698416666667 0.43799603125 0.5750661375 0.4375 0.5634920625 0.440476190625 0.5591931208333333 0.4429563484375 0.5575396833333334 0.4439484125 0.5555555562500001 0.444196428125 0.5515873020833334 0.4429563484375 0.54365079375 0.43948412656249997 0.53670635 0.4392361109375 0.5347222229166667 0.43427579375 0.5284391541666666 0.43377976250000005 0.52579365 0.4320436515625 0.5231481479166666 0.42261904687499996 0.53141534375 0.41790674531249994 0.5324074083333333 0.41319444375 0.5300925916666667 0.4114583328125 0.52579365 0.40823412656249997 0.5221560854166667 0.4077380953125 0.5201719583333333 0.40401785781250005 0.5221560854166667 0.4052579359375 0.5294312166666667 0.40302579375 0.5340608458333332 0.40252976250000005 0.537367725 0.39930555624999997 0.5419973541666666 0.3990575390625 0.5472883604166667 0.3958333328125 0.55720899375 0.3955853171875 0.5608465604166667 0.396825396875 0.5641534395833333 0.40029761875 0.5671296291666666 0.4007936515625 0.5707671958333334
0 0.8125 0.6448412708333334 0.815476190625 0.6481481479166666 0.8204365078125001 0.65079365 0.8291170640625 0.65079365 0.8368055562500001 0.6481481479166666 0.8427579359375 0.6402116395833333 0.84424603125 0.6349206354166667 0.8454861109375 0.6335978833333333 0.8459821421875 0.6213624333333333 0.8452380953124999 0.6078042333333333 0.8417658734375 0.6025132270833333 0.8370535718750001 0.6008597874999999 0.834325396875 0.5982142854166667 0.8296130953124999 0.5982142854166667 0.8211805562500001 0.6044973541666666 0.8137400796875 0.6008597874999999 0.8033234125 0.6001984125 0.8020833328125001 0.6028439145833333 0.799355159375 0.6054894187500001 0.7953869046875 0.6167328041666666 0.7953869046875 0.6273148145833333 0.799603175 0.6375661375 0.8045634921874999 0.6418650791666667 0.8125 0.6448412708333334
0 0.5830853171875 0.37334656041666664 0.58407738125 0.3763227520833333 0.5845734125 0.3875661375 0.5868055562500001 0.39384920625 0.5915178578125 0.40046296249999996 0.5917658734375 0.4021164020833333 0.594494046875 0.4047619041666667 0.5987103171875 0.40674603125 0.6004464281249999 0.40277777708333334 0.6044146828125 0.39880952291666666 0.615575396875 0.39880952291666666 0.6202876984375 0.3951719583333333 0.6304563484375 0.3925264541666667 0.638144840625 0.38161375625 0.643353175 0.37797618958333334 0.6495535718750001 0.3763227520833333 0.655505953125 0.3763227520833333 0.6614583328125 0.375 0.6641865078125 0.37334656041666664 0.669146825 0.3650793645833333 0.6701388890625 0.36177248749999996 0.67509920625 0.3578042333333334 0.6768353171875 0.3548280416666667 0.6768353171875 0.35119047708333334 0.6793154765625 0.34391534375 0.6793154765625 0.3267195770833334 0.6758432546875001 0.32109788333333333 0.671626984375 0.31679894166666667 0.6681547625 0.31547618958333334 0.6602182546875001 0.31514550208333336 0.6572420640625001 0.3161375666666667 0.6450892859375 0.33167989374999995 0.640625 0.33167989374999995 0.6418650796875001 0.3244047625 0.6443452375 0.31977513125 0.6455853171875 0.3128306875 0.646825396875 0.31051587291666666 0.646329365625 0.2972883604166666 0.6450892859375 0.2953042333333334 0.6326884921875 0.28869047708333334 0.6264880953125 0.28670635 0.619295634375 0.287367725 0.6078869046875 0.29464285625000003 0.6054067453124999 0.29794973541666664 0.6029265875 0.30390211666666667 0.594494046875 0.30919312083333333 0.5925099203124999 0.3121693125 0.590773809375 0.3128306875 0.5868055562500001 0.31712962916666665 0.5833333328125 0.3220899479166667 0.5801091265625 0.33134920625 0.5771329359374999 0.33630952291666666 0.5766369046875 0.33928571458333334 0.5731646828125 0.34656084583333335 0.57217261875 0.3515211645833333 0.57217261875 0.362103175 0.5741567453124999 0.3650793645833333 0.5818452375 0.3713624333333333 0.5830853171875 0.37334656041666664
0 0.0267857140625 0.5750661375 0.028769840624999998 0.5787037041666667 0.0292658734375 0.5863095229166666 0.0265376984375 0.5892857145833333 0.0205853171875 0.5912698416666667 0.0171130953125 0.5955687833333333 0.014136904687499998 0.6018518520833334 0.013888889062500001 0.60615079375 0.010416667187500001 0.6111111104166667 0.010416667187500001 0.6157407416666667 0.006944443749999999 0.6170634916666666 0.0054563484374999995 0.6203703708333334 0.005704365625 0.6481481479166666 0.0116567453125 0.6574074083333333 0.014136904687499998 0.6875 0.0168650796875 0.6924603166666666 0.018105159375 0.6970899479166667 0.02157738125 0.7027116395833333 0.0275297625 0.70634920625 0.0414186515625 0.70667989375 0.053819443749999994 0.6967592583333333 0.0570436515625 0.7007275125 0.060267857812500006 0.7027116395833333 0.0639880953125 0.7020502645833333 0.06646825468749999 0.6974206354166667 0.0647321421875 0.6858465604166667 0.065476190625 0.6808862437500001 0.0669642859375 0.6782407416666667 0.071428571875 0.6739417979166666 0.0734126984375 0.6663359791666666 0.07291666718749999 0.6593915354166667 0.07068452343750001 0.6517857145833333 0.071428571875 0.6412037041666667 0.068204365625 0.6332671958333334 0.06770833281250001 0.6296296291666666 0.061755953125 0.6223544979166667 0.06125992031250001 0.6091269833333333 0.060019840625 0.6054894187500001 0.057539682812500006 0.6018518520833334 0.0543154765625 0.59920635 0.051091270312500006 0.5909391541666668 0.0419146828125 0.5853174604166667 0.040674603125 0.58035714375 0.0404265875 0.5714285708333333 0.036954365625 0.5651455020833333 0.0367063484375 0.5628306875 0.03447420625 0.5611772479166667 0.0329861109375 0.5539021166666667 0.0265376984375 0.5515873020833334 0.0220734125 0.5535714291666667 0.0220734125 0.5638227520833333 0.02430555625 0.56812169375 0.025545634374999997 0.5744047625 0.0267857140625 0.5750661375
0 0.3263888890625 0.31812169375 0.3303571421875 0.3227513229166667 0.330605159375 0.3250661375 0.33258928593750003 0.32738095208333334 0.334325396875 0.3336640208333333 0.334325396875 0.3478835979166667 0.3355654765625 0.3541666666666667 0.3358134921875 0.3614417979166667 0.33680555624999997 0.36574074166666665 0.3382936515625 0.36739417916666667 0.3417658734375 0.36904761875 0.3492063484375 0.36937830625 0.36532738125 0.3630952375 0.37053571406249997 0.35813492083333337 0.3769841265625 0.34656084583333335 0.38392857187499996 0.34490740833333333 0.387648809375 0.3412698416666667 0.387648809375 0.33531746041666666 0.3854166671875 0.32837301666666663 0.3854166671875 0.32010582083333333 0.390625 0.3125 0.3928571421875 0.3115079375 0.39384920625 0.30952381041666666 0.3980654765625 0.2972883604166666 0.3983134921875 0.2883597875 0.3955853171875 0.275132275 0.3918650796875 0.2675264541666667 0.391369046875 0.26488095208333334 0.3866567453125 0.25595238124999997 0.3802083328125 0.25033068750000004 0.3762400796875 0.2496693125 0.3730158734375 0.25198412708333334 0.36904761875 0.25859788333333333 0.36607142812500004 0.2612433854166667 0.3643353171875 0.261574075 0.35590277812500004 0.2698412708333333 0.35069444375000003 0.26917989374999995 0.346230159375 0.2708333333333333 0.3320932546875 0.2635582020833333 0.328869046875 0.2605820104166667 0.318700396875 0.25496031666666663 0.3105158734375 0.25330687916666667 0.30803571406249997 0.25496031666666663 0.3077876984375 0.25760582083333333 0.306795634375 0.2589285708333333 0.3050595234375 0.27546296249999996 0.3045634921875 0.30357142916666663 0.30555555624999997 0.3101851854166667 0.30927579375 0.3138227520833333 0.3263888890625 0.31812169375
0 0.24950396874999997 0.5707671958333334 0.252728175 0.5740740750000001 0.2591765875 0.5843253958333333 0.2616567453125 0.5863095229166666 0.2668650796875 0.5863095229166666 0.2730654765625 0.58167989375 0.27678571406249997 0.5773809520833333 0.2792658734375 0.5760582020833334 0.2859623015625 0.5671296291666666 0.293898809375 0.5625 0.2953869046875 0.5578703708333334 0.2953869046875 0.5449735458333334 0.294146825 0.5383597874999999 0.2914186515625 0.5337301583333333 0.281994046875 0.5333994708333333 0.28075396874999997 0.5287698416666667 0.2800099203125 0.5208333333333334 0.27802579375 0.51851851875 0.2733134921875 0.51851851875 0.268105159375 0.5208333333333334 0.264880953125 0.5234788354166667 0.2547123015625 0.5254629625 0.252480159375 0.5274470895833333 0.2445436515625 0.53075396875 0.240575396875 0.53670635 0.24032738125000003 0.5466269833333333 0.24751984062500001 0.55687830625 0.24925595312499998 0.5638227520833333 0.24950396874999997 0.5707671958333334
0 0.6004464281249999 0 0.59970238125 0.004960316666666667 0.6029265875 0.014550264583333333 0.603174603125 0.018849206249999997 0.606646825 0.025462962500000002 0.6081349203124999 0.037367725 0.6108630953125 0.046957672916666665 0.6133432546875001 0.050925925000000004 0.618799603125 0.054563491666666665 0.62450396875 0.061507937500000005 0.6341765875 0.06547618958333333 0.64384920625 0.06547618958333333 0.646825396875 0.06382275208333334 0.6480654765625 0.05787037083333334 0.6507936515625 0.052579364583333336 0.656994046875 0.05687830625 0.6649305562500001 0.057539683333333334 0.669146825 0.061838625 0.674355159375 0.06448412708333333 0.677579365625 0.06382275208333334 0.6803075390625 0.06084656041666667 0.6805555562500001 0.05787037083333334 0.6830357140625 0.05191798958333334 0.684523809375 0.041005291666666666 0.68799603125 0.033399470833333327 0.690972221875 0 0.6004464281249999 0
0 0.14905753906250002 0.23015872916666666 0.150545634375 0.23478836041666667 0.15277777812499999 0.23677248750000002 0.1542658734375 0.24074074166666665 0.15674603125 0.25628306875 0.1604662703125 0.26818783124999995 0.1644345234375 0.2764550270833333 0.1666666671875 0.27843915416666665 0.16865079375 0.27910052916666667 0.171875 0.27579365 0.17212301562500001 0.2718253958333333 0.1738591265625 0.26554232708333336 0.1733630953125 0.2539682541666667 0.17435515937499999 0.250661375 0.1765873015625 0.25 0.17881944375 0.250661375 0.18055555625 0.25330687916666667 0.18303571406250002 0.25496031666666663 0.184523809375 0.2589285708333333 0.18923611093749998 0.26223545000000004 0.20386904687500002 0.26620370416666667 0.20808531718749998 0.27314814791666664 0.209325396875 0.2774470895833333 0.2132936515625 0.28339947083333333 0.218501984375 0.28339947083333333 0.2232142859375 0.2863756604166667 0.22916666718749998 0.2863756604166667 0.2353670640625 0.28339947083333333 0.2455357140625 0.27314814791666664 0.252728175 0.2612433854166667 0.2609126984375 0.25330687916666667 0.2638888890625 0.24801587291666666 0.262648809375 0.23677248750000002 0.2604166671875 0.22916666666666666 0.2604166671875 0.2255291 0.2609126984375 0.22288359791666668 0.26512896874999997 0.21626984166666666 0.26661706406249996 0.21031746041666669 0.266369046875 0.20734127083333334 0.262648809375 0.20271163958333333 0.25694444375000003 0.20072751249999998 0.25099206406249996 0.19543650833333331 0.24181547656250002 0.1865079375 0.2383432546875 0.18121693125 0.23685515937499999 0.17791005208333335 0.2366071421875 0.17427248750000002 0.23685515937499999 0.17228836041666667 0.240575396875 0.16832010625 0.24181547656250002 0.16534391458333333 0.24255952343749998 0.15410052916666667 0.24156746093749998 0.15079364999999997 0.230902778125 0.13128306875 0.22693452343749998 0.12698412708333334 0.2175099203125 0.1259920625 0.21701388906250002 0.12268518541666666 0.2177579359375 0.11937830625 0.21676587343749998 0.11640211666666667 0.21676587343749998 0.11078042291666666 0.2142857140625 0.11078042291666666 0.2140376984375 0.10945767291666667 0.21304563437500001 0.10912698333333333 0.21304563437500001 0.11044973541666667 0.2140376984375 0.11111111041666667 0.2140376984375 0.1130952375 0.2132936515625 0.11375661458333333 0.2068452375 0.11011904791666667 0.203125 0.11177248749999999 0.202876984375 0.113425925 0.2046130953125 0.11574074166666667 0.2046130953125 0.12764550208333333 0.2016369046875 0.13029100624999998 0.19593253906250002 0.12996031666666666 0.1951884921875 0.12169312083333333 0.1917162703125 0.11673280416666666 0.18998015937499999 0.11574074166666667 0.17881944375 0.11574074166666667 0.1755952375 0.11838624375000001 0.1681547625 0.136574075 0.1679067453125 0.14087301666666668 0.16592261875 0.14417989375 0.1641865078125 0.15211640208333332 0.1507936515625 0.16798941875 0.14930555625 0.174603175 0.14930555625 0.19212962916666668 0.1542658734375 0.20271163958333333 0.14930555625 0.21329364999999997 0.14905753906250002 0.23015872916666666
0 0.20634920625 0.10251322708333334 0.203125 0.10449735416666667 0.203125 0.10615079375 0.206597221875 0.10780423333333333 0.2070932546875 0.10515872916666667 0.20634920625 0.10251322708333334
0 0.0391865078125 0.5658068791666667 0.0404265875 0.5674603166666666 0.043402778125 0.5793650791666667 0.046875 0.5846560854166667 0.049851190625 0.5863095229166666 0.053075396875 0.5906084645833333 0.0577876984375 0.5916005291666667 0.06299603125 0.5899470895833333 0.068700396875 0.5859788354166666 0.07068452343750001 0.58167989375 0.07266865156249999 0.5833333333333334 0.07266865156249999 0.5889550270833334 0.07043650781250001 0.59292328125 0.06795634843750001 0.6015211645833334 0.06795634843750001 0.6130952375 0.06944444375 0.61937830625 0.07415674531250001 0.6200396833333334 0.07762896875 0.61871693125 0.08506944375 0.6180555562500001 0.09275793593750001 0.6124338625 0.10119047656249999 0.6104497354166667 0.10342261875 0.6078042333333333 0.1103670640625 0.6038359791666666 0.115575396875 0.5995370375 0.12003968281249999 0.59325396875 0.12375992031250001 0.5843253958333333 0.12450396875 0.5714285708333333 0.127976190625 0.5625 0.1289682546875 0.5575396833333334 0.127728175 0.5429894187500001 0.1230158734375 0.5357142854166667 0.11929563437499999 0.5337301583333333 0.11433531718750001 0.5333994708333333 0.1078869046875 0.5350529104166667 0.10615079375 0.5370370375 0.103174603125 0.53670635 0.1046626984375 0.5327380958333333 0.1041666671875 0.5287698416666667 0.09499007968749999 0.5119047624999999 0.088045634375 0.5046296291666666 0.078869046875 0.5016534395833333 0.07291666718749999 0.5019841270833333 0.0662202375 0.50562169375 0.053075396875 0.5095899479166667 0.047123015625 0.5155423270833334 0.044394840625 0.5224867729166667 0.0426587296875 0.537367725 0.0359623015625 0.5529100520833333 0.036954365625 0.5588624333333333 0.0391865078125 0.5658068791666667
0 0.33134920625 0 0.331101190625 0.0013227520833333332 0.325148809375 0.002976189583333333 0.3105158734375 0.004629629166666666 0.3070436515625 0.00661375625 0.299603175 0.015542327083333333 0.29637896874999997 0.0248015875 0.29637896874999997 0.02976190416666667 0.299355159375 0.03869047708333333 0.299355159375 0.042989418749999994 0.2981150796875 0.04794973541666667 0.2953869046875 0.05291005208333333 0.29340277812500004 0.05919312083333333 0.294146825 0.07242063541666667 0.29340277812500004 0.07605820208333333 0.2931547625 0.09259259166666665 0.2953869046875 0.10648148125 0.29588293593750004 0.11607142916666667 0.2988591265625 0.12235449791666667 0.3005952375 0.12433862500000001 0.30654761875 0.1259920625 0.3174603171875 0.1246693125 0.321924603125 0.11937830625 0.3229166671875 0.11607142916666667 0.3293650796875 0.10714285625 0.33134920625 0.10548941875 0.33506944375000003 0.10747354583333334 0.3382936515625 0.11739417916666667 0.33705357187499996 0.12301587291666666 0.338045634375 0.1335978833333333 0.3415178578125 0.13888888958333334 0.3516865078125 0.1504629625 0.3521825390625 0.16170635000000003 0.3541666671875 0.16832010625 0.3554067453125 0.17658730208333334 0.356646825 0.17824074166666665 0.3578869046875 0.18584656041666667 0.359375 0.1875 0.3630952375 0.18882275208333335 0.3668154765625 0.18882275208333335 0.3737599203125 0.186838625 0.377728175 0.1875 0.37946428593750003 0.18882275208333335 0.390376984375 0.19014550208333333 0.393353175 0.1875 0.4012896828125 0.1871693125 0.4072420640625 0.17989417916666667 0.41220238125 0.17757936458333334 0.41790674531249994 0.175925925 0.42633928593750003 0.1755952375 0.431299603125 0.16633597916666665 0.43551587343750003 0.1504629625 0.4375 0.1488095229166667 0.4424603171875 0.14814814791666667 0.4451884921875 0.14914021249999998 0.453125 0.15839947083333333 0.4704861109375 0.15972222291666668 0.4734623015625 0.16170635000000003 0.47569444375 0.16137566041666668 0.4779265875 0.15906084583333333 0.4791666671875 0.15575396875 0.4794146828125 0.14351851875000002 0.48065476250000005 0.13458994791666665 0.4828869046875 0.12830687916666667 0.4831349203125 0.12235449791666667 0.4858630953125 0.11640211666666667 0.4890873015625 0.11210317500000001 0.4893353171875 0.09854497291666667 0.493799603125 0.08961640208333334 0.49553571406249997 0.08465608541666667 0.49553571406249997 0.08234127083333333 0.49652777812500004 0.08134920625 0.49429563437499996 0.07936507916666667 0.493303571875 0.06382275208333334 0.4945436515625 0.06018518541666666 0.497519840625 0.05886243333333333 0.4982638890625 0.057539683333333334 0.5017361109375 0.05654761875 0.505704365625 0.0499338625 0.5086805562500001 0.04761904791666667 0.5116567453124999 0.043320106250000004 0.512648809375 0.03935185208333333 0.512896825 0.029100529166666667 0.5141369046875 0.025132275 0.516369046875 0.02215608541666667 0.5171130953125 0.015211639583333332 0.515376984375 0.007936508333333333 0.5138888890625 0.003968254166666667 0.5114087296875 0.0013227520833333332 0.5114087296875 0 0.418898809375 0 0.41815476250000005 0.0016534395833333333 0.4052579359375 0.004629629166666666 0.390625 0.002976189583333333 0.387648809375 0.0016534395833333333 0.38715277812500004 0 0.375248015625 0 0.375 0.0013227520833333332 0.37152777812500004 0.002976189583333333 0.35987103125000003 0.004960316666666667 0.3509424609375 0.0026455020833333334 0.3484623015625 0.0013227520833333332 0.34821428593750003 0 0.33134920625 0
0 0.03447420625 0 0.033978175 0.0016534395833333333 0.0302579359375 0.0019841270833333333 0.0116567453125 0.0013227520833333332 0.0054563484374999995 0.0033068791666666666 0.0034722218749999997 0.004960316666666667 0.0017361109374999999 0.01223545 0 0.012896825 0 0.08564814791666667 0.008928571875000001 0.0873015875 0.0119047625 0.08961640208333334 0.021825396875 0.09193121666666666 0.0265376984375 0.09193121666666666 0.031994046875 0.09027777708333334 0.0414186515625 0.09027777708333334 0.046626984375 0.09126984166666667 0.0587797625 0.09589947083333333 0.07266865156249999 0.09689153541666666 0.080605159375 0.09556878333333334 0.0825892859375 0.09424603125 0.0887896828125 0.08498677291666666 0.09424603125 0.08333333333333333 0.0987103171875 0.08366402083333332 0.10565476250000001 0.07969576666666667 0.109375 0.07473545 0.109375 0.06977513125 0.1078869046875 0.06679894166666665 0.1078869046875 0.0628306875 0.1113591265625 0.05555555625 0.11185515937499999 0.0499338625 0.1083829359375 0.042989418749999994 0.10887896875 0.03174603125 0.106646825 0.023809522916666666 0.1016865078125 0.020833333333333332 0.08333333281250001 0.015542327083333333 0.080853175 0.013888889583333335 0.07713293593750001 0.009259258333333333 0.075148809375 0.004629629166666666 0.07043650781250001 0.0016534395833333333 0.07018849218749999 0 0.046875 0 0.04637896875 0.0016534395833333333 0.040178571875 0.0026455020833333334 0.03720238125 0.0016534395833333333 0.0367063484375 0 0.03447420625 0
0 0.7175099203124999 0.7271825395833333 0.7209821421875 0.73214285625 0.7229662703125 0.7367724875 0.7296626984375 0.7453703708333334 0.734126984375 0.7490079375 0.7415674609375 0.7463624333333333 0.7480158734375 0.7513227520833333 0.7517361109375 0.75 0.7542162703125 0.7367724875 0.7544642859375 0.7265211645833334 0.752976190625 0.71825396875 0.7490079359374999 0.7106481479166666 0.749255953125 0.7083333333333334 0.7517361109375 0.7050264541666666 0.752976190625 0.7000661375 0.752728175 0.69378306875 0.749255953125 0.6884920625 0.7455357140625 0.6865079375 0.7380952375 0.6798941791666666 0.734375 0.6805555562500001 0.73115079375 0.6838624333333333 0.7266865078125 0.6838624333333333 0.7242063484375 0.6825396833333334 0.7202380953125 0.6828703708333334 0.71825396875 0.686838625 0.7167658734375 0.6951058208333334 0.7175099203124999 0.7027116395833333 0.713045634375 0.7037037041666667 0.7095734125 0.70667989375 0.7095734125 0.7142857145833333 0.7120535718750001 0.7218915354166667 0.7137896828125 0.7245370375 0.7175099203124999 0.7271825395833333
0 0.0505952375 0.7599206354166667 0.05084325468749999 0.76917989375 0.051835317187499994 0.7724867729166667 0.0533234125 0.7741402125000001 0.056299603125 0.7744709000000001 0.071428571875 0.7731481479166666 0.08134920625 0.7612433854166666 0.08506944375 0.7595899479166667 0.08581349218749999 0.7638888895833333 0.0818452375 0.7748015875 0.081597221875 0.7830687833333333 0.08333333281250001 0.7863756604166666 0.0915178578125 0.7890211645833334 0.09548611093750001 0.7923280416666666 0.09895833281250001 0.7929894187500001 0.1051587296875 0.7893518520833334 0.112847221875 0.7893518520833334 0.11904761875 0.78670635 0.12822420625 0.78042328125 0.13368055625 0.7784391541666668 0.1364087296875 0.7721560854166667 0.1369047625 0.7595899479166667 0.14037698437499999 0.7592592583333333 0.146825396875 0.7638888895833333 0.1522817453125 0.7645502645833333 0.1609623015625 0.7632275125 0.1626984125 0.7585978833333333 0.16220238125 0.7549603166666666 0.1641865078125 0.74404761875 0.1604662703125 0.7347883604166667 0.1604662703125 0.73082010625 0.162946428125 0.724867725 0.1626984125 0.71329365 0.1617063484375 0.7113095229166666 0.1540178578125 0.70634920625 0.15724206406250002 0.6960978833333333 0.15525793593749998 0.6894841270833333 0.146825396875 0.6798941791666666 0.14409722187500001 0.6782407416666667 0.1170634921875 0.6775793645833333 0.10689484062500001 0.6749338625 0.0957341265625 0.6736111104166667 0.0895337296875 0.6742724875 0.0796130953125 0.6798941791666666 0.07415674531250001 0.6841931208333333 0.0716765875 0.6878306875 0.07068452343750001 0.69279100625 0.07266865156249999 0.7020502645833333 0.072420634375 0.70667989375 0.0709325390625 0.7080026458333334 0.06299603125 0.7083333333333334 0.057539682812500006 0.7152777770833333 0.05084325468749999 0.7208994708333333 0.049355159375 0.7232142854166667 0.0488591265625 0.7261904770833334 0.05084325468749999 0.7347883604166667 0.0481150796875 0.74470899375 0.0481150796875 0.7509920625 0.0505952375 0.7599206354166667