0 0.700617284375 0.09635416666666667 0.6973379625 0.10127314791666667 0.6971450625 0.10300925833333333 0.69540895 0.10503472291666666 0.69540895 0.10821759166666665 0.6959876546875 0.10850694375 0.698688271875 0.11747685208333333 0.7046682093750001 0.12644675833333333 0.706597221875 0.12847222291666666 0.70794753125 0.12876157500000002 0.7081404328125 0.12962962916666668 0.71103395 0.13049768541666668 0.7228009265625001 0.12760416666666666 0.7274305562500001 0.12818287083333332 0.733989196875 0.1270254625 0.73919753125 0.12384259166666665 0.7399691359375 0.11950231458333334 0.73919753125 0.11863425833333333 0.7384259265625001 0.11400462916666668 0.7366898140625 0.10995370416666667 0.7364969140625 0.105613425 0.735725309375 0.10300925833333333 0.73533950625 0.09056712916666668 0.734760803125 0.089988425 0.7345679015625 0.0859375 0.733989196875 0.08535879583333333 0.733989196875 0.07841435208333333 0.7345679015625 0.07783564791666667 0.733989196875 0.07754629583333333 0.733796296875 0.07262731458333334 0.7328317906249999 0.0682870375 0.7332175921874999 0.06510416666666667 0.7345679015625 0.06365740833333333 0.735725309375 0.0604745375 0.73533950625 0.052951389583333335 0.734760803125 0.05237268541666666 0.7345679015625 0.04542824166666667 0.731867284375 0.04021990833333333 0.731867284375 0.03819444375 0.7307098765625 0.035011574999999996 0.72762345625 0.03269675833333333 0.7239583328125 0.03414351875 0.7237654328125 0.03616898125 0.7220293203125 0.04021990833333333 0.719328703125 0.04224537083333334 0.719328703125 0.043113425000000004 0.7154706796875 0.04774305625 0.7145061734375 0.05005787083333334 0.71199845625 0.052083333333333336 0.7118055562500001 0.05381944375 0.7092978390625 0.057291666666666664 0.70794753125 0.06365740833333333 0.7033179015625 0.0723379625 0.7015817906249999 0.074074075 0.700617284375 0.07754629583333333 0.6994598765625 0.07899305625 0.699266975 0.0859375 0.7000385796875 0.09027777708333334 0.700617284375 0.09056712916666668 0.700617284375 0.09635416666666667
0 0.06905864218749999 0 0.068865740625 0.0020254625 0.06500771562499999 0.003761575 0.063078703125 0.006365741666666667 0.0623070984375 0.008969908333333334 0.06500771562499999 0.018807870833333334 0.06500771562499999 0.021990741666666664 0.0657793203125 0.023148147916666664 0.0665509265625 0.02835648125 0.06905864218749999 0.0332754625 0.0709876546875 0.03443287083333334 0.0821759265625 0.033854166666666664 0.08468364218749999 0.035011574999999996 0.08699845625 0.03819444375 0.0877700625 0.04050925833333333 0.0900848765625 0.04224537083333334 0.0916280859375 0.0448495375 0.0970293203125 0.04832175833333333 0.0983796296875 0.05034722291666667 0.10069444375 0.05179398125 0.10165895 0.05410879583333333 0.1041666671875 0.05584490833333333 0.108989196875 0.06365740833333333 0.1113040125 0.06539351875 0.11246142031249999 0.06799768541666666 0.1145833328125 0.06944444375 0.11554783906249999 0.07204861041666667 0.11998456718749999 0.07494212916666668 0.1232638890625 0.07349537083333332 0.1242283953125 0.07175925833333333 0.125578703125 0.06452546249999999 0.125385803125 0.06134259166666667 0.124421296875 0.05815972291666667 0.1242283953125 0.05439814791666667 0.1217206796875 0.049479166666666664 0.121527778125 0.046875 0.1190200625 0.04253472291666667 0.11882716093750001 0.03935185208333333 0.1190200625 0.026620370833333334 0.12114197499999999 0.019386575 0.12114197499999999 0.015335647916666667 0.11805555625 0.010706018749999999 0.11554783906249999 0.009259258333333333 0.1149691359375 0.007523147916666667 0.1116898140625 0.005497685416666666 0.1105324078125 0.0034722229166666663 0.10648148125000001 0.0020254625 0.10628857968750001 0 0.06905864218749999 0
0 0.393996578125 0.4472876416666667 0.3937114203125 0.43894675833333335 0.39332561718750003 0.441550925 0.3929398140625 0.44675925833333335 0.393996578125 0.4472876416666667
0 0.3929398140625 0.449363425 0.39409722187499996 0.45023148125 0.3940038828125 0.44750130625 0.3929398140625 0.449363425
0 0.3468364203125 0.36574074166666665 0.346257715625 0.36631944375000003 0.346257715625 0.38744212916666665 0.3468364203125 0.38773148125 0.3470293203125 0.39380787083333335 0.3508873453125 0.40480324166666665 0.35146605000000003 0.40509259166666667 0.35165894999999997 0.40711805624999997 0.3533950625 0.410011575 0.3535879625 0.41348379583333333 0.3541666671875 0.41377314791666664 0.3543595671875 0.41840277708333334 0.3551311734375 0.42129629583333333 0.354938271875 0.43952546249999996 0.356867284375 0.44328703750000004 0.3582175921875 0.44878472291666666 0.3582175921875 0.45109953750000004 0.359375 0.453125 0.35976080312500003 0.456886575 0.36072530937499997 0.45949074166666665 0.36091820937499997 0.4635416666666667 0.3614969140625 0.46383101875 0.3616898140625 0.4661458333333333 0.36419753125 0.47164351875 0.3643904328125 0.47714120416666667 0.3655478390625 0.48350694375000003 0.3655478390625 0.488425925 0.36612654375 0.48871527708333334 0.36631944375000003 0.49131944375000003 0.37152777812500004 0.5014467583333333 0.37210648125 0.5052083333333334 0.37152777812500004 0.5153356479166666 0.37364969062500003 0.5245949083333333 0.37345679062500003 0.5329861104166667 0.37422839531249996 0.5364583333333334 0.3796296296875 0.5384837958333333 0.3834876546875 0.5379050916666667 0.39023919687499997 0.53125 0.39158950625 0.5289351854166667 0.39158950625 0.51273148125 0.3942901234375 0.5020254625 0.3946759265625 0.4861111104166667 0.39158950625 0.4765625 0.3894675921875 0.47453703750000004 0.3888888890625 0.47222222291666666 0.3856095671875 0.4670138895833333 0.384259259375 0.46296296249999996 0.382330246875 0.46064814791666664 0.3815586421875 0.45746527708333334 0.3782793203125 0.45254629583333333 0.375578703125 0.44618055624999997 0.37422839531249996 0.43836805624999997 0.37229938281249997 0.43315972291666666 0.37229938281249997 0.42939814791666664 0.3717206796875 0.42881944375000003 0.3707561734375 0.421875 0.3697916671875 0.42071759166666667 0.3688271609375 0.41435185208333336 0.367669753125 0.4114583333333333 0.367669753125 0.4088541666666667 0.36709105000000003 0.40827546249999996 0.36612654375 0.39380787083333335 0.3595679015625 0.3767361104166667 0.3576388890625 0.35214120416666667 0.3570601859375 0.3515625 0.3560956796875 0.34577546249999996 0.353009259375 0.34403935208333336 0.3487654328125 0.34432870416666667 0.3470293203125 0.3454861104166667 0.3470293203125 0.34837962916666665 0.3478009265625 0.35069444375000003 0.3478009265625 0.35619212916666665 0.3468364203125 0.36574074166666665
0 0.9241898140625 0.20283564791666667 0.9255401234375 0.20283564791666667 0.92476851875 0.20225694375 0.9241898140625 0.20283564791666667
0 0.925347221875 0.19589120416666667 0.9261188265625 0.1973379625 0.9280478390625 0.19849537083333332 0.9288194437499999 0.19849537083333332 0.9307484562499999 0.19560185208333333 0.9309413578125 0.19415509166666667 0.932098765625 0.19270833333333334 0.9322916671874999 0.19010416666666666 0.9332561734375 0.1895254625 0.9334490734375 0.18836805625 0.934027778125 0.18778935208333333 0.9347993828125001 0.18923611041666666 0.9355709875 0.18894675833333335 0.9367283953125 0.18518518541666668 0.9367283953125 0.18315972291666668 0.9353780859375 0.18229166666666666 0.9342206796875001 0.1854745375 0.9319058640625 0.18865740833333333 0.9299768515625001 0.1875 0.9288194437499999 0.1854745375 0.92959105 0.18692129583333333 0.9286265437500001 0.18721064791666667 0.927276234375 0.19386574166666665 0.925347221875 0.19589120416666667
0 0.8952546296874999 0.30121527708333334 0.8975694437499999 0.30526620416666667 0.9035493828125001 0.3101851854166667 0.908757715625 0.3177083333333333 0.9114583328125001 0.31973379583333333 0.9133873453125 0.31973379583333333 0.915509259375 0.31886574166666665 0.9160879625 0.31684027708333334 0.9220679015625001 0.308449075 0.9228395062500001 0.30555555624999997 0.9263117281250001 0.300636575 0.9293981484374999 0.29340277708333334 0.93267746875 0.28935185208333336 0.934027778125 0.2835648145833333 0.9359567906249999 0.28067129583333333 0.9459876546875 0.27980324166666665 0.9486882718749999 0.2786458333333333 0.9513888890625 0.2751736104166667 0.9527391968750001 0.27054398125 0.9527391968750001 0.25318287083333335 0.9533179015625001 0.25289351875 0.9533179015625001 0.2479745375 0.954475309375 0.24450231458333332 0.9540895062500001 0.23726851875000002 0.95601851875 0.230613425 0.9562114203125001 0.22337962916666668 0.954475309375 0.21267361041666666 0.9519675921875 0.21035879583333333 0.950617284375 0.20775462916666668 0.9492669749999999 0.207175925 0.9488811734375 0.2051504625 0.95023148125 0.20225694375 0.9527391968750001 0.20138888958333334 0.956597221875 0.1973379625 0.956597221875 0.19039351875000002 0.9546682093750001 0.18807870416666667 0.9533179015625001 0.18142361041666666 0.9513888890625 0.1817129625 0.9504243828125001 0.183738425 0.9481095671875 0.1854745375 0.9471450625 0.18807870416666667 0.9461805562500001 0.18836805625 0.943865740625 0.19212962916666668 0.9427083328125001 0.19270833333333334 0.9407793203124999 0.19675925833333335 0.938078703125 0.19878472291666668 0.9376929015625001 0.20023148124999998 0.93460648125 0.20341435208333333 0.9332561734375 0.207175925 0.9307484562499999 0.20920138958333334 0.9307484562499999 0.21035879583333333 0.9280478390625 0.21325231458333332 0.9280478390625 0.214699075 0.9261188265625 0.21932870416666667 0.9249614203125001 0.22019675833333335 0.923225309375 0.22482638958333334 0.9187885796874999 0.23119212916666668 0.9158950625 0.23784722291666668 0.91415895 0.23900462916666668 0.9133873453125 0.24189814791666667 0.9101080250000001 0.24768518541666668 0.9095293203124999 0.25028935208333336 0.907600309375 0.2526041666666667 0.9066358031249999 0.25636574166666665 0.9035493828125001 0.26128472291666666 0.902777778125 0.26475694375 0.9000771609375 0.26996527708333334 0.8993055562500001 0.27488425833333335 0.8967978390625 0.2795138895833333 0.8962191359375 0.28269675833333335 0.89351851875 0.2890625 0.8927469140625 0.29571759166666667 0.8921682093750001 0.29600694375000003 0.8929398140625 0.29976851875 0.8952546296874999 0.30121527708333334
0 0.940007715625 0.17737268541666668 0.9411651234375 0.175925925 0.9425154328125 0.175636575 0.9427083328125001 0.17447916666666666 0.9392361109375 0.17332175833333335 0.9375 0.17881944375 0.9373070984374999 0.18200231458333332 0.938850309375 0.18200231458333332 0.9394290125 0.18142361041666666 0.940007715625 0.17737268541666668
0 0.8709490734375 0.27546296249999996 0.8717206796875001 0.2786458333333333 0.8794367281250001 0.28703703750000004 0.8838734562499999 0.2873263895833333 0.8861882718749999 0.28616898125 0.8890817906249999 0.28067129583333333 0.8908179015625001 0.2789351854166667 0.8910108031249999 0.27633101875 0.8927469140625 0.2734375 0.8962191359375 0.26388888958333334 0.8964120375 0.26128472291666666 0.8989197531249999 0.25665509166666667 0.8993055562500001 0.25462962916666665 0.9020061734375 0.25115740833333333 0.90625 0.24074074166666665 0.9081790125 0.23871527708333332 0.9128086421875 0.22916666666666666 0.9130015437500001 0.2265625 0.915509259375 0.22366898124999998 0.915509259375 0.222511575 0.9168595671875 0.2207754625 0.9176311734375 0.21585648124999998 0.9182098765625 0.21527777708333332 0.9187885796874999 0.20862268541666668 0.9195601859375 0.20746527708333332 0.9220679015625001 0.206886575 0.9220679015625001 0.20601851875000002 0.9185956796875001 0.20486111041666666 0.9180169749999999 0.20601851875000002 0.9149305562500001 0.20630787083333332 0.9112654328125 0.20370370416666667 0.905671296875 0.20167824166666665 0.9006558640625 0.19791666666666666 0.8962191359375 0.18518518541666668 0.8946759265625 0.17737268541666668 0.8908179015625001 0.17071759166666667 0.8867669749999999 0.16927083333333334 0.8802083328125001 0.17795138958333334 0.8761574078125 0.18518518541666668 0.875578703125 0.18894675833333335 0.8728780859375 0.19646990833333333 0.871527778125 0.21267361041666666 0.8709490734375 0.2129629625 0.8709490734375 0.21527777708333332 0.87017746875 0.21643518541666668 0.87017746875 0.21875 0.8690200625 0.222511575 0.8690200625 0.24189814791666667 0.8688271609375 0.2479745375 0.8682484562499999 0.24826388958333334 0.8682484562499999 0.26851851875 0.8688271609375 0.26880787083333335 0.869598765625 0.27401620416666667 0.8709490734375 0.27546296249999996
0 0.324266975 0.013020833333333334 0.3250385796875 0.012442129166666668 0.3250385796875 0.01085069375 0.324266975 0.010416666666666666 0.3250385796875 0.009259258333333333 0.3244598765625 0.00868055625 0.3244598765625 0.00491898125 0.3238811734375 0.010706018749999999 0.3244598765625 0.015335647916666667 0.3248456796875 0.014178241666666667 0.324266975 0.013020833333333334
0 0.33680555624999997 0 0.33680555624999997 0.005208333333333333 0.3342978390625 0.009259258333333333 0.33294753125 0.018807870833333334 0.33159722187499996 0.02112268541666667 0.3302469140625 0.028067129166666666 0.3279320984375 0.032986110416666665 0.327546296875 0.037326389583333335 0.3269675921875 0.03761574166666667 0.3269675921875 0.040798610416666665 0.325617284375 0.04832175833333333 0.3250385796875 0.048611110416666665 0.325617284375 0.05526620416666667 0.32773919687499997 0.058449074999999996 0.3300540125 0.059895833333333336 0.3323688265625 0.06365740833333333 0.3342978390625 0.06452546249999999 0.338348765625 0.06365740833333333 0.34510030937499997 0.05584490833333333 0.3460648140625 0.05555555625 0.347608025 0.052083333333333336 0.351080246875 0.04745370416666667 0.356867284375 0.043113425000000004 0.35841049375 0.03935185208333333 0.36033950625 0.037326389583333335 0.36091820937499997 0.035011574999999996 0.36207561718750003 0.03356481458333334 0.3668981484375 0.03125 0.369598765625 0.02835648125 0.37152777812500004 0.019965277083333333 0.37152777812500004 0 0.33680555624999997 0
0 0.7849151234375 0 0.7849151234375 0.0017361104166666666 0.7866512343750001 0.00289351875 0.78800154375 0.0057870375 0.7932098765625 0.008391204166666666 0.7957175921874999 0.015335647916666667 0.7966820984375 0.015625 0.7976466046875 0.017361110416666665 0.800347221875 0.027777777083333333 0.80169753125 0.030381943749999998 0.8026620375 0.03761574166666667 0.8036265437500001 0.03877314791666667 0.8038194437499999 0.040798610416666665 0.8055555562500001 0.04369212916666666 0.8057484562499999 0.04600694375 0.80767746875 0.05034722291666667 0.8103780859375 0.05179398125 0.81732253125 0.05179398125 0.8196373453125 0.05555555625 0.8254243828125001 0.058738425000000004 0.83101851875 0.06365740833333333 0.8342978390625 0.06481481458333334 0.8395061734375 0.06510416666666667 0.8449074078125 0.06365740833333333 0.8497299375 0.05960648125 0.85146605 0.05526620416666667 0.8506944437499999 0.046875 0.8510802468750001 0.03964120416666667 0.8503086421875 0.03414351875 0.8483796296874999 0.027777777083333333 0.8483796296874999 0.02575231458333333 0.8470293203124999 0.023726852083333336 0.8468364203125001 0.021701389583333335 0.8456790125 0.019675925 0.8456790125 0.017361110416666665 0.8449074078125 0.016493056250000002 0.8435570984374999 0 0.7849151234375 0
0 0.31385030937499997 0.5367476854166667 0.3215663578125 0.5364583333333334 0.32542438281249997 0.5381944437499999 0.3279320984375 0.5410879625 0.3346836421875 0.54398148125 0.33506944375000003 0.5451388895833333 0.337384259375 0.5457175916666667 0.3375771609375 0.5465856479166666 0.34278549375 0.5480324083333333 0.34510030937499997 0.5503472229166667 0.3522376546875 0.5526620375 0.353009259375 0.5515046291666666 0.3543595671875 0.5442708333333334 0.3595679015625 0.5332754625 0.36072530937499997 0.5289351854166667 0.366705246875 0.52054398125 0.371141975 0.5162037041666667 0.37229938281249997 0.5144675916666667 0.3726851859375 0.511863425 0.37229938281249997 0.504050925 0.3717206796875 0.5034722229166666 0.37152777812500004 0.5011574083333333 0.3707561734375 0.49855324166666665 0.3688271609375 0.49652777708333334 0.367669753125 0.49305555624999997 0.3668981484375 0.49247685208333336 0.3668981484375 0.4904513895833333 0.3655478390625 0.48755787083333335 0.3649691359375 0.47627314791666664 0.36419753125 0.47511574166666665 0.36419753125 0.47366898125 0.3614969140625 0.46875 0.3576388890625 0.46672453750000004 0.35783179062500003 0.46527777708333334 0.36033950625 0.4635416666666667 0.36072530937499997 0.45949074166666665 0.35976080312500003 0.456886575 0.3595679015625 0.45283564791666664 0.35841049375 0.4513888895833333 0.3576388890625 0.4479166666666667 0.356867284375 0.44733796249999996 0.356867284375 0.44589120416666667 0.354938271875 0.44212962916666665 0.35262345625 0.4401041666666667 0.3508873453125 0.44068287083333335 0.3474151234375 0.44415509166666667 0.3454861109375 0.44502314791666664 0.3420138890625 0.449074075 0.3385416671875 0.44849537083333335 0.32851080312500003 0.44241898125 0.3238811734375 0.44589120416666667 0.316358025 0.46296296249999996 0.3155864203125 0.47164351875 0.315007715625 0.47193287083333335 0.31153549375 0.49160879583333333 0.3103780859375 0.49421296249999996 0.30902777812500004 0.5072337958333333 0.3084490734375 0.5075231479166666 0.3082561734375 0.5138888895833333 0.30767746875 0.5141782416666667 0.3065200625 0.5208333333333334 0.3063271609375 0.5295138895833333 0.307098765625 0.5315393520833334 0.31288580312500003 0.5344328708333334 0.31385030937499997 0.5367476854166667
0 0.3709490734375 0.43547453750000004 0.37152777812500004 0.4357638895833333 0.3717206796875 0.4392361104166667 0.37364969062500003 0.44212962916666665 0.375578703125 0.45023148125 0.3807870375 0.45804398125 0.3834876546875 0.464699075 0.3846450625 0.46556712916666665 0.3863811734375 0.46961805624999997 0.3886959875 0.472511575 0.39023919687499997 0.47685185208333336 0.39409722187499996 0.47598379583333333 0.39544753125 0.472800925 0.395061728125 0.45428240833333333 0.3956404328125 0.44849537083333335 0.39544753125 0.44328703750000004 0.39351851875 0.4322916666666667 0.3908179015625 0.42621527708333334 0.38908179062500003 0.42476851875 0.388117284375 0.421875 0.3834876546875 0.41724537083333335 0.381365740625 0.41695601875 0.3769290125 0.41435185208333336 0.3697916671875 0.41464120416666667 0.369598765625 0.4241898145833333 0.37017746875 0.42766203750000004 0.3707561734375 0.4279513895833333 0.3709490734375 0.43547453750000004
0 0.7687114203125 0.13396990833333333 0.7771990734374999 0.13946759166666667 0.780864196875 0.14033564791666667 0.7831790125 0.14004629583333333 0.7883873453125 0.13165509166666667 0.7897376546875 0.13136574166666667 0.7922453703125 0.12847222291666666 0.7970679015625 0.125 0.7989969140625 0.120949075 0.79976851875 0.1151620375 0.7988040125 0.11371527708333334 0.7957175921874999 0.113425925 0.7712191359375 0.11400462916666668 0.7679398140625 0.11545138958333333 0.7677469140625 0.11892361041666667 0.7671682093750001 0.1192129625 0.7671682093750001 0.12847222291666666 0.7677469140625 0.12876157500000002 0.7679398140625 0.13223379583333333 0.7687114203125 0.13396990833333333
0 0.75790895 0.06857638958333333 0.7571373453125 0.06973379583333333 0.7571373453125 0.07175925833333333 0.7552083328125 0.07465277708333334 0.7552083328125 0.08159722291666666 0.756365740625 0.08362268541666666 0.7571373453125 0.09664351875 0.75771605 0.09693287083333332 0.75790895 0.10040509166666665 0.7584876546875 0.10069444375 0.7584876546875 0.10271990833333335 0.7606095671875 0.105324075 0.7613811734375 0.10763888958333333 0.7658179015625 0.109375 0.78896605 0.109375 0.7932098765625 0.11053240833333335 0.7945601859375 0.11197916666666667 0.8043981484374999 0.11197916666666667 0.8043981484374999 0.11082175833333333 0.8063271609375 0.10792824166666667 0.8092206796875001 0.097511575 0.8117283953125 0.09201388958333333 0.8155864203125001 0.08622685208333333 0.8155864203125001 0.07465277708333334 0.815007715625 0.07089120416666667 0.813850309375 0.06886574166666667 0.8117283953125 0.06134259166666667 0.8092206796875001 0.0567129625 0.8082561734375 0.05034722291666667 0.8057484562499999 0.04571759166666667 0.8043981484374999 0.0390625 0.8024691359375 0.03674768541666666 0.8024691359375 0.03472222291666667 0.7999614203125 0.02633101875 0.7989969140625 0.020254629166666666 0.7970679015625 0.015625 0.7951388890625 0.013888889583333335 0.793402778125 0.008969908333333334 0.7897376546875 0.009259258333333333 0.78896605 0.0078125 0.7849151234375 0.006076389583333333 0.782600309375 0.003761575 0.7758487656249999 0.003761575 0.7714120375 0.013020833333333334 0.7706404328125 0.01851851875 0.7710262343750001 0.026041666666666668 0.7698688265625 0.032986110416666665 0.7658179015625 0.03761574166666667 0.7598379625 0.03819444375 0.7571373453125 0.03964120416666667 0.754436728125 0.042824074999999996 0.754436728125 0.05410879583333333 0.7559799375 0.05613425833333333 0.75790895 0.06394675833333334 0.75790895 0.06857638958333333
0 0.1433256171875 0 0.14313271562500002 0.0020254625 0.1394675921875 0.003761575 0.136188271875 0.0078125 0.13271605 0.014178241666666667 0.13213734531250002 0.014178241666666667 0.1307870375 0.022569443749999998 0.1282793203125 0.025173610416666665 0.1280864203125 0.027199075 0.1282793203125 0.050636574999999996 0.1280864203125 0.05960648125 0.12750771562500002 0.060763889583333335 0.1280864203125 0.06105324166666667 0.1282793203125 0.06365740833333333 0.1309799375 0.06510416666666667 0.1365740734375 0.06539351875 0.140625 0.06857638958333333 0.14409722187500001 0.07841435208333333 0.1446759265625 0.07870370416666667 0.1448688265625 0.08159722291666666 0.14544753125 0.081886575 0.1462191359375 0.0859375 0.147955246875 0.08825231458333334 0.1487268515625 0.09114583333333333 0.15142746875 0.09519675833333333 0.155864196875 0.09722222291666666 0.1593364203125 0.1015625 0.1595293203125 0.10387731458333334 0.1620370375 0.1073495375 0.16415895 0.113425925 0.1699459875 0.11950231458333334 0.1707175921875 0.12557870416666667 0.171296296875 0.12586805625 0.172260803125 0.12962962916666668 0.17438271562500002 0.13165509166666667 0.1761188265625 0.13541666666666666 0.17881944375 0.13802083333333334 0.1813271609375 0.13888888958333334 0.1853780859375 0.1385995375 0.18730709843749999 0.13715277708333332 0.19232253125 0.13570601875000002 0.1940586421875 0.136574075 0.19521605 0.13888888958333334 0.19540895 0.14236111041666666 0.19598765468749998 0.14293981458333332 0.19598765468749998 0.14756944375 0.1973379625 0.14988425833333335 0.1973379625 0.15190972291666668 0.1979166671875 0.152199075 0.1981095671875 0.15451388958333334 0.1994598765625 0.15740740833333333 0.2077546296875 0.16174768541666668 0.21277006250000002 0.1660879625 0.21624228437499998 0.16724537083333332 0.21739969062500003 0.16869212916666668 0.21817129687499998 0.17158564791666667 0.21778549374999998 0.17534722291666668 0.21875 0.18200231458333332 0.22010030937499997 0.183738425 0.2249228390625 0.18518518541666668 0.22839506250000002 0.18836805625 0.23070987656250003 0.19415509166666667 0.232831790625 0.19646990833333333 0.234760803125 0.19762731458333332 0.238233025 0.19762731458333332 0.2438271609375 0.1932870375 0.2459490734375 0.19010416666666666 0.2519290125 0.18489583333333334 0.2555941359375 0.18055555625 0.257330246875 0.17708333333333334 0.259259259375 0.175636575 0.2600308640625 0.17274305625 0.261188271875 0.17129629583333333 0.261188271875 0.16927083333333334 0.2619598765625 0.16840277708333332 0.2619598765625 0.16348379583333333 0.261188271875 0.16232638958333334 0.261188271875 0.160300925 0.26215277812500004 0.1582754625 0.26909722187499996 0.15740740833333333 0.27256944375000003 0.15480324166666665 0.275848765625 0.15075231458333332 0.277391975 0.14670138958333334 0.2779706796875 0.13917824166666665 0.27854938281249997 0.1385995375 0.2789351859375 0.12991898125 0.28202160468750004 0.12442129583333333 0.2831790125 0.12384259166666665 0.2870370375 0.11631944375 0.28915894999999997 0.10474537083333332 0.2893518515625 0.09664351875 0.2862654328125 0.07957175833333333 0.2843364203125 0.074074075 0.2814429015625 0.07089120416666667 0.27989969062500003 0.066550925 0.2766203703125 0.06163194375 0.27449845625 0.059895833333333336 0.2712191359375 0.05410879583333333 0.2698688265625 0.05005787083333334 0.2698688265625 0.043113425000000004 0.2712191359375 0.040798610416666665 0.2712191359375 0.03964120416666667 0.2756558640625 0.03674768541666666 0.2835648140625 0.03674768541666666 0.2878086421875 0.03790509166666667 0.28993055624999997 0.04050925833333333 0.291473765625 0.040798610416666665 0.2926311734375 0.042824074999999996 0.29610339531249996 0.045138889583333335 0.296875 0.04658564791666667 0.3015046296875 0.04832175833333333 0.3030478390625 0.05034722291666667 0.3072916671875 0.05121527708333333 0.31346450625 0.04832175833333333 0.3144290125 0.04745370416666667 0.3157793203125 0.04253472291666667 0.3175154328125 0.04021990833333333 0.317901234375 0.036458333333333336 0.32021605000000003 0.028067129166666666 0.3206018515625 0.021701389583333335 0.319830246875 0.019386575 0.319830246875 0.014467591666666666 0.3209876546875 0.0078125 0.3190586421875 0.0031828708333333333 0.3171296296875 0.0014467583333333332 0.3171296296875 0 0.2791280859375 0 0.2789351859375 0.0020254625 0.2750771609375 0.0020254625 0.2746913578125 0 0.1433256171875 0
0 0.9911265437500001 0.15625 0.994598765625 0.15653935208333333 0.9980709875 0.15451388958333334 0.9998070984374999 0.15451388958333334 0.9998070984374999 0.12528935208333333 0.994598765625 0.12644675833333333 0.9926697531249999 0.13136574166666667 0.9905478390625 0.13310185208333333 0.989776234375 0.13570601875000002 0.987847221875 0.13715277708333332 0.9847608031249999 0.14380787083333332 0.9845679015625001 0.15075231458333332 0.9855324078125 0.15104166666666666 0.987847221875 0.15451388958333334 0.9911265437500001 0.15625
0 0.9718364203125001 0 0.9718364203125001 0.0017361104166666666 0.969328703125 0.003761575 0.9691358031249999 0.0057870375 0.965277778125 0.011863425 0.965277778125 0.013888889583333335 0.96392746875 0.015914352083333333 0.9625771609375 0.020254629166666666 0.9618055562500001 0.026041666666666668 0.9604552468750001 0.029803241666666664 0.9598765437500001 0.03616898125 0.9592978390625 0.036458333333333336 0.9592978390625 0.040798610416666665 0.96084105 0.04224537083333334 0.966242284375 0.04340277708333333 0.9706790125 0.04716435208333333 0.9720293203124999 0.05121527708333333 0.9762731484374999 0.05584490833333333 0.9791666671874999 0.06105324166666667 0.9810956796875001 0.07378472291666666 0.9810956796875001 0.0859375 0.978009259375 0.09201388958333333 0.9758873453125 0.09317129583333333 0.9743441359375 0.09548611041666667 0.9720293203124999 0.09606481458333334 0.971257715625 0.097511575 0.970100309375 0.10445601875 0.96875 0.10677083333333333 0.9685570984374999 0.109375 0.969328703125 0.10995370416666667 0.971257715625 0.11631944375 0.97646605 0.12326388958333333 0.9774305562500001 0.12644675833333333 0.9799382718749999 0.12818287083333332 0.985725309375 0.1270254625 0.9905478390625 0.12210648125 0.9932484562499999 0.12065972291666666 0.9940200625 0.1192129625 0.9972993828125001 0.11747685208333333 0.9984567906249999 0.11574074166666667 0.9998070984374999 0.11574074166666667 0.9998070984374999 0.004629629166666666 0.9980709875 0.004629629166666666 0.9957561734375 0.0017361104166666666 0.9957561734375 0 0.9718364203125001 0
0 0.3352623453125 0.11226851875 0.33699845625 0.11197916666666667 0.3371913578125 0.11111111041666667 0.3557098765625 0.10908564791666667 0.3616898140625 0.10590277708333334 0.36419753125 0.10214120416666667 0.34027777812500004 0.08883101875 0.3342978390625 0.08825231458333334 0.33159722187499996 0.08940972291666666 0.330632715625 0.09143518541666666 0.32773919687499997 0.09346064791666667 0.327546296875 0.09519675833333333 0.32658179062500003 0.0957754625 0.3231095671875 0.1015625 0.3229166671875 0.10387731458333334 0.3223379625 0.10416666666666667 0.32118055624999997 0.10850694375 0.32118055624999997 0.11053240833333335 0.3231095671875 0.11255787083333332 0.32773919687499997 0.113136575 0.3352623453125 0.11226851875
0 0.3177083328125 0.14699074166666665 0.3171296296875 0.15798611041666666 0.318865740625 0.16927083333333334 0.3196373453125 0.19097222291666668 0.32021605000000003 0.191261575 0.3209876546875 0.19589120416666667 0.3229166671875 0.199074075 0.3244598765625 0.20601851875000002 0.325617284375 0.20775462916666668 0.32658179062500003 0.21151620416666667 0.3304398140625 0.21817129583333333 0.33101851875 0.2207754625 0.33294753125 0.22337962916666668 0.3339120375 0.22916666666666666 0.33699845625 0.234375 0.33699845625 0.23755787083333332 0.338348765625 0.23871527708333332 0.3456790125 0.23784722291666668 0.3474151234375 0.23582175833333335 0.3535879625 0.23177083333333334 0.3591820984375 0.22424768541666668 0.36207561718750003 0.22540509166666667 0.36631944375000003 0.23148148124999998 0.3726851859375 0.23495370416666667 0.375 0.23871527708333332 0.37654320937499997 0.23987268541666668 0.3786651234375 0.24334490833333333 0.38290894999999997 0.25347222291666666 0.3894675921875 0.26215277708333334 0.39023919687499997 0.26533564791666664 0.39216820937499997 0.26707175833333335 0.39409722187499996 0.2717013895833333 0.3967978390625 0.27401620416666667 0.400848765625 0.27256944375000003 0.40817901250000005 0.2635995375 0.40817901250000005 0.26244212916666665 0.410108025 0.25925925833333335 0.410108025 0.25752314791666664 0.4112654328125 0.2554976854166667 0.4128086421875 0.24884259166666667 0.42206790156249996 0.23784722291666668 0.4261188265625 0.22685185208333333 0.42920524687499995 0.222800925 0.4353780859375 0.21932870416666667 0.43672839531249996 0.21759259166666667 0.4386574078125 0.207175925 0.4425154328125 0.19502314791666667 0.4446373453125 0.191550925 0.44733796249999996 0.1895254625 0.4498456796875 0.18894675833333335 0.45081018593750005 0.18692129583333333 0.45408950625 0.18489583333333334 0.45987654375 0.17881944375 0.46180555625 0.17534722291666668 0.4621913578125 0.17332175833333335 0.46392746875 0.17100694375 0.46527777812500004 0.16579861041666666 0.46527777812500004 0.1620370375 0.46392746875 0.15509259166666667 0.463348765625 0.14380787083333332 0.45659722187499996 0.12326388958333333 0.45659722187499996 0.1192129625 0.45794753125 0.11660879583333333 0.45871913593749997 0.11082175833333333 0.45717592656250006 0.10619212916666668 0.4552469140625 0.1035879625 0.4513888890625 0.09519675833333333 0.45003857968750005 0.089699075 0.450617284375 0.07494212916666668 0.4481095671875 0.07175925833333333 0.4459876546875 0.06568287083333334 0.44425154375 0.06365740833333333 0.44328703750000004 0.060763889583333335 0.44155092656250006 0.05960648125 0.43942901250000005 0.05613425833333333 0.43807870312499997 0.05555555625 0.435956790625 0.05179398125 0.43132716093749995 0.04774305625 0.4176311734375 0.04195601875 0.4147376546875 0.03935185208333333 0.4041280859375 0.03964120416666667 0.40393518593750005 0.04050925833333333 0.40007716093749995 0.04224537083333334 0.3967978390625 0.04629629583333333 0.3948688265625 0.05237268541666666 0.39409722187499996 0.052951389583333335 0.3927469140625 0.06134259166666667 0.39216820937499997 0.06163194375 0.39216820937499997 0.06365740833333333 0.3904320984375 0.06741898125 0.390046296875 0.07175925833333333 0.3894675921875 0.07204861041666667 0.388117284375 0.07783564791666667 0.3869598765625 0.07928240833333335 0.3844521609375 0.08651620416666667 0.38290894999999997 0.08767361041666667 0.38290894999999997 0.08854166666666667 0.37635030937499997 0.097511575 0.3761574078125 0.09982638958333333 0.375 0.10214120416666667 0.375578703125 0.105324075 0.3738425921875 0.10792824166666667 0.37152777812500004 0.109375 0.3651620375 0.11111111041666667 0.361882715625 0.113425925 0.3508873453125 0.1151620375 0.3487654328125 0.11660879583333333 0.3425925921875 0.11776620416666667 0.3248456796875 0.11950231458333334 0.3196373453125 0.121238425 0.3177083328125 0.1229745375 0.3177083328125 0.1267361104166667 0.3171296296875 0.12847222291666666 0.3171296296875 0.14496527708333332 0.3177083328125 0.14699074166666665
0 0.4481095671875 0 0.4481095671875 0.0014467583333333332 0.4446373453125 0.007523147916666667 0.4434799375 0.011284722916666667 0.4434799375 0.02112268541666667 0.4446373453125 0.02633101875 0.4459876546875 0.02893518541666667 0.44618055625 0.03211805625 0.4459876546875 0.03848379583333333 0.44540895 0.03877314791666667 0.44540895 0.04571759166666667 0.4459876546875 0.04600694375 0.44618055625 0.04803240833333333 0.4479166671875 0.050925925000000004 0.4488811734375 0.05526620416666667 0.450617284375 0.058738425000000004 0.4519675921875 0.06712962916666668 0.45389660468750004 0.07002314791666667 0.45621142031249995 0.07638888958333333 0.46006944375 0.08043981458333334 0.46797839531249996 0.07841435208333333 0.47164351875 0.07638888958333333 0.4747299375 0.07349537083333332 0.47743055625 0.06857638958333333 0.48090277812500004 0.06684027708333334 0.4826388890625 0.07060185208333333 0.481867284375 0.08072916666666667 0.4832175921875 0.0859375 0.48572530937499997 0.08738425833333333 0.48746142031249995 0.089988425 0.49266975312500005 0.09317129583333333 0.5032793203125 0.1035879625 0.5135030859375 0.11053240833333335 0.515239196875 0.113425925 0.5167824078125001 0.11371527708333334 0.519097221875 0.11631944375 0.5198688265625 0.1151620375 0.5241126546875 0.113425925 0.52835648125 0.10966435208333333 0.5331790125 0.10763888958333333 0.5333719140625 0.10677083333333333 0.5378086421875 0.10387731458333334 0.5435956796875 0.09722222291666666 0.54783950625 0.09403935208333333 0.5484182093750001 0.09259259166666665 0.550347221875 0.09143518541666666 0.5534336421875 0.08738425833333333 0.55767746875 0.08564814791666667 0.5617283953125 0.081886575 0.5636574078125001 0.07783564791666667 0.5644290125 0.07523148125 0.5644290125 0.07089120416666667 0.5657793203125 0.06857638958333333 0.5675154328125 0.06799768541666666 0.5734953703125 0.0703125 0.5837191359375 0.07204861041666667 0.5883487656249999 0.07175925833333333 0.58892746875 0.07060185208333333 0.58892746875 0.060763889583333335 0.586419753125 0.05613425833333333 0.5850694437499999 0.05497685208333333 0.58294753125 0.05034722291666667 0.586419753125 0.044270833333333336 0.5868055562500001 0.032986110416666665 0.5877700625 0.027777777083333333 0.5883487656249999 0.027199075 0.5883487656249999 0.019965277083333333 0.5877700625 0.019386575 0.5875771609375 0.015914352083333333 0.586419753125 0.011574075 0.5837191359375 0.007233795833333333 0.5817901234375 0.006076389583333333 0.5802469140625 0.0031828708333333333 0.578703703125 0.0020254625 0.5783179015625 0 0.4481095671875 0
0 0.8024691359375 0.16724537083333332 0.802276234375 0.175925925 0.8038194437499999 0.17939814791666667 0.8148148140625 0.175925925 0.8229166671874999 0.16898148124999998 0.8304398140625 0.168113425 0.8323688265625 0.16724537083333332 0.8337191359375 0.16550925833333335 0.8339120375 0.16377314791666667 0.8348765437500001 0.16290509166666667 0.8356481484374999 0.160300925 0.8375771609375 0.15190972291666668 0.8375771609375 0.14959490833333333 0.838348765625 0.14814814791666667 0.8395061734375 0.12991898125 0.8364197531249999 0.11776620416666667 0.8364197531249999 0.11053240833333335 0.83584105 0.10995370416666667 0.8356481484374999 0.105613425 0.834490740625 0.10214120416666667 0.8314043203124999 0.09722222291666666 0.8263888890625 0.0917245375 0.8225308640625 0.089988425 0.82040895 0.08767361041666667 0.8177083328125001 0.08680555625 0.8144290125 0.08767361041666667 0.8092206796875001 0.097511575 0.809027778125 0.10011574166666667 0.8084490734375 0.10040509166666665 0.8082561734375 0.10271990833333335 0.8057484562499999 0.10850694375 0.8049768515625001 0.113136575 0.8030478390625 0.11660879583333333 0.8024691359375 0.12413194375 0.8030478390625 0.14901620416666667 0.8036265437500001 0.14930555625 0.8042052468750001 0.15798611041666666 0.8024691359375 0.16724537083333332