0 0.0064694859375 0 0.0047314 0.13276647083333332 0.00834633125 0.13083145208333333 0.01107735 0.12786628958333332 0.015365126562500001 0.12594692916666667 0.0176519859375 0.12263490208333333 0.0194594515625 0.12166739374999999 0.021073465625000003 0.11833970625 0.03102994375 0.11184092708333333 0.0319446859375 0.11051611666666666 0.0319799203125 0.10782473541666666 0.033629167187499996 0.10180567083333333 0.0354586546875 0.09915605 0.0435371984375 0.09900753749999999 0.046035128125000005 0.09670999791666667 0.0467652265625 0.09235216458333334 0.0469590125 0.077549575 0.04643150625 0.06643197291666667 0.0455475921875 0.06540182708333334 0.0455784203125 0.06304686875 0.044263559375 0.060660591666666666 0.041260146875 0.05015841875 0.041312996875 0.046121347916666666 0.04199905625 0.04512773958333333 0.04491471875 0.04519559791666667 0.052021264062499996 0.05074538958333333 0.057399618750000006 0.05120708958333333 0.0607814609375 0.04993969583333333 0.061502753125 0.04625470833333333 0.06162166718749999 0.037171300000000004 0.060803815625 0.031094814583333335 0.05992430625 0.029728245833333333 0.060012390625 0.022999795833333333 0.0623741203125 0.013968585416666667 0.06266446406250001 0.00892746875 0.06496013125 0.004942595833333333 0.0712752515625 0.0023973708333333336 0.07151715 0.0010569 0.07287165 0.0004153729166666667 0.072932659375 0 0.0064694859375 0
0 0.17568181562500002 0.16736884791666667 0.1757258578125 0.16400462291666665 0.17502218125 0.16634392083333335 0.17568181562500002 0.16736884791666667
0 0.040324125 0.24161936458333333 0.041001375 0.2412986 0.04127850625 0.23726675 0.0428705 0.23562117708333333 0.043591790625 0.2319361875 0.04587865 0.22862416041666667 0.054168264062500006 0.22949013958333334 0.060346851562500005 0.23737401041666667 0.06503915 0.23882931666666665 0.0780474875 0.23913206458333333 0.0859149640625 0.23796906666666665 0.08823705625 0.2319656604166667 0.0885582296875 0.22456958541666666 0.0906296171875 0.22057949375 0.09088913125 0.21789333333333336 0.0915663796875 0.2175725708333333 0.0925604 0.21019215416666667 0.0927057390625 0.19909021249999997 0.094359390625 0.19273472291666666 0.0950366390625 0.19241395833333333 0.0953974515625 0.18199008125 0.096826821875 0.17562937083333333 0.09687967187499999 0.17159230416666665 0.10074090625000001 0.16798039166666667 0.10167767187500001 0.16497346666666665 0.10152385781249999 0.15958548749999998 0.0991448421875 0.15279962083333334 0.097161540625 0.1500612625 0.096312859375 0.14633973333333333 0.09120723281250001 0.14218260833333335 0.0860795828125 0.13970759791666668 0.08500221875 0.13631727291666668 0.0834498625 0.13493504375 0.08325200625 0.13291128958333334 0.08214821562499999 0.1315395 0.07298349531250001 0.12897052916666665 0.0712156671875 0.1269102375 0.07149720312499999 0.12254196458333334 0.0753320140625 0.12094858958333334 0.0813964265625 0.12041667916666668 0.08433851406250001 0.118466 0.08662977656250001 0.11481754999999999 0.08666060625000001 0.11246259374999999 0.08757094531250001 0.11147420416666667 0.0869641625 0.10641220833333334 0.0890223375 0.10343138333333333 0.0900119515625 0.09638738958333333 0.0900383765625 0.09436885416666667 0.088525659375 0.08995882291666667 0.0843127546875 0.086159 0.0838818078125 0.08480287083333334 0.076753240625 0.08093518958333333 0.067896484375 0.07197941041666667 0.058533907812499994 0.0673866875 0.053371025 0.06760305416666666 0.050846671875000006 0.07191912916666668 0.050776203124999995 0.07730188958333332 0.0500945515625 0.077959075 0.04979099375 0.08400946041666667 0.048379240625 0.08902447916666666 0.0484890125 0.09777668541666666 0.046866190625 0.10177721458333333 0.0396495390625 0.10463798541666666 0.0373802984375 0.10660432083333334 0.03440738125 0.11090995833333334 0.0318521984375 0.11758098958333334 0.0253172 0.11978457291666667 0.0203389609375 0.12303396250000001 0.0182807890625 0.12601478541666666 0.01082664375 0.12987960208333332 0.007862534375 0.13351239166666667 0.0053822234375 0.13446424375000002 0.0047005703125 0.13512142708333333 0.0029218875 0.2709890229166667 0.0150545015625 0.26963587916666665 0.019570964062499998 0.2673853166666667 0.022776971875 0.26241205624999997 0.0230364859375 0.25972589583333333 0.025323345312500002 0.25641386875 0.026207259375000003 0.25744401666666666 0.0322452484375 0.2589306416666667 0.035402809375 0.25765802708333335 0.0386220265625 0.2516755 0.040324125 0.24161936458333333
0 0.6129193046875 0.27177186249999996 0.6011245328125 0.28159310833333334 0.5978876953125 0.28892132499999995 0.5978524625 0.29161270624999996 0.5953193015625 0.296601625 0.589866075 0.30185911041666663 0.586928390625 0.30347336666666663 0.5850989046875 0.3061229875 0.5805868453125 0.308037125 0.579887575 0.3100400020833333 0.5773940515625 0.31200111875 0.5764352671874999 0.31669015625 0.574394709375 0.31832528958333334 0.567679471875 0.31715942708333333 0.5672441218750001 0.3161397208333333 0.5636644234375 0.31538335833333336 0.5621120687500001 0.31400113125 0.5536201937499999 0.31144782083333333 0.5397147296875 0.31112419166666666 0.5376697703125 0.31309574791666667 0.5365131296875 0.31576103125 0.537810371875 0.31949299583333335 0.5395737953124999 0.3218897125 0.53933596875 0.3400565291666667 0.542203184375 0.3438250333333333 0.5446042203125 0.3489287875 0.5527179984374999 0.34608889791666664 0.556983753125 0.34585165208333335 0.5607524984375 0.34930461458333334 0.5647763578125 0.3504078375 0.5681934328125 0.3464490645833333 0.572683471875 0.3462170375 0.574574284375 0.3560202708333333 0.5758891453125 0.35840654583333337 0.578756359375 0.36217505 0.584332571875 0.3646605041666667 0.603831865625 0.36612389375000004 0.616440084375 0.36271555625 0.616677578125 0.36171150625 0.6211632125000001 0.36181590208333336 0.62432958125 0.35987044583333333 0.6295012718749999 0.3589812333333333 0.6311020734375 0.3566628145833333 0.6313748015625 0.3529673875 0.6288155484375 0.34281207291666665 0.62769006875 0.32595962916666665 0.6239301296875001 0.32183382083333334 0.6224350296875001 0.3160781020833333 0.6240446390625001 0.3130868375 0.6325893640625 0.31160307708333335 0.634625515625 0.3103043645833334 0.636230721875 0.3076495229166667 0.6379328203125 0.29759338750000003 0.6380561375 0.2881735583333333 0.637440546875 0.28378440624999995 0.6350571281249999 0.27733496041666666 0.630633153125 0.2725206479166667 0.6230340015625 0.27032463958333336 0.6167497109375 0.27051490833333336 0.6129193046875 0.27177186249999996
0 0.42721774375 0.07865942083333333 0.42367327968749996 0.07521167916666666 0.415410090625 0.07232716666666666 0.41342678906249997 0.06958880833333334 0.41308392656250004 0.06150422916666667 0.41451329687499994 0.05514351875 0.4154236359375 0.05415513125 0.416382421875 0.04946609583333333 0.4177633453125 0.04680603333333333 0.417829409375 0.04175969583333334 0.41473350781249996 0.03832239375 0.4089286078125 0.03616814375 0.39547170781249996 0.03585495625 0.39165451562500003 0.036102641666666664 0.388030775 0.038710504166666666 0.38620569374999997 0.04102370416666667 0.3838527703125 0.049382068749999994 0.3845384953125 0.06555122916666667 0.3829156734375 0.06955176041666666 0.37892704843749997 0.06575715624999999 0.3768119546875 0.05594870416666667 0.37690884687500004 0.048547410416666666 0.3738613921875 0.04140946041666667 0.37143393125 0.03832423958333333 0.36742769062499997 0.03587532708333333 0.362924440625 0.037116618750000004 0.3579153734375 0.042720966666666665 0.3545291265625 0.04432478333333333 0.35156501875 0.04795757291666667 0.3510371796875 0.054002739583333334 0.35187264687500003 0.05873353125 0.353183103125 0.06145623125 0.3565253078125 0.06321664166666667 0.3655402828125 0.07722397499999999 0.365483028125 0.08159746666666666 0.3647837578125 0.08360034375 0.36317855312499997 0.08625518541666667 0.3631609359375 0.08760087708333333 0.36087848125 0.09057647916666665 0.353463640625 0.10857626249999999 0.35422864062500004 0.11868981666666666 0.35239441718750003 0.13883862708333333 0.35252180625 0.14624514375 0.35381904999999997 0.14997711041666667 0.355586878125 0.15203740416666667 0.3560046109375 0.1544028 0.3593380078125 0.15683605625 0.3628604515625 0.1619659104166667 0.364364359375 0.16704878541666668 0.3643335296875 0.16940374166666666 0.365213040625 0.17077031250000002 0.37530131093749997 0.171341625 0.37778602656250004 0.17005335416666664 0.3799848015625 0.17346977708333336 0.382108703125 0.18260538333333332 0.3842898625 0.18736749583333331 0.38584662187499996 0.18841330208333332 0.3880409921875 0.19216614791666667 0.3940481515625 0.19600772916666667 0.3942592203125 0.19702221875 0.3987184265625 0.19914514791666665 0.4031379984375 0.20429588125 0.40554784218749995 0.2087267916666667 0.4080721953125 0.20441071666666666 0.40834492187500004 0.20071528958333335 0.4097478671875 0.19637311458333334 0.413195771875 0.19005938541666667 0.4150076421875 0.18875545416666667 0.41735175625 0.18106993333333332 0.4221585640625 0.17377825416666667 0.42464327968750004 0.17248998125 0.42556683125 0.1704923270833333 0.42638501562500003 0.15940604374999998 0.4250745578125 0.15668334583333332 0.424889915625 0.15365032291666667 0.42200508281250004 0.15122750625 0.4218116296875 0.14886732916666665 0.42049236562500003 0.146817475 0.4212004453125 0.14414175624999997 0.4218865015625 0.14314814583333335 0.42412050937499995 0.1438731895833333 0.4274274796875 0.14832497916666665 0.42805628437500004 0.15170486458333335 0.42960863906249996 0.15308709166666665 0.4365613703125 0.15324890625 0.441988171875 0.15000995625 0.44358897343750003 0.1476915375 0.4434703921875 0.13961217916666666 0.43925748750000004 0.13581235416666668 0.439064034375 0.133452175 0.4402294859375 0.13011405 0.4445304765625 0.127185425 0.44465819843750004 0.11742917083333333 0.4373537953125 0.10985562291666667 0.4371603421875 0.10749544375 0.43344004218750004 0.10034183541666668 0.4324507609375 0.0902230625 0.42721774375 0.07865942083333333
0 0.149831578125 0.42824715625000004 0.1460496203125 0.4258034625 0.1442906 0.423070325 0.141172678125 0.42131513333333337 0.1391937796875 0.4182403520833333 0.1360758578125 0.4164851625 0.13091737812499998 0.41636510833333334 0.128428259375 0.41798980208333336 0.12676579999999998 0.4250181375 0.12424144687500001 0.4293342125 0.12065734374999999 0.4289142729166667 0.11889391875 0.42651755625000004 0.11895117343749999 0.42214406458333337 0.120560784375 0.4191528 0.12222324375 0.4121244645833333 0.12231132812500001 0.40539601458333335 0.1214362234375 0.40369302291666664 0.119650778125 0.40297842083333335 0.113344465625 0.4048508 0.10414010781250001 0.40530963541666665 0.10007661406249999 0.40723421249999997 0.096839778125 0.41456243125000003 0.0945617265625 0.41720161250000004 0.09336544687500001 0.42289469583333333 0.090396934375 0.4268639083333333 0.090146228125 0.42887722291666663 0.0817024671875 0.43978603541666667 0.079402396875 0.4441073291666667 0.0753212828125 0.44737759791666665 0.07300799999999999 0.45270815833333333 0.072545890625 0.47086975625 0.07273934374999999 0.4732299333333333 0.07470943125 0.47697755833333333 0.07627500000000001 0.47735052083333335 0.0787068640625 0.48009931875 0.087102178125 0.47289115416666666 0.091367934375 0.47265391041666666 0.0933644484375 0.47438300000000005 0.09259030625 0.48210505833333334 0.0895601359375 0.4907841854166667 0.0902065546875 0.49281838125 0.09009204531250001 0.5015653645833333 0.089388371875 0.5039046625 0.0900524078125 0.50459316875 0.0902326484375 0.5079626125 0.091565125 0.5090031979166667 0.0939661609375 0.5141069541666666 0.0945244953125 0.5228696 0.09962571875000001 0.5273631479166666 0.1027568546875 0.5281090708333334 0.10609025000000001 0.5305423229166667 0.10990744374999999 0.5302946375 0.112163471875 0.52933756875 0.11626220000000001 0.5247216104166667 0.12095042812500001 0.5093505708333333 0.12277110625000001 0.50737379375 0.125449275 0.5084457 0.1269796078125 0.5115100395833333 0.1305284765625 0.5146213604166666 0.14307503906250002 0.5159229354166667 0.1470592578125 0.5200539625 0.157173953125 0.5186067416666666 0.159680690625 0.51563635625 0.1596983078125 0.5142906666666667 0.16037555625 0.5139699020833334 0.16080243125 0.4984996875 0.16385462343749999 0.48813844791666666 0.1601211109375 0.48199410625 0.15707365625 0.4748561541666667 0.153968946875 0.47209169791666666 0.1538019203125 0.46771298541666667 0.161111059375 0.45778734374999996 0.1613661703125 0.45543760625 0.161163909375 0.453750275 0.155258046875 0.4421709729166666 0.155073403125 0.43913795208333334 0.1529274796875 0.43168445833333335 0.149831578125 0.42824715625000004
0 0.453033259375 0 0.4506412609375 0.0031499145833333336 0.44770357968749996 0.0047641687500000005 0.4460939703125 0.007755433333333334 0.443596040625 0.010052972916666668 0.4375841453125 0.023710581249999998 0.4374960609375 0.03043903125 0.43965960156249995 0.036546833333333334 0.4465110375 0.04444636666666667 0.4507459640625 0.046564077083333336 0.4509570328125 0.04757856458333333 0.45586920937500003 0.0493755125 0.4577031 0.04638946875 0.462676934375 0.043476502083333333 0.46589175000000005 0.037830395833333336 0.46614245624999995 0.03581708125 0.47230816718749996 0.027547454166666666 0.472550065625 0.026206983333333333 0.472985415625 0.027226689583333335 0.47657392187500003 0.02731020625 0.4783241328125 0.030716189583333334 0.478200815625 0.040136020833333334 0.48192992500000004 0.04661678333333333 0.481841840625 0.05334523333333333 0.4811601859375 0.05400242083333333 0.4808654375 0.0593799625 0.477905734375 0.06267632916666667 0.47621684843749995 0.07172319791666666 0.47389475625 0.07772660625 0.4735471578125 0.08714121458333332 0.4697692703125 0.10152386666666667 0.46955786718750003 0.11767214791666666 0.4703757171875 0.12374863125 0.4714707015625 0.12579326458333334 0.47523063906249996 0.12991907083333334 0.47991412968749997 0.13204722291666665 0.48511224531249997 0.129139475 0.4893868109375 0.12822938541666667 0.4957547796875 0.12164708958333333 0.49740843124999995 0.1152916 0.49855186093750004 0.11363558541666667 0.5003549234375 0.1130045 0.5019689374999999 0.1096768125 0.5053728000000001 0.10672730833333333 0.5090714125 0.0984002625 0.5093881812500001 0.09134060833333332 0.5100654312499999 0.09101984583333333 0.5101975578125 0.08092717083333333 0.509529115625 0.0805750875 0.508513409375 0.07247485000000001 0.5071985484375 0.07008857291666667 0.5072822296874999 0.06369654583333334 0.50979336875 0.0603897375 0.5098550281249999 0.05567982291666666 0.510532278125 0.05535906041666667 0.510782984375 0.05334574583333333 0.51281473125 0.05238345416666667 0.5166891796875 0.04776227708333333 0.5169663124999999 0.04373042708333333 0.5163419124999999 0.04001411875 0.5186816234375 0.03266502291666667 0.522551665625 0.028380264583333332 0.5225692828125 0.027034577083333334 0.526698840625 0.020063658333333335 0.5298872296875 0.016436089583333334 0.543388171875 0.013385052083333333 0.54746488125 0.010451206250000001 0.548159746875 0.008784752083333335 0.5482214046875 0.004074839583333333 0.5470835640625 0.00101963125 0.5032725921875 0 0.453033259375 0
0 0.1796836515625 0.17015418333333335 0.1790152109375 0.16980210208333332 0.17819295468750002 0.16406203958333335 0.17666262187499998 0.1609977 0.1717900828125 0.15617294791666667 0.16978035625000001 0.15545312500000003 0.16734849062499998 0.15270432708333334 0.1599560046875 0.15185922916666666 0.15527691875 0.14939465416666667 0.149894159375 0.1492693791666667 0.14430913750000002 0.14745677291666667 0.14094491250000002 0.147378475 0.136437259375 0.14895619166666665 0.1290623890625 0.14676540416666667 0.1236620125 0.14798581875 0.11529719375 0.17000179166666665 0.115209109375 0.17673024166666668 0.116084215625 0.17843323333333333 0.11603577031250001 0.18213388125 0.11669980625000001 0.18282238333333334 0.117297778125 0.18855722708333333 0.11652804218749999 0.1959428625 0.11469855468750001 0.19859248333333335 0.1131462 0.19721025625 0.10964577812500001 0.19039828958333332 0.106844625 0.18158344583333333 0.10213030468749999 0.18181025416666668 0.099869871875 0.18310374375 0.0998126171875 0.1874772375 0.09890668124999999 0.18812920208333334 0.09750814062499999 0.19213495416666668 0.0972354140625 0.19583038125 0.09562580312499999 0.1988216458333333 0.09457453125000001 0.21057555416666668 0.093189203125 0.21357203958333332 0.0907702171875 0.22697674166666668 0.089859878125 0.22796512916666664 0.0888350296875 0.2377005041666667 0.087418871875 0.24305194375 0.085167246875 0.2436725916666667 0.0836148921875 0.2422903625 0.0777879734375 0.241818225 0.06922563125 0.24464767708333335 0.06853516875 0.24597770625 0.0649202375 0.247912725 0.061678996875 0.25557736458333336 0.060948898437499996 0.2599351979166667 0.0606541484375 0.26531273958333335 0.061463190625 0.27206206875 0.0651834921875 0.27921567708333334 0.06966912343750001 0.27932007291666666 0.0712258828125 0.28036587916666666 0.071181840625 0.28373010416666666 0.0698053234375 0.28605374166666664 0.0697788984375 0.28807227916666667 0.07289681875000001 0.28982746875000004 0.0767316296875 0.28823409375 0.076755853125 0.28638376875000005 0.07765958437500001 0.28590001458333336 0.0783016015625 0.28827063124999996 0.0796340765625 0.28931121666666665 0.0896915203125 0.29223748749999995 0.09377263125 0.28896721875 0.09700065937499999 0.2823118458333333 0.0985794390625 0.28167553958333336 0.099225859375 0.2837097354166667 0.0991597953125 0.28875607291666666 0.09838125 0.29681455208333335 0.099674090625 0.3008829416666667 0.10340760156249999 0.30702728333333335 0.1036010546875 0.30938746041666665 0.10514460156250001 0.31144253541666667 0.1089309640625 0.31354980625 0.114771096875 0.313012675 0.123007859375 0.317915725 0.125875075 0.32168422916666667 0.13104202812500002 0.33829420624999995 0.1325987875 0.3393400125 0.13485041250000002 0.33871936458333335 0.13802118593749998 0.3364374854166667 0.1430654875 0.32814175833333337 0.14578329375000001 0.32618586041666664 0.1481097890625 0.31984603125 0.1506165265625 0.31687564791666667 0.1515841203125 0.31151376458333335 0.1522613703125 0.3111930020833333 0.1539898921875 0.29911832916666664 0.153849290625 0.29272108333333335 0.15256085625 0.28831627291666667 0.14551156406250002 0.2783929854166667 0.1455776265625 0.2733466479166667 0.147842465625 0.27171673333333335 0.15059109843750002 0.2674058791666667 0.1544259078125 0.2658125041666667 0.1566070671875 0.2705746145833333 0.1594742828125 0.27434312083333334 0.15967654375 0.27603045416666666 0.164315990625 0.28152282916666665 0.16787807187499998 0.2836248791666666 0.170749690625 0.2870569645833333 0.1785819328125 0.2885853458333333 0.181902115625 0.29202786875 0.1863745375 0.29314153125 0.19020053750000002 0.29222100208333335 0.19137039218750002 0.28854645416666663 0.19435211875 0.2835679729166667 0.19470852656249998 0.27348051874999996 0.1945106703125 0.2714567625 0.19384222812500002 0.27110468125 0.1930860359375 0.26031828125 0.1940932671875 0.25192859791666666 0.1934864859375 0.24686660000000002 0.1919517484375 0.24413868333333333 0.191771509375 0.24076923749999998 0.1911030671875 0.24041715416666667 0.1910109125 0.23031926041666667 0.19510083281249999 0.22637614583333335 0.1958177203125 0.22302757916666666 0.1953650859375 0.20619079583333333 0.19469664375 0.20583871458333333 0.1923792890625 0.19434293125 0.1849386890625 0.1800357125 0.181187559375 0.17523706041666667 0.1796836515625 0.17015418333333335
0 0.5665878171875 0.14348711666666666 0.5650927171875 0.13773139583333333 0.5622210984375 0.1342993125 0.5620232421875 0.13227555833333335 0.5623312046875 0.12588875 0.56439378125 0.12257150416666666 0.5655900609375 0.11687841875 0.5654010125 0.11418181875000001 0.564072940625 0.11280481041666666 0.5632154500000001 0.10975612916666666 0.56382696875 0.09731893541666665 0.5619317515625 0.08785212708333333 0.5621868625 0.08550238958333334 0.5633346968749999 0.08350995208333334 0.566501065625 0.08156449583333333 0.5665495125 0.07786384791666667 0.5632029046875 0.07643986041666667 0.55898559375 0.07297646041666667 0.554517578125 0.07152637291666666 0.55230999375 0.06878279583333334 0.543140871875 0.06655024791666667 0.5413642359375 0.0651628 0.5382198875 0.06542614375 0.536636703125 0.06639887291666667 0.535251375 0.06939535833333334 0.5350972281249999 0.08117014583333333 0.5363900671875 0.08523853541666666 0.5340723781250001 0.09090551875000001 0.5340459531249999 0.09292405416666667 0.5320142062500001 0.09388634166666666 0.530906009375 0.09285097708333333 0.529397696875 0.088104525 0.5242568359375 0.08663877708333333 0.5204924937500001 0.08284939375000001 0.5124274953125 0.06482586666666666 0.50861470625 0.06473713125 0.5070050968750001 0.06772839583333333 0.507176528125 0.07177068541666666 0.509995296875 0.07923983958333333 0.5102941171875 0.09068864166666667 0.507378121875 0.10778355416666667 0.5073076546874999 0.1131663125 0.509932971875 0.11827528749999999 0.511933890625 0.11966795625 0.5143525437500001 0.12342602083333333 0.5173867859375 0.13157323958333333 0.5169511015625 0.1477163 0.5130370156249999 0.15536528125 0.512773096875 0.15838786458333332 0.5113657468749999 0.16306646041666667 0.5106884984375 0.16338722291666666 0.5104069625000001 0.16775549583333332 0.5097253078125 0.16841268125 0.5095843734375001 0.17917820208333335 0.5104462671875 0.18189046041666668 0.514223821875 0.18467057916666668 0.5189953953125 0.18007027916666668 0.5237053109375001 0.18017989583333333 0.531295653125 0.18304874791666667 0.535715225 0.18819948125 0.5381162609375 0.1933032375 0.5386129359375 0.20677579583333333 0.541955140625 0.20853620625 0.546656246875 0.20931866666666668 0.5511727109375 0.20706810416666668 0.56049598125 0.19752586666666666 0.566595628125 0.194302575 0.5729768125 0.18671101041666666 0.5737289328124999 0.18067106458333332 0.5732278515625 0.16753492708333334 0.5725594109375 0.16718284583333334 0.5724672546875 0.15708495208333334 0.5711920328125 0.15167087083333333 0.5681401734375 0.14486934375 0.5665878171875 0.14348711666666666
0 0.7947893125000001 0.07207044374999999 0.7979732984375 0.06877929583333334 0.8018741703125001 0.06213958125 0.805731 0.05886409375 0.807129540625 0.05485834166666667 0.8105642328125 0.04955387916666667 0.81555128125 0.04563164375 0.8198170375 0.04539439791666667 0.8211363 0.04744425208333333 0.8199091921875 0.05549229375 0.81763995 0.057458631249999996 0.815102384375 0.06278397083333334 0.8089542906249999 0.06970791041666667 0.8077668203125 0.07472815000000001 0.804807115625 0.07802451666666667 0.804521175 0.08272921250000001 0.799890203125 0.09372676041666667 0.7991292734375001 0.10043955 0.7997933109375001 0.10112805416666666 0.8007958046875 0.1102375625 0.8020974515624999 0.11363310625 0.8040939671875 0.11536219583333333 0.8060596515625 0.11944624375 0.81570816875 0.11933427291666666 0.8190063296875 0.12445890833333334 0.8211082109375001 0.13527662499999998 0.827550721875 0.14013791666666667 0.8369309140625001 0.14338495 0.8459242015624999 0.14191162916666666 0.8518392046875001 0.13565531666666666 0.8578378875 0.123006975 0.8601203421875001 0.12003137083333333 0.8608372296875 0.11668280625 0.8629086156250001 0.11269271458333334 0.8665279515625001 0.11042127291666667 0.8679000671875 0.10843405833333333 0.8700859609375 0.09569697916666667 0.8730280484374999 0.09374630208333333 0.8795498343749999 0.09255198541666668 0.882052165625 0.08991802291666667 0.882307278125 0.08756828541666667 0.8843566421875 0.08526030625 0.8847042406250001 0.07584569583333334 0.8853814906249999 0.07552493333333334 0.8859313515625 0.06779765416666667 0.8861471578125 0.05131295208333333 0.885729421875 0.048947554166666664 0.8819871015625 0.04347605625 0.88179365 0.04111588125 0.878913221875 0.03835664166666666 0.8773961 0.03428303541666667 0.8749422156250001 0.033216347916666666 0.8714153671875 0.02842291875 0.8705578781250001 0.02537423541666667 0.8713144015625 0.018997866666666665 0.8757963906249999 0.008669904166666666 0.799480125 0.0068937625 0.7917516640625 0.01277134375 0.7915097656250001 0.014111816666666667 0.78697128125 0.018044489583333333 0.7855419125 0.024405197916666666 0.7852820640625 0.04425412708333333 0.7835623484375 0.05565595416666667 0.7834698609374999 0.06272082500000001 0.7847627 0.06678921458333333 0.7869702828125 0.06953279166666666 0.7947893125000001 0.07207044374999999
0 1 0.011560545833333333 0.90458855 0.009339995833333333 0.8991781796874999 0.015608054166666666 0.89587528125 0.027982608333333332 0.887242471875 0.036194818749999996 0.88585714375 0.03919130208333333 0.885593225 0.042213885416666666 0.886419884375 0.04761752291666667 0.8885966375000001 0.052716058333333336 0.8885437875 0.056753129166666666 0.8868637109374999 0.06512715416666666 0.8869338453125 0.07690716041666666 0.8881694296875 0.08534904166666667 0.891287353125 0.08710423125000001 0.9000343375 0.08730780416666667 0.9058436406249999 0.08912563125 0.906956240625 0.08982457708333333 0.9075938515624999 0.09253161458333332 0.907576234375 0.09387730625 0.9059710296875 0.09653214791666667 0.8977339328125 0.10879186666666667 0.89492804375 0.11747621666666667 0.89462008125 0.12386302291666666 0.895042221875 0.12589199791666666 0.9008515234375001 0.127709825 0.90239506875 0.12976489791666668 0.9029974468749999 0.13516331875 0.90231579375 0.13582050416666666 0.902214496875 0.14355822291666664 0.9028785328125 0.144246725 0.9028521078124999 0.1462652625 0.9052751640625001 0.1496869041666667 0.9040744796875 0.15571641041666667 0.90269355625 0.15837647083333334 0.9018797765625 0.16912633125 0.9025438125 0.1698148375 0.9024865578125001 0.17418832916666668 0.9057230625000001 0.18402287916666668 0.9076975562499999 0.18743408333333333 0.9078910078125 0.18979426041666667 0.91008978125 0.19321068333333333 0.9230981187499999 0.19351343125 0.9233356125000001 0.19250938541666668 0.9294220484375 0.19029536041666667 0.94030648125 0.18146250416666668 0.9470569515625 0.17993698541666667 0.95481465625 0.17002178333333334 0.958847321875 0.1704521625 0.9626336859375 0.17255943541666668 0.9628447546875 0.17357392083333334 0.9677525265625 0.17570729166666668 0.9707342515624999 0.17072881041666665 0.9733422828125 0.16002070833333332 0.9763284125 0.15470580625 0.9773400484374999 0.1459797 0.9787165671875 0.1436560625 0.9789804875 0.14063347916666666 0.9798864234375 0.1399815125 0.9825337609375 0.143408375 0.992371325 0.1459930041666667 0.9941435578125001 0.147716875 0.99522973125 0.15043435416666667 0.9989984796875 0.15388731666666666 1 0.15388599791666666 1 0.011560545833333333
0 0.4224665265625 0.16739144583333332 0.423245071875 0.15933296666666666 0.42263388593749995 0.15460739166666665 0.4208352265625 0.15490205625 0.42102427656249997 0.15759865625 0.4216883125 0.15828716041666666 0.4217936796875 0.16737578541666667 0.4224665265625 0.16739144583333332
0 0.3583175640625 0.16623500625 0.35392882187499997 0.15872931458333334 0.3501732890625 0.15426708541666667 0.34996662500000003 0.15291617500000002 0.34395065625 0.14974743958333334 0.333400609375 0.15017495208333334 0.32988256875 0.144708675 0.33016410625 0.14034040416666665 0.335406265625 0.13406843124999998 0.33657611875 0.13039388333333332 0.3409211515625 0.12410103125 0.3411850703125 0.12107844791666666 0.3418623203125 0.12075768541666668 0.3401869796875 0.11163251875 0.3375484515625 0.10753281041666667 0.336695365625 0.10414770625 0.33426790624999997 0.10106248749999999 0.330697015625 0.09963327916666667 0.32037125 0.10006601458333333 0.31945650625 0.10139082291666666 0.3165320359375 0.1019958125 0.31197593437500004 0.10727417708333334 0.30791684531249996 0.10886233333333334 0.3063116390625 0.111517175 0.30628961875 0.11319928750000001 0.3051594015625 0.11384603333333333 0.3005419734375 0.10667154375 0.300348521875 0.10431136458333333 0.29702393437499996 0.10120526666666667 0.29637311093749996 0.09950749583333333 0.2914653390625 0.09737412291666667 0.2897063203125 0.09464098541666667 0.28502282968750003 0.09251283541666666 0.2788134109375 0.08698391875000001 0.2734482671875 0.08551295625000001 0.2698377390625 0.08711155208333334 0.26798623125 0.09144328541666667 0.2657169890625 0.09340962083333333 0.26387869375 0.0967320875 0.2525368875 0.10622735208333332 0.250689784375 0.1102226625 0.25218928906250004 0.11564196041666668 0.25546542968749997 0.12244870833333334 0.2642913578125 0.13375944374999998 0.2649201609375 0.13713932916666666 0.264220890625 0.13914220416666667 0.2617229625 0.14143974374999999 0.257215309375 0.14301746041666666 0.24487100781249999 0.14340321666666667 0.24034133125 0.14666304583333334 0.2393781421875 0.15168850416666665 0.23618975312499998 0.15531607291666666 0.232961725 0.16197144583333334 0.231523546875 0.16900500208333333 0.231189159375 0.17741034375 0.23050750625 0.17806752916666665 0.23022597031249997 0.18243580208333335 0.22810173281249999 0.1904629625 0.2276657171875 0.22376879166666666 0.23143446406249998 0.22722175416666665 0.23572664531249998 0.22496597083333333 0.2408983359375 0.22407676041666666 0.2411358296875 0.2230727125 0.24429779375 0.22146367708333334 0.24767082812500002 0.22086912916666668 0.2531064390625 0.21695733333333334 0.25460594375 0.22237663333333335 0.250054246875 0.227318575 0.2490866515625 0.23268045624999997 0.249961759375 0.23438344791666665 0.2499309296875 0.23673840416666667 0.249016184375 0.23806321666666666 0.24898535625 0.24041817499999998 0.24670290156250002 0.24339377708333335 0.24636411093750002 0.25213554374999997 0.24719957812499999 0.2568663375 0.2496050171875 0.26163367083333333 0.25248985 0.26405648541666665 0.2605595859375 0.26458082083333334 0.26211634375 0.26562662708333334 0.26320692343749996 0.2680076833333333 0.2639807328125 0.2774483916666667 0.2661398703125 0.28389261875000005 0.2692049421875 0.2896848791666667 0.270682425 0.2967862895833333 0.273549640625 0.30055479583333333 0.2743895125 0.30494916666666666 0.2790465765625 0.30909585416666663 0.2844821875 0.30518405833333334 0.28653595625 0.30253965624999996 0.2939856984375 0.2990112604166667 0.2982910921875 0.2957462125 0.308625665625 0.2946406354166667 0.3145759015625 0.28569294166666664 0.326018671875 0.2856227270833333 0.3289563546875 0.2840084729166667 0.3303284703125 0.28202125625 0.3305879859375 0.27933509791666666 0.331265234375 0.27901433333333336 0.3313621265625 0.2716130395833333 0.3306936859375 0.27126095625 0.3294364140625 0.24733842083333332 0.3287679734375 0.2469863375 0.32861856093749997 0.24126193541666666 0.3279677390625 0.23956416249999998 0.3357254421875 0.22964896041666666 0.3397096609375 0.2337799875 0.3450924203125 0.2339052625 0.3520847921875 0.23103927291666665 0.3543584375 0.22873651666666667 0.35625398750000004 0.22104055416666668 0.357626103125 0.2190533395833333 0.35814072812500003 0.21401744166666664 0.36135554375 0.20837133541666666 0.3623143296875 0.2036823 0.36322466875 0.20269391041666665 0.3640560640625 0.19059836249999998 0.36347570937499996 0.18351782916666667 0.36280726875 0.18316574791666668 0.3617519234375 0.17809331041666668 0.359781834375 0.17434568333333333 0.358277925 0.16926280833333335 0.3583175640625 0.16623500625
0 0.551482821875 0.54326380625 0.55130258125 0.5398943625 0.5497634390624999 0.5375028645833333 0.5491346375 0.53412298125 0.5460431406249999 0.53034925625 0.5388881484375 0.5285001104166667 0.532814925 0.5297048666666667 0.5260424328125 0.5329124979166667 0.52183393125 0.5287762520833333 0.517590196875 0.5273313854166667 0.5164864046875 0.5259595958333334 0.5131221796875 0.5258813 0.5104087796875 0.5275007749999999 0.5089970265625 0.53251579375 0.508715490625 0.5368840645833333 0.5080338359375001 0.5375412520833333 0.5062921 0.5506251895833334 0.5056148515625 0.5509459541666666 0.5055840218750001 0.5533009124999999 0.5039567953125 0.5576378645833333 0.5023559953125 0.5599562854166666 0.5031914609375 0.5646870770833333 0.506762353125 0.5661162854166667 0.508745653125 0.56885464375 0.5129717703125001 0.5716451979166667 0.5176684734375 0.5727640833333333 0.5178795421875 0.5737785708333334 0.5196649875 0.5744931750000001 0.5207555671875 0.5768742291666666 0.5213095 0.5859732958333334 0.5233104171875 0.5873659666666666 0.524396590625 0.59008344375 0.5266217921874999 0.5914813333333334 0.530430175 0.5919064916666666 0.5374269484374999 0.5887040812500001 0.5419169875 0.5884720541666667 0.5461254890625 0.5926083 0.54986340625 0.59841621875 0.552862746875 0.59209205 0.5531266671874999 0.5890694666666667 0.5551848390624999 0.5860886416666666 0.5563811203125 0.5803955604166667 0.5611659062500001 0.5747859916666667 0.5610032828125 0.57007085625 0.5588793796875 0.56093525 0.5535847046875 0.5540815250000001 0.5521072203124999 0.5469801145833333 0.5521512625 0.5436158895833334 0.551482821875 0.54326380625
0 0.24815577656249999 0.6122590020833333 0.2450863015625 0.6068031645833333 0.24263681875 0.6054000562499999 0.238155590625 0.6049592395833333 0.2334148453125 0.60720458125 0.23249129218750003 0.6092022354166667 0.23022645625 0.61083215 0.2292852859375 0.6141754958333333 0.2272271140625 0.6171563208333333 0.218475725 0.6172891708333333 0.21801394843750002 0.6182879979166667 0.208545671875 0.6217694145833333 0.205590371875 0.6247293583333333 0.19996571406250002 0.6259445541666667 0.19675970781250002 0.6309178145833333 0.19533914531250002 0.6366056791666667 0.1964910515625 0.6514395895833334 0.1971550875 0.6521280916666666 0.1971022359375 0.6561651625 0.19859293281249998 0.66225730625 0.20251549375 0.6710982479166667 0.20340821562500003 0.6714555499999999 0.205593778125 0.6758812416666667 0.209366928125 0.6789977791666666 0.22013244843750002 0.6792483291666667 0.2291477578125 0.6760928979166666 0.2332420828125 0.6718133604166667 0.2344075328125 0.6684752354166666 0.23428014375 0.6610687208333333 0.23339622968749998 0.6600385729166667 0.2336865734375 0.6549974562499999 0.23892432968750002 0.6490619062499999 0.24231497968750002 0.6471216666666667 0.2467565703125 0.6505902875 0.255257253125 0.6524707541666667 0.2584412375 0.6491796062499999 0.2593868109375 0.6454998375 0.26236413281250004 0.6408577791666666 0.2648183515625 0.6247616979166666 0.26494166875 0.6153418666666667 0.2640929875 0.6116203395833334 0.2627605109375 0.6105797541666667 0.25760203125 0.6104596979166667 0.2546775625 0.6110646875000001 0.2506052578125 0.6136621104166667 0.24815577656249999 0.6122590020833333
0 0.7498081484375 0.61181926875 0.7469849749999999 0.6046865374999999 0.7470202078125 0.6019951583333333 0.7463517671875 0.6016430770833333 0.7453052296875 0.59589779375 0.7431020515625 0.59281779375 0.7408636390625001 0.5924291729166666 0.737046446875 0.5926768583333334 0.7336513921875001 0.59495351875 0.7262192671875 0.5971362229166667 0.7134613046875 0.6119829270833334 0.711847290625 0.6153106145833332 0.710039825 0.6162781229166666 0.707950821875 0.62161390625 0.707884759375 0.6266602437500001 0.7085532 0.627012325 0.708742246875 0.6297089229166667 0.71069471875 0.6348022395833334 0.7137641953125 0.6402580791666667 0.7145864515625 0.6459981395833334 0.7208046796875001 0.6508542083333333 0.7252638859375 0.6529771416666666 0.7315874828125 0.6669218375 0.73447671875 0.66900823125 0.746829828125 0.6679496291666667 0.7529470921875 0.6633806479166666 0.7532022031250001 0.6610309125 0.755260375 0.6580500854166667 0.757397825 0.64901365625 0.7603839531250001 0.6436987541666667 0.7613779734375 0.6363183375 0.76127260625 0.6272297104166668 0.7606173765625 0.6258683604166666 0.7606570140625 0.6228405583333333 0.7589156109374999 0.61876173125 0.751373715625 0.6121922291666666 0.7498081484375 0.61181926875
0 0.5851511656249999 0.5591910104166666 0.583545959375 0.5618458520833334 0.5834358546875 0.5702564145833333 0.584099890625 0.57094491875 0.5855729703125 0.5783827520833333 0.59328189375 0.5893309666666667 0.5939283140625 0.5913651604166666 0.5987835671874999 0.5803728333333333 0.6005341125 0.56661605 0.6012113625 0.5662952854166666 0.6012642125000001 0.5622582166666666 0.6021745515625 0.5612698270833333 0.6031421453125 0.5559079479166668 0.603225825 0.54951591875 0.603933903125 0.5468401979166667 0.6030940328125001 0.5424458270833333 0.601765959375 0.5410688166666666 0.5977332921875 0.5406384395833334 0.5914445984375 0.54116513125 0.5900856953125 0.5421430791666667 0.5851511656249999 0.5591910104166666
0 0.6234467421875001 0.5301315541666667 0.617171259375 0.5296489770833334 0.6156189046875 0.5282667479166666 0.6117312453125 0.53389719375 0.609378321875 0.5422555583333334 0.609101190625 0.5462874083333333 0.6084195375 0.54694459375 0.6090351265625 0.5513337458333333 0.608353475 0.55199093125 0.6079923296875 0.5795775770833332 0.6047907265625 0.5842144166666666 0.6038539609375 0.5872213375 0.6040386062499999 0.5902543625 0.6046850265625 0.5922885541666666 0.60733676875 0.5953789958333334 0.6077500984374999 0.5980808145833334 0.6086340109374999 0.5991109625 0.609029725 0.6031584708333334 0.6130183484375 0.6069530770833332 0.623115428125 0.60685154375 0.6280892625 0.6039385791666666 0.6348353296875 0.6027494812499999 0.638696565625 0.5991375708333333 0.6402709390625 0.5988376875 0.6441674093749999 0.5925343979166667 0.6452318953125 0.57977121875 0.6472900687500001 0.5767903958333334 0.64824445 0.57243778125 0.647853140625 0.56805385 0.6445770000000001 0.5612471020833334 0.6409447828125 0.5473650437500001 0.6378709046875 0.5422456291666666 0.6281302328125 0.5322597041666667 0.6234467421875001 0.5301315541666667