0 0.6940586421875 0 0.693865740625 0.0020254625 0.66415895 0.0034722229166666663 0.6603009265625001 0.006365741666666667 0.6585648140625 0.010127314583333333 0.656828703125 0.010995370833333332 0.6560570984375 0.012442129166666668 0.6541280859375 0.013020833333333334 0.6491126546875 0.019675925 0.644097221875 0.021412037499999998 0.6437114203125 0.022569443749999998 0.6404320984375 0.024884258333333336 0.6356095671875 0.033854166666666664 0.6346450625 0.03761574166666667 0.6321373453125 0.03964120416666667 0.6302083328125 0.04340277708333333 0.6300154328125 0.04600694375 0.628858025 0.04774305625 0.6280864203125 0.05179398125 0.627507715625 0.052083333333333336 0.627507715625 0.05410879583333333 0.626350309375 0.05700231458333334 0.6267361109375 0.06018518541666666 0.627507715625 0.0625 0.6296296296875 0.06452546249999999 0.63271605 0.06539351875 0.6427469140625 0.06539351875 0.64737654375 0.066261575 0.6487268515625 0.06741898125 0.64737654375 0.07175925833333333 0.64544753125 0.07291666666666667 0.644483025 0.07465277708333334 0.641975309375 0.07552083333333333 0.6417824078125001 0.07638888958333333 0.6379243828125001 0.07870370416666667 0.6356095671875 0.07928240833333335 0.6315586421875 0.08275462916666668 0.6290509265625001 0.08883101875 0.628858025 0.09230324166666667 0.6296296296875 0.09548611041666667 0.6307870375 0.09722222291666666 0.6309799375 0.10127314791666667 0.6290509265625001 0.10648148125 0.6286651234375 0.113136575 0.6302083328125 0.11805555625 0.6309799375 0.11863425833333333 0.6321373453125 0.12413194375 0.63271605 0.12442129583333333 0.63290895 0.13020833333333334 0.6334876546875 0.13049768541666668 0.6348379625 0.14293981458333332 0.6354166671875 0.14322916666666666 0.6356095671875 0.14496527708333332 0.6369598765625 0.14612268541666668 0.6446759265625001 0.14496527708333332 0.6471836421875 0.14120370416666667 0.6512345671875 0.13946759166666667 0.652777778125 0.14120370416666667 0.6541280859375 0.14612268541666668 0.6554783953125 0.14756944375 0.6618441359375 0.14785879583333333 0.665509259375 0.14207175833333335 0.6668595671875 0.13628472291666668 0.6687885796875 0.13425925833333335 0.6701388890625 0.13396990833333333 0.6703317906249999 0.13310185208333333 0.6720679015625 0.13252314791666667 0.6741898140625 0.13570601875000002 0.6803626546875 0.14033564791666667 0.6834490734374999 0.14496527708333332 0.6863425921874999 0.14670138958333334 0.688078703125 0.14901620416666667 0.6894290125 0.14901620416666667 0.6934799375 0.14496527708333332 0.6940586421875 0.14236111041666666 0.6971450625 0.136574075 0.6994598765625 0.13396990833333333 0.7029320984375 0.12760416666666666 0.70408950625 0.1270254625 0.70794753125 0.11805555625 0.7125771609375 0.11197916666666667 0.71392746875 0.10648148125 0.71392746875 0.1015625 0.7146990734374999 0.09895833333333333 0.714891975 0.0879629625 0.7168209875 0.08449074166666667 0.7206790125 0.081886575 0.7218364203125 0.0760995375 0.7220293203125 0.06539351875 0.722608025 0.06481481458333334 0.7220293203125 0.05902777708333333 0.7206790125 0.05584490833333333 0.7146990734374999 0.05005787083333334 0.7133487656249999 0.046875 0.71392746875 0.04369212916666666 0.7172067906249999 0.04050925833333333 0.7239583328125 0.043113425000000004 0.728009259375 0.041666666666666664 0.7297453703125 0.03935185208333333 0.7326388890625 0.037326389583333335 0.7345679015625 0.032986110416666665 0.7384259265625001 0.02835648125 0.7393904328125 0.024594908333333332 0.7399691359375 0.024305556250000002 0.7405478390625 0.014467591666666666 0.7384259265625001 0.006076389583333333 0.7374614203125 0.003761575 0.73533950625 0.0014467583333333332 0.73533950625 0 0.6940586421875 0
0 0.48476080312500003 0.17679398124999998 0.4895833328125 0.17708333333333334 0.49209105 0.17853009166666667 0.49131944375 0.18836805625 0.49209105 0.19357638958333334 0.49440586406250003 0.20138888958333334 0.4957561734375 0.203125 0.4978780859375 0.20949074166666665 0.500385803125 0.21267361041666666 0.501350309375 0.21556712916666668 0.5065586421875 0.2207754625 0.50790895 0.22366898124999998 0.5129243828125001 0.22685185208333333 0.515239196875 0.23003472291666668 0.5196759265625001 0.22945601875000002 0.52237654375 0.22482638958333334 0.5231481484375 0.22048611041666666 0.5275848765625 0.21556712916666668 0.528742284375 0.21267361041666666 0.531635803125 0.20949074166666665 0.532600309375 0.20601851875000002 0.5339506171874999 0.20572916666666666 0.5381944437499999 0.20023148124999998 0.5403163578125 0.199074075 0.5449459875 0.20052083333333334 0.5451388890625 0.20138888958333334 0.548225309375 0.20138888958333334 0.5484182093750001 0.20052083333333334 0.551311728125 0.19994212916666668 0.5524691359375 0.19762731458333332 0.553240740625 0.18865740833333333 0.5509259265625001 0.1817129625 0.5489969140625 0.17881944375 0.5486111109375 0.17534722291666668 0.5491898140625 0.17303240833333333 0.5491898140625 0.16753472291666668 0.5435956796875 0.15538194375 0.540509259375 0.15133101875000002 0.5364583328125 0.1484375 0.5331790125 0.14409722291666668 0.529899690625 0.14236111041666666 0.522955246875 0.14236111041666666 0.516203703125 0.13888888958333334 0.511766975 0.13888888958333334 0.50887345625 0.14091435208333333 0.5040509265625001 0.14120370416666667 0.503858025 0.14033564791666667 0.509259259375 0.13310185208333333 0.5084876546875 0.1307870375 0.5065586421875 0.12876157500000002 0.5052083328125 0.125 0.4967206796875 0.125 0.49131944375 0.12760416666666666 0.49054783906250005 0.12905092499999998 0.49054783906250005 0.13223379583333333 0.48996913593749997 0.13339120416666667 0.49016203750000004 0.140625 0.49112654375 0.14207175833333335 0.49131944375 0.144386575 0.49054783906250005 0.14525462916666668 0.49054783906250005 0.14756944375 0.48996913593749997 0.1484375 0.48746142031249995 0.14988425833333335 0.48572530937499997 0.152488425 0.48456790156249996 0.15711805625 0.48514660468750004 0.16724537083333332 0.48398919687499997 0.17042824166666665 0.48379629687500003 0.17534722291666668 0.48476080312500003 0.17679398124999998
0 0.0499614203125 0 0.0499614203125 0.0020254625 0.0511188265625 0.008969908333333334 0.0543981484375 0.013310185416666667 0.055555556250000006 0.016203704166666666 0.05574845625 0.019965277083333333 0.0584490734375 0.023726852083333336 0.0648148140625 0.025462962500000002 0.07118055625 0.030092591666666668 0.0783179015625 0.03240740833333333 0.0856481484375 0.026909722916666667 0.09297839531249999 0.016493056250000002 0.094135803125 0.012442129166666668 0.0935570984375 0.005208333333333333 0.092206790625 0.002314814583333333 0.090277778125 0.0020254625 0.089891975 0 0.0499614203125 0
0 0.471257715625 0.26533564791666664 0.4699074078125 0.269675925 0.4666280859375 0.2760416666666667 0.470293209375 0.277488425 0.4720293203125 0.2795138895833333 0.4720293203125 0.29571759166666667 0.4739583328125 0.300636575 0.478009259375 0.30324074166666665 0.484375 0.3125 0.48746142031249995 0.31452546249999996 0.49131944375 0.31307870416666667 0.4940200625 0.31047453750000004 0.49807098749999995 0.30902777708333334 0.49961419687499997 0.30526620416666667 0.5019290125 0.30381944375000003 0.502507715625 0.3020833333333333 0.5054012343750001 0.2994791666666667 0.5100308640625 0.285011575 0.51658950625 0.2757523145833333 0.51658950625 0.265625 0.5173611109375 0.2630208333333333 0.52044753125 0.25925925833333335 0.5212191359375 0.25694444375 0.5212191359375 0.25 0.5206404328125 0.24942129583333333 0.52044753125 0.24652777708333332 0.5158179015625 0.23495370416666667 0.5140817906249999 0.23321759166666667 0.51273148125 0.22974537083333332 0.5019290125 0.22164351875000002 0.49922839531249996 0.222800925 0.4949845671875 0.22829861041666666 0.4940200625 0.22800925833333335 0.49266975312500005 0.22540509166666667 0.488233025 0.22222222291666668 0.4832175921875 0.22540509166666667 0.4801311734375 0.23090277708333332 0.4783950625 0.23726851875000002 0.47665895 0.2401620375 0.47646605 0.24276620416666667 0.47550154375 0.24363425833333335 0.4747299375 0.24710648124999998 0.4739583328125 0.24768518541666668 0.47318672812499996 0.2554976854166667 0.47183642031249995 0.26070601875 0.471257715625 0.26099537083333335 0.471257715625 0.26533564791666664
0 0.978009259375 0.7473958333333334 0.9824459875 0.7476851854166667 0.9839891968750001 0.7494212958333333 0.9839891968750001 0.7520254625 0.981867284375 0.7578125 0.9812885796874999 0.7624421291666666 0.981867284375 0.76273148125 0.981867284375 0.7653356479166666 0.9832175921875 0.7673611104166667 0.9839891968750001 0.7714120375 0.9859182093750001 0.7760416666666666 0.987847221875 0.77835648125 0.9905478390625 0.7789351854166667 0.994598765625 0.7786458333333334 0.9963348765625 0.7780671291666666 0.9978780859375 0.77633101875 0.9998070984374999 0.77633101875 0.9998070984374999 0.7132523145833333 0.994598765625 0.7132523145833333 0.993634259375 0.7146990750000001 0.9886188265625 0.7164351854166667 0.9863040125 0.71875 0.9839891968750001 0.7193287041666667 0.9801311734375 0.7219328708333334 0.97665895 0.7259837958333333 0.97646605 0.7282986104166667 0.9747299375 0.7311921291666666 0.9747299375 0.7329282416666667 0.9739583328125001 0.7335069437499999 0.9731867281250001 0.7384259249999999 0.9720293203124999 0.7407407416666667 0.9731867281250001 0.7445023145833333 0.978009259375 0.7473958333333334
0 0 0.23148148124999998 0.001543209375 0.23148148124999998 0.0032793203125000003 0.23350694375 0.0057870375 0.234375 0.00790895 0.23871527708333332 0.010223765625 0.24045138958333334 0.011188271875 0.24276620416666667 0.0123456796875 0.24305555625 0.013888889062500001 0.24160879583333333 0.014081790625000002 0.24045138958333334 0.0167824078125 0.23900462916666668 0.0198688265625 0.23119212916666668 0.021797839062499998 0.22829861041666666 0.0231481484375 0.22771990833333333 0.025848765625 0.21875 0.02642746875 0.2129629625 0.0279706796875 0.207175925 0.0279706796875 0.1895254625 0.028935185937500003 0.18634259166666667 0.0304783953125 0.18402777708333332 0.0304783953125 0.17158564791666667 0.0331790125 0.16464120416666667 0.0333719140625 0.1484375 0.0331790125 0.14293981458333332 0.0324074078125 0.14178240833333333 0.0324074078125 0.14033564791666667 0.028549382812500003 0.13194444375 0.025848765625 0.13020833333333334 0.02334105 0.1307870375 0.021797839062499998 0.13252314791666667 0.02044753125 0.136863425 0.0175540125 0.13975694375 0.015239196875 0.14033564791666667 0.0098379625 0.14380787083333332 0.009645062499999999 0.15335648124999998 0.0032793203125000003 0.15509259166666667 0.0017361109374999999 0.15972222291666668 0 0.160011575 0 0.23148148124999998
0 0.3063271609375 0.20225694375 0.307098765625 0.206886575 0.3092206796875 0.21035879583333333 0.3103780859375 0.21122685208333333 0.3155864203125 0.21151620416666667 0.3209876546875 0.21006944375 0.323688271875 0.207175925 0.328125 0.199074075 0.3304398140625 0.203125 0.33159722187499996 0.21064814791666667 0.33506944375000003 0.21759259166666667 0.34220679062500003 0.21614583333333334 0.3456790125 0.21875 0.3489583328125 0.22366898124999998 0.3522376546875 0.22482638958333334 0.3535879625 0.22395833333333334 0.3560956796875 0.21990740833333333 0.35783179062500003 0.21180555625 0.36091820937499997 0.20804398124999998 0.363233025 0.207175925 0.36419753125 0.20428240833333333 0.363811728125 0.199363425 0.3616898140625 0.1953125 0.36072530937499997 0.191261575 0.3582175921875 0.1895254625 0.3576388890625 0.18807870416666667 0.35455246875 0.18518518541666668 0.355516975 0.183449075 0.36631944375000003 0.18402777708333332 0.3707561734375 0.18055555625 0.3717206796875 0.17881944375 0.3703703703125 0.16377314791666667 0.3655478390625 0.14988425833333335 0.3624614203125 0.14583333333333334 0.3582175921875 0.14583333333333334 0.3541666671875 0.14699074166666665 0.3532021609375 0.14814814791666667 0.3508873453125 0.14785879583333333 0.349151234375 0.14380787083333332 0.3483796296875 0.136863425 0.3478009265625 0.13628472291666668 0.347608025 0.13252314791666667 0.3468364203125 0.13020833333333334 0.3456790125 0.12876157500000002 0.341242284375 0.12760416666666666 0.3261959875 0.12905092499999998 0.3260030859375 0.12991898125 0.3234953703125 0.13020833333333334 0.3231095671875 0.1328125 0.3221450625 0.13425925833333335 0.3171296296875 0.13599537083333332 0.3161651234375 0.13946759166666667 0.3103780859375 0.14496527708333332 0.3092206796875 0.1484375 0.3082561734375 0.15856481458333332 0.30767746875 0.15885416666666666 0.3072916671875 0.16174768541666668 0.30902777812500004 0.16377314791666667 0.30960648125 0.168113425 0.3069058640625 0.17158564791666667 0.30459105000000003 0.17303240833333333 0.3026620375 0.17708333333333334 0.30169753125 0.18229166666666666 0.3024691359375 0.1854745375 0.3030478390625 0.19473379583333333 0.3063271609375 0.20225694375
0 0.578510803125 0.32146990833333333 0.5796682093750001 0.32320601875 0.581597221875 0.324074075 0.5817901234375 0.3226273145833333 0.584490740625 0.31915509166666667 0.5883487656249999 0.31741898125 0.58892746875 0.316261575 0.5949074078125001 0.31452546249999996 0.59857253125 0.31192129583333333 0.60262345625 0.31163194375000003 0.6043595671875 0.31394675833333335 0.604938271875 0.32146990833333333 0.6035879625 0.32465277708333334 0.6033950625 0.32696759166666667 0.60165895 0.32899305624999997 0.5989583328125 0.33449074166666665 0.5970293203125 0.34432870416666667 0.5970293203125 0.34953703750000004 0.60165895 0.35879629583333333 0.6039737656249999 0.36053240833333333 0.604938271875 0.363425925 0.6074459875 0.36574074166666665 0.6120756171874999 0.3767361104166667 0.61419753125 0.378761575 0.6163194437499999 0.38599537083333335 0.61824845625 0.3880208333333333 0.6195987656249999 0.39207175833333335 0.620563271875 0.3923611104166667 0.6226851859375 0.39525462916666665 0.6228780859375 0.39901620416666667 0.623649690625 0.39930555624999997 0.625385803125 0.3958333333333333 0.6269290125 0.394386575 0.627507715625 0.390625 0.6271219140625 0.386574075 0.6282793203125 0.38252314791666664 0.6302083328125 0.38078703750000004 0.6309799375 0.37615740833333333 0.6315586421875 0.37557870416666667 0.632330246875 0.36082175833333335 0.6348379625 0.35648148125 0.6375385796875 0.35445601875 0.6388888890625 0.35214120416666667 0.6388888890625 0.34866898125 0.6369598765625 0.34288194375000003 0.6350308640625 0.339988425 0.634259259375 0.3359375 0.6315586421875 0.33101851875 0.6302083328125 0.32494212916666665 0.628858025 0.32233796249999996 0.6277006171874999 0.3142361104166667 0.6282793203125 0.308738425 0.62982253125 0.30410879583333333 0.6334876546875 0.3023726854166667 0.6379243828125001 0.30671296249999996 0.6394675921874999 0.3098958333333333 0.6429398140625 0.31394675833333335 0.6452546296875 0.3148148145833333 0.6475694437499999 0.3177083333333333 0.6535493828125001 0.31973379583333333 0.6581790125 0.3185763895833333 0.6593364203125 0.3148148145833333 0.658757715625 0.30613425833333335 0.6581790125 0.30121527708333334 0.6574074078125001 0.300636575 0.656635803125 0.29658564791666664 0.656635803125 0.29253472291666666 0.6554783953125 0.28472222291666666 0.6535493828125001 0.2789351854166667 0.6508487656249999 0.2751736104166667 0.64544753125 0.2711226854166667 0.6348379625 0.26533564791666664 0.6290509265625001 0.26388888958333334 0.628858025 0.2630208333333333 0.62403549375 0.2598379625 0.6234567906249999 0.25839120416666667 0.61824845625 0.2554976854166667 0.6163194437499999 0.25173611041666666 0.61419753125 0.2520254625 0.6126543203125 0.253761575 0.611882715625 0.25289351875 0.608989196875 0.2526041666666667 0.6060956796875 0.2554976854166667 0.60262345625 0.25752314791666664 0.5989583328125 0.25694444375 0.597608025 0.2557870375 0.5935570984375 0.24710648124999998 0.5918209875 0.23929398124999998 0.5877700625 0.23900462916666668 0.585455246875 0.24074074166666665 0.5842978390625 0.24334490833333333 0.5839120375 0.25173611041666666 0.58294753125 0.25491898125 0.58294753125 0.2598379625 0.5823688265625 0.2601273145833333 0.5821759265625001 0.26475694375 0.581597221875 0.26504629583333333 0.5804398140625 0.27372685208333336 0.5802469140625 0.28443287083333335 0.5796682093750001 0.28472222291666666 0.579475309375 0.30613425833333335 0.5783179015625 0.31394675833333335 0.5788966046875 0.31712962916666665 0.578510803125 0.32146990833333333
0 0.7430555562500001 0.7178819437499999 0.7444058640625 0.7248263895833333 0.7444058640625 0.7306134249999999 0.7438271609375 0.7349537041666667 0.74324845625 0.7352430562500001 0.74324845625 0.7557870375 0.7438271609375 0.7560763895833333 0.7440200625 0.7615740750000001 0.746527778125 0.7670717583333333 0.7467206796875 0.7708333333333334 0.7478780859375 0.7748842583333333 0.749614196875 0.7766203708333334 0.7552083328125 0.7864583333333334 0.758294753125 0.7893518520833334 0.7584876546875 0.7905092583333333 0.7623456796875 0.7916666666666666 0.7671682093750001 0.7864583333333334 0.769097221875 0.7832754625 0.7698688265625 0.7832754625 0.7706404328125 0.78125 0.77642746875 0.7754629625 0.7797067906249999 0.7699652770833333 0.781828703125 0.7505787041666667 0.7804783953125 0.7433449083333333 0.777777778125 0.7381365750000001 0.777777778125 0.7352430562500001 0.7789351859375 0.734375 0.7831790125 0.7352430562500001 0.7864583328125 0.7387152770833333 0.7878086421875 0.7378472229166667 0.7883873453125 0.7355324083333333 0.7878086421875 0.71875 0.7872299375 0.7181712958333333 0.7872299375 0.703125 0.7878086421875 0.7025462958333333 0.788580246875 0.6915509249999999 0.7878086421875 0.6889467583333333 0.7833719140625 0.6863425916666667 0.7756558640625 0.6886574083333333 0.7714120375 0.6886574083333333 0.77044753125 0.6866319437499999 0.77044753125 0.6848958333333334 0.7731481484375 0.6793981479166666 0.7731481484375 0.6750578708333334 0.77237654375 0.6724537041666667 0.7692901234375 0.6692708333333334 0.7658179015625 0.6684027770833333 0.7613811734375 0.6692708333333334 0.753858025 0.6736111104166667 0.7511574078125001 0.6762152770833333 0.7488425921874999 0.6802662041666667 0.7467206796875 0.6820023145833333 0.74324845625 0.6898148145833333 0.7430555562500001 0.6956018520833334 0.7401620375 0.7028356479166666 0.73919753125 0.7112268520833334 0.7401620375 0.7144097229166667 0.74228395 0.7161458333333334 0.7430555562500001 0.7178819437499999
0 0.2789351859375 0 0.27835648125 0.00289351875 0.275848765625 0.005208333333333333 0.2750771609375 0.0098379625 0.2752700625 0.012152777083333333 0.2762345671875 0.014178241666666667 0.27835648125 0.007523147916666667 0.2810570984375 0.006076389583333333 0.2829861109375 0.00289351875 0.2878086421875 0.00289351875 0.28800154375 0 0.2789351859375 0
0 0.2218364203125 0 0.2218364203125 0.0017361104166666666 0.21508487656250003 0.010127314583333333 0.210455246875 0.011863425 0.202739196875 0.010127314583333333 0.198688271875 0.016203704166666666 0.1981095671875 0.022569443749999998 0.20061728437499998 0.02633101875 0.202739196875 0.03125 0.20601851875000002 0.033854166666666664 0.2137345671875 0.033854166666666664 0.2164351859375 0.035011574999999996 0.21817129687499998 0.037326389583333335 0.21971450625000002 0.03790509166666667 0.22395833281250002 0.0448495375 0.22762345625 0.04745370416666667 0.2293595671875 0.05121527708333333 0.23109567968750003 0.05324074166666667 0.2324459875 0.05700231458333334 0.232831790625 0.06423611041666667 0.23533950625000002 0.066550925 0.2366898140625 0.06915509166666665 0.2384259265625 0.06973379583333333 0.2393904328125 0.07175925833333333 0.24131944375 0.07320601875 0.2449845671875 0.07378472291666666 0.24749228437499998 0.07523148125 0.2476851859375 0.0760995375 0.25135030937499997 0.07754629583333333 0.2555941359375 0.07638888958333333 0.259259259375 0.0682870375 0.25868055624999997 0.0604745375 0.2606095671875 0.057291666666666664 0.2638888890625 0.05526620416666667 0.265046296875 0.0526620375 0.26697530937499997 0.0332754625 0.26658950625 0.025462962500000002 0.26523919687499997 0.023726852083333336 0.265046296875 0.021701389583333335 0.26273148125 0.015914352083333333 0.2604166671875 0.012152777083333333 0.259259259375 0.0078125 0.2550154328125 0.003761575 0.2438271609375 0.0020254625 0.2434413578125 0 0.2218364203125 0
0 0.9199459875 0.40277777708333334 0.9182098765625 0.41435185208333336 0.921296296875 0.42129629583333333 0.9214891968750001 0.4236111104166667 0.9234182093750001 0.4270833333333333 0.9241898140625 0.43055555624999997 0.927276234375 0.43431712916666665 0.9301697531249999 0.441550925 0.92959105 0.44618055624999997 0.9280478390625 0.44849537083333335 0.9274691359375 0.45109953750000004 0.9234182093750001 0.45630787083333335 0.9214891968750001 0.46151620416666667 0.921296296875 0.46527777708333334 0.9207175921875 0.46556712916666665 0.9207175921875 0.4817708333333333 0.921296296875 0.48234953750000004 0.9214891968750001 0.48524305624999997 0.9234182093750001 0.488136575 0.92476851875 0.48871527708333334 0.9301697531249999 0.488425925 0.9319058640625 0.48755787083333335 0.93460648125 0.48871527708333334 0.9378858031249999 0.49334490833333333 0.9386574078125 0.49652777708333334 0.9405864203125001 0.49884259166666667 0.9427083328125001 0.50491898125 0.947723765625 0.5078125 0.9481095671875 0.5089699083333333 0.953125 0.5109953708333334 0.9552469140625 0.5130208333333334 0.9562114203125001 0.5153356479166666 0.9583333328125001 0.51649305625 0.9604552468750001 0.5199652770833334 0.963348765625 0.5217013895833333 0.9645061734375 0.5211226854166667 0.9672067906249999 0.5170717583333333 0.969328703125 0.5109953708333334 0.97164351875 0.5092592583333333 0.9728009265625 0.5066550916666667 0.9745370375 0.5060763895833333 0.9755015437500001 0.50289351875 0.978009259375 0.5005787041666667 0.9787808640625 0.49797453750000004 0.98148148125 0.49565972291666666 0.98726851875 0.48755787083333335 0.98919753125 0.47945601875 0.9899691359375 0.46817129583333333 0.990740740625 0.46585648125 0.9926697531249999 0.4635416666666667 0.9913194437499999 0.45746527708333334 0.9899691359375 0.45659722291666666 0.9899691359375 0.45457175833333335 0.9880401234375 0.449363425 0.987847221875 0.44589120416666667 0.9866898140625 0.44386574166666665 0.9866898140625 0.44241898125 0.9918981484374999 0.43547453750000004 0.9932484562499999 0.42853009166666667 0.994598765625 0.42534722291666666 0.994598765625 0.42100694375000003 0.9938271609375 0.4195601854166667 0.9926697531249999 0.410300925 0.9913194437499999 0.40711805624999997 0.9913194437499999 0.40567129583333333 0.9863040125 0.39380787083333335 0.9866898140625 0.39004629583333333 0.9888117281250001 0.38628472291666666 0.9918981484374999 0.38339120416666667 0.994598765625 0.37702546249999996 0.9926697531249999 0.370949075 0.9926697531249999 0.3689236104166667 0.9882330250000001 0.36053240833333333 0.981867284375 0.35503472291666666 0.9797453703125001 0.35474537083333335 0.97646605 0.35185185208333336 0.96875 0.347511575 0.9641203703125001 0.34375 0.963348765625 0.34230324166666665 0.96084105 0.3411458333333333 0.9606481484374999 0.34027777708333334 0.956597221875 0.339988425 0.9546682093750001 0.3414351854166667 0.9546682093750001 0.34230324166666665 0.9554398140625 0.34288194375000003 0.9554398140625 0.34490740833333333 0.956597221875 0.34722222291666666 0.95794753125 0.34866898125 0.95794753125 0.35734953750000004 0.9554398140625 0.36082175833333335 0.952546296875 0.36834490833333333 0.9492669749999999 0.3689236104166667 0.9373070984374999 0.3671875 0.9313271609375 0.36834490833333333 0.9234182093750001 0.3732638895833333 0.9203317906249999 0.3773148145833333 0.919367284375 0.3810763895833333 0.9187885796874999 0.38136574166666665 0.9182098765625 0.38339120416666667 0.9182098765625 0.39380787083333335 0.9199459875 0.39959490833333333 0.9199459875 0.40277777708333334
0 0.338348765625 0.5601851854166667 0.34220679062500003 0.5552662041666667 0.34375 0.5593171291666666 0.3474151234375 0.5642361104166667 0.35262345625 0.56539351875 0.35667438281249997 0.5677083333333334 0.35898919687499997 0.5703125 0.36091820937499997 0.58101851875 0.36226851875 0.5824652770833333 0.3640046296875 0.5824652770833333 0.3684413578125 0.5807291666666666 0.37538580312500003 0.5726273145833333 0.3769290125 0.5688657416666667 0.3769290125 0.55758101875 0.37635030937499997 0.5570023145833333 0.3780864203125 0.5523726854166667 0.3802083328125 0.5506365750000001 0.38271605000000003 0.5462962958333333 0.38368055624999997 0.5422453708333334 0.3834876546875 0.5387731479166666 0.3815586421875 0.5338541666666666 0.3802083328125 0.53211805625 0.3728780859375 0.5289351854166667 0.37017746875 0.52633101875 0.36612654375 0.5260416666666666 0.36091820937499997 0.5289351854166667 0.3576388890625 0.5332754625 0.3508873453125 0.5379050916666667 0.3487654328125 0.5410879625 0.3435570984375 0.5436921291666666 0.34027777812500004 0.5442708333333334 0.3400848765625 0.5451388895833333 0.3377700625 0.5460069437499999 0.3375771609375 0.5512152770833333 0.338348765625 0.5529513895833333 0.3377700625 0.55758101875 0.338348765625 0.5601851854166667
0 0.604938271875 0.7309027770833333 0.6041666671875 0.7369791666666666 0.6035879625 0.7378472229166667 0.6041666671875 0.7381365750000001 0.6051311734375 0.7430555562500001 0.608989196875 0.7473958333333334 0.61033950625 0.7476851854166667 0.6136188265625 0.7531828708333334 0.6155478390625 0.7659143520833334 0.61612654375 0.7662037041666667 0.6163194437499999 0.7699652770833333 0.6174768515625 0.7734375 0.617669753125 0.7826967583333333 0.6188271609375 0.7858796291666666 0.6188271609375 0.8049768520833334 0.61824845625 0.8052662041666667 0.61824845625 0.8084490750000001 0.6188271609375 0.8087384249999999 0.6190200625 0.8107638895833333 0.6234567906249999 0.8130787041666667 0.623649690625 0.8139467583333333 0.6261574078125001 0.8148148145833333 0.6302083328125 0.8145254625 0.6309799375 0.8113425916666667 0.6309799375 0.8015046291666666 0.6315586421875 0.8012152770833333 0.6315586421875 0.7971643520833334 0.6309799375 0.7965856479166666 0.6315586421875 0.7960069437499999 0.6315586421875 0.7887731479166666 0.634259259375 0.78616898125 0.6348379625 0.7838541666666666 0.636188271875 0.7821180562500001 0.6373456796875 0.77633101875 0.6369598765625 0.7581018520833334 0.636188271875 0.7560763895833333 0.6354166671875 0.7424768520833334 0.636188271875 0.7297453708333334 0.6356095671875 0.72945601875 0.6354166671875 0.7268518520833334 0.634259259375 0.7251157416666667 0.631365740625 0.7233796291666666 0.6307870375 0.7222222229166667 0.6269290125 0.7201967583333333 0.6230709875 0.7207754625 0.621527778125 0.7196180562500001 0.61612654375 0.7083333333333334 0.6116898140625 0.7083333333333334 0.609375 0.7100694437499999 0.605516975 0.7106481479166666 0.603009259375 0.7123842583333333 0.6035879625 0.71875 0.6041666671875 0.7190393520833334 0.6051311734375 0.7251157416666667 0.604938271875 0.7309027770833333
0 0.3414351859375 0.42129629583333333 0.3416280859375 0.42621527708333334 0.34239969062500003 0.42679398125 0.34413580312500003 0.433449075 0.346257715625 0.43547453750000004 0.35069444375000003 0.43634259166666667 0.3522376546875 0.4375 0.3562885796875 0.43778935208333336 0.35841049375 0.43634259166666667 0.36284722187499996 0.43547453750000004 0.3697916671875 0.4273726854166667 0.3738425921875 0.43084490833333333 0.3767361109375 0.43547453750000004 0.38580246875 0.4357638895833333 0.388117284375 0.43460648125 0.3904320984375 0.43171296249999996 0.39756944375000003 0.4314236104166667 0.39930555624999997 0.43055555624999997 0.400848765625 0.42939814791666664 0.4020061734375 0.42534722291666666 0.40142746875 0.418113425 0.398919753125 0.41521990833333333 0.39756944375000003 0.41203703750000004 0.397955246875 0.410300925 0.400848765625 0.40827546249999996 0.4020061734375 0.4039351854166667 0.399884259375 0.40046296249999996 0.3971836421875 0.39930555624999997 0.39216820937499997 0.39959490833333333 0.3873456796875 0.40335648125 0.38271605000000003 0.40335648125 0.37422839531249996 0.39959490833333333 0.3707561734375 0.39901620416666667 0.3636188265625 0.39496527708333334 0.359375 0.39496527708333334 0.3562885796875 0.40046296249999996 0.3562885796875 0.4039351854166667 0.354938271875 0.40625 0.3533950625 0.40711805624999997 0.344328703125 0.40653935208333336 0.3416280859375 0.40740740833333333 0.3404706796875 0.40914351875 0.34027777812500004 0.41116898125 0.3396990734375 0.4114583333333333 0.3404706796875 0.41984953750000004 0.3414351859375 0.42129629583333333
0 0 0.42158564791666664 0.0032793203125000003 0.42071759166666667 0.0050154328125 0.417824075 0.0057870375 0.41869212916666665 0.0071373453125 0.4241898145833333 0.0071373453125 0.4273726854166667 0.00771605 0.42766203750000004 0.0084876546875 0.44415509166666667 0.00790895 0.44444444375000003 0.00771605 0.4476273145833333 0.0071373453125 0.4479166666666667 0.0059799375 0.45370370416666667 0.0059799375 0.45804398125 0.0052083328125 0.45949074166666665 0.0052083328125 0.46556712916666665 0.0071373453125 0.46990740833333333 0.0133101859375 0.47800925833333335 0.015239196875 0.47945601875 0.019097221875 0.48003472291666666 0.0212191359375 0.47858796249999996 0.021797839062499998 0.4765625 0.0177469140625 0.46903935208333336 0.015239196875 0.46180555624999997 0.014081790625000002 0.45225694375000003 0.014081790625000002 0.449074075 0.015239196875 0.44502314791666664 0.0179398140625 0.4435763895833333 0.0260416671875 0.44415509166666667 0.0320216046875 0.4392361104166667 0.0345293203125 0.43055555624999997 0.0345293203125 0.42853009166666667 0.035108025 0.4279513895833333 0.0353009265625 0.42332175833333335 0.0364583328125 0.42071759166666667 0.0408950625 0.42274305624999997 0.0418595671875 0.42476851875 0.0435956796875 0.42621527708333334 0.0457175921875 0.42650462916666665 0.053240740625000005 0.42621527708333334 0.061149690624999996 0.42129629583333333 0.06442901250000001 0.41521990833333333 0.0665509265625 0.40509259166666667 0.069830246875 0.40190972291666666 0.0706018515625 0.4001736104166667 0.07040895 0.39814814791666664 0.06905864218749999 0.39525462916666665 0.0655864203125 0.39091435208333336 0.06442901250000001 0.3880208333333333 0.061728395312499997 0.38483796249999996 0.061149690624999996 0.38252314791666664 0.057098765625000006 0.37702546249999996 0.05169753125 0.37442129583333333 0.048418209375 0.37384259166666667 0.045331790625 0.371238425 0.0432098765625 0.36689814791666664 0.0435956796875 0.3654513895833333 0.0470679015625 0.363136575 0.0486111109375 0.36053240833333333 0.055169753125 0.35445601875 0.05574845625 0.35127314791666664 0.0582561734375 0.34837962916666665 0.0592206796875 0.34288194375000003 0.0597993828125 0.34230324166666665 0.0582561734375 0.32783564791666664 0.053819443749999994 0.32494212916666665 0.049382715625000004 0.33275462916666665 0.045331790625 0.33738425833333335 0.0435956796875 0.3411458333333333 0.0418595671875 0.34027777708333334 0.039544753125 0.33709490833333333 0.033757715625000004 0.33564814791666664 0.0324074078125 0.33449074166666665 0.027006173437499996 0.33391203750000004 0.015239196875 0.32899305624999997 0.0113811734375 0.32870370416666667 0.0084876546875 0.3298611104166667 0.0052083328125 0.33449074166666665 0.0030864203125 0.339699075 0.0017361109374999999 0.3414351854166667 0 0.3414351854166667 0 0.42158564791666664
0 0.7970679015625 0.13425925833333335 0.7970679015625 0.12991898125 0.798225309375 0.12644675833333333 0.796489196875 0.12442129583333333 0.7957175921874999 0.12760416666666666 0.796296296875 0.12789351875 0.796489196875 0.13425925833333335 0.7970679015625 0.13425925833333335
0 0.787615740625 0.2986111104166667 0.7893518515625 0.29832175833333335 0.798225309375 0.29803240833333333 0.8030478390625 0.300925925 0.80960648125 0.3023726854166667 0.8136574078125 0.3020833333333333 0.8180941359375 0.29976851875 0.8211805562500001 0.29398148125 0.8263888890625 0.29050925833333335 0.8283179015625001 0.28616898125 0.8323688265625 0.28964120416666667 0.8321759265625 0.29195601875 0.8296682093750001 0.296875 0.8288966046875 0.3046875 0.8290895062500001 0.31307870416666667 0.831597221875 0.31973379583333333 0.8323688265625 0.32465277708333334 0.8337191359375 0.32783564791666664 0.8369984562499999 0.33246527708333334 0.8385416671874999 0.33391203750000004 0.842399690625 0.33535879583333333 0.8427854937499999 0.33449074166666665 0.8452932093750001 0.3342013895833333 0.8476080250000001 0.33246527708333334 0.8508873453125 0.32870370416666667 0.853009259375 0.32783564791666664 0.8576388890625 0.32320601875 0.8589891968750001 0.3203125 0.862847221875 0.3185763895833333 0.864776234375 0.316261575 0.869598765625 0.31452546249999996 0.8722993828125001 0.31307870416666667 0.8728780859375 0.31192129583333333 0.8761574078125 0.31307870416666667 0.8802083328125001 0.3125 0.8888888890625 0.300925925 0.8888888890625 0.29600694375000003 0.8915895062500001 0.28964120416666667 0.891975309375 0.28240740833333333 0.8908179015625001 0.27633101875 0.88773148125 0.269386575 0.888117284375 0.26273148125 0.8886959875 0.26128472291666666 0.8904320984374999 0.2601273145833333 0.893132715625 0.26128472291666666 0.8946759265625 0.2630208333333333 0.8956404328125 0.26620370416666667 0.8987268515625001 0.26996527708333334 0.9018132718749999 0.27199074166666665 0.9021990734375 0.27314814791666664 0.9074074078125 0.2757523145833333 0.9128086421875 0.277199075 0.9130015437500001 0.27633101875 0.915509259375 0.2760416666666667 0.9182098765625 0.2734375 0.9201388890625 0.265625 0.9220679015625001 0.261574075 0.92476851875 0.25839120416666667 0.9259259265625 0.2552083333333333 0.9259259265625 0.24855324166666665 0.9241898140625 0.24392361041666666 0.9241898140625 0.24045138958333334 0.9274691359375 0.23466435208333333 0.9274691359375 0.22974537083333332 0.9268904328125 0.22916666666666666 0.9259259265625 0.222800925 0.9241898140625 0.21903935208333333 0.9234182093750001 0.21325231458333332 0.9228395062500001 0.2109375 0.9220679015625001 0.21035879583333333 0.9220679015625001 0.20775462916666668 0.9214891968750001 0.207175925 0.9220679015625001 0.19878472291666668 0.9209104937499999 0.19791666666666666 0.9201388890625 0.19502314791666667 0.9157021609375 0.18836805625 0.9128086421875 0.1854745375 0.906828703125 0.18200231458333332 0.9074074078125 0.17910879583333333 0.9095293203124999 0.175925925 0.9103009265625 0.17216435208333333 0.9128086421875 0.16724537083333332 0.9147376546875 0.16087962916666668 0.9158950625 0.15509259166666667 0.9158950625 0.1504629625 0.9137731484374999 0.14670138958333334 0.9120370375 0.14583333333333334 0.907600309375 0.14583333333333334 0.904899690625 0.14409722291666668 0.905671296875 0.13802083333333334 0.9054783953125 0.12789351875 0.904899690625 0.12644675833333333 0.9012345671875 0.12268518541666666 0.8946759265625 0.12065972291666666 0.888117284375 0.120949075 0.8834876546875 0.12268518541666666 0.8796296296874999 0.12644675833333333 0.8759645062500001 0.13165509166666667 0.875 0.13194444375 0.8728780859375 0.13512731458333332 0.871527778125 0.14004629583333333 0.86419753125 0.15075231458333332 0.86419753125 0.15306712916666668 0.862847221875 0.15538194375 0.8614969140625 0.16550925833333335 0.8597608031249999 0.16898148124999998 0.8582175921875 0.17795138958333334 0.8557098765625 0.18431712916666668 0.8532021609375 0.18634259166666667 0.85146605 0.18663194375 0.8489583328125001 0.18634259166666667 0.84664351875 0.18431712916666668 0.8416280859375 0.18315972291666668 0.8377700625 0.18576388958333334 0.83603395 0.1895254625 0.833526234375 0.191261575 0.8250385796874999 0.20023148124999998 0.824652778125 0.20167824166666665 0.8223379625 0.20341435208333333 0.8207947531249999 0.207175925 0.8184799375 0.20775462916666668 0.8175154328125 0.20920138958333334 0.813850309375 0.20920138958333334 0.811149690625 0.207175925 0.8063271609375 0.2089120375 0.8038194437499999 0.21238425833333335 0.8030478390625 0.21527777708333332 0.80169753125 0.21730324166666665 0.80169753125 0.21961805625 0.8011188265625 0.21990740833333333 0.8011188265625 0.23495370416666667 0.800347221875 0.23611111041666666 0.79976851875 0.24160879583333333 0.796489196875 0.24508101875000002 0.7949459875 0.2523148145833333 0.7926311734375 0.25752314791666664 0.790509259375 0.26880787083333335 0.7908950625 0.27806712916666665 0.7903163578125 0.28153935208333336 0.789544753125 0.28327546249999996 0.7831790125 0.2867476854166667 0.781828703125 0.2890625 0.781828703125 0.2913773145833333 0.7810570984375 0.29340277708333334 0.780671296875 0.296875 0.782600309375 0.30005787083333335 0.7872299375 0.2994791666666667 0.787615740625 0.2986111104166667
0 0.8377700625 0 0.8377700625 0.0017361104166666666 0.8387345671875 0.0020254625 0.83892746875 0 0.8377700625 0
0 0.1369598765625 0.19646990833333333 0.1375385796875 0.19646990833333333 0.13888888906250002 0.1932870375 0.13888888906250002 0.19097222291666668 0.13811728437499998 0.1895254625 0.13811728437499998 0.1854745375 0.13676697499999999 0.18460648124999998 0.136188271875 0.18518518541666668 0.13676697499999999 0.18865740833333333 0.1363811734375 0.1932870375 0.1369598765625 0.19646990833333333
0 0.1520061734375 0.16666666666666666 0.1502700625 0.16666666666666666 0.14949845625 0.16840277708333332 0.1520061734375 0.16898148124999998 0.1529706796875 0.168113425 0.1520061734375 0.16666666666666666
0 0.1346450625 0 0.1348379625 0.00289351875 0.1359953703125 0.005208333333333333 0.1363811734375 0.012152777083333333 0.14158950625 0.015335647916666667 0.14351851875 0.01793981458333333 0.1466049375 0.018807870833333334 0.14949845625 0.02112268541666667 0.14949845625 0.023148147916666664 0.1500771609375 0.0234375 0.1500771609375 0.029513889583333335 0.150848765625 0.03240740833333333 0.1500771609375 0.036458333333333336 0.14853395 0.03790509166666667 0.13348765468749998 0.03935185208333333 0.1311728390625 0.041666666666666664 0.1242283953125 0.043113425000000004 0.1232638890625 0.04600694375 0.119598765625 0.046875 0.11882716093750001 0.04976851875 0.11766975312500001 0.05034722291666667 0.11824845625 0.05526620416666667 0.1190200625 0.0567129625 0.12191357968750001 0.057291666666666664 0.1228780859375 0.058449074999999996 0.1269290125 0.05700231458333334 0.12750771562500002 0.058449074999999996 0.1307870375 0.060763889583333335 0.131365740625 0.06307870416666667 0.131365740625 0.06423611041666667 0.12789351875 0.06944444375 0.125 0.07089120416666667 0.1242283953125 0.07262731458333334 0.1228780859375 0.07349537083333332 0.1228780859375 0.07783564791666667 0.1217206796875 0.082175925 0.1194058640625 0.08449074166666667 0.11863425937500001 0.08709490833333335 0.11631944375 0.08767361041666667 0.11554783906249999 0.09056712916666668 0.11419753125000001 0.0917245375 0.11554783906249999 0.09403935208333333 0.11689814843749999 0.09403935208333333 0.1190200625 0.089988425 0.12094907343750001 0.09085648125 0.1207561734375 0.09432870416666667 0.12017746874999999 0.09461805625 0.12017746874999999 0.09635416666666667 0.11882716093750001 0.09924768541666666 0.11882716093750001 0.10098379583333333 0.11824845625 0.10127314791666667 0.11612654375 0.11545138958333333 0.11631944375 0.11979166666666667 0.11805555625 0.12355324166666667 0.11824845625 0.12586805625 0.11882716093750001 0.12615740833333333 0.1190200625 0.13425925833333335 0.121527778125 0.13802083333333334 0.121527778125 0.13946759166666667 0.1242283953125 0.14207175833333335 0.1271219140625 0.14756944375 0.1282793203125 0.14814814791666667 0.1302083328125 0.15190972291666668 0.13348765468749998 0.15509259166666667 0.13348765468749998 0.15625 0.1379243828125 0.1582754625 0.140239196875 0.160300925 0.14409722187500001 0.15856481458333332 0.14930555625 0.15856481458333332 0.1541280859375 0.15682870416666667 0.155671296875 0.15798611041666666 0.155671296875 0.16550925833333335 0.15625 0.16695601875000002 0.15779320937500002 0.16753472291666668 0.1599151234375 0.171875 0.1599151234375 0.17534722291666668 0.1581790125 0.17737268541666668 0.1500771609375 0.17679398124999998 0.14756944375 0.17795138958333334 0.14756944375 0.17997685208333333 0.149884259375 0.18113425833333335 0.1500771609375 0.18229166666666666 0.14756944375 0.18315972291666668 0.14544753125 0.18518518541666668 0.14544753125 0.1932870375 0.1481481484375 0.19849537083333332 0.147955246875 0.20283564791666667 0.148919753125 0.206886575 0.1506558640625 0.21035879583333333 0.15142746875 0.21875 0.15335648125 0.222511575 0.156828703125 0.23292824166666665 0.156828703125 0.234375 0.1574074078125 0.23466435208333333 0.1574074078125 0.23726851875000002 0.15875771562500002 0.24189814791666667 0.16338734531250002 0.24913194375 0.16415895 0.2523148145833333 0.16473765468749998 0.2526041666666667 0.16493055625 0.2552083333333333 0.1695601859375 0.25839120416666667 0.1749614203125 0.26475694375 0.1838348765625 0.26533564791666664 0.1894290125 0.26417824166666665 0.1936728390625 0.26649305625 0.19618055625 0.27025462916666665 0.2004243828125 0.2708333333333333 0.20331790156250001 0.26996527708333334 0.20447530937499997 0.26678240833333333 0.206597221875 0.26533564791666664 0.20794753125 0.26244212916666665 0.21006944375 0.26099537083333335 0.215277778125 0.25173611041666666 0.2145061734375 0.24276620416666667 0.2145061734375 0.2364004625 0.215277778125 0.230324075 0.215277778125 0.2010995375 0.2146990734375 0.19299768541666668 0.215277778125 0.18721064791666667 0.2166280859375 0.18402777708333332 0.2195216046875 0.18113425833333335 0.2218364203125 0.18142361041666666 0.22472993749999998 0.18460648124999998 0.22665894999999997 0.18894675833333335 0.22916666718749998 0.19097222291666668 0.229938271875 0.1932870375 0.23302469062500003 0.19502314791666667 0.234375 0.19675925833333335 0.2370756171875 0.19762731458333332 0.24479166718749998 0.19675925833333335 0.2557870375 0.1973379625 0.258294753125 0.19589120416666667 0.2619598765625 0.19068287083333332 0.2625385796875 0.18923611041666666 0.2625385796875 0.18142361041666666 0.2619598765625 0.17737268541666668 0.2606095671875 0.17447916666666666 0.259259259375 0.16579861041666666 0.259259259375 0.1620370375 0.25868055624999997 0.16145833333333334 0.2584876546875 0.15798611041666666 0.257330246875 0.15653935208333333 0.2557870375 0.15075231458333332 0.253858025 0.14785879583333333 0.252507715625 0.14409722291666668 0.2519290125 0.13454861041666666 0.2492283953125 0.12905092499999998 0.244598765625 0.12355324166666667 0.24209105000000003 0.12210648125 0.23919753125 0.11747685208333333 0.237847221875 0.11400462916666668 0.2366898140625 0.113136575 0.23533950625000002 0.10677083333333333 0.23456790156250001 0.10590277708333334 0.233989196875 0.097800925 0.2364969140625 0.089699075 0.23572530937499997 0.08333333333333333 0.233989196875 0.08159722291666666 0.233989196875 0.07986111041666667 0.23533950625000002 0.07725694375 0.23456790156250001 0.07089120416666667 0.22878086406249998 0.0625 0.22839506250000002 0.06018518541666666 0.22472993749999998 0.05439814791666667 0.22395833281250002 0.050925925000000004 0.222608025 0.04832175833333333 0.2218364203125 0.042824074999999996 0.21971450625000002 0.03935185208333333 0.2137345671875 0.03616898125 0.2071759265625 0.03616898125 0.2019675921875 0.03240740833333333 0.2004243828125 0.029224537499999998 0.1984953703125 0.028067129166666666 0.19598765468749998 0.024305556250000002 0.1907793203125 0.024305556250000002 0.188078703125 0.025462962500000002 0.1853780859375 0.02893518541666667 0.18460648125 0.0332754625 0.1853780859375 0.040798610416666665 0.173225309375 0.04745370416666667 0.172260803125 0.04456018541666666 0.17206790156250001 0.0410879625 0.171489196875 0.04050925833333333 0.171296296875 0.036458333333333336 0.17013888906250002 0.03211805625 0.17013888906250002 0.028645833333333332 0.16936728437499998 0.027777777083333333 0.1685956796875 0.019097222916666667 0.1660879625 0.015335647916666667 0.1660879625 0.011574075 0.1643518515625 0.0078125 0.1608796296875 0.005497685416666666 0.15528549375 0.004629629166666666 0.154899690625 0.003761575 0.1496913578125 0.0020254625 0.14949845625 0 0.1346450625 0
0 0.047453703125 0.26388888958333334 0.044367284374999996 0.26533564791666664 0.0418595671875 0.26880787083333335 0.0418595671875 0.28790509166666667 0.043016975 0.29108796249999996 0.047839506250000004 0.29542824166666665 0.0491898140625 0.29745370416666667 0.0499614203125 0.300636575 0.053047839062500005 0.30410879583333333 0.060185185937499996 0.3064236104166667 0.0675154328125 0.30671296249999996 0.06770833281250001 0.31307870416666667 0.0684799375 0.31452546249999996 0.07040895 0.3151041666666667 0.077739196875 0.31452546249999996 0.0812114203125 0.31192129583333333 0.08892746875 0.30815972291666666 0.09297839531249999 0.30410879583333333 0.093171296875 0.30266203750000004 0.0949074078125 0.300636575 0.0949074078125 0.29890046249999996 0.0970293203125 0.2951388895833333 0.0970293203125 0.29340277708333334 0.09895833281250001 0.28935185208333336 0.109953703125 0.29195601875 0.11439043281250001 0.28877314791666664 0.124614196875 0.2873263895833333 0.1280864203125 0.28790509166666667 0.1302083328125 0.29021990833333333 0.1315586421875 0.28761574166666665 0.13175154375 0.28327546249999996 0.13348765468749998 0.27777777708333334 0.13348765468749998 0.27546296249999996 0.1309799375 0.269675925 0.1309799375 0.265625 0.13368055625 0.26128472291666666 0.1354166671875 0.26070601875 0.1379243828125 0.25810185208333336 0.13908179062499998 0.2554976854166667 0.13811728437499998 0.2520254625 0.134259259375 0.24768518541666668 0.13290895 0.24768518541666668 0.1292438265625 0.2520254625 0.1261574078125 0.25289351875 0.1190200625 0.25028935208333336 0.11631944375 0.24768518541666668 0.1130401234375 0.24681712916666668 0.10165895 0.24681712916666668 0.0978009265625 0.24768518541666668 0.09452160468750001 0.2520254625 0.0916280859375 0.254050925 0.0895061734375 0.25144675833333335 0.088348765625 0.24826388958333334 0.08854166718749999 0.23784722291666668 0.088348765625 0.23611111041666666 0.0875771609375 0.23524305625 0.078510803125 0.23495370416666667 0.0709876546875 0.23292824166666665 0.0646219140625 0.23350694375 0.06057098749999999 0.2323495375 0.058063271875 0.230613425 0.0549768515625 0.23119212916666668 0.0526620375 0.23408564791666667 0.052276234374999994 0.24131944375 0.049768518750000004 0.25144675833333335 0.0495756171875 0.26070601875 0.047453703125 0.26388888958333334
0 0.769097221875 0 0.7689043203125 0.0020254625 0.7654320984375 0.0020254625 0.763117284375 0.004340277083333333 0.7644675921874999 0.010995370833333332 0.7677469140625 0.017071758333333336 0.7679398140625 0.019386575 0.7625385796875 0.02575231458333333 0.7619598765625 0.027488425 0.7571373453125 0.03153935208333333 0.7540509265625001 0.03790509166666667 0.7540509265625001 0.04137731458333334 0.7552083328125 0.044270833333333336 0.7550154328125 0.04832175833333333 0.7532793203125 0.052083333333333336 0.7530864203125 0.05439814791666667 0.751350309375 0.0567129625 0.750385803125 0.059895833333333336 0.746527778125 0.06684027708333334 0.7467206796875 0.07060185208333333 0.7472993828125001 0.07175925833333333 0.7530864203125 0.078125 0.7532793203125 0.08651620416666667 0.753858025 0.08825231458333334 0.7530864203125 0.0995370375 0.750578703125 0.10474537083333332 0.7498070984375 0.10792824166666667 0.7478780859375 0.11082175833333333 0.7472993828125001 0.11255787083333332 0.7478780859375 0.11458333333333333 0.7511574078125001 0.11747685208333333 0.7569444437499999 0.1192129625 0.7638888890625 0.1229745375 0.7762345671875 0.12239583333333333 0.781635803125 0.12008101875 0.7872299375 0.11631944375 0.7893518515625 0.11371527708333334 0.7910879625 0.113136575 0.792438271875 0.11082175833333333 0.7926311734375 0.10677083333333333 0.7932098765625 0.10619212916666668 0.7937885796875 0.10243055625 0.796875 0.10011574166666667 0.7991898140625 0.10271990833333335 0.800347221875 0.10590277708333334 0.7991898140625 0.10995370416666667 0.7989969140625 0.113136575 0.7984182093750001 0.113425925 0.796296296875 0.120949075 0.7957175921874999 0.121238425 0.7957175921874999 0.12326388958333333 0.7945601859375 0.1270254625 0.7935956796875 0.14033564791666667 0.796489196875 0.144386575 0.7988040125 0.14496527708333332 0.8009259265625 0.14670138958333334 0.8030478390625 0.15306712916666668 0.8055555562500001 0.15798611041666666 0.8109567906249999 0.1640625 0.8144290125 0.1698495375 0.8171296296874999 0.17216435208333333 0.8248456796875001 0.17042824166666665 0.829475309375 0.17303240833333333 0.831597221875 0.175636575 0.8342978390625 0.17679398124999998 0.8381558640625 0.17795138958333334 0.8439429015625001 0.17795138958333334 0.8489583328125001 0.18084490833333333 0.853009259375 0.18055555625 0.8551311734375 0.17708333333333334 0.856867284375 0.175636575 0.8578317906249999 0.17071759166666667 0.8603395062500001 0.16724537083333332 0.8611111109375 0.16174768541666668 0.8611111109375 0.15104166666666666 0.8624614203125001 0.14699074166666665 0.86419753125 0.14496527708333332 0.8643904328125 0.14120370416666667 0.8649691359375 0.140625 0.86419753125 0.12644675833333333 0.8688271609375 0.11979166666666667 0.8688271609375 0.11284722291666666 0.8676697531249999 0.10879629583333333 0.8651620375 0.10503472291666666 0.86419753125 0.1015625 0.8655478390625 0.10069444375 0.8680555562500001 0.10098379583333333 0.8746141968750001 0.10474537083333332 0.8771219140625 0.10763888958333333 0.8805941359375 0.10966435208333333 0.8817515437500001 0.113136575 0.8840663578125 0.11574074166666667 0.8863811734375 0.11747685208333333 0.8873456796875001 0.11747685208333333 0.888117284375 0.11631944375 0.888117284375 0.11053240833333335 0.8869598765625 0.10619212916666668 0.8869598765625 0.0839120375 0.888117284375 0.07928240833333335 0.888117284375 0.07262731458333334 0.8873456796875001 0.07002314791666667 0.8856095671875 0.06799768541666666 0.8834876546875 0.06018518541666666 0.8821373453125 0.05815972291666667 0.8807870375 0.052083333333333336 0.8788580250000001 0.05005787083333334 0.8780864203125001 0.04716435208333333 0.8734567906249999 0.03964120416666667 0.8709490734375 0.03790509166666667 0.869598765625 0.035300925000000004 0.8651620375 0.03240740833333333 0.86419753125 0.029513889583333335 0.8649691359375 0.02575231458333333 0.86226851875 0.021412037499999998 0.8589891968750001 0.019675925 0.855902778125 0.015914352083333333 0.8535879625 0.014467591666666666 0.8522376546875 0.011863425 0.850115740625 0.010706018749999999 0.8470293203124999 0.00694444375 0.845100309375 0.006076389583333333 0.8441358031249999 0.003761575 0.8422067906249999 0.0017361104166666666 0.8422067906249999 0 0.769097221875 0
0 0.5758101859375 0.4085648145833333 0.577739196875 0.41840277708333334 0.57908950625 0.418113425 0.579475309375 0.41695601875 0.5812114203125 0.4157986104166667 0.5883487656249999 0.4157986104166667 0.595100309375 0.41840277708333334 0.5997299375 0.41898148125 0.6018518515625 0.41753472291666666 0.60146605 0.40740740833333333 0.6024305562500001 0.40625 0.6109182093750001 0.40972222291666666 0.613811728125 0.40943287083333335 0.61612654375 0.40682870416666667 0.61612654375 0.4007523145833333 0.61226851875 0.3923611104166667 0.608989196875 0.39091435208333336 0.6022376546875 0.394675925 0.59857253125 0.390625 0.5970293203125 0.386863425 0.5929783953125 0.38165509166666667 0.5891203703125 0.3804976854166667 0.584490740625 0.38136574166666665 0.577739196875 0.3802083333333333 0.5750385796875 0.38165509166666667 0.5738811734375 0.386863425 0.5738811734375 0.39814814791666664 0.5750385796875 0.4036458333333333 0.575617284375 0.4039351854166667 0.5758101859375 0.4085648145833333
0 0.8836805562500001 0.34490740833333333 0.8846450625 0.3454861104166667 0.8863811734375 0.3489583333333333 0.8890817906249999 0.3489583333333333 0.8904320984374999 0.34722222291666666 0.8939043203124999 0.347800925 0.8962191359375 0.35098379583333333 0.8967978390625 0.35474537083333335 0.8994984562499999 0.35908564791666664 0.9025848765625 0.36053240833333333 0.903742284375 0.363136575 0.9058641968750001 0.3645833333333333 0.906828703125 0.36689814791666664 0.9089506171874999 0.36834490833333333 0.9103009265625 0.370949075 0.9153163578125 0.37413194375000003 0.9185956796875001 0.37442129583333333 0.927276234375 0.36834490833333333 0.93267746875 0.36689814791666664 0.9355709875 0.36400462916666665 0.940972221875 0.363425925 0.9498456796875001 0.36574074166666665 0.950617284375 0.36429398125 0.9540895062500001 0.36284722291666666 0.9554398140625 0.35995370416666667 0.956597221875 0.359375 0.9575617281250001 0.35590277708333334 0.9571759265625 0.34866898125 0.9562114203125001 0.347800925 0.9540895062500001 0.3420138895833333 0.950617284375 0.33622685208333336 0.9498456796875001 0.3333333333333333 0.9461805562500001 0.33130787083333335 0.9434799375 0.32494212916666665 0.9421296296874999 0.324074075 0.9421296296874999 0.31973379583333333 0.9427083328125001 0.31886574166666665 0.9421296296874999 0.316550925 0.9398148140625 0.31394675833333335 0.9371141968750001 0.3125 0.936149690625 0.31047453750000004 0.934027778125 0.30960648125 0.932098765625 0.30671296249999996 0.9263117281250001 0.30526620416666667 0.9228395062500001 0.30150462916666665 0.9209104937499999 0.300925925 0.91898148125 0.29832175833333335 0.91705246875 0.29716435208333336 0.9114583328125001 0.29745370416666667 0.906828703125 0.30150462916666665 0.9045138890625 0.30526620416666667 0.90142746875 0.3070023145833333 0.8987268515625001 0.31047453750000004 0.8989197531249999 0.31741898125 0.8979552468750001 0.31886574166666665 0.8927469140625 0.31915509166666667 0.8902391968750001 0.3203125 0.8886959875 0.32233796249999996 0.8856095671875 0.32349537083333335 0.8834876546875 0.32494212916666665 0.8819444437499999 0.32725694375000003 0.8802083328125001 0.32783564791666664 0.8796296296874999 0.3298611104166667 0.8794367281250001 0.33246527708333334 0.8802083328125001 0.33680555624999997 0.8809799375 0.33738425833333335 0.8836805562500001 0.34490740833333333
0 0.8927469140625 0.29021990833333333 0.8902391968750001 0.29600694375000003 0.8902391968750001 0.29976851875 0.8908179015625001 0.300636575 0.8994984562499999 0.300636575 0.9064429015625001 0.29195601875 0.9081790125 0.29108796249999996 0.9108796296874999 0.28703703750000004 0.9108796296874999 0.2829861104166667 0.9081790125 0.28067129583333333 0.905671296875 0.28038194375000003 0.904899690625 0.27922453750000004 0.90335648125 0.2789351854166667 0.9020061734375 0.277488425 0.90142746875 0.27546296249999996 0.8987268515625001 0.27401620416666667 0.8975694437499999 0.27199074166666665 0.8956404328125 0.2717013895833333 0.894097221875 0.26996527708333334 0.8913966046875 0.27199074166666665 0.8921682093750001 0.27459490833333333 0.8921682093750001 0.27806712916666665 0.8927469140625 0.27835648125 0.8927469140625 0.29021990833333333
0 0.4108796296875 0 0.41068672812499996 0.0020254625 0.4035493828125 0.0020254625 0.3956404328125 0.003761575 0.394483025 0.005208333333333333 0.388117284375 0.007523147916666667 0.38715277812500004 0.009259258333333333 0.3848379625 0.010995370833333332 0.384259259375 0.015046295833333334 0.3848379625 0.020833333333333332 0.3854166671875 0.02112268541666667 0.3856095671875 0.023726852083333336 0.3875385796875 0.02575231458333333 0.3875385796875 0.03472222291666667 0.388117284375 0.035011574999999996 0.3875385796875 0.04050925833333333 0.390046296875 0.04369212916666666 0.39216820937499997 0.04918981458333334 0.39216820937499997 0.05381944375 0.39023919687499997 0.05902777708333333 0.3894675921875 0.06423611041666667 0.390046296875 0.06452546249999999 0.39023919687499997 0.0682870375 0.39197530937499997 0.07204861041666667 0.3929398140625 0.07783564791666667 0.398919753125 0.08738425833333333 0.39949845625 0.09114583333333333 0.400848765625 0.09403935208333333 0.40277777812500004 0.0957754625 0.40663580312500003 0.09664351875 0.4201388890625 0.09693287083333332 0.42418981406249995 0.0957754625 0.4303626546875 0.09664351875 0.4332561734375 0.0957754625 0.435956790625 0.09114583333333333 0.43807870312499997 0.08101851875 0.44058642031249995 0.0760995375 0.4425154328125 0.06452546249999999 0.4407793203125 0.05931712916666666 0.4407793203125 0.05613425833333333 0.44868827187500004 0.043113425000000004 0.4488811734375 0.03964120416666667 0.450617284375 0.03674768541666666 0.451581790625 0.03125 0.45408950625 0.026909722916666667 0.45543981406249995 0.021990741666666664 0.45891203750000004 0.017071758333333336 0.46257716093749995 0.015335647916666667 0.4627700625 0.014467591666666666 0.46739969062500003 0.011284722916666667 0.46797839531249996 0.010416666666666666 0.46797839531249996 0.007233795833333333 0.467206790625 0.005208333333333333 0.4635416671875 0.005497685416666666 0.46141975312500005 0.0034722229166666663 0.4573688265625 0.0020254625 0.45717592656250006 0 0.4108796296875 0
0 0.9180169749999999 0.18894675833333335 0.919367284375 0.18981481458333332 0.9207175921875 0.19386574166666665 0.9239969140625 0.199363425 0.9241898140625 0.20283564791666667 0.9226466046875 0.20746527708333332 0.9234182093750001 0.21122685208333333 0.9245756171874999 0.2129629625 0.925347221875 0.21759259166666667 0.9259259265625 0.21788194375 0.92669753125 0.22395833333333334 0.9280478390625 0.22771990833333333 0.9315200625 0.23321759166666667 0.9367283953125 0.23726851875000002 0.9376929015625001 0.23900462916666668 0.94039351875 0.24045138958333334 0.9407793203124999 0.24189814791666667 0.9430941359375 0.24305555625 0.9459876546875 0.24710648124999998 0.9494598765625 0.24826388958333334 0.956597221875 0.24739583333333334 0.9581404328125 0.246238425 0.9614197531249999 0.24565972291666668 0.9616126546875 0.24479166666666666 0.9646990734375 0.24334490833333333 0.9718364203125001 0.24131944375 0.9720293203124999 0.24045138958333334 0.974151234375 0.23929398124999998 0.978009259375 0.23871527708333332 0.9824459875 0.23495370416666667 0.9845679015625001 0.234375 0.987847221875 0.22916666666666666 0.9880401234375 0.22569444375 0.98726851875 0.21961805625 0.9884259265625 0.2167245375 0.9874614203125001 0.21556712916666668 0.98726851875 0.2129629625 0.9861111109375 0.21006944375 0.9859182093750001 0.20254629583333333 0.9845679015625001 0.19646990833333333 0.9845679015625001 0.19357638958333334 0.9839891968750001 0.19299768541666668 0.9839891968750001 0.18518518541666668 0.9834104937499999 0.18315972291666668 0.983796296875 0.17881944375 0.981867284375 0.17332175833333335 0.9731867281250001 0.16579861041666666 0.9720293203124999 0.16348379583333333 0.9699074078125 0.16174768541666668 0.9695216046875 0.15972222291666668 0.9699074078125 0.15393518541666668 0.9733796296874999 0.15190972291666668 0.9739583328125001 0.1504629625 0.9699074078125 0.14322916666666666 0.967399690625 0.14033564791666667 0.9726080250000001 0.13599537083333332 0.9737654328125 0.13020833333333334 0.9573688265625 0.12355324166666667 0.9461805562500001 0.1229745375 0.9427083328125001 0.1270254625 0.9411651234375 0.13396990833333333 0.938850309375 0.13802083333333334 0.9386574078125 0.14091435208333333 0.9419367281250001 0.1484375 0.940007715625 0.15133101875000002 0.9378858031249999 0.14930555625 0.92978395 0.14785879583333333 0.9220679015625001 0.1484375 0.9203317906249999 0.14959490833333333 0.9182098765625 0.15393518541666668 0.9160879625 0.16435185208333333 0.9108796296874999 0.17621527708333332 0.9103009265625 0.17824074166666665 0.9106867281250001 0.18200231458333332 0.9172453703125001 0.18692129583333333 0.9180169749999999 0.18894675833333335
0 0.807098765625 0.5604745375 0.8057484562499999 0.5619212958333333 0.8057484562499999 0.5706018520833334 0.807098765625 0.5714699083333333 0.80767746875 0.5630787041666667 0.807098765625 0.5604745375
0 0.875578703125 0.5824652770833333 0.8788580250000001 0.5862268520833334 0.8832947531249999 0.5853587958333333 0.8873456796875001 0.5766782416666667 0.888117284375 0.5706018520833334 0.888117284375 0.5604745375 0.8875385796874999 0.5567129625 0.8856095671875 0.5541087958333333 0.884259259375 0.5506365750000001 0.8834876546875 0.5434027770833333 0.8809799375 0.53616898125 0.8769290125 0.5326967583333333 0.8740354937499999 0.5329861104166667 0.8728780859375 0.5338541666666666 0.8726851859375 0.5367476854166667 0.8717206796875001 0.5384837958333333 0.8728780859375 0.55179398125 0.8734567906249999 0.5520833333333334 0.873649690625 0.5642361104166667 0.875578703125 0.5824652770833333
0 0.833526234375 0.5384837958333333 0.833526234375 0.5413773145833333 0.83294753125 0.5448495375 0.8314043203124999 0.5465856479166666 0.8263888890625 0.5460069437499999 0.8250385796874999 0.546875 0.8244598765625 0.5549768520833334 0.8250385796874999 0.5561342583333333 0.8250385796874999 0.5598958333333334 0.825617284375 0.5601851854166667 0.8258101859375 0.5645254625 0.8269675921875 0.5671296291666666 0.8269675921875 0.5691550916666667 0.827546296875 0.5694444437499999 0.8277391968750001 0.5729166666666666 0.8290895062500001 0.5775462958333333 0.8290895062500001 0.5815972229166667 0.8283179015625001 0.5842013895833333 0.8283179015625001 0.5989583333333334 0.829475309375 0.6067708333333334 0.8296682093750001 0.6137152770833333 0.8304398140625 0.61429398125 0.83101851875 0.6177662041666667 0.8342978390625 0.6197916666666666 0.8476080250000001 0.6195023145833333 0.8522376546875 0.6180555562500001 0.860725309375 0.6183449083333333 0.8638117281250001 0.6177662041666667 0.8684413578125 0.6137152770833333 0.871527778125 0.6085069437499999 0.8717206796875001 0.6061921291666666 0.8722993828125001 0.6056134249999999 0.8726851859375 0.5983796291666666 0.871527778125 0.5928819437499999 0.871527778125 0.5870949083333333 0.87017746875 0.5743634249999999 0.8690200625 0.5723379625 0.8688271609375 0.5703125 0.8676697531249999 0.5691550916666667 0.8655478390625 0.5688657416666667 0.8643904328125 0.5665509249999999 0.86419753125 0.5645254625 0.8636188265625 0.5642361104166667 0.86419753125 0.5627893520833334 0.865740740625 0.5627893520833334 0.8680555562500001 0.5604745375 0.8684413578125 0.55179398125 0.8676697531249999 0.5425347229166667 0.8661265437500001 0.5387731479166666 0.8649691359375 0.5376157416666667 0.8651620375 0.5344328708333334 0.8661265437500001 0.5332754625 0.865740740625 0.5289351854166667 0.86226851875 0.5150462958333333 0.8603395062500001 0.5109953708333334 0.856867284375 0.5078125 0.8474151234375 0.5066550916666667 0.8456790125 0.5046296291666666 0.8416280859375 0.504050925 0.841242284375 0.5052083333333334 0.8369984562499999 0.5075231479166666 0.8352623453125 0.51070601875 0.8339120375 0.5112847229166666 0.8319830250000001 0.5150462958333333 0.8304398140625 0.5153356479166666 0.8283179015625001 0.5219907416666667 0.8290895062500001 0.5286458333333334 0.8302469140625 0.53125 0.8321759265625 0.5332754625 0.833526234375 0.5384837958333333
0 0.6859567906249999 0.7358217583333333 0.686149690625 0.7381365750000001 0.68846450625 0.7398726854166667 0.688850309375 0.7413194437499999 0.6911651234375 0.7436342583333333 0.6927083328125 0.7578125 0.6932870375 0.7581018520833334 0.6934799375 0.7609953708333334 0.6959876546875 0.7653356479166666 0.6998456796875 0.7641782416666667 0.7042824078125001 0.765625 0.706597221875 0.77054398125 0.70794753125 0.7717013895833333 0.7092978390625 0.77633101875 0.7150848765625 0.7821180562500001 0.717399690625 0.78616898125 0.720100309375 0.7876157416666667 0.7218364203125 0.7864583333333334 0.722608025 0.78414351875 0.7258873453125 0.7798032416666667 0.7345679015625 0.7760416666666666 0.73726851875 0.7719907416666667 0.7399691359375 0.7630208333333334 0.7399691359375 0.7601273145833333 0.738811728125 0.7566550916666667 0.7326388890625 0.7482638895833333 0.730516975 0.7476851854166667 0.7272376546875 0.7494212958333333 0.7228009265625001 0.7534722229166667 0.72164351875 0.7560763895833333 0.71971450625 0.7572337958333333 0.7166280859375 0.7575231479166666 0.7141203703125 0.7560763895833333 0.71084105 0.7514467583333333 0.7106481484375 0.7482638895833333 0.7096836421875 0.7468171291666666 0.7050540125 0.7436342583333333 0.703510803125 0.7416087958333333 0.7033179015625 0.7387152770833333 0.70216049375 0.7369791666666666 0.7015817906249999 0.7340856479166666 0.702739196875 0.7288773145833333 0.70408950625 0.7268518520833334 0.7013888890625 0.7204861104166667 0.7013888890625 0.7135416666666666 0.702739196875 0.7103587958333333 0.702739196875 0.7089120375 0.70216049375 0.7065972229166667 0.696759259375 0.6987847229166667 0.69425154375 0.6973379625 0.6921296296875 0.6944444437499999 0.6859567906249999 0.6915509249999999 0.68074845625 0.6941550916666667 0.67959105 0.69820601875 0.67959105 0.7103587958333333 0.6820987656249999 0.7297453708333334 0.6847993828125001 0.7332175916666667 0.6859567906249999 0.7358217583333333
0 0.52449845625 0.2401620375 0.52449845625 0.25 0.5250771609375 0.25028935208333336 0.5250771609375 0.2523148145833333 0.52642746875 0.2552083333333333 0.5324074078125001 0.25810185208333336 0.531635803125 0.26215277708333334 0.531828703125 0.26996527708333334 0.5324074078125001 0.27025462916666665 0.532600309375 0.27430555624999997 0.5343364203125 0.27806712916666665 0.5358796296875 0.2864583333333333 0.5370370375 0.28848379583333333 0.53800154375 0.29253472291666666 0.537615740625 0.2994791666666667 0.5364583328125 0.30150462916666665 0.535686728125 0.30555555624999997 0.5358796296875 0.31047453750000004 0.5383873453125 0.31394675833333335 0.5408950625 0.31452546249999996 0.5426311734375 0.3098958333333333 0.547260803125 0.30758101875 0.554205246875 0.3101851854166667 0.5569058640625 0.31307870416666667 0.5617283953125 0.31307870416666667 0.5644290125 0.30671296249999996 0.5655864203125 0.30121527708333334 0.5655864203125 0.29195601875 0.5644290125 0.28327546249999996 0.5636574078125001 0.28182870416666667 0.5644290125 0.26620370416666667 0.5636574078125001 0.26504629583333333 0.5636574078125001 0.2630208333333333 0.5617283953125 0.25694444375 0.5617283953125 0.253761575 0.561149690625 0.25318287083333335 0.561149690625 0.24537037083333332 0.563850309375 0.23929398124999998 0.5655864203125 0.23871527708333332 0.566936728125 0.23611111041666666 0.5682870375 0.23553240833333333 0.5721450625 0.230613425 0.5731095671875 0.22222222291666668 0.5709876546875 0.21267361041666666 0.566936728125 0.21035879583333333 0.5644290125 0.20630787083333332 0.561149690625 0.20486111041666666 0.5569058640625 0.20775462916666668 0.550347221875 0.2010995375 0.5441743828125001 0.199363425 0.5397376546875 0.199363425 0.5349151234375 0.20283564791666667 0.533757715625 0.20572916666666666 0.5324074078125001 0.20659722291666668 0.5304783953125 0.21354166666666666 0.52449845625 0.22222222291666668 0.5243055562500001 0.22627314791666667 0.52334105 0.22974537083333332 0.52334105 0.23553240833333333 0.52449845625 0.2401620375
0 0.2760416671875 0 0.2760416671875 0.0017361104166666666 0.27449845625 0.004629629166666666 0.273919753125 0.010995370833333332 0.2750771609375 0.018229166666666668 0.27835648125 0.023726852083333336 0.281828703125 0.026909722916666667 0.2874228390625 0.028067129166666666 0.2935956796875 0.025173610416666665 0.2999614203125 0.02893518541666667 0.3088348765625 0.029224537499999998 0.31327160468750004 0.03240740833333333 0.3165509265625 0.03761574166666667 0.3209876546875 0.041666666666666664 0.3250385796875 0.04137731458333334 0.3261959875 0.03935185208333333 0.3292824078125 0.03761574166666667 0.32966820937499997 0.036458333333333336 0.3337191359375 0.0332754625 0.33506944375000003 0.030381943749999998 0.336419753125 0.029513889583333335 0.336419753125 0.021412037499999998 0.3377700625 0.016203704166666666 0.3404706796875 0.010995370833333332 0.34375 0.009259258333333333 0.3497299375 0.008969908333333334 0.3522376546875 0.0057870375 0.35146605000000003 0 0.2760416671875 0
0 0.52642746875 0.7242476854166667 0.5291280859375 0.7268518520833334 0.5378086421875 0.7306134249999999 0.543016975 0.73148148125 0.550733025 0.7309027770833333 0.5526620375 0.7288773145833333 0.5543981484375 0.7282986104166667 0.55574845625 0.7256944437499999 0.5578703703125 0.7239583333333334 0.559027778125 0.7204861104166667 0.559027778125 0.7164351854166667 0.5584490734374999 0.71585648125 0.5582561734375 0.7132523145833333 0.5570987656249999 0.7092013895833333 0.5543981484375 0.7039930562500001 0.5530478390625 0.7028356479166666 0.5511188265625 0.6987847229166667 0.5499614203125 0.69820601875 0.54783950625 0.6944444437499999 0.5441743828125001 0.6912615750000001 0.5426311734375 0.6909722229166667 0.5399305562500001 0.6877893520833334 0.539544753125 0.6857638895833333 0.5372299375 0.68460648125 0.53125 0.6863425916666667 0.52449845625 0.69039351875 0.52237654375 0.6964699083333333 0.519097221875 0.7016782416666667 0.5179398140625 0.7039930562500001 0.5177469140625 0.7063078708333334 0.5171682093750001 0.7065972229166667 0.5171682093750001 0.7149884249999999 0.51851851875 0.7173032416666667 0.5254629625 0.7219328708333334 0.52642746875 0.7242476854166667
0 0.43402777812500004 0.5431134249999999 0.4392361109375 0.5425347229166667 0.4465663578125 0.54398148125 0.45505401250000005 0.5520833333333334 0.46006944375 0.5598958333333334 0.46315586406250003 0.5619212958333333 0.46508487656249997 0.5619212958333333 0.46527777812500004 0.5627893520833334 0.467206790625 0.5627893520833334 0.4699074078125 0.5570023145833333 0.4699074078125 0.5538194437499999 0.4737654328125 0.5509259249999999 0.4758873453125 0.5457175916666667 0.478009259375 0.5425347229166667 0.4783950625 0.5393518520833334 0.47993827187500004 0.5364583333333334 0.47993827187500004 0.5338541666666666 0.48070987656249997 0.5326967583333333 0.48148148125 0.5248842583333333 0.4886188265625 0.51475694375 0.48842592656250006 0.5109953708333334 0.48726851875 0.5095486104166667 0.48726851875 0.5083912041666667 0.48572530937499997 0.5060763895833333 0.4826388890625 0.49797453750000004 0.48456790156249996 0.49189814791666664 0.48533950625 0.49131944375000003 0.48533950625 0.48784722291666666 0.48148148125 0.48003472291666666 0.4801311734375 0.4788773145833333 0.47820216093749995 0.47511574166666665 0.47665895 0.4742476854166667 0.4739583328125 0.47077546249999996 0.46585648125 0.47077546249999996 0.46527777812500004 0.46990740833333333 0.46006944375 0.46817129583333333 0.45794753125 0.4710648145833333 0.45794753125 0.47337962916666665 0.4573688265625 0.47366898125 0.456983025 0.488425925 0.45293209843750004 0.4895833333333333 0.45081018593750005 0.488425925 0.4498456796875 0.484375 0.4488811734375 0.484375 0.4479166671875 0.48553240833333333 0.44618055625 0.48582175833333335 0.44444444375 0.488425925 0.43807870312499997 0.4904513895833333 0.43769290156249996 0.49160879583333333 0.435956790625 0.4921875 0.43402777812500004 0.49421296249999996 0.4332561734375 0.5005787041666667 0.43267746875 0.50086805625 0.43267746875 0.5031828708333334 0.4315200625 0.50694444375 0.43132716093749995 0.5150462958333333 0.43074845625 0.5153356479166666 0.42959105 0.5248842583333333 0.42920524687499995 0.5379050916666667 0.42959105 0.5402199083333333 0.43074845625 0.5422453708333334 0.43402777812500004 0.5431134249999999
0 0.0032793203125000003 0 0.0032793203125000003 0.007523147916666667 0.0052083328125 0.014178241666666667 0.0052083328125 0.022569443749999998 0.0032793203125000003 0.025173610416666665 0.0019290125 0.02893518541666667 0 0.029224537499999998 0 0.09143518541666666 0.0052083328125 0.09056712916666668 0.009452160937499999 0.09114583333333333 0.0144675921875 0.09664351875 0.01658950625 0.097800925 0.017168209375 0.0995370375 0.019483025 0.10098379583333333 0.0212191359375 0.1035879625 0.025848765625 0.10387731458333334 0.029899690625000003 0.09982638958333333 0.03125 0.09722222291666666 0.037808642187500005 0.09143518541666666 0.0408950625 0.08449074166666667 0.0418595671875 0.07118055625 0.042438271875 0.06944444375 0.0445601859375 0.066261575 0.047260803125 0.06423611041666667 0.047260803125 0.0526620375 0.0451388890625 0.03761574166666667 0.0451388890625 0.024305556250000002 0.0445601859375 0.023726852083333336 0.044367284374999996 0.019965277083333333 0.042631173437499996 0.017650462500000002 0.0408950625 0.011574075 0.03915895 0.00868055625 0.03896605 0.005497685416666666 0.037037037499999995 0.0017361104166666666 0.037037037499999995 0 0.0032793203125000003 0
0 0.59375 0 0.5935570984375 0.0020254625 0.58892746875 0.0031828708333333333 0.58699845625 0.005208333333333333 0.5804398140625 0.019386575 0.5750385796875 0.02575231458333333 0.5731095671875 0.030381943749999998 0.5721450625 0.03674768541666666 0.5709876546875 0.03964120416666667 0.5709876546875 0.04253472291666667 0.57040895 0.042824074999999996 0.57021605 0.04658564791666667 0.5696373453125 0.046875 0.5696373453125 0.05439814791666667 0.5763888890625 0.05584490833333333 0.579475309375 0.057291666666666664 0.5796682093750001 0.05815972291666667 0.5839120375 0.05960648125 0.5922067906249999 0.06018518541666666 0.5939429015625 0.06134259166666667 0.5949074078125001 0.06336805625 0.594135803125 0.07118055625 0.5968364203125 0.07696759166666665 0.5968364203125 0.081886575 0.5916280859375 0.09114583333333333 0.5904706796875 0.09201388958333333 0.5895061734375 0.09432870416666667 0.58699845625 0.09606481458333334 0.5835262343750001 0.10214120416666667 0.58294753125 0.11892361041666667 0.5823688265625 0.1192129625 0.5823688265625 0.12962962916666668 0.58294753125 0.12991898125 0.5831404328125 0.13396990833333333 0.5850694437499999 0.136574075 0.59085648125 0.13802083333333334 0.5929783953125 0.14033564791666667 0.5935570984375 0.14236111041666666 0.594328703125 0.1640625 0.5949074078125001 0.16435185208333333 0.5949074078125001 0.16579861041666666 0.5968364203125 0.167824075 0.5970293203125 0.17013888958333334 0.6003086421875 0.17853009166666667 0.6008873453125 0.18200231458333332 0.6035879625 0.18489583333333334 0.6086033953125 0.18663194375 0.608989196875 0.18778935208333333 0.6114969140625 0.1895254625 0.6168981484375 0.1895254625 0.621527778125 0.16724537083333332 0.6222993828125001 0.1660879625 0.6222993828125001 0.16464120416666667 0.6242283953125 0.16174768541666668 0.6248070984375 0.15914351875000002 0.6280864203125 0.15451388958333334 0.6282793203125 0.15133101875000002 0.6296296296875 0.14785879583333333 0.6307870375 0.14091435208333333 0.6296296296875 0.13136574166666667 0.6296296296875 0.12181712916666668 0.6282793203125 0.11805555625 0.6277006171874999 0.113136575 0.6282793203125 0.10416666666666667 0.628858025 0.1035879625 0.6282793203125 0.08912037083333332 0.63290895 0.07957175833333333 0.6346450625 0.07783564791666667 0.6356095671875 0.07494212916666668 0.636188271875 0.07494212916666668 0.636188271875 0.07089120416666667 0.629436728125 0.06886574166666667 0.625578703125 0.06423611041666667 0.625 0.0604745375 0.6282793203125 0.05005787083333334 0.6282793203125 0.04803240833333333 0.6307870375 0.043113425000000004 0.6309799375 0.036458333333333336 0.62982253125 0.035011574999999996 0.6248070984375 0.03269675833333333 0.6222993828125001 0.030092591666666668 0.6203703703125 0.025462962500000002 0.6188271609375 0.023726852083333336 0.6168981484375 0.017071758333333336 0.6149691359375 0.014178241666666667 0.61419753125 0.011284722916666667 0.612847221875 0.0098379625 0.61033950625 0.003761575 0.6076388890625 0.0014467583333333332 0.6076388890625 0 0.59375 0
0 0.58699845625 0.8567708333333334 0.5881558640625 0.8625578708333334 0.5875771609375 0.8813657416666667 0.5896990734374999 0.8839699083333333 0.5987654328125 0.88773148125 0.6033950625 0.8880208333333334 0.6062885796875 0.8871527770833333 0.61033950625 0.8845486104166667 0.6124614203125 0.8816550916666667 0.61612654375 0.8816550916666667 0.6174768515625 0.8839699083333333 0.6207561734375 0.8859953708333334 0.6209490734374999 0.88773148125 0.62017746875 0.8900462958333333 0.617669753125 0.8917824083333333 0.6155478390625 0.89554398125 0.6155478390625 0.9010416666666666 0.61612654375 0.90133101875 0.61709105 0.91116898125 0.6194058640625 0.9172453708333334 0.621527778125 0.9201388895833333 0.6228780859375 0.9265046291666666 0.6286651234375 0.9320023145833333 0.6321373453125 0.93258101875 0.6344521609375 0.9322916666666666 0.637152778125 0.9305555562500001 0.640239196875 0.9314236104166667 0.6437114203125 0.9305555562500001 0.64737654375 0.9244791666666666 0.6475694437499999 0.9207175916666667 0.6481481484375 0.9201388895833333 0.6481481484375 0.9097222229166667 0.6446759265625001 0.90133101875 0.6421682093750001 0.8972800916666667 0.6423611109375 0.8943865750000001 0.6437114203125 0.8914930562500001 0.64737654375 0.8903356479166666 0.6500771609375 0.8920717583333333 0.6510416671875 0.8940972229166667 0.656635803125 0.8978587958333333 0.66512345625 0.8984375 0.667438271875 0.8967013895833333 0.6695601859375 0.8891782416666667 0.6720679015625 0.8854166666666666 0.6720679015625 0.8767361104166667 0.6707175921874999 0.8726851854166667 0.6701388890625 0.8654513895833333 0.669367284375 0.8648726854166667 0.669367284375 0.8637152770833333 0.6682098765625 0.8616898145833333 0.665509259375 0.8596643520833334 0.66300154375 0.859375 0.6595293203125 0.8573495375 0.6574074078125001 0.85445601875 0.6570216046875 0.8527199083333333 0.6570216046875 0.8512731479166666 0.6581790125 0.8498263895833333 0.660108025 0.8434606479166666 0.6614583328125 0.8414351854166667 0.6608796296875 0.8339120375 0.6581790125 0.8289930562500001 0.6521990734374999 0.8234953708333334 0.6446759265625001 0.8214699083333333 0.6404320984375 0.8217592583333333 0.6386959875 0.8237847229166667 0.638117284375 0.8321759249999999 0.636766975 0.8339120375 0.63271605 0.8318865750000001 0.6309799375 0.8272569437499999 0.6309799375 0.8240740750000001 0.6296296296875 0.8208912041666667 0.6296296296875 0.8194444437499999 0.6282793203125 0.81741898125 0.6195987656249999 0.8133680562500001 0.6151620375 0.8133680562500001 0.608989196875 0.8159722229166667 0.6066743828125001 0.8191550916666667 0.6051311734375 0.8197337958333333 0.6041666671875 0.8220486104166667 0.6022376546875 0.8240740750000001 0.60146605 0.8275462958333333 0.5993441359375 0.8321759249999999 0.595100309375 0.8336226854166667 0.5904706796875 0.8379629625 0.5895061734375 0.8402777770833333 0.5875771609375 0.8414351854166667 0.5862268515625 0.8443287041666667 0.5850694437499999 0.8449074083333333 0.58487654375 0.84664351875 0.5842978390625 0.8469328708333334 0.5842978390625 0.8515625 0.58699845625 0.8567708333333334
0 0.6892361109375 0.4114583333333333 0.6932870375 0.41435185208333336 0.6940586421875 0.4157986104166667 0.699266975 0.418113425 0.702739196875 0.417824075 0.706597221875 0.41521990833333333 0.7106481484375 0.40711805624999997 0.71084105 0.4010416666666667 0.7125771609375 0.39699074166666665 0.7125771609375 0.3929398145833333 0.7100694437499999 0.38773148125 0.7081404328125 0.38599537083333335 0.706597221875 0.3828125 0.7046682093750001 0.38165509166666667 0.7033179015625 0.37818287083333335 0.7013888890625 0.37586805624999997 0.6981095671875 0.36516203750000004 0.696759259375 0.35474537083333335 0.69540895 0.35127314791666664 0.6932870375 0.35011574166666665 0.6911651234375 0.35127314791666664 0.6896219140625 0.35590277708333334 0.6886574078125001 0.363425925 0.6867283953125 0.3671875 0.686149690625 0.37355324166666665 0.688078703125 0.38165509166666667 0.6867283953125 0.3958333333333333 0.6892361109375 0.4114583333333333
0 0.70794753125 0.20630787083333332 0.7089120375 0.21151620416666667 0.7100694437499999 0.21325231458333332 0.710455246875 0.2167245375 0.7100694437499999 0.22106481458333332 0.7092978390625 0.22222222291666668 0.7092978390625 0.22685185208333333 0.70987654375 0.22714120416666667 0.7100694437499999 0.23003472291666668 0.7164351859375 0.2323495375 0.722608025 0.2323495375 0.7272376546875 0.230324075 0.7310956796875 0.22540509166666667 0.731867284375 0.22222222291666668 0.7363040125 0.21412037083333332 0.7374614203125 0.21267361041666666 0.7384259265625001 0.2129629625 0.74209105 0.2207754625 0.7438271609375 0.222800925 0.7444058640625 0.22627314791666667 0.7444058640625 0.22800925833333335 0.74324845625 0.22974537083333332 0.7424768515625 0.23350694375 0.7405478390625 0.23611111041666666 0.7393904328125 0.24305555625 0.7401620375 0.2557870375 0.7413194437499999 0.25925925833333335 0.743634259375 0.26128472291666666 0.7445987656249999 0.2635995375 0.746527778125 0.26475694375 0.75482253125 0.26533564791666664 0.758294753125 0.26678240833333333 0.761188271875 0.269386575 0.7677469140625 0.2708333333333333 0.7758487656249999 0.2760416666666667 0.782600309375 0.27806712916666665 0.785108025 0.277199075 0.7870370375 0.27459490833333333 0.7878086421875 0.26533564791666664 0.788580246875 0.26273148125 0.790509259375 0.2598379625 0.7918595671875 0.25347222291666666 0.7932098765625 0.25144675833333335 0.7945601859375 0.24392361041666666 0.79783950625 0.23871527708333332 0.7989969140625 0.23408564791666667 0.79783950625 0.22019675833333335 0.793402778125 0.21151620416666667 0.7926311734375 0.21151620416666667 0.7897376546875 0.20775462916666668 0.78800154375 0.207175925 0.7845293203125 0.20283564791666667 0.783757715625 0.199074075 0.7853009265625001 0.19212962916666668 0.7862654328125 0.19097222291666668 0.789544753125 0.191550925 0.7995756171874999 0.19762731458333332 0.8040123453125 0.19791666666666666 0.8063271609375 0.1973379625 0.80960648125 0.19502314791666667 0.8155864203125001 0.1932870375 0.8192515437500001 0.19068287083333332 0.82330246875 0.1895254625 0.8244598765625 0.18663194375 0.8244598765625 0.1854745375 0.8165509265625 0.17997685208333333 0.8144290125 0.17505787083333332 0.813078703125 0.1739004625 0.8109567906249999 0.16927083333333334 0.8088348765625 0.16724537083333332 0.807098765625 0.16377314791666667 0.80478395 0.16290509166666667 0.8018904328125 0.160011575 0.8001543203124999 0.15682870416666667 0.796875 0.15480324166666665 0.7957175921874999 0.14988425833333335 0.7941743828125001 0.14670138958333334 0.790509259375 0.144675925 0.785108025 0.14409722291666668 0.785108025 0.14033564791666667 0.7878086421875 0.13628472291666668 0.7893518515625 0.12760416666666666 0.7910879625 0.1229745375 0.78915895 0.11950231458333334 0.785686728125 0.11950231458333334 0.7849151234375 0.12065972291666666 0.7762345671875 0.12442129583333333 0.7586805562500001 0.12586805625 0.7565586421875 0.12268518541666666 0.751350309375 0.120949075 0.7492283953125 0.1192129625 0.741705246875 0.11631944375 0.7413194437499999 0.11545138958333333 0.7307098765625 0.11545138958333333 0.7285879625 0.11805555625 0.7258873453125 0.12355324166666667 0.7245370375 0.12962962916666668 0.722608025 0.13194444375 0.7218364203125 0.13425925833333335 0.719328703125 0.136863425 0.7185570984375 0.14033564791666667 0.71875 0.14409722291666668 0.7258873453125 0.15393518541666668 0.72665895 0.16174768541666668 0.7237654328125 0.16435185208333333 0.721257715625 0.16464120416666667 0.7154706796875 0.16753472291666668 0.7137345671875 0.17013888958333334 0.7116126546875 0.17158564791666667 0.710455246875 0.17418981458333332 0.7092978390625 0.17476851875000002 0.7073688265625 0.17881944375 0.7073688265625 0.18894675833333335 0.70794753125 0.18923611041666666 0.7085262343750001 0.19386574166666665 0.70794753125 0.20630787083333332
0 0.5372299375 0 0.5372299375 0.0017361104166666666 0.5358796296875 0.0031828708333333333 0.535108025 0.007233795833333333 0.5353009265625001 0.018807870833333334 0.5364583328125 0.022858795833333334 0.5383873453125 0.02575231458333333 0.5383873453125 0.02893518541666667 0.53896605 0.029224537499999998 0.53915895 0.0332754625 0.5397376546875 0.03356481458333334 0.5399305562500001 0.04137731458333334 0.5408950625 0.04369212916666666 0.5410879625 0.04629629583333333 0.5432098765625 0.04918981458333334 0.5470679015625 0.04976851875 0.5509259265625001 0.04716435208333333 0.558641975 0.03790509166666667 0.5617283953125 0.036458333333333336 0.562885803125 0.035011574999999996 0.5679012343750001 0.0332754625 0.571759259375 0.026909722916666667 0.571759259375 0.024305556250000002 0.5690586421875 0.015914352083333333 0.5690586421875 0.011863425 0.57040895 0.007233795833333333 0.57021605 0.0034722229166666663 0.56925154375 0.0017361104166666666 0.56925154375 0 0.5372299375 0
0 0.217206790625 0.6776620375 0.2179783953125 0.6828703708333334 0.21855709843749999 0.6927083333333334 0.22010030937499997 0.6964699083333333 0.22357253125 0.6984953708333334 0.22472993749999998 0.7010995375 0.22588734531250002 0.7149884249999999 0.22646605000000003 0.7152777770833333 0.22723765468749998 0.7193287041666667 0.228973765625 0.7207754625 0.2332175921875 0.7282986104166667 0.2364969140625 0.7282986104166667 0.23726851875000002 0.7271412041666667 0.23726851875000002 0.7167245375 0.237847221875 0.7149884249999999 0.2384259265625 0.6990740750000001 0.23804012343749997 0.6958912041666667 0.238811728125 0.6927083333333334 0.23804012343749997 0.68460648125 0.2384259265625 0.6707175916666667 0.2374614203125 0.6675347229166667 0.23726851875000002 0.6637731479166666 0.23572530937499997 0.6614583333333334 0.23572530937499997 0.6576967583333333 0.233989196875 0.6556712958333333 0.234760803125 0.6493055562500001 0.23456790156250001 0.6443865750000001 0.23186728437499998 0.6385995375 0.23070987656250003 0.6325231479166666 0.22839506250000002 0.6284722229166667 0.22723765468749998 0.6276041666666666 0.22048611093749998 0.6276041666666666 0.21932870312500002 0.6290509249999999 0.21855709843749999 0.6348379625 0.217206790625 0.6394675916666667 0.2166280859375 0.6397569437499999 0.2164351859375 0.6429398145833333 0.215277778125 0.6464120375 0.215277778125 0.6495949083333333 0.2146990734375 0.6498842583333333 0.2145061734375 0.6579861104166667 0.2164351859375 0.6684027770833333 0.2166280859375 0.6773726854166667 0.217206790625 0.6776620375