0 0.9225098171875 0.12655555208333333 0.92192685625 0.12715987916666666 0.9225214140625001 0.12744142083333332 0.9231546312500001 0.13067584791666667 0.9253514359375 0.13298775 0.9275946265625 0.13884311875 0.9293821703124999 0.13998303125 0.9311929093750001 0.14289467708333334 0.9351579265625001 0.14487004791666666 0.9392657249999999 0.14270679375 0.9411921796874999 0.13941279375 0.9424738234375001 0.13199849791666668 0.9424313 0.12875032083333332 0.9437477359375 0.12399362291666667 0.9449136593749999 0.12278497291666667 0.9448902125 0.10594893124999999 0.9502064562499999 0.10582520416666667 0.951966940625 0.10489809791666667 0.95496654375 0.09330851666666667 0.95865735 0.08938269583333333 0.9601938765625 0.08639314791666666 0.9600663078125 0.07664861875 0.959263253125 0.07548579375 0.959243925 0.07400935 0.9574370515625 0.07139299583333333 0.9557845546875001 0.06552387916666666 0.9551783984375 0.06435647083333333 0.9518156703124999 0.06325321874999999 0.9496034046874999 0.059760160416666666 0.9470205375 0.058048002083333335 0.944418340625 0.05485939791666667 0.9387044343750001 0.05469700208333333 0.9302919453125 0.05902808958333334 0.9196517249999999 0.058684966666666664 0.9159570531250001 0.062315499999999996 0.9122275890625 0.06328843333333332 0.9081545828124999 0.06810928541666667 0.9050274109374999 0.0699543375 0.9042630140625001 0.0717444 0.9036993796875 0.07382516875 0.9041472953125 0.07795004583333333 0.906977315625 0.08349637916666668 0.907000509375 0.08526811041666667 0.905267084375 0.08826223958333333 0.905120440625 0.092105575 0.909305553125 0.09584809583333334 0.9171892015625 0.09625537499999999 0.9199612359374999 0.09737237708333332 0.9221850968749999 0.10175129791666666 0.9222469484375001 0.10647591875 0.921660121875 0.10678495625000001 0.921834078125 0.12007294791666667 0.9224286375 0.12035448958333334 0.9226680578125 0.12359808333333334 0.9225098171875 0.12655555208333333
0 0.6116657171875 0.12315632708333334 0.611893540625 0.12551405208333333 0.6122525453125001 0.1228472875 0.6116657171875 0.12315632708333334
0 0.6860658203125001 0.10429281666666666 0.6859153109375 0.1078408625 0.686702903125 0.10782253333333333 0.6868534140625 0.10427448541666666 0.6860658203125001 0.10429281666666666
0 0.586752709375 0.14588953958333334 0.5962076765625001 0.14596486875 0.60544255 0.14427304791666667 0.608372825 0.14243257916666666 0.6091488203125001 0.14152838125 0.6091294921875 0.1400519375 0.6142217765625 0.13786577291666668 0.616040246875 0.14136799583333334 0.6181677203125 0.1534290083333333 0.6229899140625 0.16070124791666668 0.624379796875 0.1615550354166667 0.6275378953125 0.16207229583333332 0.6359465203125 0.15744591666666666 0.6388999906249999 0.15737717916666666 0.6440618578125 0.16050621041666666 0.6481889828125 0.15981940208333334 0.6487642140625 0.15862449791666666 0.6487332890624999 0.15626218749999998 0.6461078984374999 0.15130185208333333 0.645876209375 0.14864883541666665 0.6440693359375 0.14603248124999998 0.64384924375 0.14426533125000002 0.64182614375 0.1401771125 0.6409109843749999 0.13045091458333333 0.640316425 0.13016937083333333 0.638872421875 0.12518153958333333 0.638841496875 0.12281923125000001 0.6380384421875 0.12165640625 0.6371889984375 0.11695011666666667 0.6359805515625 0.11491058958333333 0.635945759375 0.11225299166666666 0.63390333125 0.10668832916666666 0.633868540625 0.10403073125 0.630189078125 0.09377810833333333 0.6273861171874999 0.0902988 0.6214289265625 0.08659751875 0.615892590625 0.08495409791666667 0.6046500796875 0.08373885416666667 0.6018548515625 0.08085012291666667 0.597692934375 0.07887933333333333 0.585701490625 0.08063531041666666 0.560888484375 0.08091741458333333 0.5601124890625 0.08182161041666666 0.5609696640624999 0.08711847916666667 0.5615642234375 0.08740001874999999 0.5617959124999999 0.09005303541666666 0.5635950546874999 0.09207881458333333 0.5642128093750001 0.0941320875 0.566610375 0.09673469791666665 0.575123375 0.10008111458333334 0.5781193671875 0.10326055208333333 0.57821214375 0.11034748333333333 0.576181565625 0.12073299583333334 0.5755947375 0.12104203333333333 0.574961775 0.1328719125 0.5758344109375 0.13934993541666665 0.5794326953125 0.14340149375 0.586752709375 0.14588953958333334
0 0.0748938171875 0.29899327291666666 0.0756698125 0.298089075 0.07626823906249999 0.29866590625 0.075665946875 0.2977937875 0.0748822203125 0.29810740416666665 0.0748938171875 0.29899327291666666
0 0.0781289765625 0.29035199791666666 0.0790980046875 0.2891479291666667 0.07831041250000001 0.2891662583333333 0.07754215 0.2906610333333333 0.07758080625 0.2936139208333334 0.078175365625 0.2938954625 0.07819469375 0.29537190625 0.0789822859375 0.295353575 0.079522725 0.29150107291666666 0.0781289765625 0.29035199791666666
0 0.0712759546875 0.2784009625 0.0713146109375 0.28135385 0.07309055625000001 0.2816078958333333 0.0732758578125 0.2807174458333333 0.07185505 0.2775013479166667 0.0712759546875 0.2784009625
0 0.010183220312500001 0.26062318333333334 0.0100017859375 0.26180891875 0.01139166875 0.26266271041666667 0.011337548437500001 0.2585286666666667 0.010183220312500001 0.26062318333333334
0 0.054782915625 0.28232935625 0.0563349046875 0.2805209645833333 0.0578327734375 0.2745785291666667 0.0601491609375 0.270980075 0.0609019609375 0.26830414583333334 0.0663184609375 0.26079361666666667 0.06626820624999999 0.25695486458333333 0.06739547343749999 0.252793325 0.06895519375 0.2515755125 0.070256165625 0.24563766041666665 0.073526115625 0.23965398125 0.0742595875 0.23550160833333333 0.0746531296875 0.22042813541666667 0.07242926718750001 0.2160492125 0.07065331875 0.21579516666666668 0.0672712640625 0.21321546875 0.0656496921875 0.20970866458333332 0.061039859375000005 0.20361299791666668 0.0594608109375 0.20335436875 0.0565228046875 0.20460426041666666 0.049218251562499996 0.20329736874999998 0.0453034875 0.20516075208333331 0.0449251546875 0.20635107083333332 0.0425778421875 0.20758721666666666 0.0405434 0.21767743958333333 0.0388254375 0.221852725 0.03867879375 0.2256960625 0.037161595312500004 0.23016205208333332 0.0354011125 0.2310891625 0.033088590625 0.23498290416666665 0.0319110703125 0.23530568958333334 0.030362946875 0.23740937083333333 0.025274525 0.23989082499999997 0.0231550375 0.24348469791666666 0.020622423437500002 0.24561129166666668 0.0191516140625 0.2536207458333333 0.017993421875000002 0.2554199729166667 0.0168738859375 0.2601720895833333 0.0169280046875 0.26430613125 0.018750340625 0.26810364166666667 0.0198353390625 0.2757582375 0.0208468875 0.27780234791666664 0.021078578125 0.28045536249999997 0.022480057812500003 0.28219501875 0.023117140624999998 0.28572473541666665 0.0245340828125 0.2886455458333333 0.0263216265625 0.2897854583333333 0.0279354671875 0.2927016854166667 0.0319120828125 0.2955629229166667 0.0329274984375 0.2979023208333333 0.043718228125 0.29469739791666666 0.0472160015625 0.29107144791666667 0.05094933124999999 0.2903938020833333 0.054782915625 0.28232935625
0 0.8176559984375 0.13608494999999998 0.8188412515625 0.13635274374999998 0.8189842828125 0.14727842708333333 0.8223508765625 0.14867696875 0.8293080203125 0.15353648958333332 0.8285784140624999 0.15798415208333333 0.8214207609375 0.16789823125 0.8160622453125 0.17983809166666667 0.8070322546875 0.19718021666666666 0.8068817453125 0.2007282625 0.8075149625 0.20396269166666667 0.8109202124999999 0.20831412083333334 0.8123487515625 0.21212079583333335 0.816927659375 0.21585415416666667 0.81873453125 0.21847051041666665 0.8226108921874999 0.22871854791666665 0.8244061671875 0.2304490375 0.8263944765625 0.23187965833333332 0.8289580140625 0.23211537291666667 0.829166509375 0.23299665833333333 0.8368532609375 0.23340851666666668 0.8386021484375 0.23159554375000002 0.844864225 0.22849601666666666 0.8460146859375 0.2261062125 0.849145725 0.22455644791666665 0.84990625625 0.22247109791666667 0.852435003125 0.22004921458333332 0.8526164390625001 0.21886347708333334 0.8559057187500001 0.21435624375 0.855886390625 0.2128798 0.8578205765625 0.2101763770833333 0.8578012484374999 0.20869993333333334 0.8591447421874999 0.20601025625 0.8651905921875 0.2014388666666667 0.8665340859375 0.19874919166666669 0.8692558671875 0.1960274375 0.869159225 0.18864521875 0.8677074906250001 0.18306681249999998 0.8676726984375 0.1804092125 0.8656225390625 0.17425397291666667 0.8655954796875 0.17218695208333334 0.86298941875 0.16870305833333335 0.862769325 0.16693590833333335 0.859364075 0.16258447916666666 0.8570976890625 0.15495738125 0.8568618796875 0.13694476666666666 0.8581783140624999 0.13218807083333334 0.8583326890625 0.12893531041666667 0.8574136640625 0.11891382291666666 0.8568152375 0.11833699375000001 0.8544908671875 0.10628056250000001 0.851070153125 0.10074797916666665 0.8496106890625 0.09457899374999999 0.8461977062500001 0.0896369875 0.8461435859374999 0.08550294374999999 0.8467265484375 0.08489861875 0.8468809234375 0.08164585833333333 0.84657965 0.07367764583333333 0.8459812265625001 0.07310081666666667 0.845954165625 0.07103379583333333 0.8435372703124999 0.06695474166666666 0.8336343890625001 0.06275453541666667 0.8332251296875001 0.06158254375 0.82844159375 0.05726319583333333 0.8213068796874999 0.05388469791666666 0.8165929265624999 0.054880545833333336 0.81621459375 0.05607086458333333 0.8130835546874999 0.057620629166666666 0.810763303125 0.06092379583333333 0.8084198562499999 0.06245522916666667 0.8068871953125001 0.06574006458333333 0.8065552500000001 0.07047384999999999 0.8094548546875 0.08133537916666667 0.8134739921874999 0.08744479166666667 0.816060725 0.08945223958333333 0.8162808171875 0.09121938958333334 0.8168753765625001 0.09150093125 0.8169063031249999 0.09386324166666667 0.8100767265625001 0.09874825000000001 0.8034053921875 0.10067578541666666 0.8018611343750001 0.10307475625000001 0.7987339609374999 0.10491980833333334 0.798355628125 0.10611012708333334 0.788981840625 0.11223586249999999 0.7852987671875 0.11675226041666667 0.7839861984375001 0.12180424583333332 0.7828280046875 0.12360347291666667 0.7826581671875 0.12567507916666668 0.7820713390625 0.12598411458333333 0.782133190625 0.13070873333333333 0.78272775 0.130990275 0.78377795625 0.1359872708333333 0.7832029781250001 0.15224648333333332 0.781349971875 0.16115096874999998 0.7813692999999999 0.1626274125 0.782562284375 0.16348578541666667 0.786728065625 0.1657518625 0.7928009765625 0.1632474958333333 0.8004877265625 0.16365935625 0.8040125625 0.16210042708333333 0.8082901953125001 0.15786557083333333 0.8098112593750001 0.15369486875000002 0.816764284375 0.14319479166666668 0.8175170859374999 0.14051886458333335 0.8176559984375 0.13608494999999998
0 0.3824972453125 0.6716913145833333 0.3844121046875 0.6675114479166666 0.3846628703125 0.6565765979166667 0.387782309375 0.6541409708333333 0.3897049015625 0.6505516812500001 0.391720015625 0.6389850104166667 0.38911395312499997 0.6355011187499999 0.3881255984375 0.63522874375 0.3842224328125 0.6379779916666667 0.384048728125 0.63975430625 0.3819137765625 0.6421670229166666 0.3795471359375 0.6419267249999999 0.3783464203125 0.640477775 0.37812246250000003 0.6384153375 0.3765666078125 0.6399284416666667 0.37401079843749996 0.6402833020833333 0.3726557078125 0.6420871125000001 0.36596504531249996 0.6425382041666666 0.3638184953125 0.64406505625 0.3630618296875 0.6464456958333333 0.36073771093749996 0.649453575 0.3582050984375 0.6515801666666667 0.3542826015625 0.6528529729166667 0.342403009375 0.6481080124999999 0.3389861609375 0.6428707166666666 0.337403246875 0.6423168 0.33188623906250003 0.64214981875 0.33075510625 0.6460160687500001 0.330871078125 0.6548747333333333 0.3301298734375 0.6584365270833333 0.33293283281249997 0.6619158354166667 0.33577445 0.6683480333333333 0.3409285875 0.6708864875 0.34531446250000003 0.6749197166666666 0.348237259375 0.6875529770833333 0.35081626093749996 0.68896985 0.35397049375 0.68919181875 0.367911590625 0.6859135729166667 0.368289921875 0.6847232520833334 0.37240158437500004 0.6828552875 0.374142740625 0.6804517375 0.3759032234375 0.6795246270833334 0.3780227125 0.67593075625 0.3824972453125 0.6716913145833333
0 0.2437082875 0.27054794791666664 0.24943765468749998 0.2718915 0.253124596875 0.2676703916666667 0.254460359375 0.2643901375 0.2563984125 0.26198200208333333 0.259027415625 0.25217331875 0.2589964890625 0.24981100833333333 0.25958331874999996 0.24950197291666668 0.25950986875000004 0.2438914875 0.26026266875 0.24121555833333333 0.25966424374999997 0.24063872708333334 0.2594325546875 0.2379857125 0.2588379953125 0.2377041708333333 0.25879160625000003 0.23416070416666665 0.2573553359375 0.22976345 0.2572586921875 0.22238123333333334 0.2566602671875 0.22180440208333335 0.2564285765625 0.21915138750000002 0.2552239953125 0.21740715 0.2528496234375 0.21657627291666665 0.23689702499999998 0.21665216666666665 0.23339151875000003 0.21968753958333334 0.23030686875 0.22478076666666666 0.22877034375 0.22777031458333333 0.22860823749999998 0.23043249375 0.22726860937499999 0.23341745833333333 0.22298324218749999 0.23706173958333335 0.22124981875 0.24005587083333332 0.21871720468750003 0.2421824625 0.2177636421875 0.24456768541666665 0.216196190625 0.24519492291666667 0.21426586718750001 0.24819363541666667 0.21211545312500002 0.2494251958333333 0.2094284640625 0.25480455 0.2095251078125 0.2621867666666667 0.2121504984375 0.26714710625000004 0.216351071875 0.27207078125 0.2171734546875 0.27471005000000004 0.219177225 0.2773218229166667 0.21980271093749998 0.27996567499999997 0.2242156453125 0.28606592291666666 0.22735828125 0.28540202708333334 0.22891027031250002 0.2835936333333333 0.234033228125 0.26870546875 0.23695577031249998 0.26627442291666664 0.2379132015625 0.2641844875 0.2387046578125 0.26446144583333336 0.23952317656250002 0.2668054270833334 0.24210217812499998 0.26822229999999997 0.2437082875 0.27054794791666664
0 0.1049895421875 0.37125138541666663 0.108522109375 0.37028303333333334 0.11044469999999999 0.36669374375 0.11509680156249999 0.3609732770833334 0.11862550000000001 0.35970963958333335 0.1267099140625 0.36040762291666667 0.1294471546875 0.35886702291666667 0.130794515625 0.35647263749999997 0.132551134375 0.35525023958333335 0.1333155328125 0.3534601770833333 0.1334660421875 0.3499121270833333 0.134049003125 0.3493078041666667 0.1339484953125 0.3416302958333333 0.131114609375 0.335788675 0.1302342421875 0.32872007708333334 0.1290296578125 0.32697583958333337 0.1290141953125 0.32579468333333333 0.1274158171875 0.3240596125 0.1261880421875 0.32054364166666666 0.1232191109375 0.319431225 0.12200293124999999 0.31680111875 0.122639759375 0.30526652916666663 0.12160115 0.3011553979166666 0.11840052968749999 0.29738996666666667 0.1130533609375 0.29515138125 0.1122503046875 0.29398855625000003 0.10612714062499999 0.29265416875 0.099239578125 0.29310984791666667 0.097428840625 0.29019820208333336 0.0922476421875 0.28559272708333333 0.08850658125000001 0.28567979375 0.0836266578125 0.28904253125 0.08227929687499999 0.29143691875 0.0817427234375 0.29558470833333333 0.07632235937500001 0.30279995 0.07495180312500001 0.30342260416666667 0.07226095 0.30850666666666665 0.07019558125 0.31623458125 0.06768616250000001 0.32013290624999996 0.066361996875 0.32429902708333336 0.06384098125 0.3273114875 0.063690471875 0.3308595354166667 0.0631036421875 0.33116857083333334 0.06370980000000001 0.33233597916666663 0.0637445921875 0.3349935770833333 0.06674831406250001 0.33876359375000004 0.07032726875 0.34133870833333335 0.0715357171875 0.34337823333333334 0.07431548125000001 0.3450858125 0.0747595328125 0.3489154 0.074180434375 0.3498150145833333 0.074300271875 0.3589689645833333 0.07575200625 0.364547375 0.0777480453125 0.36656856875 0.0860757453125 0.3708054375 0.0935694640625 0.37151716874999996 0.1049895421875 0.37125138541666663
0 0.15919376406250002 0.10355826666666666 0.15725184375 0.1056711125 0.1565145078125 0.10952819583333334 0.1575492515625 0.11334403541666667 0.1621049640625 0.1153056625 0.164900190625 0.11819439375 0.16923194531250002 0.11809357916666667 0.170799396875 0.11746634166666667 0.1721544890625 0.11566253124999999 0.17412346875 0.11561670624999999 0.1761079109375 0.1167520375 0.18750118437500002 0.12948353958333333 0.19222673437499999 0.12937356041666667 0.192412034375 0.1284831125 0.196153096875 0.12839604583333333 0.196361590625 0.12927732708333334 0.197542978125 0.12924983333333334 0.1990911015625 0.12714615208333332 0.2008554515625 0.12651433333333334 0.20217961718750002 0.1223482125 0.20452306406249998 0.12081677916666668 0.206213965625 0.11457447291666667 0.2071752609375 0.11277982708333334 0.208155884375 0.11246162708333333 0.2091094484375 0.11007640416666667 0.2143793046875 0.1064092125 0.21495453437499998 0.10521430833333333 0.22042902031249997 0.1021331125 0.22118568593750002 0.09975247291666665 0.2247182515625 0.09878412083333334 0.2286136875 0.09544429583333333 0.2323354203125 0.09388078333333333 0.23247046718750003 0.08915158124999999 0.236307915625 0.081382425 0.238446734375 0.07926499583333334 0.2383771515625 0.07394979791666666 0.237778725 0.07337296875 0.23775553125 0.07160123541666666 0.235543265625 0.06810817916666667 0.23156664999999998 0.06524694166666667 0.23561259531249998 0.05835906666666667 0.2381413421875 0.05593718541666667 0.23850807812500002 0.053861000000000006 0.24024150312499998 0.05086686875 0.239982753125 0.04614683333333334 0.23938432812500002 0.04557 0.23935340156249998 0.04320769166666667 0.238326390625 0.03998242916666667 0.23827227031249998 0.03584838541666667 0.23497887187500002 0.024996020833333334 0.2331681328125 0.022084377083333332 0.23021466406250002 0.022153114583333335 0.21915384218749998 0.03481644375 0.2144360234375 0.03551700208333333 0.2108841296875 0.03500890833333334 0.20751753593750003 0.03361036666666666 0.207309040625 0.03272908333333333 0.20157580625 0.031090241666666667 0.1925378296875 0.032777479166666665 0.188364315625 0.029920827083333334 0.1873489015625 0.027581427083333332 0.18396684375 0.02500173125 0.1825499015625 0.022080920833333333 0.1766236359375 0.020741952083333334 0.1758205796875 0.01957912708333333 0.17384387031249998 0.019034372916666667 0.1710834328125 0.018803239583333336 0.1693384109375 0.020911504166666664 0.16776709375 0.02124345416666667 0.1656321421875 0.023656168749999998 0.165651471875 0.0251326125 0.1643002453125 0.0272317125 0.165701725 0.02897136875 0.16592181718750001 0.03073851875 0.1691494984375 0.036570972916666666 0.1706128296875 0.043035247916666665 0.1726359296875 0.04712346458333334 0.172886946875 0.051252925 0.17348150625 0.05153446666666666 0.17374050937500002 0.0713188125 0.17238541875 0.07312262291666666 0.1720225484375 0.07549409583333334 0.17048215625000002 0.07818835625000001 0.169984240625 0.08528903333333333 0.1686562078125 0.08915986458333333 0.1620621875 0.09699317708333334 0.1601357296875 0.10028717708333333 0.15919376406250002 0.10355826666666666
0 0.8756946875 0.37192329999999996 0.8723280953125 0.37052475833333337 0.8681352531250001 0.36619165833333334 0.8639733375 0.3642208708333333 0.8584524625000001 0.3637586020833333 0.8525996453125 0.36803011875 0.852433671875 0.3703970104166666 0.8518468453124999 0.37070604791666667 0.8518316359375 0.38458919999999996 0.8509321906249999 0.3911084666666667 0.8521599671875 0.39462443541666664 0.8549474640625 0.3969225895833333 0.86480395625 0.39757933333333334 0.8762588296875 0.39997114791666666 0.877849475 0.40111564166666663 0.8914392984375 0.40109473958333336 0.89300675 0.4004675020833333 0.89608366875 0.3947836979166667 0.89621485 0.38975920416666665 0.8939948515625 0.38567557083333337 0.8902267328125 0.3836956145833333 0.8824394734375 0.3756062479166667 0.8778914921875 0.3742352020833334 0.8756946875 0.37192329999999996
0 0.5150094281250001 0.20220431458333332 0.5218508546875 0.21326948124999998 0.524646084375 0.21615821458333334 0.5293523046875 0.21457179166666668 0.5351626 0.20705209791666668 0.5360929703124999 0.20289514166666667 0.5359576703125 0.1925600375 0.5365406328125 0.19195571041666665 0.53669500625 0.18870295208333332 0.5384052374999999 0.18393708958333335 0.5391850984375 0.18332818333333334 0.5403085 0.17887135625 0.5404474125000001 0.17443744166666666 0.5392235015625 0.17121676041666667 0.536227509375 0.16803732291666668 0.5349997328125 0.16452135208333332 0.5300038375 0.15902542916666668 0.528583028125 0.15580932916666665 0.5243747234375 0.15029507708333334 0.5237647015625 0.14883238125 0.523598475 0.13613496458333335 0.52153671875 0.12909385833333334 0.5171779046875 0.12712765208333335 0.5126531171875001 0.1275283375 0.5103135359375 0.12935506041666667 0.5052019203125 0.13006478125 0.49854605 0.133173475 0.49043482968749996 0.14547277708333334 0.4896781640625 0.14785341875 0.48913772499999997 0.15170591875 0.49035776875000003 0.15463131249999998 0.49061651875 0.15935135 0.491211078125 0.15963288958333333 0.49146209687500003 0.16376235 0.492269015625 0.16522046458333334 0.49212623750000006 0.1693590875 0.4927517234375 0.17200293958333335 0.49416093437499997 0.17433317291666667 0.4992959984375 0.19045949166666667 0.5010912734375 0.19218998125 0.502515946875 0.19570136875 0.50410659375 0.19684586458333334 0.51120265 0.19727147083333335 0.512824221875 0.20077827708333332 0.5150094281250001 0.20220431458333332
0 0.0913475015625 0.021249727083333333 0.0945558546875 0.025605735416666667 0.0945945125 0.028558625 0.096644671875 0.0347138625 0.0995788125 0.03316868125 0.10666713750000001 0.0330037125 0.12042293125 0.030615916666666666 0.1273414203125 0.03252255 0.14032508593749998 0.031334241666666665 0.1434483921875 0.0291939 0.14808503125 0.022292279166666665 0.148057971875 0.020225258333333333 0.1466371640625 0.017009160416666665 0.1460464703125 0.01702290625 0.143027284375 0.012071733333333333 0.14083048125 0.009759833333333334 0.13845224218750002 0.008633666666666668 0.13820928593749998 0.008343943749999999 0.05614504218750001 0.010253858333333334 0.0642371859375 0.011542420833333334 0.067831603125 0.015298689583333334 0.0680942171875 0.020314016666666667 0.0718739359375 0.0231798375 0.07541423281250001 0.0228020625 0.07658015781250001 0.021593412500000003 0.08187320625 0.019697952083333334 0.0826453359375 0.01849846875 0.08678019218750001 0.01840223541666667 0.0913475015625 0.021249727083333333
0 0.8153425890625 0.5461244458333333 0.8147557593749999 0.54643348125 0.8147828203125 0.5485005041666666 0.812844765625 0.5509086395833334 0.8117677531249999 0.5589089291666667 0.8116906921875 0.5680674625000001 0.8131115 0.5712835625 0.8233038046875001 0.5675018083333333 0.8313650234375001 0.5664280583333333 0.8325116187500001 0.5637429666666667 0.8319979859375 0.55459818125 0.8325345609375001 0.5504503895833334 0.8350285156249999 0.5453709083333333 0.836341084375 0.5403189229166667 0.8356962703124999 0.5361986270833333 0.8327234718750001 0.5347909208333333 0.8301290078125 0.5321928958333333 0.824025171875 0.5323349541666667 0.8161879125 0.5354711395833333 0.8152304828125001 0.5375610729166667 0.8153425890625 0.5461244458333333
0 0.40729694375000003 0.33940384583333333 0.40820411874999996 0.3334751583333333 0.41069034374999996 0.3278050979166667 0.41262453125 0.3251016770833333 0.41394483125 0.3206402666666667 0.41329615156250005 0.3162246833333333 0.410682359375 0.31215021249999997 0.4104545359375 0.30979248541666665 0.40841983906249996 0.3048184020833334 0.40823428437500003 0.29064454375 0.407435096875 0.28977700624999997 0.4068057453125 0.2868378645833333 0.403802021875 0.28306785 0.4008253578125 0.28136485624999996 0.3911503 0.279522375 0.379533321875 0.2797927416666666 0.376004621875 0.28105638125 0.373502934375 0.2855452854166666 0.372943165625 0.28792134166666666 0.37368848906249996 0.29971914583333337 0.3748969359375 0.30175867083333335 0.375974203125 0.30882268958333337 0.37721357499999997 0.313224525 0.37801276562499997 0.31409206041666665 0.380985815625 0.33056407708333335 0.38298185625 0.3325852729166667 0.3836034734375 0.33493383541666666 0.38559951406250004 0.33695503125 0.38782724375 0.34162924375 0.3921821921875 0.3433001625 0.39875713749999997 0.34905471458333337 0.4018920421875 0.34780023958333334 0.40615421406249996 0.34238422916666666 0.40729694375000003 0.33940384583333333
0 0 0.24543954583333333 0.0072024390625000006 0.24356059166666666 0.0098971578125 0.23877181666666666 0.016136040625 0.23390055625 0.0190392546875 0.22999306458333332 0.019216825 0.2285120375 0.021737840624999998 0.22549957916666666 0.024613996875 0.21952506666666669 0.025100315625 0.21153852291666667 0.0242740671875 0.20860396458333333 0.018934628125 0.20695596041666667 0.013378964062500002 0.20383609375 0.0113751921875 0.20122432083333336 0.0123094265625 0.19736265416666668 0.014046717187499998 0.1946638125 0.0177839125 0.19428145625 0.0212778203125 0.19036021875 0.0196871734375 0.1892157229166667 0.0178416453125 0.18364647916666668 0.0156293796875 0.18015342083333333 0.014401603125 0.17663745208333334 0.012208665625 0.17462083958333335 0.009961609375 0.16847018333333336 0.008768623437500001 0.16761181041666667 0.0073439484375 0.16410042291666666 0 0.15867037291666666 0 0.24543954583333333
0 0.039627225 0.14769400833333332 0.0382257453125 0.1459543541666667 0.037090746875000004 0.14952531458333332 0.037137135937499996 0.15306877708333333 0.0383301203125 0.15392714999999998 0.0392836828125 0.15154192708333333 0.039627225 0.14769400833333332
0 0.3000506265625 0.6476168020833334 0.300124075 0.6532272895833333 0.3007186328125 0.65350883125 0.3009541890625 0.6564571354166666 0.30296955625 0.659954775 0.3125250328125 0.6677076145833334 0.3153473203125 0.6726633666666667 0.315424634375 0.6785691416666667 0.3143012328125 0.6830259666666667 0.31489965625 0.6836027979166667 0.3156640546875 0.6818127354166666 0.318215996875 0.6811625854166666 0.3211192109375 0.6772550958333333 0.32501464687500004 0.67391526875 0.32616124375 0.671230175 0.32631561875 0.6679774166666667 0.3268985796875 0.6673730916666667 0.3276281875 0.66292543125 0.3287902453125 0.6614214916666667 0.32876705156249997 0.6596497604166667 0.32990978125 0.6566693770833333 0.32967783906250003 0.63895205 0.3292569828125 0.6368941958333333 0.32643469375 0.6319384416666666 0.32640763437500003 0.6298714208333334 0.3256123125 0.6292991729166667 0.3243420140625 0.6225350270833334 0.32428789375 0.6184009833333334 0.3236894671875 0.6178241541666666 0.32344231562500003 0.6139899833333333 0.3228438890625 0.6134131541666666 0.3228090984375 0.6107555541666667 0.3233920609375 0.6101512291666666 0.3232374328125 0.5983396791666666 0.32263900625 0.5977628500000001 0.32240731875 0.5951098333333333 0.320801209375 0.5927841833333333 0.3123384640625 0.5932765187500001 0.31094858125 0.5924227291666667 0.3026750015625 0.59231990625 0.2993547984375 0.5944648291666667 0.298219796875 0.5980357895833334 0.29945530625 0.6021423354166667 0.2994900984375 0.6047999354166667 0.300088521875 0.6053767645833333 0.3001503734375 0.6101013854166666 0.29956354687500003 0.6104104229166667 0.2992045421875 0.6130771854166667 0.3004400484375 0.6171837333333333 0.3005444234375 0.6251565291666666 0.2997761609375 0.6266513020833333 0.2998032203125 0.6287183229166666 0.29864502656249997 0.6305175520833333 0.29871074375 0.6355374604166666 0.300776365625 0.6428738520833334 0.3008227546875 0.64641731875 0.3000506265625 0.6476168020833334
0 0.312716290625 0.5619575812500001 0.3125309890625 0.5628480291666667 0.3133185796875 0.5628297 0.3133069828125 0.5619438354166667 0.312716290625 0.5619575812500001
0 0.3115114546875 0.5451490354166667 0.312306778125 0.54572128125 0.314268025 0.54508488125 0.31307117500000003 0.5439312208333333 0.3116967546875 0.5442585875 0.3115114546875 0.5451490354166667
0 0.8283463734375 0 0.82790400625 0.0011537499999999998 0.8261667156250001 0.0038525895833333335 0.8252324812499999 0.007714258333333333 0.8232944265625 0.010122391666666668 0.8219586640625 0.01340264375 0.82197799375 0.0148790875 0.82082753125 0.01726889375 0.820677021875 0.020816941666666665 0.8200901937499999 0.021125977083333334 0.8194108421875 0.029412393749999998 0.8153455671875 0.034823822916666664 0.809481153125 0.03820947291666667 0.8013928765625 0.037216200000000005 0.801207575 0.03810665 0.7911851078125001 0.0398168 0.7892354578125 0.04133906875 0.7890772171875 0.044296539583333336 0.7884903890625 0.044605574999999995 0.7886334203125 0.05553125833333334 0.7871278203125 0.06088311458333333 0.779587965625 0.07169222708333334 0.7780243796875 0.07261475416666667 0.77707468125 0.07529526458333334 0.774738965625 0.07741727708333333 0.7718744078124999 0.08427765416666667 0.7713301046875001 0.08783486666666666 0.780538171875 0.09914033333333333 0.7861054328125 0.10314606458333334 0.78984649375 0.10305899791666667 0.7933365359375 0.09884247291666666 0.79382285625 0.09085592916666667 0.7957415812499999 0.08697135 0.8006369687499999 0.08478976666666667 0.808041778125 0.07870985625 0.80839305 0.07545251458333334 0.8071498109374999 0.07075538958333333 0.8071072875 0.06750721458333334 0.8072848578125 0.0660261875 0.8095973781250001 0.06213244375 0.8132843187500001 0.05791133541666667 0.8189363734375 0.053349110416666665 0.83212466875 0.05274679583333333 0.8332635343750001 0.049471125 0.8333715203125 0.042674899999999995 0.8354446203125001 0.035537564583333334 0.8406410281250001 0.026259885416666667 0.843173640625 0.024133291666666667 0.8443279671875 0.022038775 0.8438529921875 0.015846877083333332 0.8432584328124999 0.015565335416666666 0.8430383406249999 0.013798185416666666 0.8429880859375001 0.009959433333333333 0.843752484375 0.00816936875 0.840953390625 0.004985347916666666 0.8409224656250001 0.0026230375 0.8369729078124999 0.0018288208333333334 0.8373551078125001 0.0009337916666666666 0.838926425 0.0006018416666666666 0.8390637015625 0 0.8283463734375 0
0 0.6928226453125 0.36465958541666665 0.6899617 0.35675094583333333 0.684560409375 0.3503783208333333 0.682321084375 0.34481824166666664 0.6785722921875 0.34431473125 0.6768272703125 0.34642299375 0.670376028125 0.3501176833333333 0.6701907265625 0.35100813125 0.6629480265625001 0.35442585833333334 0.6606161765625 0.3568431604166667 0.6582611328125 0.35748872499999995 0.655531621875 0.35961990208333333 0.6522268812500001 0.36294598125 0.6514624828125 0.36473604374999996 0.646984084375 0.36868019375000005 0.6454398265625 0.37107916458333334 0.6448877890625 0.37404580000000004 0.6447411468750001 0.3778891354166667 0.6455519328125 0.3796425375 0.6471387125 0.38049174375 0.6571727765625 0.3796674583333333 0.659921615625 0.37901272708333333 0.66167436875 0.37749504166666664 0.6641221890625 0.3839364041666667 0.6701219046875 0.3908858604166667 0.6701914875 0.39620105624999996 0.6710022734375001 0.3979544583333333 0.672782084375 0.39850379583333334 0.6758937953124999 0.3954775875 0.6845109171875 0.3917324916666667 0.69111266875 0.3844897583333333 0.6922360703125 0.38003293125 0.6928226453125 0.36465958541666665
0 0.08120995 0.5256971270833334 0.0827042078125 0.5345237125000001 0.08349953125000001 0.5350959583333333 0.084125015625 0.5377398104166667 0.0855303625 0.5397747541666666 0.0875109375 0.5406147958333333 0.08912091250000001 0.5432357354166667 0.0938812546875 0.5457833541666666 0.0942905140625 0.54695534375 0.0984446984375 0.5483355562500001 0.10257955468749999 0.5482393229166667 0.10394624374999999 0.5473213791666667 0.10345529843750001 0.5098197083333333 0.102856871875 0.5092428791666667 0.102567196875 0.50216053125 0.10128143593750001 0.49421522916666666 0.0970499375 0.48692924374999996 0.09640125625 0.4825136604166667 0.09580283125 0.4819368291666667 0.0955518125 0.4778073708333333 0.0934900578125 0.4707662645833333 0.0914785546875 0.4675639125 0.08373381875 0.46272272291666666 0.08109683125 0.45687651874999996 0.0707228375 0.4467797041666667 0.0671864078125 0.4474527645833334 0.06268868125 0.44992047083333336 0.0619281484375 0.4520058229166667 0.0599862296875 0.45411866874999995 0.058855096875 0.45798491875 0.05814481875000001 0.4639090229166667 0.058106415625 0.47602044375 0.0565737546875 0.47930527916666665 0.054025679687499994 0.48025071874999997 0.055427159375 0.48199037499999997 0.055724565625 0.4896633 0.056319125000000005 0.4899448395833333 0.05574028125 0.5059087625 0.05659745625 0.51120563125 0.05760127499999999 0.5126591625 0.060774834374999996 0.514357575 0.0639290671875 0.5145795437499999 0.066318903125 0.5165915729166667 0.0710521859375 0.5170721729166667 0.078804653125 0.5225039416666667 0.08120995 0.5256971270833334
0 0.38554799375000004 0.25779473541666664 0.3873471328125 0.25982051458333333 0.388513059375 0.25861186458333335 0.38931997812499997 0.2600699791666667 0.40172068281250006 0.25948599375 0.4015892484375 0.24944617500000002 0.4029327421875 0.2467565 0.4046932265625 0.24582938958333334 0.40889766562499996 0.25104835416666665 0.4095966 0.25930269375 0.411210440625 0.2622189208333333 0.41792429843749995 0.2635395583333333 0.423437440625 0.26341124791666665 0.4248002640625 0.26219801875 0.424773203125 0.2601309958333333 0.4267035265625 0.2571322833333333 0.4268694984375 0.2547653916666667 0.430537109375 0.2490678375 0.4304288703125 0.24079975208333335 0.429208825 0.23787436041666668 0.42918563125000003 0.23610262708333335 0.42715866562500004 0.23171912083333332 0.4257687828125 0.23086533333333334 0.42435570624999996 0.2282398125 0.422830525 0.21705091666666665 0.42057186875 0.21001439375 0.41975721874999994 0.20796570208333334 0.41796194218749994 0.20623521250000001 0.41571101875 0.19978926875 0.4135219484375 0.19806794375 0.411703478125 0.19456571874999998 0.41031746093750004 0.19400722083333333 0.40749130781250004 0.18875617708333334 0.40355334843749996 0.18884782708333334 0.4022059890625 0.19124221458333332 0.4008934203125 0.1962942 0.3972103453125 0.2008106 0.39342676249999997 0.1976494895833333 0.389488803125 0.19774113958333334 0.38832674375 0.19924507916666664 0.383238325 0.20172653333333335 0.382859990625 0.20291685208333332 0.381103371875 0.20413925 0.3791382578125 0.20448036458333335 0.3774009671875 0.20717920625000003 0.3786326109375 0.2109904625 0.3784627734375 0.21306206875000003 0.37787594375 0.2133711041666667 0.378528490625 0.21808197708333335 0.37794166093750003 0.2183910125 0.3772855046875 0.22844915833333335 0.3781388125 0.23345073958333332 0.3787333734375 0.23373228125 0.378984390625 0.23786173958333334 0.37957895 0.23814328125 0.37960214375 0.23991501458333334 0.38162524375 0.24400323124999998 0.382579059375 0.25668231875 0.38339757812499997 0.25902629791666665 0.3849727625 0.2589896375 0.38554799375000004 0.25779473541666664
0 0.297272190625 0.4955614291666667 0.3049396140625 0.4944968458333333 0.3063024359375 0.49328361458333336 0.3068622046875 0.49090755625 0.30958785 0.48848109166666664 0.310151484375 0.4864003208333333 0.312294165625 0.48457818125 0.31344462812499996 0.4821883791666667 0.31496182500000003 0.4777223875 0.31488064531250004 0.47152132291666665 0.3132784015625 0.4694909625 0.3116954875 0.46893704374999995 0.3018621890625 0.4700520354166667 0.2977582578125 0.4725105770833334 0.29095574062499996 0.47946260625000003 0.28704097812499996 0.4813259875 0.284133896875 0.48493818958333335 0.2743469859375 0.48959664583333334 0.2751848328125 0.49341706875 0.2781653609375 0.4954153541666667 0.278578484375 0.4968826333333333 0.2768605234375 0.5010579166666667 0.2725712921875 0.5044069062500001 0.27103863125 0.5076917458333333 0.2710811546875 0.5109399208333333 0.27329728593749997 0.5147282666666667 0.27661362500000003 0.5122880541666667 0.28467870781250004 0.51150959375 0.2882074078125 0.5102459541666666 0.2909291875 0.5075242020833334 0.29283245 0.5024584666666666 0.292986825 0.49920570833333333 0.2939558515625 0.49800164166666666 0.297272190625 0.4955614291666667
0 0.9621713484375001 0.132130825 0.9607544046875001 0.12921001666666668 0.9599513500000001 0.12804719166666667 0.9573878125 0.127811475 0.956726159375 0.12578577291666665 0.9557933000000001 0.12637169166666667 0.9560095265624999 0.12784355208333334 0.9566272796874999 0.129896825 0.9578202640625 0.13075519791666668 0.9586542453125 0.13428033333333333 0.9620015109375 0.13420242916666666 0.9621713484375001 0.132130825
0 0.9801506390625001 0 0.9819555031249999 0.00347601875 0.9829941124999999 0.007587147916666666 0.9839901984375 0.008450104166666667 0.9856465625 0.01461450625 0.98678206875 0.04117216458333333 0.9886933156250001 0.051761314583333336 0.9881490109375 0.055318529166666665 0.9869985484375 0.057708333333333334 0.9850682265625 0.060707045833333334 0.9801883 0.06406978333333332 0.9782618453125 0.06736378541666667 0.9763121937499999 0.06888605416666667 0.976134625 0.07036707916666667 0.9741927046875001 0.07247992499999999 0.973466965625 0.07722287708333334 0.9728801359375 0.07753191250000001 0.9729187937500001 0.0804848 0.97411564375 0.08163845833333333 0.9757488125 0.08603113125 0.9758029328125 0.090165175 0.9750617296874999 0.09372696875 0.9731314078125 0.09672568125 0.9725755062499999 0.09939702708333333 0.9725525656249999 0.11268960208333333 0.9719734687500001 0.11358921666666667 0.9722247390625001 0.13278298541666667 0.974433140625 0.1359807541666667 0.9744949921874999 0.14070537291666665 0.9758887406250001 0.14185445208333333 0.9778577187499999 0.14180862708333333 0.9911733296874999 0.13588653125 0.9952623015625001 0.13228535208333334 0.9935305140624999 0 0.9801506390625001 0
0 0.085840253125 0.14218779374999999 0.08436944375 0.15019724791666667 0.0832112515625 0.151996475 0.0826553484375 0.15466782291666667 0.08110335937499999 0.15647621458333333 0.07933514375 0.15681274583333332 0.077397090625 0.15922088125 0.06760631406249999 0.16358404583333333 0.06253335625 0.16724665833333333 0.0608076640625 0.17083136458333334 0.058275049999999995 0.17295795833333333 0.05444533124999999 0.18131769166666667 0.054545840624999994 0.1889952 0.056553475 0.1919022625 0.063116825 0.1967709479166667 0.067190084375 0.20701440625 0.0685761015625 0.20757290416666668 0.0705798703125 0.21018467916666667 0.07710842812499999 0.21239576875 0.0853665453125 0.21131743541666664 0.0874976296875 0.20860942916666667 0.0892581140625 0.2076823229166667 0.0958328078125 0.19837256666666667 0.09857004999999999 0.19683196666666666 0.10186319531250002 0.19262002291666666 0.1087082328125 0.1889161708333333 0.1104532546875 0.18680790833333333 0.11245290781249999 0.17406008541666665 0.1140087625 0.17254698125 0.114958459375 0.16986646875 0.1172941765625 0.16774445833333335 0.11974560781250002 0.1594168 0.11989611874999999 0.15586875208333334 0.1186683421875 0.15235278333333332 0.11862581875 0.14910460833333333 0.12056387187499999 0.14669647083333331 0.12169887187499999 0.14312551250000002 0.124393590625 0.1383367375 0.1265401390625 0.13680988541666667 0.13253186875 0.12810445625 0.1348791828125 0.12686831041666666 0.137782396875 0.12296081874999999 0.13765482812500002 0.11321629166666666 0.137056403125 0.1126394625 0.13556987812500002 0.10440345208333333 0.1355041609375 0.09938354375 0.1349057359375 0.09880671458333333 0.133832334375 0.09203798541666666 0.130627846875 0.08797726458333334 0.12805271093749998 0.08685568125000001 0.1250605859375 0.08397153125 0.12169399218750002 0.08257298958333334 0.11886783906250001 0.07732194791666666 0.1150997171875 0.07534199375 0.11077569375 0.07603338541666667 0.10575299062500002 0.08353475 0.100842140625 0.08453517708333333 0.09904686406249999 0.0828046875 0.096027678125 0.07785351458333332 0.09581145156250001 0.07638165416666666 0.0930278203125 0.0743787875 0.088873634375 0.07299857708333332 0.0870744953125 0.07097279583333332 0.08213271718750001 0.06961091458333332 0.0795459828125 0.06760346666666667 0.0740328421875 0.06773177708333335 0.0718940234375 0.06984920416666666 0.070728353125 0.08612216458333334 0.068211203125 0.0894299125 0.067273103125 0.09299628958333334 0.062254264062499995 0.10079294166666666 0.0559921875 0.10389246875000001 0.0412171125 0.10364557916666667 0.039066696875 0.10487713958333332 0.039086025 0.10635358333333333 0.038499196875 0.10666261875 0.0385726453125 0.11227310625 0.0391672046875 0.11255464791666667 0.0401980828125 0.1160752 0.0448156484375 0.12276144375 0.05219751406249999 0.1299741125 0.06854004218750001 0.12959376458333333 0.075388946875 0.1261852 0.075964178125 0.12499030000000001 0.0808904921875 0.12517102500000002 0.0809330140625 0.12841920208333332 0.0827669484375 0.13310257916666665 0.082994771875 0.13546030625000002 0.0856046984375 0.13923948749999998 0.085840253125 0.14218779374999999
0 0.8936558734375 0.6606810437499999 0.8942272375 0.6591908520833333 0.8927252484375 0.6497736895833334 0.889702196875 0.6445272291666666 0.8810386890625 0.6447288583333334 0.8798727640624999 0.6459375083333333 0.8777957984375 0.65277955625 0.8760507765625001 0.6548878208333334 0.8759273265624999 0.6605028875 0.8753405000000001 0.6608119250000001 0.8751706609375001 0.6628835291666667 0.8714875859375001 0.6673999270833334 0.869954925 0.6706847645833334 0.8700090453125 0.6748188041666666 0.8706036046875001 0.6751003479166666 0.8708352953125 0.6777533625000001 0.877232671875 0.6849889416666667 0.8845178953125 0.6848193895833333 0.8856799531249999 0.6833154520833333 0.887177821875 0.6773730166666667 0.8891004140625001 0.6737837270833332 0.8895867328125 0.6657971833333334 0.8915093234375 0.66220789375 0.8936558734375 0.6606810437499999
0 0.42132853593749997 0.20763375416666668 0.4235485328125 0.2117173875 0.4253399421875 0.21315258958333333 0.42888410625000006 0.21307010416666666 0.42864829687499995 0.19505749166666667 0.425281703125 0.19365895208333334 0.41862969687499996 0.19706293125000002 0.41845599375000003 0.19883924583333332 0.419656709375 0.20028819583333332 0.419892265625 0.20323650000000001 0.42068758749999996 0.20380874791666667 0.42132853593749997 0.20763375416666668
0 0.4795801578125 0.24910795208333333 0.48094297968750005 0.24789472083333333 0.48203932343749994 0.24137087291666667 0.48129761249999997 0.21480405 0.47923972187499997 0.20805823541666665 0.47744831093749995 0.20662303333333334 0.4764367625 0.204578925 0.4766450046875 0.19039590208333335 0.47264132812500004 0.18546763958333334 0.4682902453125 0.18409201249999999 0.4598197671875 0.18399377083333332 0.4582291234375 0.182849275 0.4562176203125 0.17964692291666667 0.4557813015625 0.1764079125 0.45752245625 0.17400436041666667 0.45904352031249995 0.16983365833333333 0.45935613750000004 0.16362342916666667 0.46012826562500003 0.16242394375 0.46006254843749994 0.15740403541666667 0.45946412187499996 0.15682720625 0.457977596875 0.14859119999999998 0.4571745421875 0.14742837291666666 0.4571474828125 0.14536135208333334 0.45351054218750003 0.13835690625 0.45072691249999997 0.13635404166666668 0.44618279687499995 0.13527828333333333 0.44205953750000004 0.13626038125 0.44071604375 0.13895005625 0.43943826562500005 0.14665964166666667 0.4388514375 0.14696867708333333 0.4383341921875 0.15259291249999998 0.4387743765625 0.1561272125 0.437874934375 0.16264647708333332 0.43826923593749995 0.19276592708333334 0.4375550921875 0.19839474583333333 0.43772930312499997 0.22674704791666667 0.4379687234375 0.22999063958333332 0.4391965 0.2335066125 0.4403894859375 0.23436498125000002 0.44409962031249994 0.23191560625 0.4471958671875 0.22770824375 0.44737730156250005 0.22652250416666667 0.45049674375000004 0.22408687708333333 0.45469345 0.22871526458333333 0.4569366421875 0.23457063125 0.45893268281250005 0.23659182708333332 0.460967378125 0.24156591041666667 0.46395563749999996 0.24415477291666668 0.47069655624999995 0.24754243333333334 0.47662668906250005 0.24917668958333333 0.4795801578125 0.24910795208333333
0 0.58963991875 0 0.5890010984375 0.0016923979166666668 0.5877271875 0.009697272916666666 0.587140359375 0.010006310416666667 0.5869743875 0.0123732 0.5858084625 0.013581852083333333 0.5851020499999999 0.01980124583333333 0.5845152234375 0.020110281249999997 0.584044365625 0.02927797916666667 0.5880325796875 0.03302508333333334 0.589441790625 0.03535531666666667 0.5895036421875 0.040079935416666664 0.5903105609375 0.04153805 0.5904033390625 0.048624981250000004 0.5924380359375 0.05359906458333333 0.5938240515625 0.05415756458333333 0.5977465468750001 0.05288475833333333 0.6010242296875 0.047491660416666664 0.6033638109374999 0.0456649375 0.6049428609375 0.045923566666666665 0.6077728796875 0.05146989791666667 0.6117108375 0.05137824791666667 0.613440396875 0.048088829166666666 0.6141042859375 0.03862125833333333 0.6181193046875 0.029371077083333332 0.6216557375 0.028698012499999998 0.624061034375 0.0318912 0.6254431859375 0.03215441041666667 0.6287363296875 0.027942466666666665 0.631040865625 0.008393835416666667 0.6309309796875 0 0.58963991875 0
0 0.1241100625 0.26712845416666664 0.1262450140625 0.26471573958333333 0.1273800140625 0.2611447791666667 0.1327771828125 0.25215780625 0.13254137500000002 0.23414519166666667 0.13194295 0.2335683625 0.1316919328125 0.22943890208333334 0.129869596875 0.22564139166666666 0.12668057187499998 0.22276182291666666 0.1252674953125 0.22013630208333332 0.12610895312499998 0.20918770625 0.1240781234375 0.20450891041666666 0.12384643437500001 0.20185589583333333 0.11926752812500001 0.1981225375 0.110148371875 0.1936087125 0.1060096484375 0.19340965625 0.1026739796875 0.19437342708333333 0.1005506265625 0.19767201041666665 0.0941071140625 0.20195727291666668 0.0931612828125 0.20493307291666665 0.09140852968749999 0.20645076041666668 0.09123482656250001 0.20822707499999998 0.090647996875 0.20853611041666667 0.0903276515625 0.21415576249999999 0.09156702343749999 0.21855759791666665 0.093366165625 0.22058337708333334 0.0908490140625 0.22389112500000002 0.08959443125 0.23337244166666665 0.08784554375 0.23518541666666665 0.086911309375 0.23904708333333333 0.084409621875 0.2435359875 0.08460290781249999 0.258300425 0.0851974671875 0.2585819645833333 0.0852515875 0.26271600833333336 0.086274734375 0.26564598333333334 0.090286140625 0.27116481875 0.092421346875 0.2838164125 0.09582273125 0.28787255 0.0991893234375 0.28927109166666665 0.1039110078125 0.288865825 0.10742424531250001 0.2864210291666666 0.10896850312499999 0.28402206041666667 0.11228870937499999 0.28187713750000004 0.112863940625 0.28068223333333336 0.11912988124999999 0.27787799583333334 0.1220176328125 0.27278935 0.1241100625 0.26712845416666664
0 0.2007174890625 0.41687481875 0.2020416546875 0.4127087 0.2027442015625 0.40619401875 0.2033271640625 0.4055896916666667 0.20327304375000002 0.40145565 0.20267461875 0.40087881875 0.20035024687499997 0.38882238750000003 0.199751821875 0.38824555833333335 0.1982382359375 0.3779425291666667 0.1954623359375 0.3765302395833333 0.19290266250000002 0.3765898125 0.18996852343749998 0.37813499375 0.1872042203125 0.3776085708333333 0.1866019296875 0.37673645208333334 0.18444765000000002 0.3776727270833333 0.1755756453125 0.37699307083333333 0.1713018765625 0.38152321666666666 0.171800046875 0.38948684791666666 0.17239460625 0.38976839166666666 0.1726262953125 0.39242140625000005 0.17444863125 0.39621891875 0.17530580625 0.40151578541666666 0.1767072859375 0.4032554395833333 0.184000240625 0.4036764666666667 0.1865753765625 0.4047980479166667 0.187783825 0.406837575 0.1890657203125 0.4144875875 0.189119840625 0.4186216291666666 0.1905213203125 0.42036128333333334 0.1905367828125 0.4215424395833333 0.192088771875 0.41973404791666663 0.197987978125 0.4190059958333333 0.2007174890625 0.41687481875
0 0.3439669765625 0.21091111666666668 0.34627563281249996 0.20672208333333333 0.3491865796875 0.20340517083333334 0.3507115078125 0.19952975833333333 0.351066646875 0.19656770416666666 0.3552708328125 0.18672236041666668 0.3565834015625 0.181670375 0.36296892812500003 0.17295577916666666 0.3636908015625 0.16791753958333333 0.36714605312500004 0.16104341458333332 0.36769035781250003 0.15748620208333333 0.3711997296875 0.15474611875 0.373006603125 0.15736247499999997 0.3741263921875 0.16767466666666667 0.3753657640625 0.17207650416666667 0.37656261562500004 0.17323016458333335 0.3773888640625 0.17616472291666666 0.37998719375 0.1790580375 0.38183272343749997 0.18462727916666666 0.384214828125 0.18604873333333333 0.3860294328125 0.18925566666666666 0.3895658640625 0.18858260624999998 0.396692846875 0.19137052499999999 0.4041131171875 0.18647176875000002 0.40525971250000004 0.18378667499999998 0.40542568437500004 0.18141978333333333 0.4060125140625 0.18111074791666668 0.406178484375 0.17874385416666666 0.4086724421875 0.173664375 0.41013938593750005 0.1653596291666667 0.40960255781250005 0.15444311041666667 0.41301528593750003 0.14432080833333333 0.41293410625 0.13811974375 0.408046196875 0.12582759583333333 0.4071503640625 0.11757784166666667 0.406339578125 0.11582443958333334 0.40317374843750003 0.11471660416666667 0.397486903125 0.11662122916666666 0.3903908453125 0.11619562083333333 0.38508619843749997 0.11720521458333333 0.3739132703125 0.12130517083333332 0.37192496249999996 0.11987455208333334 0.371314940625 0.11841185416666668 0.36736151875 0.11732235 0.36437712499999997 0.11502877708333334 0.356497340625 0.11491678749999999 0.351756328125 0.1138456125 0.3415176359375 0.11408390208333333 0.3391664578125 0.11502475833333332 0.3353212765625 0.1222033375 0.3340357671875 0.12932234375 0.331124821875 0.13263925833333332 0.3295496390625 0.13267591666666667 0.325646471875 0.13542516666666668 0.3219208734375 0.13669338958333332 0.3150371765625 0.13744435416666667 0.311520075 0.1395938604166667 0.30719605156249996 0.14028525208333334 0.3003510125 0.14398910416666666 0.2962238875 0.14467591458333334 0.29350597343749996 0.14769295416666667 0.2923709734375 0.15126391666666666 0.2915911140625 0.15187282291666668 0.2908885671875 0.15838750625 0.29181145937499997 0.16870428125 0.29240602031249996 0.16898582291666667 0.2930546984375 0.17340140625 0.2925026625 0.17636804166666667 0.291541365625 0.1781626875 0.2892017859375 0.17998940833333332 0.28846058281250003 0.18355120416666668 0.2861480625 0.18744494791666666 0.28542232031250003 0.19218789791666666 0.2827391984375 0.1978625375 0.2825848234375 0.20111529791666666 0.281997996875 0.20142433333333332 0.281445959375 0.20439096874999998 0.281476884375 0.20675327916666666 0.2832682953125 0.20818847916666666 0.28348065624999996 0.20936505208333334 0.291912475 0.20651040625 0.29959149375 0.2063316895833333 0.3035487828125 0.20771648333333334 0.3045526 0.20917001458333334 0.3124439796875 0.21016787083333333 0.31399210312500003 0.20806418750000003 0.317312309375 0.20591926458333332 0.322230890625 0.20550941458333333 0.325207553125 0.20721241041666666 0.329801921875 0.21212692083333332 0.3317825 0.2129669625 0.3374925390625 0.21283407083333333 0.3439669765625 0.21091111666666668
0 0.3157462484375 0.7482710333333333 0.31844483281249997 0.7437775458333333 0.318815434375 0.74199665 0.3189814078125 0.7396297583333333 0.3177729609375 0.73759023125 0.3175490015625 0.7355277916666666 0.3129391703125 0.729432125 0.312599240625 0.718511025 0.31177685781250003 0.71587175625 0.3083948015625 0.7132920604166666 0.3072134125 0.71331955625 0.30449163281249997 0.7160413083333333 0.3021907109375 0.7208209166666666 0.2937356953125 0.72190383125 0.29158528281249996 0.72313539375 0.2912069484375 0.7243257125 0.2876859796875 0.72617993125 0.2834315390625 0.73218651875 0.283493390625 0.7369111395833333 0.2869179703125 0.7427390125 0.28851248281249997 0.7441787958333334 0.2871883171875 0.7483449166666667 0.2877828765625 0.7486264583333334 0.28806095468750004 0.7548229395833334 0.289284865625 0.7580436208333333 0.29209942187500004 0.7624087979166667 0.29766668281249997 0.7664145291666667 0.30238836875 0.7660092604166666 0.3045233203125 0.76359654375 0.30765049375000003 0.7617514916666667 0.310341346875 0.7566674270833332 0.310318153125 0.7548956937500001 0.3120361140625 0.7507204104166667 0.3157462484375 0.7482710333333333
0 0.3027337484375 0.6419421624999999 0.30283425625 0.6496196708333334 0.3036450421875 0.6513730729166666 0.3042125421875 0.6495875937500001 0.304112034375 0.6419100854166667 0.303301246875 0.6401566833333334 0.303320575 0.6416331270833333 0.3027337484375 0.6419421624999999
0 0.3383980671875 0.5678582104166666 0.33368024687500003 0.5685587666666667 0.330985528125 0.5733475416666667 0.32967295937499996 0.5783995291666667 0.327325646875 0.5796356729166666 0.32480463125000003 0.5826481333333333 0.32166972656250004 0.5839026083333334 0.321175675 0.5912985749999999 0.322384125 0.5933381 0.323032803125 0.5977536854166666 0.32343845 0.61369469375 0.32489018281250004 0.6192731041666666 0.32648082968750003 0.6204175979166667 0.3282567765625 0.6206716458333333 0.330997884375 0.6194263354166666 0.335248459375 0.61312445625 0.34305479375000003 0.6076259604166666 0.3476605078125 0.5983620291666667 0.35036682343750003 0.59445911875 0.35016580625 0.5791041041666667 0.34873726718750003 0.5752974291666667 0.3455366453125 0.57153199375 0.3383980671875 0.5678582104166666
0 0.8821836390625 0.08525492500000001 0.88726819375 0.08247818333333333 0.89199374375 0.08236820416666667 0.89625978125 0.07724747916666666 0.8975491546875001 0.07042376041666666 0.90003538125 0.06475370208333334 0.9001781578125 0.06061507708333334 0.90188065625 0.05525863541666667 0.902031165625 0.051710589583333334 0.8990197109375 0.04734999583333333 0.8950469625 0.04478404791666667 0.8903252765625 0.045189316666666667 0.878750821875 0.04870785833333333 0.870496571875 0.05008147916666667 0.865404284375 0.05226764375 0.8619026453125 0.05559830416666667 0.856694640625 0.06399011666666667 0.855320221875 0.06431748125 0.8526100375000001 0.06792510416666667 0.8518727015625001 0.07178218541666667 0.8517495046875 0.0924615625 0.85558334375 0.09946142708333333 0.8558304953125001 0.10329559583333332 0.8564250546875 0.10357713958333334 0.8566490124999999 0.10563957708333334 0.8606410921875 0.10968197083333334 0.8634053937499999 0.11020839375000001 0.8677371484374999 0.11010757916666666 0.8716519125 0.10824419583333333 0.8757790375000001 0.10755738541666666 0.877342625 0.10663486041666667 0.8782266046875 0.09893443958333334 0.8807128296875 0.09326438125 0.8816895890625001 0.09265089166666667 0.88162000625 0.08733569583333334 0.8821836390625 0.08525492500000001
0 0.9262698265625 0.5642193 0.930200053125 0.5635370729166667 0.9308600765625 0.5537742145833333 0.9343346562500001 0.54837653125 0.9363227109375 0.5347428437499999 0.9382453015625 0.5311535520833334 0.9415616390625001 0.5287133416666667 0.9434919624999999 0.5257146291666667 0.9436076796874999 0.51950898125 0.9425768031249999 0.5159884312499999 0.9425149515625 0.5112638104166667 0.9438468484375001 0.5076882687500001 0.9446689765625 0.49526322916666665 0.9428541203125 0.47699198541666665 0.941232546875 0.47348518125 0.93943340625 0.4714594 0.9327234140625 0.47043405208333333 0.9291947140625 0.47169768958333336 0.9280481187499999 0.4743827854166666 0.925901821875 0.49097394583333337 0.9239792328125 0.49456323333333335 0.9240062921875 0.4966302541666667 0.923238028125 0.4981250291666666 0.9233192078125001 0.5043260916666666 0.9241493234375 0.5075559374999999 0.924303953125 0.5193674895833333 0.9237828406249999 0.5246964333333334 0.92445085 0.5305884604166666 0.9250454078124999 0.5308700020833333 0.925122721875 0.5367757770833333 0.9245358953125 0.5370848125 0.9248026296875 0.5574597375 0.9253971875 0.5577412770833334 0.925667534375 0.56334718125 0.9262698265625 0.5642193
0 0.7001071718749999 0.09362777083333333 0.7007055984375 0.0942046 0.701678490625 0.09329582083333333 0.7022189296875 0.08944331874999999 0.70025768125 0.09007972291666667 0.7001071718749999 0.09362777083333333
0 0.72443924375 0.1920133479166667 0.7247366515625 0.19968627291666668 0.7228333874999999 0.20475200625 0.7226944765625001 0.20918592083333334 0.7221076484375 0.20949495625 0.7219610046875 0.21333829375000002 0.7206561687499999 0.21898085625 0.719494109375 0.22048479375 0.7185560078125001 0.22405117291666665 0.7107612703124999 0.2304355375 0.71022083125 0.2342880375 0.7086920359375 0.23786816041666667 0.7092752515625 0.25232814583333335 0.7110782578125 0.2546492125 0.7125261265625 0.2599323333333333 0.715340684375 0.2642975083333333 0.7228885234375 0.26914328541666666 0.7242706734375 0.26940649583333337 0.7272048140625 0.26786131458333334 0.7285521734375 0.265466925 0.7354204078125 0.26353480625 0.7369569328125001 0.2605452583333333 0.738323621875 0.25962731666666666 0.741578109375 0.2524624833333333 0.7449021796874999 0.25061285 0.75260439375 0.25220586458333333 0.7559245984375 0.25006094166666665 0.7564843671875 0.24768488333333333 0.7558047609375 0.24090698958333334 0.7550094390625001 0.24033474375 0.752920621875 0.23122661666666666 0.750291365625 0.22597098958333334 0.7500674078125 0.22390855208333335 0.7484535671875 0.22099232500000002 0.7480288453124999 0.21863918125 0.7472335218749999 0.21806693125 0.7459902828125 0.21336980625 0.74591296875 0.20746403125 0.7466735015625 0.20537868125 0.746341303125 0.19504815833333333 0.7509586140625 0.18667009166666665 0.7537035875 0.18572007291666667 0.7590275625 0.18618692291666666 0.7604213125 0.187336 0.761239828125 0.18967997916666668 0.7618305234375 0.18966623124999998 0.764853575 0.19491269375 0.7664364890625001 0.19546661041666666 0.7680503296875 0.1983828375 0.7704285671875 0.19950900208333333 0.7728300015625 0.2024069 0.7763973562500001 0.20409614791666666 0.7870530390625 0.20562042708333333 0.7919600250000001 0.20432470833333335 0.7974306453125 0.20094822291666667 0.7995578640625001 0.19794492708333333 0.8005384875000001 0.19762672708333331 0.8045728375 0.18985298750000001 0.8033682546875 0.18810875 0.8031481625 0.1863416 0.79934525 0.18170404791666667 0.797109790625 0.17643925625 0.7931215765624999 0.17269215416666667 0.7867744546875 0.16929532916666667 0.7808675171874999 0.1694328020833333 0.7792768703124999 0.16828830833333336 0.7794196484375 0.16414968125 0.7805817078125 0.16264574375000002 0.7811376109375 0.15997439791666668 0.7810525640625 0.15347804375 0.7818130953125 0.15139269375 0.782129578125 0.14547775416666667 0.7820715921875 0.14104842291666667 0.7800600890625 0.1378460708333333 0.7682075562499999 0.13516813333333333 0.7624472625000001 0.13146227083333334 0.7584358546875001 0.12594343333333333 0.7573663203125001 0.11946999374999999 0.7594664812499999 0.11439967916666666 0.761605296875 0.11228225208333333 0.762894671875 0.10545853125 0.7634776343749999 0.10485420625 0.7634428421874999 0.10219660833333334 0.7645855734375 0.09921622499999999 0.7652881203125 0.09270154375 0.76513735625 0.08118528333333333 0.7639211765625 0.07855517916666667 0.7623305296875 0.07741068333333333 0.7556244046875 0.07668062291666668 0.74602279375 0.08044862916666666 0.7416678453125 0.07877771041666667 0.7386795859374999 0.07618885 0.734228246875 0.08220002083333333 0.7321396828125 0.08815620416666667 0.7320355625 0.09524771666666668 0.732888871875 0.10024929583333334 0.7329739171874999 0.10674564791666666 0.7335684765625 0.10702718958333332 0.7337963000000001 0.10938491666666667 0.73364965625 0.11322825208333334 0.7298160734375 0.12129269791666666 0.7276772546875 0.12341012708333333 0.7259476968749999 0.12669954583333334 0.7222298312500001 0.12855834583333334 0.7208399484375 0.12770455625 0.7187588625 0.11918700833333333 0.715932709375 0.11393596458333333 0.7147010671875 0.11012470625 0.708570171875 0.10819974166666667 0.70404151875 0.10830513958333333 0.7009800640625 0.11517010208333334 0.6982466859375001 0.1170059875 0.6980613859375 0.11789643541666667 0.6962931703125 0.11823296874999999 0.6972469875 0.13091205416666668 0.6927376625 0.13249389583333335 0.6920041921875 0.13664626666666668 0.6914214828125 0.1523149 0.6901089140625001 0.1573668875 0.6895220875 0.15767592291666668 0.689568475 0.1612193875 0.6903831265625 0.16326807916666666 0.6911861828125 0.16443090416666667 0.69592719375 0.16550207916666665 0.7016372343749999 0.16536918750000001 0.7037915140625 0.1644329125 0.7097061828125 0.16488601666666666 0.7113161578125 0.16750695416666667 0.7114514578125 0.17784206249999998 0.7128645359375 0.18046758333333335 0.717655803125 0.1853775125 0.7202348046875 0.18679438333333334 0.72443924375 0.1920133479166667
0 0.6086343624999999 0.31286001041666667 0.6099971859375 0.3116467770833333 0.6113368140625 0.30866181249999997 0.6114911890625 0.3054090541666667 0.61207415 0.3048047291666667 0.6131743593750001 0.2985761708333333 0.6118267453125 0.28590625000000003 0.6102129046875 0.28299002291666664 0.60703934375 0.28129161041666667 0.5926619296875 0.28133084166666666 0.5887355671875001 0.28230835833333334 0.5879557078125 0.2829172645833333 0.5878090640625 0.28676060208333337 0.5866624671875 0.2894456958333333 0.5802962703125 0.2996367354166667 0.5779528218750001 0.30116816875 0.5766209250000001 0.3047437104166667 0.576130740625 0.31243496458333336 0.5767253 0.31271650625 0.5769724515625 0.3165506791666666 0.5782388859375 0.32301953541666667 0.5790380749999999 0.3238870708333333 0.5792736296875 0.3268353770833333 0.5882036203125 0.3319443625 0.590045284375 0.33721831666666663 0.5927941234375 0.3365635854166667 0.5933732203125001 0.3356639708333333 0.5975274046875 0.3370441833333333 0.5980098593750001 0.32876235 0.6000984218750001 0.32280616874999996 0.6005886078125 0.3151149125 0.6033219843750001 0.313279025 0.6086343624999999 0.31286001041666667
0 0.601741921875 0.2527631625 0.5999389140625 0.2504420958333333 0.5957924593749999 0.24965246041666667 0.5922985515625 0.2535737 0.5911519546874999 0.25625879375 0.5902486453125 0.26248276875000004 0.58966181875 0.26279180625 0.5883608453125 0.26872965833333334 0.58777401875 0.26903869583333334 0.5878706625000001 0.2764209125 0.5918279484375 0.27780570625 0.60088911875 0.2778902 0.6034410609374999 0.2772400520833333 0.605579878125 0.27512262291666667 0.606131915625 0.2721559875 0.6072901078124999 0.2703567604166667 0.6081895515625 0.26383749375 0.6087725140625 0.26323317083333336 0.608706796875 0.25821326250000004 0.607096821875 0.25559232291666667 0.601741921875 0.2527631625
0 0.6336314015625 0.2363659125 0.6328322125 0.23549837916666666 0.6306663359375 0.23554878541666666 0.62949654375 0.23646214583333333 0.6302996000000001 0.2376249708333333 0.632859271875 0.23756539791666667 0.6336314015625 0.2363659125
0 0.36302824375 0.0270373125 0.36582733749999996 0.030221333333333333 0.3658775921875 0.0340600875 0.36473099531250003 0.036745183333333334 0.35756560937500004 0.04606868333333333 0.3572027390625 0.04844016041666667 0.354867025 0.050562170833333336 0.3530604046875 0.06301012291666667 0.3543268375 0.06947897916666666 0.35854674062499997 0.0758791 0.3588789375 0.086209625 0.3598904875 0.08825373333333333 0.3601183125 0.09061146041666666 0.3611066671875 0.09088383750000001 0.3621298125 0.09381381250000001 0.36472814374999996 0.09670712708333333 0.36495596875 0.09906485416666667 0.36656207812499997 0.10139050416666667 0.36894418125 0.10281195833333333 0.37248834375 0.102729475 0.3726736453125 0.101839025 0.3748356546875 0.10149332916666666 0.3794916234375 0.09606815208333333 0.3880816828125 0.09025603541666666 0.39140961875 0.08870168958333333 0.398100284375 0.08825059583333333 0.398285584375 0.08736014791666666 0.4027871765625 0.08518772916666667 0.4073271734375 0.07090388958333334 0.40720733593749997 0.06174993958333333 0.40660891093749996 0.06117310833333334 0.40657025312500006 0.058220220833333336 0.40715321718749997 0.057615897916666665 0.406554790625 0.057039066666666666 0.4063153703125 0.05379547291666666 0.40843485937499996 0.0502016 0.40922631562499995 0.05047855833333333 0.411280340625 0.0569290875 0.41586311406250004 0.06095773333333333 0.42041882499999994 0.06291935625 0.4256464125 0.07106829583333334 0.4282254140625 0.07248516666666666 0.42924082812500003 0.07482456458333334 0.43383133437500004 0.0794437875 0.43579258125000003 0.07880738749999999 0.43849503125 0.0746091875 0.439981303125 0.06778088750000001 0.4457916 0.060261193750000004 0.44781444531250003 0.04928510416666666 0.4499378 0.045986518750000004 0.45038932656249997 0.035342377083333334 0.45097229062500005 0.03473805208333333 0.45112666562500003 0.031485291666666665 0.4545935140625 0.025497033333333332 0.455570271875 0.02488354375 0.45573624375 0.02251665208333333 0.45631920625 0.021912325 0.45625348906249996 0.016892416666666667 0.4556550640625 0.0163155875 0.45541177812500006 0.012776706249999999 0.4525276390625 0.00309633125 0.45112229375 0.0010613875 0.3452896546875 0.003524475 0.34522213125 0.005889077083333334 0.3460367828125 0.007937766666666667 0.346129559375 0.015024695833333332 0.3467241203125 0.015306239583333332 0.3461952765625 0.02004460625 0.3467898375 0.020326147916666665 0.3470176609375 0.022683875000000003 0.34961985625 0.025872477083333335 0.35298645 0.02727101875 0.36302824375 0.0270373125
0 0.9157910156250001 0.29035173125 0.9171693015625 0.29031965416666666 0.9159724515625 0.28916599375 0.9157910156250001 0.29035173125
0 0.9205704328125 0.27931148541666667 0.921929390625 0.27780296458333337 0.9296238718750001 0.2788054020833333 0.930643153125 0.28144008958333333 0.9326430578125 0.28375657291666667 0.9365926140624999 0.2845507916666667 0.939577009375 0.2868443625 0.94313276875 0.28764774375 0.947456790625 0.2869563520833333 0.9511205374999999 0.2809635104166667 0.951807621875 0.2732676729166667 0.9523905828125001 0.27266334583333335 0.9522320890625 0.26055651041666666 0.9510043140625 0.2570405375 0.9505332031249999 0.25114392708333333 0.9520735953124999 0.24844967083333333 0.9532008624999999 0.24428813333333332 0.9532933859374999 0.23631075416666666 0.9504285749999999 0.22810682499999999 0.9472511484374999 0.22611312083333335 0.947042653125 0.22523183958333334 0.944081453125 0.22470999791666665 0.9409040265625 0.22271629791666667 0.93803535 0.21421707916666666 0.9340626000000001 0.21165112916666665 0.93189285625 0.21140624791666665 0.9277966578125 0.21445536874999999 0.924353003125 0.22221536041666667 0.9218319875000001 0.22522781875 0.91453903125 0.22480679375 0.9144001203125001 0.22924070833333332 0.9138132921875 0.22954974374999998 0.9136589171875 0.23280250208333333 0.9130720875 0.23311153958333333 0.9123347515625 0.23696862291666668 0.9111688265625 0.23817727291666665 0.9098523921874999 0.24293397083333332 0.9084895703125 0.24414720208333335 0.9059994796874999 0.24952197291666664 0.9044474890625 0.25133036458333335 0.9033588796875 0.25844478958333333 0.9012200625 0.26056221874999996 0.9006525625 0.2623476979166667 0.9004981875 0.26560045625 0.9013051078125001 0.26705857083333334 0.9054283671875 0.26607647083333336 0.9079609812499999 0.2639498791666667 0.9107368796875001 0.2653621666666667 0.91498384375 0.2738293083333333 0.9156982390625 0.2832648020833333 0.9202462203125 0.28463584791666663 0.9212616359375 0.28697524583333334 0.9200995765625001 0.28847918333333333 0.9199258718750001 0.29025549791666666 0.922122675 0.29256740208333337 0.9246746171875 0.29191725208333336 0.9273654718750001 0.28683318750000003 0.9253346406249999 0.28215439375 0.9205704328125 0.27931148541666667
0 0.054373085937499996 0.4766980875 0.0537669296875 0.47553068125000003 0.049439040625 0.4759267854166667 0.0486591796875 0.47653569166666665 0.0524195703125 0.47792506875 0.052828828125000005 0.4790970583333333 0.054373085937499996 0.4766980875
0 0.1105189078125 0.41749715416666666 0.11078513593749999 0.4077434625 0.1123216625 0.4047539145833333 0.11340640625000001 0.3973442020833333 0.1131783296875 0.37992216458333333 0.11095446718749999 0.37554324166666664 0.10637169531249999 0.37151459583333335 0.102232971875 0.37131553958333335 0.0977313796875 0.37348795833333337 0.0942336046875 0.37711390625 0.09294423125 0.38393762708333334 0.0902533765625 0.38902168958333333 0.089508309375 0.39228819583333335 0.087176459375 0.39470549375 0.0852925265625 0.4012476729166667 0.0825939390625 0.4057411583333333 0.08242796718749999 0.40810805208333334 0.081841140625 0.4084170875 0.0819455140625 0.4163898833333333 0.0839724796875 0.4207733895833333 0.084960834375 0.42104576666666665 0.08597625 0.4233851645833333 0.08816532187500001 0.42510648958333336 0.09097601250000001 0.42917637708333334 0.0957363546875 0.4317239958333333 0.0963425109375 0.4328914020833333 0.10187498125000001 0.4342395375 0.10343470156250001 0.43302172083333335 0.10574335625 0.4288326916666667 0.109260459375 0.4266831833333333 0.109935946875 0.41810148125 0.1105189078125 0.41749715416666666
0 0.270052178125 0.16153084791666666 0.2802908703125 0.16129255833333334 0.285784684375 0.15968780625 0.28829796875 0.15608476875 0.28885000625 0.15311813333333332 0.292884353125 0.14534439375 0.2930580578125 0.14356807916666667 0.29403095 0.14265930000000002 0.29477601875000004 0.13939279375 0.294887871875 0.13289185833333333 0.2973779609375 0.12751708958333333 0.2984124515625 0.11626862083333332 0.29917685 0.11447855833333334 0.2992887 0.107977625 0.30292925312499996 0.10021305 0.3024426796875 0.09313528541666667 0.30184425625 0.09255845416666666 0.301743746875 0.08488094583333333 0.30290580624999996 0.08337700833333334 0.3062376078125 0.08211795208333333 0.3083609609375 0.07881936875000001 0.3099245484375 0.07789684166666667 0.312202278125 0.0713455 0.3143410953125 0.06922807083333334 0.31565366250000004 0.06417608333333333 0.3155763484375 0.058270310416666665 0.314753965625 0.055631041666666665 0.30841070937500004 0.05252950416666667 0.302781596875 0.043799152083333334 0.29941113750000004 0.04210532083333333 0.2956739421875 0.042487677083333335 0.292566096875 0.04580917291666667 0.2867016828125 0.049194822916666665 0.2789726625 0.060599097916666664 0.2750540328125 0.06216718958333333 0.2695950109375 0.06642954166666666 0.2676878828125 0.0711999875 0.26869943281249997 0.07324409375 0.2689349875 0.07619240000000001 0.26952954687499997 0.07647394375 0.269765103125 0.07942224583333334 0.2723904921875 0.08438258333333333 0.2732979203125 0.09351820625 0.2713830625 0.09769807083333333 0.2684527875 0.09953854166666667 0.26716341250000003 0.10636226041666667 0.2674182953125 0.11078700833333334 0.27098951875 0.11277154583333333 0.2726188234375 0.11686892708333334 0.2726690765625 0.12070768125 0.270360421875 0.12489671458333333 0.27019831562499996 0.12755889374999999 0.2696114875 0.12786793125 0.2694455140625 0.13023482291666666 0.26885868749999997 0.13054386041666668 0.267735284375 0.13500068541666668 0.267619565625 0.14120633124999998 0.26703273906249997 0.14151536875 0.267198965625 0.15421278333333335 0.2677973890625 0.15478961458333332 0.26787083749999996 0.1604001 0.270052178125 0.16153084791666666
0 0.4597547484375 0.44983612708333337 0.4653993234375 0.4597476354166667 0.46686652031250003 0.46650719791666667 0.4700826046875 0.4714537875 0.47031429375 0.4741068041666667 0.47292808593749996 0.478181275 0.4731443125 0.4796531354166667 0.4749357234375 0.4810883375 0.47848761875 0.4815964291666667 0.4867148078125 0.4781557895833333 0.4876722375 0.47606585625 0.490015684375 0.47453442291666664 0.4915522109375 0.47154487500000003 0.4933126953125 0.4706177645833333 0.4948530875 0.46792350625 0.49758259687499995 0.4657923291666667 0.49813076875 0.46253040625 0.49986419375 0.45953627708333333 0.5011071796875 0.4491690916666667 0.50319960625 0.4435082 0.5030759046875 0.43405896041666664 0.5018751875 0.4326100104166667 0.5004389171875 0.42821275625 0.5002033625 0.42526445208333336 0.498145471875 0.4185186354166667 0.49811068125 0.4158610375 0.49751612031250003 0.41557949583333337 0.49621103125 0.4061577520833334 0.496361540625 0.40260970416666664 0.49905239375 0.39752563958333337 0.50064690625 0.39896542291666665 0.5024924359375 0.40453466875 0.5044420859375001 0.4030124 0.50601726875 0.4029757395833334 0.5100477531250001 0.39490671041666664 0.5107502984375001 0.3883920291666667 0.509904721875 0.3839810270833333 0.5056693546875 0.37639975208333337 0.50427560625 0.3752506729166667 0.502248640625 0.3708671666666667 0.5002526031250001 0.3688459708333333 0.49942635312499994 0.36591141458333337 0.496611796875 0.3615462375 0.49577008593749994 0.357430525 0.4890521078125 0.3407502895833333 0.48794778125000005 0.33161925000000003 0.48672773593749996 0.32869385833333337 0.48667748125 0.3248551041666667 0.48608292343750004 0.3245735645833333 0.48555769218749995 0.31454291041666665 0.48781609374999996 0.306515125 0.4877349125 0.30031406041666664 0.486931859375 0.29915123541666666 0.483410890625 0.30100545208333335 0.4828588546875 0.3039720875 0.48036103125 0.30875627916666665 0.4790561953125 0.31439884375 0.4777049703125 0.31649794166666667 0.47753513124999997 0.3185695479166667 0.47460872343749994 0.32070530416666665 0.4713426375 0.3269842708333333 0.4691922234375 0.3282158333333333 0.46628900937499995 0.3321233229166667 0.46711139218750003 0.33476259375 0.46698021093750003 0.33978708333333335 0.46782192343749995 0.34390279791666667 0.46787217812500004 0.34774155 0.4671271078125 0.35100805625000003 0.46444398593749997 0.3566826979166667 0.45470346250000004 0.36488461875 0.451252078125 0.37205403125000003 0.4512791375 0.37412105416666663 0.44864626875 0.38363444999999996 0.44961168437500004 0.3971994 0.4475888375 0.40817549166666667 0.44700201093749997 0.40848452916666667 0.4470483984375 0.41202799375 0.44846534218749995 0.41494880416666663 0.44925679843750005 0.41522576250000004 0.4539398265625 0.41186760625 0.45735280781250004 0.4168096125 0.45463876093750005 0.42012194375 0.451959503125 0.42609187291666667 0.450704921875 0.43557318958333335 0.45292105156250007 0.43936153541666667 0.4586426890625 0.44011451041666666 0.4604340984375 0.44154971249999997 0.46085108906250005 0.44331227916666666 0.4597547484375 0.44983612708333337
0 0 0.09913376041666666 0.0053043734375 0.09857381666666667 0.0088021484375 0.09494786458333333 0.0105664984375 0.09431604583333333 0.013272815625 0.09041313749999999 0.02051165 0.08670012083333334 0.0251560203125 0.08038907708333333 0.0379505203125 0.07979592708333333 0.03948318125 0.07651108958333334 0.0394213296875 0.07178647083333334 0.04056019375 0.06851080000000001 0.042915237499999995 0.06786523333333333 0.044096625 0.06783773750000001 0.0467336125 0.07368393958333333 0.05013113125 0.07744479166666667 0.050351225 0.07921194166666666 0.051737240625 0.07977043958333334 0.0557525140625 0.08558456666666667 0.0572235765625 0.09263941875 0.058632787500000005 0.09496965208333334 0.0623699828125 0.09458729583333333 0.06877483749999999 0.08734914375 0.0706665015625 0.08139754375000001 0.070496409375 0.0684048375 0.06565488750000001 0.05965615625 0.062180056250000004 0.049989531250000004 0.06150818125 0.04380221458333333 0.06090975625 0.04322538333333333 0.0608131125 0.03584316458333334 0.0613960765625 0.035238839583333334 0.06174735 0.03198149791666667 0.064720146875 0.03338920625 0.0646737578125 0.029845741666666665 0.063098575 0.0298824 0.061307164062499996 0.0284472 0.0604151984375 0.020492733333333336 0.059002121875 0.0178672125 0.0570138140625 0.016436591666666667 0.04163258125 0.01502229375 0.034903259375 0.012520499999999999 0.0266142171875 0.011236520833333334 0.026085290625 0.010953452083333334 0 0.011560545833333333 0 0.09913376041666666
0 0.5085337234375 0.12880572708333332 0.5138190421875 0.1263196875 0.5234902359375 0.12786687916666667 0.525401228125 0.12339172291666665 0.5253084515625 0.11630479375 0.524462875 0.11189379166666667 0.5226444046875 0.10839156874999999 0.5229763484375 0.10365778541666668 0.5347092984375 0.11224607916666667 0.542017715625 0.11384826041666667 0.5443998203125 0.1152697125 0.547905325 0.11223434166666667 0.5496426140625 0.1095355 0.550542059375 0.10301623541666666 0.55012868125 0.08648464791666667 0.54953025625 0.08590781875 0.54925604375 0.080006625 0.5446191515625001 0.07184393958333332 0.5431906109375 0.0680372625 0.5422909140625001 0.05949221875 0.5416963546875 0.059210677083333337 0.540866240625 0.05598082916666667 0.5318473375 0.04408020416666667 0.525391975 0.03241529375 0.5158249046875001 0.023776589583333334 0.5055707484374999 0.022833725000000003 0.49970246874999996 0.0259240875 0.49913883593749997 0.028004856249999998 0.49720078125 0.030412989583333334 0.49709279375 0.03720921458333334 0.49650596562500005 0.037518249999999996 0.49711212343750005 0.03868565833333334 0.4971507796875 0.04163854583333334 0.4965639515625 0.04194758333333334 0.4964057109375 0.04490505208333333 0.49428235625 0.04820363541666666 0.4916878921875 0.04560560833333334 0.49100442187500004 0.038532427083333334 0.48860685468750004 0.03592981875 0.48758370781249993 0.03299984375 0.48692343125 0.02769839375 0.485769103125 0.029792908333333333 0.4854448921875 0.03511727083333334 0.4835609578125 0.04165944791666667 0.4871437765625 0.044529849999999996 0.48796229375 0.04687383125 0.4878001875 0.049536014583333336 0.487031925 0.0510307875 0.48172341249999995 0.051745091666666666 0.4804031125 0.056206500000000006 0.4778550375 0.0571519375 0.4763069125 0.059255620833333335 0.47656952812500003 0.06427094583333333 0.4756584859375 0.06990434375 0.47614892500000006 0.07727739791666667 0.478160428125 0.08047974791666666 0.4825347046875 0.08362711041666666 0.48415627656250004 0.08713391666666667 0.48422585937499996 0.0924491125 0.48365062812500004 0.09364401666666668 0.48446166875 0.11046172708333332 0.48389416875 0.11224720833333333 0.48352768749999997 0.12938770208333333 0.484346203125 0.13173168124999998 0.48633451250000004 0.1331623 0.4920600140625 0.1342105625 0.5008663015625 0.12987030833333332 0.5085337234375 0.12880572708333332
0 0.4807190859375 0.02016294375 0.4799276296875 0.019885983333333336 0.475989671875 0.019977633333333335 0.4752059453125 0.020291252083333332 0.47602059687500003 0.022339943749999997 0.48073068281250003 0.021048808333333332 0.4807190859375 0.02016294375
0 0.6308748296875 0.23643006875 0.6320562187500001 0.23640257291666666 0.6314616578125001 0.2361210333333333 0.6308748296875 0.23643006875
0 0.6776594765625 0.24449797083333333 0.6845509046875 0.24433758333333333 0.6876703453124999 0.24190195416666666 0.69018363125 0.23829891458333333 0.6939014968749999 0.23644011666666667 0.6948666578125 0.23494076041666664 0.6970364 0.23518563958333333 0.6972448953125 0.23606692499999998 0.70199750625 0.23802396666666667 0.706136228125 0.238223025 0.70730601875 0.2373096625 0.70749131875 0.2364192125 0.708861875 0.23579655833333335 0.71172643125 0.22893618124999998 0.7179653140625 0.22406492083333335 0.720853065625 0.21897627291666666 0.7226674156249999 0.20711890000000002 0.7234395453125 0.20591941458333332 0.7235939203124999 0.20266665625 0.72472891875 0.19909569583333334 0.72466706875 0.19437107708333334 0.723844684375 0.19173180625 0.7168488828124999 0.18391939791666667 0.714273746875 0.18279781458333336 0.7116792828125 0.18019978958333333 0.7075405609375001 0.18000073125 0.7017995953125 0.17777131458333334 0.699830615625 0.17781713958333334 0.694352265625 0.18060305000000001 0.6925801828125 0.18064429166666668 0.692197984375 0.18153932083333332 0.690425903125 0.18158056458333333 0.68585859375 0.17873307291666668 0.6816580203125 0.17380939791666666 0.6767123765624999 0.17215222708333336 0.67277441875 0.17224387708333333 0.6688751171875 0.17528841458333336 0.6667788234375001 0.18065401874999998 0.6621151249999999 0.18548861875 0.6613700546875 0.188755125 0.6616326703125 0.19377045 0.663474334375 0.19904440625 0.6628875062499999 0.19935344166666666 0.6649028734375 0.20285108125 0.6638219953125 0.21055608333333334 0.661883940625 0.21296422083333333 0.6611466046875 0.21682130208333333 0.6603706093749999 0.2177255 0.6604247296875 0.2218595416666667 0.6630423875 0.2262293 0.6632663453125 0.22829173958333332 0.6674398609375001 0.23114839375 0.6708837671875 0.23845271041666666 0.673265871875 0.23987416458333335 0.6736751296875 0.24104615416666667 0.6776594765625 0.24449797083333333
0 0.9115226984374999 0.15989367708333332 0.9126499656249999 0.15573213958333335 0.9133293171875 0.14744572708333334 0.9171744984375 0.14026714583333336 0.9172399625000001 0.13022274583333332 0.918579590625 0.12723778125 0.9187455640625 0.1248708875 0.918590934375 0.11305933958333333 0.9191507015625 0.11068328125 0.9214825515625 0.10826598125 0.9224361156249999 0.10588075833333334 0.9223819953125 0.10174671666666667 0.92136658125 0.09940731875 0.9199612359374999 0.09737237708333332 0.9181775562500001 0.09652775208333333 0.9136450390625 0.09633786041666667 0.9071126156249999 0.09383148333333334 0.8952948734374999 0.09381114375 0.8919282796875001 0.09241260208333334 0.881500421875 0.09324605000000001 0.8789639421875 0.09507735833333333 0.8768483203124999 0.09896651666666667 0.8767519296874999 0.10664860833333334 0.8783425765624999 0.10779310416666667 0.8809679656249999 0.11275343958333334 0.8802692859375 0.11956341041666667 0.87857451875 0.12551042708333332 0.8784472046875 0.13083020625 0.8778603765625 0.13113924375 0.8777639875000001 0.13882133541666666 0.8787871328125 0.14175130833333333 0.8855937687500001 0.15015887708333334 0.8893580234374999 0.15184354166666666 0.8925586453125 0.15560897499999998 0.905009603125 0.15886374583333335 0.9073917078125 0.16028520000000002 0.9105498046875 0.16080245625 0.9115226984374999 0.15989367708333332
0 0.184280409375 0.30471807500000003 0.18221865312500002 0.2976769708333334 0.1786010421875 0.29214896875 0.1752035234375 0.28838811875000003 0.1714392671875 0.2867034541666667 0.16651682031249998 0.2868180166666667 0.1604593734375 0.2905035375 0.158339884375 0.29409741041666665 0.1581623140625 0.2955784354166667 0.15641342656249999 0.29739141041666667 0.1545333609375 0.30422887708333335 0.1551781734375 0.3083491708333333 0.1544562984375 0.3133874104166667 0.15271514375 0.31579096250000005 0.1519623421875 0.31846689166666664 0.1521053734375 0.32939257708333336 0.15274245625 0.33292229375000004 0.152055371875 0.34061813125 0.1495382234375 0.34392587916666667 0.1482217890625 0.34868257708333333 0.148055815625 0.3510494666666667 0.14888593125 0.3542793166666666 0.151268034375 0.35570076666666667 0.1547967359375 0.35443712916666664 0.1553681 0.3529469375 0.15790844531249998 0.3514109229166667 0.1681046140625 0.34792445625 0.1757759015625 0.34715516041666666 0.1779108546875 0.34474244375 0.1800651328125 0.3438061708333333 0.18101869843750001 0.34142094791666666 0.18277145 0.3399032625 0.183226590625 0.31449010000000005 0.18375930000000001 0.31004702083333335 0.1843422609375 0.30944269583333334 0.184280409375 0.30471807500000003
0 0.5051315609375 0 0.505497046875 0.00215893125 0.5060916062499999 0.0024404729166666666 0.5063890140625 0.010113397916666666 0.5112575953125 0.02092910208333333 0.5152342109375 0.023790337499999998 0.5165699734375 0.02051008333333333 0.516531315625 0.017557197916666666 0.515075715625 0.011683500000000001 0.5166083765625 0.008398664583333333 0.518573490625 0.00805755 0.5206700375 0.017756254166666666 0.522666078125 0.01977745 0.5253455875 0.028871829166666665 0.5271524609375 0.03148818541666667 0.533460925 0.031932122916666666 0.5361981671875 0.030391525 0.5383253890625 0.027388229166666667 0.5392325640625 0.02145954166666667 0.5389506203125001 0.014967772916666667 0.5312253078125 0 0.5051315609375 0
0 0.8292837484375 0.3171768625 0.8276815046875001 0.31514650208333334 0.8237512765625 0.31582872916666666 0.8223923203125001 0.31733724999999996 0.8245813921874999 0.31905857499999996 0.827731759375 0.31898525625 0.8292837484375 0.3171768625
0 0.7819310953125 0.28076582499999997 0.7801860734375 0.2828740875 0.7800123703125 0.2846504020833333 0.7775068171874999 0.28884401875 0.7775261453125 0.29032046250000004 0.779896653125 0.2908560479166667 0.7808966046875 0.2920142916666667 0.785429121875 0.2922041833333333 0.7876104640625 0.29333493125000004 0.8020265343749999 0.29624858541666665 0.799119453125 0.2998607875 0.7959574890625001 0.2990482416666667 0.7922280265625 0.30002117500000003 0.7804064187499999 0.29970554583333336 0.780224984375 0.30089128541666665 0.781641928125 0.3038120958333333 0.7822790093750001 0.3073418125 0.7777774171875 0.3095142291666667 0.7770052890625 0.31071371458333336 0.777113528125 0.31898180000000004 0.779329659375 0.3227701479166667 0.7830784515625 0.32327365625 0.786661271875 0.3261440583333333 0.7888735375 0.3296371166666667 0.7916648984375 0.33223056041666665 0.7958229515624999 0.3339060604166667 0.7991315593749999 0.33087527083333335 0.7998727609375 0.3273134770833333 0.8012317187500001 0.32580495416666666 0.8098488375 0.3220598604166666 0.8117598328125 0.3175847041666667 0.8111382140625001 0.31523614166666664 0.811072496875 0.31021623333333337 0.8124275875 0.30841242291666665 0.82346546875 0.30904167083333334 0.8266583578125 0.31221652708333336 0.828032778125 0.3118891625 0.8307468265625 0.3085768291666667 0.8313104593749999 0.30649606041666666 0.830673378125 0.30296634375 0.8278742843750001 0.2997823229166666 0.8237162328125001 0.2981068229166667 0.820283921875 0.2916883708333333 0.8169095984375 0.28969925208333336 0.813894278125 0.28504337083333336 0.8085007187500001 0.2792613208333333 0.800446978125 0.26586133958333336 0.8002268859375 0.2640941916666667 0.79803395 0.262077575 0.7966092765624999 0.2585661875 0.795416290625 0.2577078166666667 0.7953699015625 0.2541643520833333 0.794559115625 0.25241095 0.7943776812500001 0.25359668750000003 0.7918334703125 0.25483741249999997 0.7900497921875 0.25399279166666666 0.77680325625 0.23510146666666668 0.7740621484375 0.23634677499999998 0.7738961765625 0.23871366875 0.77330935 0.23902270416666666 0.7733750671874999 0.2440426125 0.773969625 0.24432415416666667 0.7742051796875 0.24727245833333333 0.77480360625 0.24784928958333333 0.7750546234375 0.2519787479166667 0.7744796453125 0.26823796041666664 0.77507420625 0.26851950208333336 0.7761050843749999 0.27204005416666666 0.777301934375 0.2731937145833333 0.7835949359375001 0.2724564979166667 0.7847917859375 0.27361015625 0.784826578125 0.27626775625 0.7821047984375 0.27898951041666664 0.7819310953125 0.28076582499999997
0 0.7719465265625 0.2402359375 0.771896271875 0.23639718333333332 0.7653793125 0.23507196041666667 0.7643716265625 0.23332314166666668 0.7623910515625 0.2324831 0.7610282296875 0.23369633125 0.7624413062500001 0.23632185416666665 0.7644296125000001 0.23775247291666668 0.7646419734375 0.23892904583333333 0.76642951875 0.24006895833333333 0.7719465265625 0.2402359375