0 0.4906910640625 0.43574343541666666 0.4889422109375 0.44008312708333336 0.48954219375 0.4406340875 0.48932963437500004 0.4430239625 0.49065336562499995 0.4434640208333333 0.493575275 0.44162332916666663 0.49463535 0.4384606833333333 0.49444163906250005 0.4369902666666666 0.4906910640625 0.43574343541666666
0 0.5187907953125 0.44086676875 0.5193719296875 0.445278025 0.5185674484375 0.4495801541666667 0.5194310875 0.45373381875 0.516541428125 0.4654273791666667 0.5090456156250001 0.4741836625 0.508009725 0.4847359583333333 0.5062339625 0.490472725 0.4989587734375 0.49930235208333335 0.497102278125 0.5092303458333334 0.4964995703125 0.5174661083333334 0.49663139999999995 0.5192674604166666 0.500231296875 0.5225732333333333 0.49874609999999997 0.530515625 0.5025585593749999 0.531431525 0.5036347578125 0.5331953145833334 0.5041270984375 0.5393345770833334 0.5035243921875 0.54757034375 0.5087788984375 0.5658378875000001 0.5237220375 0.56236941875 0.5293263828125 0.5624749854166667 0.5325119468749999 0.5642369958333333 0.533781859375 0.5674712020833332 0.53345359375 0.5729861625 0.53141145 0.5839069541666666 0.5320114328125001 0.5844579145833334 0.531551340625 0.5881715229166667 0.5331387296875 0.5922142833333334 0.5381672765625 0.5991585374999999 0.540115178125 0.6075392104166667 0.5423644328125 0.6118020000000001 0.5421169 0.6131257333333333 0.54594548125 0.6189680645833333 0.5599226765624999 0.6281841770833334 0.5646956296875 0.6339889500000001 0.566239984375 0.63450235 0.5713573265624999 0.6397186 0.5742092890625 0.6357456229166666 0.576119603125 0.6230234791666667 0.581110565625 0.6088649229166666 0.5818961984375 0.6084230854166666 0.5813580984375 0.6075411895833334 0.5818181921875001 0.6038275854166667 0.5802926875 0.5994538895833333 0.5805402187500001 0.5981301583333334 0.57876718125 0.5950801958333333 0.5775860640625 0.5901179791666666 0.572011353125 0.5798286104166667 0.570698409375 0.57306504375 0.5682904140625 0.5683979770833333 0.567902990625 0.5654571395833333 0.5660061859375001 0.56306904375 0.565080665625 0.5592463124999999 0.5631219765625 0.5571891499999999 0.5614727046875 0.5534773229166666 0.5586934125 0.5507958562499999 0.5547518499999999 0.5392918791666667 0.5521232359375 0.5345514708333333 0.5478264984375001 0.5299595270833334 0.5429836 0.5220224708333333 0.5426930328124999 0.51981684375 0.537497684375 0.51000509375 0.535549784375 0.5016244208333334 0.53682241875 0.4960719020833333 0.5403093375 0.4937160291666667 0.5416868906250001 0.4913619375 0.5437962546875 0.49136015833333335 0.5456769359375 0.48882182083333336 0.553285728125 0.4857271791666667 0.5547601375 0.48410829791666665 0.5591026328125001 0.4834428729166667 0.559791409375 0.4822658270833333 0.5625276671874999 0.4814179333333334 0.566746396875 0.48141437708333334 0.5693508265625 0.4787651333333333 0.5721489671875 0.47758630625 0.574718425 0.4738709208333333 0.5758134734375 0.47177441875 0.57589420625 0.4675831916666667 0.5718557875 0.45534400625 0.5720683484375 0.4529541333333333 0.5711428265625 0.44913140208333335 0.5717024984375 0.4373662770833333 0.5711294265625 0.4354182395833333 0.5700263171875 0.43505152500000005 0.5684658375 0.42961168749999995 0.56704525 0.42843642083333333 0.56498164375 0.42318083125 0.5611342140625 0.42119879375 0.5520779234375001 0.4245152395833333 0.546844878125 0.422424075 0.5458305609375 0.42032935 0.5458682593749999 0.41260876458333334 0.5438745984375 0.40948546041666667 0.5437077968749999 0.40661796666666666 0.541211009375 0.40367891041666665 0.5408235890624999 0.4007380729166667 0.5331395125 0.3904504833333334 0.520077053125 0.39138061458333334 0.5179407796875 0.39277946874999997 0.5171362984375001 0.39708159791666664 0.518220559375 0.40130860416666664 0.524282271875 0.40648729375 0.5380307828124999 0.41316684375 0.5399894703125 0.41522400625 0.5408800203124999 0.41798059375 0.5394674953124999 0.4192685458333333 0.537137509375 0.41919698125 0.52147334375 0.41398962916666665 0.5187370859375 0.4148375208333333 0.518223171875 0.42134527916666664 0.5188231546875001 0.42189623958333333 0.5189603203125001 0.4349475354166667 0.519560303125 0.43549849791666667 0.5187907953125 0.44086676875
0 0.55 0.484375 0.0015625 0.0020833333333333333
0 0.561672090625 0.4797274875 0.5638783109375 0.4804609166666667 0.5628370828125 0.47976326875 0.561672090625 0.4797274875
0 0.5676127609375 0.47678131458333334 0.5668890125 0.47689221875 0.5672414625 0.47876691250000003 0.5683096 0.4780674833333334 0.5676127609375 0.47678131458333334
0 0.5697599359375001 0.4402355479166667 0.56998861875 0.44277211041666664 0.5704218015625 0.4404555770833333 0.5697599359375001 0.4402355479166667
0 0.48985160937499994 0.43897942083333336 0.4889852453125 0.4436124833333333 0.4899726515625 0.4471042833333333 0.48935382031249997 0.45041361458333334 0.489953803125 0.4509645770833333 0.4897062703125 0.45228830833333333 0.488982521875 0.4523992125 0.48634039375000004 0.46276904166666666 0.4872928265625 0.46519469583333334 0.48714215000000005 0.4672536395833333 0.49119941718750004 0.47563253333333333 0.498348115625 0.4762515 0.50133190625 0.4740798770833334 0.5079075328125 0.47275080625 0.51230385 0.46929123125 0.5165683390625 0.46403030416666663 0.5195548546875 0.4530719541666667 0.5177038078125 0.4454264895833333 0.5181746875 0.43538937499999997 0.5173917796875 0.4270444833333333 0.51791375625 0.42299994166666666 0.51702320625 0.4202433541666667 0.5171577593750001 0.41325797708333334 0.5155623078125 0.40675199791666666 0.51577486875 0.40436212499999996 0.5172761890625 0.40134616666666667 0.51505384375 0.39568630208333333 0.51576146875 0.39064896250000003 0.5147929109375 0.3832968708333333 0.5148924921875 0.37524535416666666 0.5140288515625 0.37109168958333333 0.5145347046875 0.36212071458333334 0.5202386296875 0.3541747645833333 0.524193703125 0.35056850208333334 0.52619815 0.34736829583333334 0.5300294562500001 0.34442390208333334 0.5315307765624999 0.34140794375 0.5343558265625 0.33883204166666664 0.539239146875 0.33026178749999996 0.5442542953125 0.32349288125 0.5459224171875 0.32334441458333335 0.5482443421875 0.32095276041666665 0.552021828125 0.32080251666666665 0.5536549749999999 0.3195879104166667 0.5559849625 0.31965947499999997 0.5563912328125 0.31874001874999996 0.56391123125 0.3173733875 0.5666125171874999 0.31545935416666665 0.57212000625 0.31482971041666663 0.574380046875 0.3127689895833334 0.5791019046875 0.3125811854166667 0.5799144468749999 0.3107422729166667 0.5819888390625 0.3096743520833333 0.5839072171875 0.2994154270833333 0.5833691171875001 0.29853353125000004 0.583476759375 0.29294523125 0.57994680625 0.29177174375 0.5771217546875 0.29434764166666666 0.5757980234375 0.2939075854166667 0.5733980921875 0.2917037375 0.5726662796875 0.28935142500000005 0.5696313921875 0.2855304708333334 0.5645920578125 0.284909725 0.5611939328125 0.2855375875 0.5566388765625 0.2885928875 0.55429004375 0.29238161458333334 0.5509618625 0.2951417625 0.54733505625 0.29323306666666665 0.5457826390625 0.2902564458333333 0.5451396203125001 0.286176125 0.54552976875 0.2803302354166667 0.544666128125 0.27617656875 0.54267246875 0.2730532666666667 0.5397694093750001 0.2710336625 0.5389138328125 0.26934321666666666 0.5293652015625 0.2665204 0.5262926171875 0.2704200333333333 0.525240603125 0.27604589583333333 0.52386305 0.2783999875 0.5200855640625 0.27855023125 0.5168569656249999 0.2732588625 0.514093796875 0.27550382916666666 0.51290189375 0.2768651229166667 0.5097485765624999 0.28495598125000005 0.5088822125 0.28958904375 0.5081584625 0.28969994791666664 0.50630196875 0.29962793958333334 0.5069019515625001 0.3001789020833333 0.5068561921875 0.3054362708333333 0.5081530140625 0.30727340416666665 0.5092103640625 0.3128974854166667 0.5088740390625001 0.315949225 0.5098264718750001 0.3183748833333333 0.5102569296875 0.32484507916666666 0.5082955171875 0.33157464375 0.5048166609375 0.3363937333333333 0.5023629078125 0.3369840354166667 0.49646799531249997 0.3346728395833333 0.49300798749999997 0.33563163749999997 0.4915685515625 0.3383166625 0.49026094374999996 0.3428030375 0.49024209531249996 0.34666333125000004 0.49542132031249997 0.3515486479166666 0.49587062499999995 0.35415855 0.4916006859375 0.37699293125 0.49070741250000005 0.38302306875000003 0.4913073953125 0.38357403125 0.48963655 0.392509225 0.49206066875000004 0.402102725 0.49692241406250004 0.40617948958333333 0.5004066078125 0.41261034375 0.5004657671875 0.42106613958333333 0.49728554062499997 0.43055407291666664 0.49599677968749994 0.43118015625 0.493868565625 0.4350422291666666 0.48985160937499994 0.43897942083333336
0 0.4680044671875 0.47811531874999996 0.4703533015625 0.47432659166666663 0.4723362890625 0.45495000625 0.4749972640625 0.44071988333333334 0.4764367 0.43803485833333333 0.47487622343749997 0.4325950229166667 0.46764145468749996 0.42491733541666665 0.45862286093750004 0.4205131979166667 0.45462475312499995 0.4205901 0.4523028296875 0.42298175208333333 0.44691093125 0.4493097104166666 0.4455898125 0.468906325 0.44618979531249997 0.4694572875 0.44662025312500003 0.4759274833333333 0.44606330468750005 0.47890588125 0.4466632875 0.47945684375000003 0.44523997499999995 0.4870683041666667 0.4468623359375 0.49217720625 0.4496416296875 0.49485867499999997 0.4579015 0.49830757291666666 0.45868713281250006 0.49786573749999996 0.4607023671875 0.48834202083333333 0.46148799843750005 0.4879001854166667 0.46320187968750004 0.48249434999999996 0.465930075 0.4791832416666667 0.4680044671875 0.47811531874999996
0 0.2364560203125 0.46195039374999997 0.2367116140625 0.4630898770833333 0.24084155 0.4648143291666667 0.2427222296875 0.4622759895833333 0.2399429390625 0.4595945208333333 0.23867302656249997 0.45636031250000003 0.23440319999999998 0.45037129375 0.2277899890625 0.43059755 0.22265652343750003 0.4204548645833333 0.2221103625 0.41710975208333334 0.2182468078125 0.41020127916666665 0.2131994125 0.4071173125 0.208504465625 0.40590804375 0.20586506249999997 0.40749114583333335 0.20263101562500002 0.41977322916666665 0.20178349999999998 0.420546 0.1985091421875 0.4205119958333333 0.19187435625 0.4133852708333333 0.18724129375 0.41184506875 0.1832243375 0.4157822625 0.1821642625 0.41894490625 0.1801840015625 0.4295347645833333 0.17796699375 0.43512484375 0.176667446875 0.4420744395833333 0.1758818140625 0.442516275 0.1705356765625 0.46358686666666665 0.1688487078125 0.467595625 0.1680442265625 0.4718977541666666 0.16987914843750002 0.47461678333333335 0.1718647453125 0.47527687083333336 0.191424825 0.46842216666666664 0.19687043125 0.46812345833333335 0.2018936421875 0.46381777083333336 0.21060554374999998 0.4610898479166667 0.21814439062500002 0.455862925 0.2322292296875 0.45949073333333335 0.2364560203125 0.46195039374999997
0 0.578387225 0.05574470833333333 0.580407796875 0.0574709375 0.5826651125 0.06419694375 0.5838650796875 0.06529886875 0.5848874578125 0.06985680833333333 0.5847448421875 0.07437896875 0.58579413125 0.07753983333333332 0.58581025625 0.08246626875 0.5890469171875 0.09022085625 0.5905266625000001 0.09985191666666667 0.5927409453125 0.10304856666666667 0.5941077124999999 0.10701798333333333 0.59650764375 0.10922183333333332 0.597715671875 0.112786975 0.60027434375 0.11539509583333334 0.6032554078125 0.1220102 0.6033953000000001 0.12627476875 0.602617728125 0.12917982291666666 0.5996339390625 0.13135144791666667 0.5934645828125 0.1317610625 0.5925013625 0.13565891458333335 0.5955012765625 0.138413725 0.5971505484375 0.14212555416666667 0.5994536265625 0.14359419166666668 0.6000266984375 0.14554222916666668 0.6042534890625 0.14800188958333335 0.609056078125 0.14362285625 0.6129950265625 0.1350901625 0.6149725625 0.13328703125 0.6202621546875 0.12379731875000001 0.6215509140625 0.12317123541666668 0.6254279796875 0.11496947291666666 0.626797471875 0.1101521625 0.6297947734375 0.0928703 0.6313445765625 0.07581024583333333 0.6305078484375 0.07025950625 0.6295903859374999 0.06889999166666666 0.62951238125 0.06430449166666667 0.6327733390625 0.05062533125 0.6367122890625 0.04209263541666666 0.6379499515625 0.035473975000000005 0.638473125 0.030726822916666667 0.5820681890625 0.011975716666666667 0.582275190625 0.012396035416666668 0.5833594515625 0.016623041666666664 0.5807792078125 0.0266619375 0.581379190625 0.027212899999999998 0.5801146171875 0.0352286375 0.5777926921875001 0.037620291666666666 0.57634246875 0.04662882708333334 0.577356784375 0.04872355 0.577144225 0.051113425000000004 0.578387225 0.05574470833333333
0 0.7589438375 0.373421875 0.7588711671875 0.3800763166666667 0.761836109375 0.3817649854166667 0.76209170625 0.38290447083333334 0.7664422625 0.3847022645833333 0.7684359234375 0.38782556875 0.767507675 0.39278956458333336 0.7633050703125 0.39771955833333333 0.7629068609375 0.40110223125 0.7638592937500001 0.40352788958333335 0.76635608125 0.40646694375 0.7730446875 0.4107995208333334 0.7821789859375 0.412078575 0.7856659031250001 0.40972270208333333 0.7895671546874999 0.40891059375 0.7923303234375 0.4066656270833333 0.7963903140624999 0.40625779166666665 0.7979884890625 0.4039770395833333 0.801104109375 0.40360676666666667 0.810001659375 0.3998860458333333 0.81397285625 0.4012062208333333 0.8180489703125 0.40572482083333333 0.8196013859375 0.40870143750000004 0.8194157375 0.4096942375 0.8237205359375 0.4167494 0.8254747265625 0.4236596520833333 0.8249688734375 0.43263062708333333 0.8212505468750001 0.44123666666666667 0.816509840625 0.4452847625 0.8141179718749999 0.44554413333333337 0.8104454046875 0.44889280416666666 0.802871584375 0.45305358333333334 0.7978564359375 0.4598224895833333 0.79064301875 0.49714458333333333 0.7899192687500001 0.49725548750000004 0.7888672546875 0.5028813479166667 0.7864296265624999 0.5083980854166666 0.7853614890625 0.5090975125 0.7830476265625 0.5139523833333334 0.7809732328125001 0.51502030625 0.783009928125 0.52167296875 0.785339915625 0.5217445333333334 0.7865937015625 0.52005230625 0.7878555515625 0.5208232979166667 0.7872528421875 0.5290590625 0.7891926812500001 0.53497651875 0.7887944734375 0.5383591895833334 0.7897818796875 0.5418509895833333 0.79009663125 0.55144626875 0.7921252640625001 0.5556357145833334 0.795504540625 0.5588681458333333 0.7966775953125 0.5613671458333334 0.7973986203125001 0.57004296875 0.799338459375 0.5759604229166667 0.8005276374999999 0.5833858562500001 0.802389471875 0.5847078104166666 0.8024244421875 0.5857739520833333 0.8058386921875 0.5900725229166667 0.8062503 0.6004030124999999 0.8104340562499999 0.5993333125 0.812632215625 0.597603525 0.8149622031250001 0.5976750875000001 0.8187316265625 0.5950616270833333 0.824300996875 0.5941010520833333 0.829119709375 0.5946484562500001 0.82952598125 0.593729 0.8371428359375 0.5930975791666667 0.83889975 0.59122110625 0.8420772515625 0.5905199 0.8452466921875 0.5873554750000001 0.850436703125 0.5859172791666667 0.8553872437500001 0.5882660354166667 0.8601898328124999 0.58388700625 0.8605611312500001 0.58190140625 0.8642256359375 0.5760895166666666 0.8678982046874999 0.5727408479166667 0.8733976312499999 0.5696479875 0.879416309375 0.5712973166666667 0.886906671875 0.5801144895833333 0.8888303875 0.5811055083333333 0.8894653421875001 0.5827226125 0.8898716140625 0.58180315625 0.8941172546875 0.5804025229166666 0.8962454671875 0.5765404520833334 0.900262425 0.57260325625 0.9021969249999999 0.5672707666666666 0.9016588249999999 0.5663888708333332 0.9011342375 0.5503967395833332 0.9029476984375 0.5369393875 0.9027647734375 0.5291454604166667 0.9033836046875001 0.5258361291666667 0.9125797859375 0.5267842520833333 0.9124452312500001 0.5337696270833334 0.9140326203125 0.5378123875 0.9369504031250001 0.5468371354166667 0.9446882984375 0.5543305749999999 0.9497895156249999 0.5546203895833333 0.9537714984375001 0.5496170541666667 0.95401903125 0.5482933208333333 0.9580978703125 0.54402519375 0.96060816875 0.5318540145833334 0.9613938015624999 0.5314121770833333 0.96311040625 0.51721961875 0.961049525 0.5031773 0.9615284671875 0.49560340208333337 0.96078053125 0.48832465208333337 0.9638155312500001 0.46332220625 0.9661751515624999 0.4532099666666667 0.9680208609375001 0.4496054854166667 0.9693715031249999 0.44864846666666663 0.971244121875 0.44364691041666665 0.9723122609375 0.44294748333333334 0.9753068375 0.43445234791666665 0.9763130921875 0.43408385625 0.977214428125 0.43051693333333335 0.9801901578125 0.42588209375 0.9819847703125 0.41628503333333333 0.9816592296875 0.4130132645833333 0.9800099578125 0.40930143541666664 0.9733132890625 0.40250564375 0.9676659109375001 0.39887071874999996 0.9651960328125 0.3945345875 0.96575298125 0.3915561895833333 0.9674480125 0.3900106479166666 0.9733967453125001 0.38952768958333334 0.9754980484375 0.38706269375 0.9777930625 0.38606811874999997 0.9814602921875 0.37146950208333335 0.9859292796875 0.36135548333333334 0.9867149124999999 0.36091364583333335 0.98786378125 0.35602299375 0.9910251593750001 0.35039535208333333 0.9922977968750001 0.3448428333333334 0.9930834281250001 0.34440099583333333 0.9946116593750001 0.3399879625 0.9969443703125 0.33127279791666664 0.996839453125 0.32807437291666663 0.9876540593750001 0.32080274166666667 0.9829349265625 0.3122038166666667 0.9745163171875 0.30835064166666665 0.9669371609375 0.3012614791666667 0.958394784375 0.29807016875 0.9567186015625 0.2957554145833334 0.9569661343750001 0.29443168333333336 0.9555993671874999 0.29046226458333335 0.955478325 0.28233740416666664 0.9495054062499999 0.27543070833333333 0.945534209375 0.2741105354166667 0.9394348000000001 0.27665243333333334 0.9290520531249999 0.28831554791666664 0.9207195109375 0.2915210916666667 0.9197562906250001 0.29541894583333334 0.9190325421875001 0.2955298479166667 0.918166178125 0.30016291041666665 0.9167886234375 0.30251700416666666 0.9153760984374999 0.3038049541666667 0.9123223625 0.30384429583333333 0.9085529390625 0.30645775625000005 0.8992518421875 0.3023112083333333 0.8988455703125 0.3032306645833333 0.8911587703125001 0.30172980208333333 0.880778746875 0.30460619166666664 0.8725269390625 0.3036205083333333 0.8701081578125001 0.30527695208333333 0.8669952640625 0.2968604979166667 0.8657791749999999 0.2908321375 0.86337118125 0.2861650729166667 0.862437596875 0.27987912291666667 0.8598089796874999 0.27513871458333333 0.860659221875 0.2655792166666667 0.858948065625 0.26219832291666667 0.8551974906250001 0.26095149166666665 0.8536154390625 0.2681586770833333 0.851363459375 0.2726826145833333 0.8460765921875 0.2733856 0.8379673984375 0.2678777583333333 0.8352768984375001 0.26346828125 0.8286152046874999 0.25773863125 0.8161796375 0.25782265 0.80701036875 0.25547745208333333 0.8034104687499999 0.25217168125 0.7975747156249999 0.25831627916666666 0.7960276375 0.26658960833333334 0.796627621875 0.2671405708333333 0.796167528125 0.27085417500000003 0.797410528125 0.27548546041666666 0.7959683671875 0.2869572125 0.79701765625 0.2901180770833333 0.7966194468750001 0.2935007520833333 0.7972194296875 0.29405171458333335 0.7975261203125 0.301183775 0.7951423125 0.3039063625 0.79057919375 0.30449844375 0.7786009968750001 0.3096555833333333 0.775767884375 0.30976826458333334 0.773507840625 0.3118289875 0.7693859671875 0.3125677520833333 0.7685814859375 0.31686988125 0.7692164421875 0.31848698541666665 0.7688182328125001 0.32186966041666665 0.7697087828125 0.32462625208333334 0.7694154921874999 0.33120734999999996 0.7661572578125 0.33609978333333335 0.7653796859375 0.3390048375 0.7646559374999999 0.33911573958333335 0.7635070671874999 0.34400639375 0.7598506234375 0.3522815 0.7588255203125 0.35651028541666663 0.758101771875 0.35662118958333333 0.756925990625 0.36290891875 0.7575259734374999 0.36345988125 0.7583438546875 0.3728709125 0.7589438375 0.373421875
0 0.508099978125 0.10830375416666667 0.5074165390625 0.12073074375000001 0.508016521875 0.12128170625 0.5114845906250001 0.12278612916666667 0.5134970984375 0.12204913958333334 0.5166665390625 0.11888471666666667 0.517815409375 0.11399406458333333 0.52089605625 0.11255765000000001 0.52304039375 0.11362201041666667 0.5244340703125 0.11619435416666667 0.52767879375 0.12641215833333333 0.531561196875 0.12946034166666667 0.5327800109374999 0.12670197291666666 0.5364849375 0.10438277291666667 0.5395414 0.09555670416666667 0.5407333015625 0.09419541041666667 0.5402839968750001 0.09158550833333333 0.5415835437500001 0.08463591458333333 0.539934271875 0.08092408749999999 0.5386105375 0.08048402916666667 0.537340628125 0.07724981874999999 0.5362375187499999 0.07688310416666666 0.536786403125 0.07144148958333334 0.5346259421874999 0.06545069166666667 0.5371335171875 0.062066239583333335 0.5402491359375 0.061695966666666664 0.541441040625 0.06033467291666667 0.5414868 0.05507730416666667 0.5437764765625 0.04283278125 0.538930853125 0.04368245208333333 0.5375533 0.04603654583333334 0.5353093828125 0.0530237 0.5345856343750001 0.05313460416666667 0.5333479703124999 0.059753266666666666 0.5344322312500001 0.06398027291666666 0.531631365625 0.073945825 0.5348169296874999 0.0757078375 0.536086840625 0.07894204583333334 0.5274099109375 0.0827361125 0.5271004953125 0.08439077708333334 0.526376746875 0.08450168124999999 0.5189589406249999 0.09785346458333333 0.514403884375 0.10090876458333334 0.5118963109375 0.10429321666666666 0.5105106968750001 0.10418409375 0.5102012796875 0.10583875833333334 0.508099978125 0.10830375416666667
0 0.468596440625 0 0.46817851250000003 0.0022349604166666667 0.4687166125 0.00311685625 0.46870582499999996 0.009440366666666667 0.47111381874999997 0.01410743125 0.47105999687500005 0.016901583333333334 0.4716599796875 0.01745254375 0.47097926562500003 0.021092808333333334 0.470255515625 0.021203712500000003 0.46808960468749994 0.032786368749999996 0.4686895875 0.033337331250000005 0.46838823593749995 0.037455214583333334 0.46925993593750004 0.04407209583333334 0.472232940625 0.048223981250000006 0.47236476875 0.05002533333333334 0.47486155625000004 0.052964391666666666 0.4762632953125 0.05799995 0.47611261875000005 0.06005889166666667 0.4777269171875 0.06270457708333334 0.47928739687500005 0.0681444125 0.482577878125 0.07310485 0.48736967968749995 0.07504932916666666 0.49879092968750005 0.07287058958333333 0.499417821875 0.072024475 0.5050840515624999 0.07179910833333333 0.5081458484375 0.07422298541666666 0.5096982640625 0.07719960625 0.510225578125 0.08440501041666666 0.512176203125 0.08399895416666667 0.5150631390625 0.08109212083333334 0.516467603125 0.07734095416666667 0.51938145 0.07303704375 0.522244196875 0.06274055833333333 0.5244073828125 0.059944629166666666 0.5278889640625 0.0463388125 0.5303615671874999 0.041888216666666665 0.530918515625 0.03890982083333334 0.533948065625 0.03148082916666667 0.5347336984375 0.031038991666666668 0.5353525296874999 0.02772966041666667 0.5377901578125 0.022212922916666666 0.539743509375 0.013020139583333333 0.539374934375 0.0062190125 0.539993765625 0.0029096812499999998 0.5394556671874999 0.0020277854166666667 0.5396141953125 0 0.468596440625 0
0 0.729425009375 0.6753939416666667 0.73198368125 0.6780020666666666 0.7351692453124999 0.6797640791666667 0.7367136000000001 0.6802774791666667 0.7383467484375 0.6790628729166667 0.7385942812499999 0.6777391395833334 0.743706284375 0.67170544375 0.745234515625 0.6672924104166668 0.7514765390625 0.6602283541666666 0.7541159421875 0.6586452520833334 0.7556791453125 0.6552983604166667 0.7577185656250001 0.6531642958333334 0.7589992624999999 0.6500749958333334 0.760608225 0.6414707354166667 0.7601777671875001 0.6350005395833332 0.760645921875 0.6337501499999999 0.7633472078125 0.6318361166666667 0.7672215484375 0.6324210791666667 0.770902178125 0.6315356291666667 0.7723066421875 0.6277844583333334 0.774827728125 0.6092897708333334 0.774289628125 0.6084078749999999 0.77476856875 0.600833975 0.7735793890625 0.5934085395833333 0.7745722453125 0.5793268854166667 0.7736467234375 0.5755041541666667 0.76746124375 0.57098733125 0.7668881703125 0.5690392937500001 0.7675688859375 0.5653990312499999 0.7657797234375 0.5574226354166666 0.76318608125 0.5537483666666667 0.7614829859375 0.5528306916666667 0.7581117734375 0.5520614791666667 0.7574848796875 0.55290759375 0.7480411671875 0.5532832020833334 0.74552553125 0.5542044374999999 0.7427354515625 0.5578464791666666 0.7376422953125 0.5600198833333334 0.733706071875 0.5597658520833334 0.72947928125 0.55730619375 0.727536715625 0.5601754666666667 0.726759146875 0.5630805208333334 0.726035396875 0.563191425 0.7254784484375 0.5661698229166666 0.72607843125 0.5667207833333333 0.7239744046875 0.5779725083333334 0.7232506546875 0.5780834125 0.722473084375 0.5809884666666666 0.7138311265625 0.5858486749999999 0.7093809890625 0.5921024 0.707040215625 0.5983543458333334 0.705503925 0.6003041625000001 0.703391834375 0.60909266875 0.7034240828125 0.6189455395833333 0.7061226421875 0.6258182312499999 0.708398809375 0.6286839458333334 0.711062396875 0.6344904958333333 0.715695459375 0.6360307 0.7274341859375 0.6346605125 0.72895163125 0.6365709875000001 0.7280852671875 0.64120405 0.7254189531249999 0.6441842270833333 0.722575053125 0.6506204208333333 0.721496128125 0.6576433583333333 0.7220584140625 0.66591490625 0.7246870296875 0.6706553125 0.7293900375 0.6743278 0.729425009375 0.6753939416666667
0 0.6857628250000001 0.1093671375 0.6806777328125 0.11400375833333333 0.677215 0.12374928333333333 0.6764912515625 0.1238601875 0.6752724359375 0.12661855625000001 0.671696725 0.1307024375 0.6702492265625 0.13092424375 0.6654466375 0.135303275 0.6635659578124999 0.13784161458333333 0.6626027375 0.14173946875 0.6624762468750001 0.1511880625 0.6630762296875 0.151739025 0.6627399031250001 0.15479076458333332 0.663444803125 0.15854015208333333 0.663011621875 0.16085668541666667 0.665153234375 0.170707775 0.6642142 0.18199528125 0.6648975265625 0.1983916875 0.6631406125 0.2002681625 0.6623630421875 0.20317321666666668 0.65539726875 0.21034817916666665 0.6548403203125 0.213326575 0.6541165703125 0.21343748125 0.65074263125 0.22145499583333333 0.6489857171875 0.22333146875 0.64414543125 0.23543108541666669 0.6421060109375001 0.23756514791666666 0.640268365625 0.24363284791666664 0.6395446171875 0.24374375 0.635923146875 0.253085 0.6363078437499999 0.2648125625 0.6389176109375 0.27341326458333337 0.6399588375 0.2741109125 0.6431982234375 0.27307877291666666 0.6493137578125 0.27546331041666666 0.6513693015625 0.27825568125 0.656774484375 0.2944642854166667 0.6637617203125 0.3034657041666666 0.66447740625 0.3008915833333334 0.6652630390625001 0.30044974583333334 0.6664388203125 0.29416201666666664 0.6659007203125 0.29328012291666666 0.6662989296874999 0.28989745 0.6649321625 0.28592803125 0.66503980625 0.28033973125 0.667603925 0.2653744 0.6681339640624999 0.2637930770833333 0.671682765625 0.26110627291666666 0.6722128015625 0.25952495000000003 0.674502478125 0.24728042708333334 0.6740101375 0.2411411625 0.6744890812500001 0.23356726458333332 0.67805673125 0.22702016666666666 0.678958065625 0.22345324791666668 0.6797436984375 0.22301141041666667 0.681723959375 0.21242155208333333 0.681185859375 0.21153965833333332 0.6819714921875 0.21109781875 0.6826522078124999 0.20745755416666667 0.6855122328125 0.20594779791666668 0.693427715625 0.20998522083333335 0.6944958515625 0.20928579375 0.6972778703125 0.20318053333333333 0.6993791734375 0.20071553749999999 0.7023118671875 0.19255133541666666 0.7060463171875 0.18887173124999998 0.7097269484375001 0.18798627916666666 0.7137788765625 0.18511522708333333 0.716770728125 0.18540682083333332 0.725385775 0.1819436875 0.7273283390625 0.17907441458333334 0.728821596875 0.17359523958333334 0.7330780234375001 0.16587109375 0.7346600750000001 0.15866391041666666 0.7371326765624999 0.15421331666666666 0.7377515078125 0.15090398541666666 0.7425110609375001 0.14299559583333332 0.7437326015625 0.13145049791666666 0.7421452125 0.12740773958333335 0.7418035484375001 0.11920953541666666 0.739960565625 0.11402728958333334 0.739495134375 0.10649095 0.738260196875 0.10432288333333334 0.7391454093750001 0.09582952708333334 0.7385104546875 0.094212425 0.7396862343749999 0.08792469583333333 0.7387176765625 0.08057260625 0.7397427796875 0.07634381666666666 0.7437866453125 0.07100955 0.7454621625 0.06629397291666667 0.690675471875 0.04808083125 0.69101494375 0.0499512125 0.6900597875 0.05631228333333334 0.6919000453125 0.07028125625 0.68978523125 0.08785648958333334 0.6894919390625 0.09443758958333334 0.690285634375 0.09645897083333334 0.6900730734375 0.09884884583333334 0.6887385546875 0.10473229791666668 0.68801480625 0.10484320208333334 0.6857628250000001 0.1093671375
0 0.7717193515625 0.13091219166666665 0.7770384671875 0.14006207499999998 0.7827827015625 0.14443221041666668 0.782817675 0.14549835416666665 0.786135065625 0.14906171458333334 0.787404978125 0.15229592291666666 0.7889493328125 0.15280932291666666 0.7910883328125 0.14262374166666666 0.798637965625 0.13107330833333333 0.7995043296875 0.12644024583333333 0.7991518796875 0.12456555208333334 0.8009195796874999 0.11636556875000001 0.803268415625 0.11257684166666666 0.8080790656250001 0.11066102708333332 0.80947546875 0.10444664166666667 0.8101589078125 0.09201965 0.8097096015625 0.08940974791666667 0.8100190171874999 0.08775508125 0.75162771875 0.06834363333333333 0.749493184375 0.08310026875 0.7503568234375 0.08725393541666666 0.7492590515625001 0.09813716458333334 0.750722671875 0.10284179166666667 0.75970629375 0.1061797875 0.7612936828125 0.11022254791666668 0.7612828953124999 0.11654605833333333 0.7635751843749999 0.12433820625 0.766989434375 0.12863677916666666 0.7717193515625 0.13091219166666665
0 0.803085378125 0.1336063125 0.8036853624999999 0.13415727291666668 0.8032871531250001 0.13753994791666668 0.80376336875 0.138752775 0.8082726656249999 0.14095484583333334 0.8138608859375 0.13613397708333333 0.8203665671874999 0.13267262291666668 0.8216822374999999 0.1306494625 0.8268641875 0.12674805208333334 0.8314891875000001 0.12582503541666668 0.8400235031250001 0.12655313125 0.84087101875 0.12578035833333334 0.8427436374999999 0.12077880416666667 0.8482269406249999 0.11275950833333333 0.8518376249999999 0.10974177083333332 0.8534976828125 0.10713008958333334 0.8570814578125001 0.10550942708333334 0.8581535546874999 0.1037568 0.811563371875 0.08826848333333334 0.8104494750000001 0.09422527708333334 0.8110306093749999 0.09863653124999999 0.8099328359375001 0.10951976249999999 0.8091821749999999 0.11102774166666667 0.8054746359375 0.11331027083333334 0.8025258187500001 0.1165480375 0.8013769484375001 0.12143868958333333 0.801481865625 0.12463711666666667 0.803104228125 0.12974601875 0.803085378125 0.1336063125
0 1 0.15091185416666666 0.9141754421874999 0.12238056666666666 0.9129338046875001 0.12513134791666666 0.9071518718749999 0.12848179791666667 0.8905244874999999 0.12717229791666668 0.8850169984375 0.12780193958333333 0.88118569375 0.13074633541666666 0.8768781703125 0.13247790208333335 0.8766306374999999 0.13380163333333334 0.8733374296875 0.13762792291666667 0.868782375 0.14068322291666666 0.8677492093750001 0.14244879375 0.8649510687499999 0.14362761666666665 0.8626641156250001 0.1470854125 0.85779964375 0.15179537708333332 0.856836425 0.15569323124999998 0.85495574375 0.15823157083333333 0.85458444375 0.16021716875 0.8526069093749999 0.16202029791666667 0.8496392421875001 0.16911835833333333 0.8478204453125 0.17132576458333335 0.8459827984375 0.17739346458333335 0.845283234375 0.1848940208333333 0.843329884375 0.19408680208333334 0.84444105625 0.19691673541666666 0.8445540359375 0.20257837916666668 0.8505619265625001 0.21055121666666665 0.8528622796875001 0.22080658333333333 0.8529402859375 0.22540208541666665 0.85354026875 0.22595304791666668 0.8510837921875 0.23533007708333334 0.8497681203124999 0.23735323749999998 0.849501740625 0.24253726041666665 0.8514953999999999 0.24566056666666666 0.85871404375 0.24841181875 0.8602314874999999 0.25032229375 0.8606538828125 0.2543292729166667 0.8598735874999999 0.26602105416666666 0.861875309375 0.27160757708333333 0.861353334375 0.27565211666666667 0.8636644718750001 0.2795839729166667 0.86390121875 0.2845837520833333 0.8670410234375 0.2916031291666667 0.866793490625 0.2929268625 0.8692983406250001 0.29832913541666667 0.8690508078124999 0.29965286875 0.871071378125 0.30137909791666667 0.8788119984374999 0.30008581041666665 0.88334820625 0.30089080625 0.890330103125 0.29864227708333335 0.8984500843750001 0.29782661041666664 0.899076978125 0.2969804958333333 0.9059082 0.2967909125 0.9086363953125 0.2934798041666667 0.916237125 0.2879219479166667 0.9271552484375001 0.28592745208333337 0.9324959359375 0.28243031875 0.93487974375 0.27970773125000004 0.9371936062499999 0.27485285833333334 0.944229325 0.26981018333333334 0.9456337890625001 0.26605901666666665 0.9498633046875 0.25973194791666665 0.9523547562499999 0.2514210604166667 0.9556129906249999 0.24652862708333334 0.9568856265625 0.24097611041666667 0.9576712593750001 0.24053427083333334 0.95716006875 0.23825530208333331 0.9575771265625 0.23101233541666666 0.955085790625 0.21049982291666666 0.968802053125 0.20732650416666668 0.97144679375 0.21699334791666666 0.9710485828125 0.22037602083333332 0.971648565625 0.22092698333333333 0.972202790625 0.22673531249999998 0.9731821343749999 0.2277638958333333 0.9744251343749999 0.23239517916666666 0.9767981562499999 0.23599610208333335 0.9783586328125 0.2414359375 0.979776496875 0.25139793125 0.9852462890625 0.258488875 0.9866749374999999 0.2621273604166667 0.9903447812499999 0.26756541666666667 0.9961509 0.27160461874999997 1 0.2728842041666667 1 0.15091185416666666
0 0.3458764078125 0 0.346303515625 0.0010877583333333335 0.3461528390625 0.0031467 0.3517167609375 0.019759581249999998 0.35119478437499996 0.02380411875 0.349782259375 0.02509207083333333 0.3444873296875 0.0233318375 0.3381538984375 0.01208723125 0.3314222578125 0.004225295833333333 0.3197023796875 0.0017351916666666666 0.31706297656250004 0.00331829375 0.3149858609375 0.013172941666666667 0.3119132765625 0.017072575 0.3105706953125 0.020492810416666667 0.3065537390625 0.024430002083333333 0.3051143015625 0.02711502916666667 0.304654209375 0.03082863541666667 0.30630348125 0.03454046458333333 0.30667205625 0.04134159375 0.29908745 0.051825883333333336 0.2962623984375 0.054401783333333335 0.29667673125 0.05594554375 0.30124791093750003 0.057816681249999995 0.31267722343750004 0.05810115833333333 0.3165865359375 0.05975226458333334 0.3172214921875 0.06136936875 0.3140224171875 0.07471759583333333 0.3146224 0.07526855833333333 0.314409840625 0.07765843124999999 0.31150133125 0.0932122875 0.31037131093750003 0.09424264583333333 0.308506753125 0.10170742083333333 0.3135191765625 0.10372524166666668 0.3178885828125 0.10166274374999999 0.3218248078125 0.101916775 0.32372161250000003 0.10430486874999999 0.32344716875 0.10702567708333333 0.324047153125 0.10757663958333333 0.3231538765625 0.11360677708333333 0.3330280484375 0.1197013625 0.335436040625 0.12436842916666667 0.3348521828125 0.12874390208333333 0.335000134375 0.1354716875 0.3356001171875 0.13602265 0.3342117765625 0.14470025208333331 0.330714071875 0.15337963541666666 0.32614016874999996 0.160295225 0.3257069859375 0.16261175625 0.32650067968749996 0.1646331375 0.33105573593750004 0.16157783958333333 0.33517760937499996 0.16083907083333332 0.33822328281249997 0.1583365125 0.34127701875 0.15829717291666665 0.3447370265625 0.15733837708333331 0.34514329843749997 0.15641892083333334 0.3488938734375 0.15766575208333336 0.3499431625 0.16082661666666667 0.352563715625 0.16310380833333332 0.35771069375 0.15813625416666666 0.36325587812500004 0.14978602708333336 0.366707825 0.14636401458333334 0.372285259375 0.14786665625 0.37634525 0.1474588208333333 0.3789416171875 0.14234636041666665 0.3822375484375 0.12973334166666667 0.38433885156250003 0.12726834583333332 0.385824046875 0.11932595416666666 0.3847747578125 0.1161650875 0.3842474453125 0.10895968125 0.382078921875 0.10050566666666666 0.38193903125 0.09624110000000001 0.3829022515625 0.09234324375 0.38537485312499997 0.08789264999999999 0.38889674375 0.08660292083333333 0.3909361640625 0.08446885625 0.3963198859375 0.08450108125 0.399303678125 0.08232945625 0.4050317875 0.08177315833333335 0.4100442125 0.08379097916666667 0.41232844062499996 0.08911991041666667 0.41532835468749996 0.09187472083333333 0.4280625484375 0.09645954791666668 0.43653498125 0.09751857291666667 0.438795021875 0.09545785416666666 0.44364064374999995 0.09460818333333335 0.4459006875 0.09254746041666667 0.448795684375 0.09210384583333334 0.45396684687500005 0.09452594375 0.458863565625 0.09966885 0.4622697515625 0.10150420416666667 0.46697809687499997 0.1164266375 0.47257971718749997 0.12531892916666668 0.47586213749999995 0.12781615 0.477987625 0.13274080625 0.481525640625 0.13637751250000002 0.48156061406250006 0.13744365416666668 0.4882223078125 0.14317330208333334 0.49284458437499995 0.15103701666666666 0.49533331093750005 0.15151285625 0.49630459218749995 0.15007822083333336 0.4968803890625 0.14323953125 0.4963422890625 0.14235763333333334 0.49723556406249997 0.1363274958333333 0.4960194734375 0.1302991375 0.4973190203125 0.12334954375 0.498820340625 0.12033358541666667 0.501583509375 0.11808861875000001 0.5029879734375 0.11433745000000001 0.50375748125 0.10896917708333334 0.5033189625000001 0.10003576458333334 0.5024284125 0.097279175 0.5058722953125 0.09139394583333332 0.5093592140625 0.08903807291666667 0.5115493109375 0.08484506875 0.511920609375 0.08285946875 0.5112157093749999 0.07911008125 0.5086570375 0.07650195625 0.5081458484375 0.07422298541666666 0.5034159296875 0.071947575 0.49372468437499994 0.07364691666666667 0.4874046515625 0.07611547291666666 0.47846406718749995 0.07630683541666668 0.47566592500000004 0.07748566041666667 0.46697287187500003 0.07635329166666667 0.4537974328125 0.07162177708333334 0.447348296875 0.06350225416666667 0.44521474687499996 0.05611438125 0.4428417265625 0.05251345833333333 0.439058903125 0.041413756249999996 0.43456845624999996 0.035351393749999994 0.43427788749999996 0.03314576875 0.4357442359375 0.029063666666666665 0.44083739062499994 0.026890264583333334 0.444668696875 0.023945868749999998 0.4444588609375 0.017549016666666663 0.44239525625000004 0.012293425 0.44273158281249997 0.009241685416666668 0.4421585109375 0.00729365 0.44296299218749996 0.00299151875 0.442160090625 0 0.3757515234375 0 0.3745888953125 0.005218295833333333 0.372920775 0.005366760416666667 0.370547753125 0.0017658374999999999 0.3673262671875 0 0.3458764078125 0