0 0.8449074078125 0.25723379583333333 0.844328703125 0.25752314791666664 0.8441358031249999 0.26215277708333334 0.8429783953125 0.26649305625 0.844328703125 0.27488425833333335 0.8449074078125 0.2751736104166667 0.844328703125 0.29050925833333335 0.8454861109375 0.293113425 0.8489583328125001 0.293113425 0.8578317906249999 0.28848379583333333 0.8665123453125 0.2873263895833333 0.8726851859375 0.28327546249999996 0.8769290125 0.28153935208333336 0.8771219140625 0.28067129583333333 0.8800154328125 0.2786458333333333 0.8817515437500001 0.27430555624999997 0.8848379625 0.27025462916666665 0.8869598765625 0.26909722291666666 0.8883101859375 0.26678240833333333 0.8910108031249999 0.26591435208333336 0.89351851875 0.26388888958333334 0.8973765437500001 0.25954861041666666 0.9021990734375 0.25173611041666666 0.902777778125 0.24508101875000002 0.903742284375 0.24305555625 0.904899690625 0.24334490833333333 0.9054783953125 0.25173611041666666 0.9066358031249999 0.25289351875 0.9074074078125 0.2552083333333333 0.9101080250000001 0.25665509166666667 0.9112654328125 0.25839120416666667 0.9130015437500001 0.26475694375 0.9147376546875 0.2673611104166667 0.916473765625 0.26649305625 0.92476851875 0.25925925833333335 0.9278549375 0.253761575 0.9334490734375 0.24768518541666668 0.9342206796875001 0.24508101875000002 0.9378858031249999 0.23929398124999998 0.9436728390625 0.23755787083333332 0.946759259375 0.234375 0.9479166671874999 0.22598379583333333 0.9479166671874999 0.2207754625 0.9471450625 0.2129629625 0.9446373453125 0.2109375 0.9427083328125001 0.206886575 0.9442515437500001 0.19965277708333332 0.9488811734375 0.19589120416666667 0.9540895062500001 0.19357638958333334 0.955632715625 0.19097222291666668 0.9598765437500001 0.18894675833333335 0.9643132718749999 0.18518518541666668 0.9679783953125 0.17939814791666667 0.9695216046875 0.17332175833333335 0.9706790125 0.171875 0.9706790125 0.16637731458333332 0.9679783953125 0.16377314791666667 0.9604552468750001 0.16261574166666665 0.9494598765625 0.1582754625 0.9319058640625 0.15625 0.9305555562500001 0.15769675833333335 0.9305555562500001 0.16145833333333334 0.9288194437499999 0.168113425 0.9259259265625 0.17129629583333333 0.9166666671874999 0.17303240833333333 0.9074074078125 0.17332175833333335 0.9070216046875 0.17418981458333332 0.9035493828125001 0.17447916666666666 0.8863811734375 0.18142361041666666 0.885223765625 0.183738425 0.88290895 0.18518518541666668 0.881365740625 0.18836805625 0.8782793203124999 0.191261575 0.875578703125 0.19675925833333335 0.875578703125 0.203125 0.8761574078125 0.20341435208333333 0.876350309375 0.207175925 0.8780864203125001 0.20920138958333334 0.8782793203124999 0.21122685208333333 0.88271605 0.21788194375 0.88290895 0.21932870416666667 0.8861882718749999 0.22309027708333332 0.8854166671874999 0.22800925833333335 0.8838734562499999 0.22887731458333332 0.8802083328125001 0.22887731458333332 0.876350309375 0.230613425 0.8738425921875 0.23350694375 0.8668981484374999 0.23408564791666667 0.860725309375 0.23611111041666666 0.8543595671875 0.23582175833333335 0.8489583328125001 0.23697916666666666 0.846257715625 0.23958333333333334 0.844328703125 0.24363425833333335 0.844328703125 0.24826388958333334 0.8449074078125 0.24855324166666665 0.845100309375 0.25057870416666667 0.8449074078125 0.25723379583333333
0 0.40142746875 0.7193287041666667 0.40393518593750005 0.7228009249999999 0.4041280859375 0.7242476854166667 0.41454475312500005 0.7277199083333333 0.41820987656249997 0.7311921291666666 0.42206790156249996 0.73148148125 0.4239969140625 0.72945601875 0.42476851875 0.72164351875 0.42418981406249995 0.7210648145833333 0.42283950625 0.7118055562500001 0.42226080312500003 0.7115162041666667 0.4207175921875 0.7065972229166667 0.42129629687500003 0.7025462958333333 0.420331790625 0.6987847229166667 0.41743827187500004 0.6944444437499999 0.4147376546875 0.6932870375 0.4114583328125 0.6941550916666667 0.407793209375 0.7063078708333334 0.400848765625 0.7065972229166667 0.39949845625 0.70804398125 0.39949845625 0.7126736104166667 0.40007716093749995 0.7129629625 0.4002700625 0.71585648125 0.40142746875 0.7193287041666667
0 0.9619984562499999 0.7526041666666666 0.96392746875 0.7546296291666666 0.9664351859375 0.7557870375 0.9758873453125 0.7557870375 0.978009259375 0.75491898125 0.9791666671874999 0.7517361104166667 0.9793595671875 0.7456597229166667 0.981867284375 0.7390046291666666 0.9845679015625001 0.734375 0.9845679015625001 0.7317708333333334 0.981867284375 0.7268518520833334 0.9745370375 0.7207754625 0.9699074078125 0.7207754625 0.9666280859375 0.7222222229166667 0.9650848765625 0.7242476854166667 0.9619984562499999 0.7262731479166666 0.9618055562500001 0.7282986104166667 0.9606481484374999 0.7300347229166667 0.96084105 0.7384259249999999 0.9600694437499999 0.7427662041666667 0.9600694437499999 0.7485532416666667 0.9619984562499999 0.7526041666666666
0 0.9041280859375 0.63570601875 0.9128086421875 0.63773148125 0.9166666671874999 0.6420717583333333 0.9168595671875 0.6440972229166667 0.9214891968750001 0.6565393520833334 0.9238040125 0.6582754625 0.9280478390625 0.6646412041666667 0.9322916671874999 0.6686921291666666 0.9353780859375 0.6704282416666667 0.9394290125 0.6704282416666667 0.9411651234375 0.6681134249999999 0.946759259375 0.6643518520833334 0.9481095671875 0.66116898125 0.9488811734375 0.6417824083333333 0.9479166671874999 0.6351273145833333 0.9459876546875 0.6302083333333334 0.9461805562500001 0.6273148145833333 0.9498456796875001 0.6255787041666667 0.9523533953125 0.6281828708333334 0.9529320984374999 0.6302083333333334 0.9554398140625 0.6316550916666667 0.9598765437500001 0.6333912041666667 0.96392746875 0.6328125 0.9635416671874999 0.6226851854166667 0.965277778125 0.6154513895833333 0.9654706796875001 0.6116898145833333 0.9679783953125 0.6073495375 0.9691358031249999 0.5957754625 0.9685570984374999 0.5868055562500001 0.9666280859375 0.5847800916666667 0.9660493828125001 0.5827546291666666 0.96392746875 0.5815972229166667 0.9627700625 0.578125 0.9648919749999999 0.5763888895833333 0.9666280859375 0.5714699083333333 0.9668209875 0.5659722229166667 0.9660493828125001 0.5619212958333333 0.96392746875 0.5564236104166667 0.9619984562499999 0.5549768520833334 0.9606481484374999 0.5520833333333334 0.9564043203124999 0.5480324083333333 0.9546682093750001 0.5477430562500001 0.9421296296874999 0.5477430562500001 0.9359567906249999 0.5512152770833333 0.932098765625 0.5512152770833333 0.9292052468750001 0.5523726854166667 0.9257330250000001 0.5561342583333333 0.919367284375 0.5541087958333333 0.915509259375 0.5558449083333333 0.90914351875 0.5645254625 0.9035493828125001 0.5691550916666667 0.8948688265625 0.5798611104166667 0.8948688265625 0.5836226854166667 0.8973765437500001 0.5876736104166667 0.8981481484374999 0.5917245375 0.894097221875 0.5983796291666666 0.8904320984374999 0.6119791666666666 0.8902391968750001 0.6209490750000001 0.8937114203125001 0.6264467583333333 0.8971836421875 0.62789351875 0.9041280859375 0.63570601875
0 0 0.105324075 0.0019290125 0.105613425 0.002507715625 0.109375 0.0030864203125 0.10966435208333333 0.0032793203125000003 0.11371527708333334 0.0057870375 0.1192129625 0.0059799375 0.12152777708333334 0.0098379625 0.12615740833333333 0.011188271875 0.1270254625 0.016975309375 0.12760416666666666 0.02430555625 0.13049768541666668 0.037037037499999995 0.12962962916666668 0.0383873453125 0.1270254625 0.038580246875 0.12268518541666666 0.037808642187500005 0.11776620416666667 0.037808642187500005 0.11226851875 0.0358796296875 0.105613425 0.0358796296875 0.10098379583333333 0.037808642187500005 0.09490740833333335 0.0343364203125 0.08825231458333334 0.0324074078125 0.08622685208333333 0.03125 0.081886575 0.0320216046875 0.07523148125 0.033757715625000004 0.07089120416666667 0.028935185937500003 0.06163194375 0.02449845625 0.05613425833333333 0.0167824078125 0.05555555625 0.013117284375 0.05410879583333333 0.013117284375 0.0526620375 0.01658950625 0.046875 0.01658950625 0.043113425000000004 0.018518518749999997 0.04050925833333333 0.018518518749999997 0.0390625 0.02044753125 0.037326389583333335 0.0214120375 0.0332754625 0.0212191359375 0.03125 0.02044753125 0.030092591666666668 0.0198688265625 0.02575231458333333 0.018711420312499998 0.024594908333333332 0.0177469140625 0.020833333333333332 0.015239196875 0.016203704166666666 0.0125385796875 0.0135995375 0.0048225312499999996 0.008969908333333334 0.003858025 0.0066550916666666664 0.0019290125 0.005208333333333333 0 0.005208333333333333 0 0.105324075
0 0.970100309375 0.5862268520833334 0.9770447531249999 0.5879629625 0.9793595671875 0.5899884249999999 0.9820601859375 0.5957754625 0.9839891968750001 0.5972222229166667 0.98726851875 0.5975115750000001 0.994598765625 0.6009837958333333 0.9998070984374999 0.6018518520833334 0.9998070984374999 0.5546875 0.9932484562499999 0.5564236104166667 0.9882330250000001 0.5601851854166667 0.9699074078125 0.5625 0.968171296875 0.5636574083333333 0.9666280859375 0.5662615750000001 0.965277778125 0.5729166666666666 0.9646990734375 0.57320601875 0.9645061734375 0.5778356479166666 0.965277778125 0.5807291666666666 0.9689429015625001 0.5839120375 0.970100309375 0.5862268520833334
0 0.3065200625 0 0.3063271609375 0.004050925 0.30574845625 0.004629629166666666 0.30555555624999997 0.019386575 0.3065200625 0.024016204166666666 0.30767746875 0.02575231458333333 0.30767746875 0.0332754625 0.3063271609375 0.03790509166666667 0.3072916671875 0.04542824166666667 0.3072916671875 0.05381944375 0.30555555624999997 0.058738425000000004 0.29841820937499997 0.06712962916666668 0.29764660468750004 0.07175925833333333 0.2991898140625 0.07465277708333334 0.3030478390625 0.07754629583333333 0.3069058640625 0.07870370416666667 0.32542438281249997 0.07870370416666667 0.33506944375000003 0.08043981458333334 0.341242284375 0.07349537083333332 0.3439429015625 0.07378472291666666 0.346257715625 0.0760995375 0.3522376546875 0.07899305625 0.35590277812500004 0.07899305625 0.36033950625 0.074363425 0.36226851875 0.06684027708333334 0.3636188265625 0.06394675833333334 0.36419753125 0.06018518541666666 0.3651620375 0.04716435208333333 0.3649691359375 0.03356481458333334 0.3643904328125 0.032986110416666665 0.3634259265625 0.025462962500000002 0.3616898140625 0.022858795833333334 0.35841049375 0.015046295833333334 0.3576388890625 0.009259258333333333 0.3570601859375 0.00868055625 0.356867284375 0 0.3065200625 0
0 0.7233796296875 0.39756944375000003 0.7256944437499999 0.39930555624999997 0.72665895 0.4010416666666667 0.7282021609375 0.40133101875 0.7289737656249999 0.39930555624999997 0.729938271875 0.4010416666666667 0.7285879625 0.39814814791666664 0.728009259375 0.3929398145833333 0.7272376546875 0.390625 0.72550154375 0.3888888895833333 0.7239583328125 0.3828125 0.7204861109375 0.38165509166666667 0.7199074078125001 0.3828125 0.720100309375 0.38773148125 0.7224151234375 0.39178240833333333 0.7233796296875 0.39756944375000003
0 0.71084105 0.3125 0.7133487656249999 0.3179976854166667 0.715277778125 0.32002314791666664 0.7166280859375 0.3255208333333333 0.7199074078125001 0.33304398125 0.720100309375 0.33535879583333333 0.7220293203125 0.3385416666666667 0.7237654328125 0.3454861104166667 0.725115740625 0.34693287083333335 0.7272376546875 0.35300925833333335 0.7291666671875 0.355324075 0.7293595671875 0.35734953750000004 0.731867284375 0.36082175833333335 0.7332175921874999 0.36631944375000003 0.735725309375 0.37065972291666666 0.737847221875 0.37991898125 0.73919753125 0.38136574166666665 0.7405478390625 0.38570601875 0.7424768515625 0.3880208333333333 0.747492284375 0.39901620416666667 0.7484567906249999 0.39930555624999997 0.751350309375 0.40306712916666665 0.7596450625 0.40133101875 0.7770061734375 0.40682870416666667 0.7831790125 0.4039351854166667 0.785108025 0.39988425833333335 0.7864583328125 0.39872685208333336 0.7872299375 0.3961226854166667 0.78896605 0.39380787083333335 0.7883873453125 0.39120370416666667 0.7878086421875 0.39033564791666664 0.7829861109375 0.38917824166666665 0.780864196875 0.386863425 0.7797067906249999 0.37991898125 0.7785493828125001 0.37702546249999996 0.772955246875 0.371238425 0.770061728125 0.36603009166666667 0.7687114203125 0.3570601854166667 0.76851851875 0.34809027708333334 0.77044753125 0.3420138895833333 0.77044753125 0.331886575 0.769097221875 0.324363425 0.766975309375 0.3203125 0.7640817906249999 0.3177083333333333 0.7638888890625 0.316550925 0.7600308640625 0.3125 0.759259259375 0.3107638895833333 0.7517361109375 0.30815972291666666 0.75096450625 0.30671296249999996 0.749421296875 0.30613425833333335 0.7453703703125 0.30150462916666665 0.7428626546875 0.29976851875 0.74112654375 0.29716435208333336 0.738811728125 0.29542824166666665 0.737847221875 0.29340277708333334 0.7272376546875 0.28414351875 0.7208719140625 0.28327546249999996 0.715277778125 0.285011575 0.7150848765625 0.28587962916666665 0.7100694437499999 0.28877314791666664 0.7085262343750001 0.2913773145833333 0.7062114203125 0.293113425 0.7062114203125 0.29774305624999997 0.70794753125 0.30150462916666665 0.70794753125 0.30381944375000003 0.71084105 0.3125
0 0.24440586406249998 0 0.24421296250000002 0.0020254625 0.241705246875 0.002314814583333333 0.24016203749999998 0.003761575 0.24016203749999998 0.015914352083333333 0.23109567968750003 0.016493056250000002 0.23070987656250003 0.012731481250000001 0.22839506250000002 0.007233795833333333 0.224151234375 0.004629629166666666 0.22395833281250002 0.003761575 0.22048611093749998 0.006076389583333333 0.213348765625 0.005208333333333333 0.2092978390625 0.007523147916666667 0.20871913593750002 0.009259258333333333 0.20447530937499997 0.012442129166666668 0.2004243828125 0.0135995375 0.19598765468749998 0.0135995375 0.1927083328125 0.010706018749999999 0.19135802500000001 0.007523147916666667 0.1851851859375 0.00491898125 0.1815200625 0.004629629166666666 0.1813271609375 0.003761575 0.17361111093749998 0.002314814583333333 0.1622299375 0.003761575 0.154899690625 0.011863425 0.1539351859375 0.015335647916666667 0.1539351859375 0.019965277083333333 0.15277777812499999 0.024884258333333336 0.1500771609375 0.02893518541666667 0.1437114203125 0.035300925000000004 0.14081790156250001 0.04658564791666667 0.14043209843749999 0.05034722291666667 0.141975309375 0.052951389583333335 0.141975309375 0.05410879583333333 0.1446759265625 0.05758101875 0.14834105 0.07060185208333333 0.1541280859375 0.07349537083333332 0.1620370375 0.07262731458333334 0.1653163578125 0.07494212916666668 0.1672453703125 0.07523148125 0.167438271875 0.0760995375 0.17033179062499998 0.07667824166666667 0.17476851875 0.0760995375 0.1749614203125 0.07523148125 0.1793981484375 0.07320601875 0.1822916671875 0.06973379583333333 0.18402777812499999 0.06915509166666665 0.19000771562500002 0.0625 0.1925154328125 0.05700231458333334 0.193865740625 0.05555555625 0.196759259375 0.05526620416666667 0.1981095671875 0.05700231458333334 0.1984953703125 0.06481481458333334 0.1979166671875 0.07089120416666667 0.1965663578125 0.07349537083333332 0.19540895 0.07378472291666666 0.1934799375 0.07783564791666667 0.1927083328125 0.07783564791666667 0.1915509265625 0.07957175833333333 0.1896219140625 0.08506944375 0.1927083328125 0.09114583333333333 0.2000385796875 0.097511575 0.2000385796875 0.09866898125 0.20061728437499998 0.09895833333333333 0.20061728437499998 0.10214120416666667 0.19540895 0.11082175833333333 0.19521605 0.113425925 0.19463734531250002 0.11371527708333334 0.19540895 0.1229745375 0.193865740625 0.1270254625 0.1921296296875 0.12876157500000002 0.19097222187500001 0.13165509166666667 0.188850309375 0.13310185208333333 0.1853780859375 0.13744212916666668 0.1851851859375 0.13975694375 0.18267746875 0.144386575 0.182098765625 0.16087962916666668 0.1834490734375 0.16348379583333333 0.1834490734375 0.16550925833333335 0.18402777812499999 0.16579861041666666 0.1853780859375 0.17476851875000002 0.18730709843749999 0.17737268541666668 0.1896219140625 0.183449075 0.191936728125 0.18605324166666665 0.1965663578125 0.18692129583333333 0.196759259375 0.18778935208333333 0.1998456796875 0.1895254625 0.2011959875 0.191261575 0.20447530937499997 0.20023148124999998 0.2054398140625 0.20833333333333334 0.2073688265625 0.21209490833333333 0.2146990734375 0.21440972291666668 0.2208719140625 0.21440972291666668 0.228009259375 0.21006944375 0.2297453703125 0.20746527708333332 0.23456790156250001 0.207175925 0.23804012343749997 0.20804398124999998 0.2478780859375 0.20167824166666665 0.2517361109375 0.20138888958333334 0.255401234375 0.20283564791666667 0.2571373453125 0.20052083333333334 0.259259259375 0.199363425 0.2606095671875 0.19502314791666667 0.2623456796875 0.19241898124999998 0.263117284375 0.18836805625 0.2633101859375 0.1817129625 0.2638888890625 0.18113425833333335 0.26466049375 0.175636575 0.26466049375 0.17013888958333334 0.2638888890625 0.16579861041666666 0.2613811734375 0.160300925 0.2584876546875 0.15075231458333332 0.2623456796875 0.14930555625 0.2633101859375 0.14756944375 0.26523919687499997 0.136863425 0.27449845625 0.13621238333333335 0.27642746875 0.15017361041666666 0.2771990734375 0.15104166666666666 0.27854938281249997 0.15798611041666666 0.27989969062500003 0.160300925 0.27989969062500003 0.16145833333333334 0.281828703125 0.16348379583333333 0.28260030937499997 0.16695601875000002 0.283757715625 0.168113425 0.2864583328125 0.16898148124999998 0.29417438281249997 0.16898148124999998 0.2986111109375 0.16724537083333332 0.3063271609375 0.16695601875000002 0.3088348765625 0.16579861041666666 0.31172839531249996 0.16174768541666668 0.3125 0.15567129583333333 0.3125 0.14670138958333334 0.3136574078125 0.13888888958333334 0.3144290125 0.13773148124999998 0.3144290125 0.13310185208333333 0.3136574078125 0.13223379583333333 0.31288580312500003 0.12760416666666666 0.31114969062500003 0.12326388958333333 0.30902777812500004 0.12152777708333334 0.307098765625 0.11545138958333333 0.305169753125 0.113136575 0.3043981484375 0.11082175833333333 0.3026620375 0.109375 0.2986111109375 0.1035879625 0.29822530937499997 0.1015625 0.2957175921875 0.09895833333333333 0.294367284375 0.09317129583333333 0.2897376546875 0.08362268541666666 0.2864583328125 0.078125 0.28414351875 0.07638888958333333 0.280671296875 0.07089120416666667 0.2800925921875 0.06770833333333333 0.280671296875 0.06452546249999999 0.28260030937499997 0.06192129583333333 0.285686728125 0.06278935208333333 0.2897376546875 0.06192129583333333 0.290509259375 0.059895833333333336 0.290509259375 0.05613425833333333 0.28993055624999997 0.05555555625 0.2878086421875 0.04571759166666667 0.2878086421875 0.04224537083333334 0.2872299375 0.04195601875 0.2864583328125 0.03414351875 0.285108025 0.03125 0.2831790125 0.02112268541666667 0.2824074078125 0.019965277083333333 0.28163580312500003 0.011284722916666667 0.28047839531249996 0.0066550916666666664 0.27970679062500003 0.005208333333333333 0.2779706796875 0.004629629166666666 0.2775848765625 0.0034722229166666663 0.27430555624999997 0.0020254625 0.273919753125 0 0.24440586406249998 0
0 0.14737654375 0.21817129583333333 0.14756944375 0.22395833333333334 0.14930555625 0.2265625 0.14949845625 0.22800925833333335 0.15470679062499998 0.230324075 0.156635803125 0.22800925833333335 0.157600309375 0.22193287083333332 0.1581790125 0.22135416666666666 0.1595293203125 0.21180555625 0.16010802500000001 0.21122685208333333 0.16010802500000001 0.20362095 0.1622299375 0.20428240833333333 0.1622299375 0.21035879583333333 0.16300154375 0.21267361041666666 0.16338734531250002 0.21961805625 0.16415895 0.22106481458333332 0.16415895 0.22945601875000002 0.16338734531250002 0.23466435208333333 0.16396605 0.23495370416666667 0.16415895 0.24334490833333333 0.16473765468749998 0.24363425833333335 0.16473765468749998 0.245949075 0.165509259375 0.24710648124999998 0.173225309375 0.24884259166666667 0.17534722187500001 0.2523148145833333 0.17862654375 0.254050925 0.182098765625 0.25173611041666666 0.1847993828125 0.24739583333333334 0.1886574078125 0.23784722291666668 0.188850309375 0.23495370416666667 0.1932870375 0.22482638958333334 0.1934799375 0.22106481458333332 0.1940586421875 0.2207754625 0.1940586421875 0.20746527708333332 0.1934799375 0.207175925 0.1932870375 0.20370370416666667 0.1921296296875 0.20138888958333334 0.1921296296875 0.199363425 0.1896219140625 0.19299768541666668 0.1894290125 0.1895254625 0.1886574078125 0.18894675833333335 0.18672839531250002 0.18113425833333335 0.18364197499999999 0.17505787083333332 0.1832561734375 0.17042824166666665 0.1815200625 0.16521990833333333 0.1809413578125 0.16116898124999998 0.18074845625 0.14699074166666665 0.180169753125 0.14583333333333334 0.17534722187500001 0.14293981458333332 0.17206790156250001 0.14322916666666666 0.17033179062499998 0.144386575 0.1676311734375 0.15625 0.1668595671875 0.168113425 0.1666666671875 0.1698495375 0.1660879625 0.17013888958333334 0.1653163578125 0.17824074166666665 0.1643518515625 0.17910879583333333 0.1618441359375 0.17679398124999998 0.1574074078125 0.17679398124999998 0.156635803125 0.17939814791666667 0.15374228437499998 0.18258101875000002 0.1520061734375 0.18836805625 0.1510416671875 0.1895254625 0.14930555625 0.1973379625 0.1467978390625 0.20052083333333334 0.1456404328125 0.20486111041666666 0.1456404328125 0.21064814791666667 0.1467978390625 0.214988425 0.1467978390625 0.21788194375 0.14737654375 0.21817129583333333
0 0.050347221875 0.7329282416666667 0.0543981484375 0.7332175916666667 0.058834876562500006 0.7297453708333334 0.063078703125 0.7239583333333334 0.063850309375 0.7170138895833333 0.06442901250000001 0.7164351854166667 0.0636574078125 0.7094907416666667 0.06057098749999999 0.7057291666666666 0.05767746875 0.7042824083333333 0.0511188265625 0.7048611104166667 0.0491898140625 0.7057291666666666 0.046489196875 0.7083333333333334 0.046296296875 0.7094907416666667 0.046489196875 0.7204861104166667 0.044367284374999996 0.7268518520833334 0.0457175921875 0.7297453708333334 0.050347221875 0.7329282416666667
0 0.3869598765625 0 0.3869598765625 0.0017361104166666666 0.386188271875 0.0020254625 0.3848379625 0.00491898125 0.3848379625 0.0066550916666666664 0.38368055624999997 0.009548610416666665 0.3834876546875 0.01793981458333333 0.3856095671875 0.026041666666666668 0.3863811734375 0.027777777083333333 0.38908179062500003 0.030381943749999998 0.3946759265625 0.033854166666666664 0.3956404328125 0.035300925000000004 0.3967978390625 0.03819444375 0.3967978390625 0.044270833333333336 0.39834105000000003 0.04716435208333333 0.400848765625 0.04918981458333334 0.40432098749999995 0.0448495375 0.40625 0.03790509166666667 0.4114583328125 0.030671295833333334 0.4147376546875 0.028645833333333332 0.419367284375 0.02835648125 0.42322530937499997 0.024305556250000002 0.42669753125 0.015914352083333333 0.42746913593749997 0.015335647916666667 0.42862654375 0.008969908333333334 0.42862654375 0 0.3869598765625 0
0 0.42168209843750004 0.1895254625 0.42380401250000005 0.19097222291666668 0.4245756171875 0.19270833333333334 0.4239969140625 0.20225694375 0.423418209375 0.20254629583333333 0.423418209375 0.20601851875000002 0.42264660468750004 0.20920138958333334 0.42264660468750004 0.214699075 0.423418209375 0.21817129583333333 0.42476851875 0.21990740833333333 0.4290123453125 0.21817129583333333 0.4427083328125 0.21817129583333333 0.4542824078125 0.21238425833333335 0.4637345671875 0.21151620416666667 0.46682098749999995 0.21035879583333333 0.47222222187499996 0.21585648124999998 0.472608025 0.21846064791666667 0.4720293203125 0.22193287083333332 0.4666280859375 0.23090277708333332 0.4654706796875 0.234375 0.46527777812500004 0.23755787083333332 0.46392746875 0.24045138958333334 0.46392746875 0.24305555625 0.4666280859375 0.24739583333333334 0.46894290156249996 0.24884259166666667 0.47067901250000005 0.25144675833333335 0.4729938265625 0.2526041666666667 0.4747299375 0.2552083333333333 0.4778163578125 0.25723379583333333 0.4810956796875 0.261574075 0.4832175921875 0.26620370416666667 0.4832175921875 0.2682291666666667 0.48379629687500003 0.26851851875 0.48398919687499997 0.277488425 0.48726851875 0.28182870416666667 0.49054783906250005 0.28153935208333336 0.490740740625 0.28067129583333333 0.4972993828125 0.277199075 0.501350309375 0.2708333333333333 0.508294753125 0.26504629583333333 0.5104166671875 0.2598379625 0.511188271875 0.24971064791666667 0.51273148125 0.24768518541666668 0.51658950625 0.245949075 0.5177469140625 0.2421875 0.5179398140625 0.23784722291666668 0.51851851875 0.23726851875000002 0.5187114203125 0.23495370416666667 0.52044753125 0.2323495375 0.5206404328125 0.230324075 0.5198688265625 0.2265625 0.5183256171874999 0.22511574166666665 0.5177469140625 0.222800925 0.5154320984375 0.22048611041666666 0.5135030859375 0.21701388958333334 0.515046296875 0.214699075 0.5183256171874999 0.214699075 0.52044753125 0.21701388958333334 0.5252700625 0.22800925833333335 0.5270061734375 0.230324075 0.5279706796875 0.23784722291666668 0.5291280859375 0.23871527708333332 0.5354938265625 0.23929398124999998 0.5397376546875 0.24189814791666667 0.540509259375 0.24160879583333333 0.5410879625 0.23987268541666668 0.5412808640625 0.23697916666666666 0.540509259375 0.2323495375 0.539544753125 0.230324075 0.53800154375 0.22916666666666666 0.5370370375 0.222511575 0.5345293203125 0.21817129583333333 0.533757715625 0.2129629625 0.5320216046875 0.20949074166666665 0.5304783953125 0.20341435208333333 0.5289351859375 0.20167824166666665 0.5285493828125001 0.19965277708333332 0.5258487656249999 0.1953125 0.523919753125 0.1932870375 0.5225694437499999 0.18981481458333332 0.5206404328125 0.18836805625 0.5192901234375 0.18576388958333334 0.5179398140625 0.18518518541666668 0.5113811734375 0.18518518541666668 0.50790895 0.18692129583333333 0.5065586421875 0.18489583333333334 0.5059799375 0.1817129625 0.5032793203125 0.17737268541666668 0.4988425921875 0.17418981458333332 0.49864969062500003 0.17332175833333335 0.49517746875 0.17158564791666667 0.49594907343749994 0.167824075 0.4982638890625 0.16724537083333332 0.49922839531249996 0.16550925833333335 0.49942129687500003 0.15914351875000002 0.500385803125 0.15451388958333334 0.49922839531249996 0.1504629625 0.498456790625 0.14959490833333333 0.494598765625 0.14988425833333335 0.49228395 0.152199075 0.4890046296875 0.15364583333333334 0.48244598749999995 0.15509259166666667 0.4801311734375 0.15480324166666665 0.47878086406250003 0.15162037083333332 0.478009259375 0.14236111041666666 0.4768518515625 0.14033564791666667 0.46932870312499997 0.13599537083333332 0.46739969062500003 0.13310185208333333 0.45929783906250005 0.13310185208333333 0.4564043203125 0.13570601875000002 0.45119598749999995 0.136863425 0.44540895 0.14004629583333333 0.44540895 0.144386575 0.4488811734375 0.14988425833333335 0.45003857968750005 0.15393518541666668 0.44945987656249997 0.15596064791666667 0.4479166671875 0.15769675833333335 0.4363425921875 0.15769675833333335 0.4290123453125 0.15625 0.42881944375 0.15538194375 0.4236111109375 0.15393518541666668 0.41956018593750005 0.15364583333333334 0.4185956796875 0.15277777708333332 0.4147376546875 0.15277777708333332 0.4114583328125 0.15538194375 0.41107253125 0.15682870416666667 0.40760030937499997 0.16116898124999998 0.40547839531249996 0.16840277708333332 0.40528549375 0.175636575 0.40760030937499997 0.18402777708333332 0.41068672812499996 0.18634259166666667 0.42168209843750004 0.1895254625
0 0.537615740625 0 0.5372299375 0.016493056250000002 0.5358796296875 0.019386575 0.5345293203125 0.020254629166666666 0.5331790125 0.023148147916666664 0.528742284375 0.028067129166666666 0.52353395 0.029513889583333335 0.515239196875 0.029224537499999998 0.515239196875 0.03443287083333334 0.514274690625 0.03674768541666666 0.5113811734375 0.0390625 0.5090663578125 0.050636574999999996 0.50675154375 0.05584490833333333 0.5057870375 0.0625 0.5052083328125 0.06278935208333333 0.5052083328125 0.07060185208333333 0.50675154375 0.07378472291666666 0.5071373453125 0.07783564791666667 0.5084876546875 0.07986111041666667 0.5119598765625 0.08159722291666666 0.515239196875 0.08159722291666666 0.519483025 0.08333333333333333 0.5237268515625 0.09606481458333334 0.52449845625 0.10300925833333333 0.53028549375 0.10995370416666667 0.531635803125 0.11545138958333333 0.531828703125 0.11979166666666667 0.531635803125 0.1229745375 0.529899690625 0.12760416666666666 0.5297067906249999 0.13049768541666668 0.5291280859375 0.1307870375 0.5291280859375 0.14236111041666666 0.529899690625 0.14409722291666668 0.531828703125 0.14496527708333332 0.5378086421875 0.14496527708333332 0.5505401234375 0.140625 0.5594135796875 0.13599537083333332 0.565007715625 0.13570601875000002 0.5680941359375 0.13454861041666666 0.57040895 0.13165509166666667 0.571759259375 0.1310763895833333 0.5734953703125 0.12731481458333332 0.577739196875 0.1229745375 0.581983025 0.12442129583333333 0.5842978390625 0.1270254625 0.590277778125 0.1270254625 0.5920138890625 0.12586805625 0.594135803125 0.1229745375 0.5956790125 0.1192129625 0.5949074078125001 0.11834490833333335 0.594135803125 0.11284722291666666 0.592399690625 0.10879629583333333 0.5910493828125001 0.09866898125 0.5904706796875 0.09809027708333334 0.5904706796875 0.09143518541666666 0.5895061734375 0.08333333333333333 0.60262345625 0.07928240833333335 0.6035879625 0.0859375 0.6041666671875 0.08622685208333333 0.604938271875 0.089699075 0.6095679015625 0.09722222291666666 0.6116898140625 0.1035879625 0.61612654375 0.10619212916666668 0.6248070984375 0.10590277708333334 0.6269290125 0.10098379583333333 0.6315586421875 0.09519675833333333 0.6331018515625 0.09114583333333333 0.6354166671875 0.082175925 0.636188271875 0.07378472291666666 0.6390817906249999 0.066550925 0.64158950625 0.0625 0.64158950625 0.05584490833333333 0.6388888890625 0.05179398125 0.63175154375 0.04629629583333333 0.6282793203125 0.04224537083333334 0.6257716046875 0.04050925833333333 0.6242283953125 0.03790509166666667 0.6228780859375 0.03761574166666667 0.6217206796875 0.03616898125 0.617669753125 0.02893518541666667 0.6153549375 0.026620370833333334 0.61419753125 0.0234375 0.610725309375 0.018229166666666668 0.61033950625 0.016203704166666666 0.608989196875 0.015046295833333334 0.606867284375 0.007233795833333333 0.6037808640625 0.0017361104166666666 0.6037808640625 0 0.537615740625 0
0 0.09625771562499999 0.65914351875 0.0968364203125 0.6594328708333334 0.0970293203125 0.6620370375 0.09895833281250001 0.6660879625 0.10243055625 0.6686921291666666 0.1066743828125 0.6663773145833333 0.1082175921875 0.6631944437499999 0.11033950625 0.66116898125 0.11226851874999999 0.6545138895833333 0.11631944375 0.6487268520833334 0.11689814843749999 0.6449652770833333 0.1149691359375 0.640625 0.11246142031249999 0.6388888895833333 0.108989196875 0.6345486104166667 0.10841049375 0.6325231479166666 0.1057098765625 0.6304976854166667 0.10223765468749998 0.6322337958333333 0.10165895 0.6348379625 0.0983796296875 0.6397569437499999 0.0970293203125 0.64554398125 0.09625771562499999 0.6464120375 0.09625771562499999 0.6493055562500001 0.09567901250000001 0.6504629625 0.0958719140625 0.6571180562500001 0.09625771562499999 0.65914351875
0 0.725115740625 0 0.7249228390625 0.0020254625 0.7166280859375 0.00491898125 0.7137345671875 0.010127314583333333 0.71199845625 0.011284722916666667 0.7116126546875 0.012442129166666668 0.7054398140625 0.016203704166666666 0.7038966046875 0.019675925 0.7019675921874999 0.021701389583333335 0.7013888890625 0.025173610416666665 0.7019675921874999 0.03240740833333333 0.70408950625 0.035300925000000004 0.7062114203125 0.04050925833333333 0.7081404328125 0.04224537083333334 0.7081404328125 0.04398148125 0.7071759265625001 0.045138889583333335 0.7019675921874999 0.04716435208333333 0.6981095671875 0.050925925000000004 0.6973379625 0.0526620375 0.6961805562500001 0.060763889583333335 0.6961805562500001 0.07175925833333333 0.6981095671875 0.07841435208333333 0.700617284375 0.08362268541666666 0.7008101859375 0.08854166666666667 0.7019675921874999 0.0917245375 0.7019675921874999 0.09432870416666667 0.702739196875 0.09548611041666667 0.702739196875 0.10011574166666667 0.70601851875 0.10648148125 0.7092978390625 0.10619212916666668 0.7133487656249999 0.10387731458333334 0.722222221875 0.0957754625 0.7253086421875 0.09403935208333333 0.7258873453125 0.09259259166666665 0.7283950625 0.09114583333333333 0.7301311734375 0.08738425833333333 0.731867284375 0.08622685208333333 0.734375 0.08101851875 0.738233025 0.07928240833333335 0.7393904328125 0.08130787083333332 0.73919753125 0.0839120375 0.7386188265625 0.08420138958333333 0.737847221875 0.0879629625 0.7366898140625 0.08883101875 0.73533950625 0.0917245375 0.7345679015625 0.09548611041666667 0.7345679015625 0.0995370375 0.7374614203125 0.11226851875 0.73919753125 0.11458333333333333 0.7399691359375 0.11776620416666667 0.7413194437499999 0.11979166666666667 0.7488425921874999 0.11776620416666667 0.7507716046875 0.11892361041666667 0.7552083328125 0.125 0.75790895 0.1270254625 0.7725694437499999 0.1270254625 0.7750771609375 0.125 0.7760416671875 0.1229745375 0.781828703125 0.12442129583333333 0.7872299375 0.12384259166666665 0.78915895 0.12268518541666666 0.7910879625 0.1192129625 0.796489196875 0.11631944375 0.796489196875 0.11082175833333333 0.7970679015625 0.11024305625 0.797260803125 0.10677083333333333 0.7989969140625 0.10127314791666667 0.8018904328125 0.09635416666666667 0.8036265437500001 0.09548611041666667 0.8049768515625001 0.09317129583333333 0.8072916671874999 0.09230324166666667 0.8084490734375 0.08825231458333334 0.8059413578125 0.08449074166666667 0.8009259265625 0.07957175833333333 0.796296296875 0.07638888958333333 0.7951388890625 0.074074075 0.7926311734375 0.07204861041666667 0.7916666671875 0.06944444375 0.7899305562500001 0.06799768541666666 0.7870370375 0.06278935208333333 0.780671296875 0.058449074999999996 0.7793209875 0.05381944375 0.7804783953125 0.046875 0.782600309375 0.04340277708333333 0.7862654328125 0.040798610416666665 0.78896605 0.04021990833333333 0.793402778125 0.040798610416666665 0.800347221875 0.0448495375 0.8063271609375 0.04629629583333333 0.813850309375 0.04571759166666667 0.8207947531249999 0.041666666666666664 0.8223379625 0.0390625 0.8250385796874999 0.037326389583333335 0.8265817906249999 0.03443287083333334 0.8283179015625001 0.0332754625 0.8290895062500001 0.031828704166666666 0.829475309375 0.02835648125 0.8321759265625 0.022858795833333334 0.8323688265625 0.011574075 0.83101851875 0.00289351875 0.8304398140625 0.002314814583333333 0.8304398140625 0 0.74517746875 0 0.7449845671875 0.0020254625 0.7405478390625 0.003761575 0.7403549375 0.004629629166666666 0.7374614203125 0.00491898125 0.7366898140625 0.003761575 0.7328317906249999 0.0020254625 0.7326388890625 0 0.725115740625 0