0 0.49643657656249995 0.38990871875 0.4974820125 0.3871292 0.49906347812499996 0.38587676249999997 0.500193815625 0.3823794770833333 0.5014121390625 0.38160049375 0.5024984828125 0.37674405833333335 0.505318725 0.3736741791666667 0.5060214734375 0.37032965625 0.5076878406249999 0.3683594520833333 0.5053677484375 0.35681452291666665 0.502327540625 0.3530886416666667 0.501811965625 0.35052310416666665 0.49941314375 0.34656807916666665 0.49442524218750006 0.341132025 0.49286114531249997 0.3379099333333333 0.49027206718749994 0.3364289020833333 0.488901309375 0.33416888749999996 0.48120160468749995 0.33348255625 0.4798748421875 0.33258169375 0.4779506875 0.33326912708333334 0.47570738281249997 0.33578916875 0.47367478749999997 0.33479676041666667 0.4682859203125 0.3353471479166667 0.46319883281249996 0.3385394583333333 0.46228228906249996 0.3419603625 0.4603172265625 0.3447247145833333 0.45916643593749995 0.3492604604166667 0.45944776249999997 0.3529408395833334 0.457699578125 0.3590648791666667 0.4528702796875 0.36353996041666664 0.4521675328125 0.36688448333333334 0.45326313125000006 0.3723362541666667 0.4543116515625 0.37299280625000003 0.45701225624999997 0.37958975208333334 0.45778561875 0.3834380604166666 0.45708287187499996 0.3867825833333333 0.4585620671875 0.3907224416666667 0.462606803125 0.39374572083333337 0.46592216718749996 0.39427983958333335 0.46990245625 0.39698242708333337 0.47290484062499993 0.40622129375 0.475365025 0.40706093958333334 0.48584098124999997 0.4033182416666667 0.48818964062500003 0.399041975 0.4922926546875 0.39551380416666665 0.49643657656249995 0.38990871875
0 0.28213069375 0.37366919374999996 0.28634831875 0.3786930104166667 0.29034597500000003 0.37692106666666664 0.2921176984375 0.37319463541666664 0.2936991625 0.37194219791666666 0.29448681250000003 0.36787990833333334 0.2972835171875 0.36241242083333336 0.2976231203125 0.35954135416666666 0.3001446671875 0.3572656229166667 0.3020657375 0.35314211875 0.3056562609375 0.35048448125 0.30728171875 0.35059119375 0.310277934375 0.3529579208333333 0.3144484796875 0.35318651458333333 0.3171193734375 0.35051370833333334 0.320513471875 0.34345792291666666 0.32531923125 0.33658523333333334 0.32557393437500004 0.33443193125000004 0.328136390625 0.3300792833333333 0.3284524546875 0.3248106083333333 0.329817040625 0.32019848125 0.3294681828125 0.31276133749999996 0.33029674062500003 0.30662213125 0.3297811640625 0.3040565895833333 0.33050745 0.3031096791666667 0.3304194640625 0.30039137708333336 0.3317431421875 0.29785616875 0.33272104687500004 0.29131988750000004 0.33066491249999996 0.28792986666666665 0.3208477125 0.28696889166666667 0.299851809375 0.2930951375 0.294782090625 0.29181291875 0.2904621984375 0.29198139791666666 0.28596941875000004 0.29014934166666667 0.28049565 0.2914174958333334 0.2787648359375 0.2930670083333334 0.27894080625 0.29850361458333335 0.27740641875 0.30455127291666667 0.2721321609375 0.3136536458333333 0.2698244078125 0.31585299583333337 0.26929146249999997 0.31776198541666667 0.27118087968750004 0.3260236083333333 0.27368505625 0.32822240625 0.276362121875 0.3324217395833333 0.27790267812499997 0.3332462208333334 0.28023705468750004 0.33688055208333334 0.2820558546875 0.33794934375 0.2826798703125 0.3421947270833333 0.280073421875 0.34518822708333335 0.2755632734375 0.34783069791666665 0.27413424062499997 0.35212213124999997 0.2762579046875 0.3592689145833334 0.2774793125 0.3619260020833333 0.2781851453125 0.36201755208333336 0.2791723046875 0.36578947916666665 0.2812284375 0.36917950000000005 0.28213069375 0.37366919374999996
0 0.7187334078125 0.5644967145833333 0.718841846875 0.5661765583333334 0.7199548140625 0.5671538020833334 0.7196530343750001 0.5645118812500001 0.7187334078125 0.5644967145833333
0 0.6166759296875 0.7054483645833333 0.6176569203125 0.7023481541666666 0.619472634375 0.699980875 0.62064388125 0.6944066729166667 0.6219471046875 0.6929099229166666 0.6225587796875 0.6834110270833332 0.6257595359375 0.6753931645833333 0.6385227890625 0.6704895770833333 0.6418381546874999 0.6710236979166667 0.6446645671875 0.67482595625 0.6462757421875 0.68284326875 0.64472706875 0.6968015291666667 0.643426928125 0.7017343479166667 0.6438780578125 0.7039791958333333 0.6433011203125 0.70452903125 0.6445696046875 0.7119813416666666 0.6443793484375 0.7144553333333333 0.6463772046875 0.7243968020833333 0.6480416265625 0.744081475 0.6514858859375 0.7452569791666667 0.6571294578125 0.7425532916666667 0.6614288968750001 0.7434232708333333 0.666287903125 0.7482179395833334 0.680744146875 0.7471778291666666 0.689407471875 0.7492384791666667 0.6911178312499999 0.748627425 0.6933171437500001 0.7447482333333333 0.694702184375 0.7390976479166667 0.696772603125 0.73457706875 0.6977709609375 0.7270023291666666 0.7024478265625 0.7194882541666666 0.7026728234374999 0.7080652041666667 0.7109463796875 0.7047656270833333 0.7120122703125 0.70094765 0.710658884375 0.6942131083333333 0.708772553125 0.6893875520833334 0.7053456640625 0.68373751875 0.7016783546875 0.6723301875 0.6929884078125 0.6644358541666667 0.6870839640625 0.6624207041666667 0.678074865625 0.6563589812499999 0.67563205 0.65104480625 0.6756054265625 0.645211125 0.6769935515625 0.6429966104166667 0.68137480625 0.6397127520833333 0.682698484375 0.6371775437499999 0.6832488 0.630794025 0.686520171875 0.6299689937499999 0.6894519375 0.6320150291666666 0.6915049890625 0.6319689812499999 0.69465055 0.6339386333333333 0.701474621875 0.6359689520833334 0.7061198328125 0.6408400041666666 0.70975435 0.6395415166666666 0.7130697140625 0.6400756375000001 0.7221984531250001 0.6364705354166666 0.7297395546875001 0.6272457333333333 0.7322580171874999 0.62153393125 0.7313322203125 0.6146466270833333 0.7322487625 0.6112257229166667 0.734298728125 0.6077436020833333 0.7384661875 0.604536125 0.7395116234375 0.6017566083333333 0.73828713125 0.59566345 0.7354402640625 0.5928996479166667 0.73220363125 0.5847756208333333 0.728114903125 0.5803931916666667 0.7252854046875 0.5731548624999999 0.721416640625 0.5755681875 0.7173514515625 0.5735833708333333 0.716428740625 0.5701321333333333 0.7139685546875 0.5692924875 0.712747146875 0.5666353999999999 0.7131307453125 0.5651234854166667 0.7156318374999999 0.5638862125 0.71607988125 0.5626949916666667 0.715031359375 0.5620384395833333 0.712893409375 0.56280225625 0.7117804421875 0.5618250124999999 0.7113937609375001 0.5599008583333334 0.7079934953125 0.5600845041666667 0.7055537640625 0.5582063979166667 0.7024961875 0.5589550479166667 0.6960352578125 0.5564512729166666 0.6903681484375 0.5567573520833334 0.6850201890625 0.5552308208333333 0.679312171875 0.5576138187499999 0.675042440625 0.5660135895833334 0.6704882984375 0.5672969104166667 0.6693753296875 0.5663196666666667 0.6688566703125 0.5603180562500001 0.6694336078124999 0.5597682187499999 0.66906738125 0.5568056041666666 0.670106646875 0.5471539479166666 0.6696555171874999 0.5449091 0.670504528125 0.5377314333333333 0.670117846875 0.5358072770833334 0.6711632843750001 0.5330277604166667 0.6703899203125 0.5291794479166667 0.6671359171875 0.52552995 0.651264925 0.5229508979166667 0.648974540625 0.52067571875 0.645190678125 0.52237128125 0.642051284375 0.5272737666666667 0.634483559375 0.5306648895833334 0.6297391609375 0.5344222020833332 0.6299969484375 0.5357049708333333 0.62664684375 0.5441199104166666 0.6265854828124999 0.5472352875 0.6248373 0.5533593291666666 0.6232998249999999 0.55597091875 0.6096752234375 0.55430789375 0.6053962375 0.5523994541666667 0.602532003125 0.55411018125 0.6000544484375 0.5577450645833333 0.5976178015625 0.5593030291666667 0.59135946875 0.5680695416666667 0.59095541875 0.5706199166666667 0.5888205531249999 0.5748198020833333 0.589078340625 0.5761025729166668 0.58724525625 0.58294438125 0.58697626875 0.5930082770833334 0.5876851859375 0.5965358958333333 0.5890354875 0.5998343687500001 0.5964395796875 0.60475091875 0.60108479375 0.6096219708333332 0.6100734375 0.6167221541666666 0.6093911453125 0.6190282166666666 0.6080234734375 0.6202042729166667 0.5982738046875 0.6230000604166667 0.5955384609375 0.6253521708333333 0.59323379375 0.6309875916666667 0.5931959703125 0.6365005791666667 0.5926190328125001 0.6370504166666666 0.5929443531249999 0.6420899479166666 0.5949391234375 0.6485953458333333 0.5956449546875 0.64868689375 0.5988815890625 0.6568109208333334 0.6006861046874999 0.6657903125 0.6004140312499999 0.6724181395833334 0.602669675 0.6836423770833334 0.60674411875 0.6959354062499999 0.605956471875 0.69999769375 0.6067942828125 0.7041666979166668 0.6034820015625 0.7070686458333333 0.604384259375 0.7115583416666666 0.6052834328125 0.7126119666666667 0.609711765625 0.71412333125 0.6129595984375 0.7109006895833333 0.6134485515625 0.7076325479166666 0.6166759296875 0.7054483645833333
0 0 0.47938886249999996 0.004824290625 0.480646725 0.008719678125 0.48406707916666664 0.0097272921875 0.48680054791666666 0.014969896875 0.4900833041666666 0.0203587640625 0.4895329145833333 0.0230296578125 0.4868601104166667 0.0230501125 0.48582165208333333 0.02751626875 0.4818200270833334 0.029949831249999996 0.47682599166666667 0.034629781250000005 0.4727479854166667 0.0347995828125 0.4713124541666666 0.038431014062500005 0.46657789791666665 0.0372300609375 0.46288235 0.036904740625 0.4578428166666667 0.0379501765625 0.45506329791666666 0.0375634953125 0.45313914375 0.038734740625 0.44756494166666666 0.040486009375 0.44487696875 0.039926440625 0.44095227708333334 0.043361445312500004 0.43181957291666667 0.0428632390625 0.4247795020833333 0.0435250765625 0.4235119 0.04384114375 0.41824322291666666 0.04274554375 0.41279145 0.039640890625 0.4087448791666667 0.039254207812500004 0.406820725 0.0400009484375 0.40483535416666666 0.051803665624999995 0.40199351666666666 0.05492260624999999 0.39812948958333333 0.053246984374999994 0.3897914833333333 0.052476706250000005 0.38937924375 0.0489178375 0.37965175625 0.045086896875 0.3765520958333333 0.042904953125 0.37595675833333336 0.0360635140625 0.37840096875 0.0324729921875 0.38105861041666667 0.028179721875 0.38706077083333335 0.0255119109375 0.3931696458333333 0.0210222171875 0.39477365833333333 0.0132989734375 0.3916897166666667 0.0072891734375 0.3914307895833333 0.00617620625 0.3904535458333333 0 0.39130016041666665 0 0.47938886249999996
0 0.50863916875 0.8086650145833333 0.510563325 0.80797758125 0.5126603656250001 0.8092906833333333 0.5212970671875 0.8055176520833334 0.5236283578125 0.8057159145833332 0.52591565625 0.8045550229166667 0.5309147578125 0.7986444104166667 0.5312983546875001 0.7971324958333333 0.5338843484375 0.7951774583333333 0.5385673843750001 0.7945355208333333 0.538974521875 0.7954212166666667 0.542992634375 0.7926108166666667 0.5435429468749999 0.7862272979166666 0.542725590625 0.7810198354166666 0.5432380828125 0.78014930625 0.5427163359375 0.770711625 0.5409322750000001 0.760693775 0.5430845093750001 0.7520193625 0.5432307734374999 0.74818621875 0.5423285171875001 0.7436965229166667 0.5352578578125 0.7290367666666667 0.5309757875 0.7236922604166666 0.5300735296875 0.7192025645833334 0.5235419859375 0.7095059583333333 0.52193698125 0.7083607854166666 0.515736925 0.7105758520833334 0.5119121546875001 0.71434833125 0.5111449609375 0.7173721604166666 0.5071002250000001 0.7143488812500001 0.501966059375 0.71274596875 0.4967060859375 0.71393774375 0.490380221875 0.7189474958333334 0.488394703125 0.7227503083333333 0.49080586562499995 0.7404496083333334 0.4896346203125 0.7460238145833333 0.4877340046875 0.7491088583333333 0.48754374843750004 0.75158285 0.485493784375 0.7550649708333333 0.4855817703125 0.7577832729166667 0.48500483125000005 0.7583331104166666 0.48629377187499995 0.7647469604166666 0.486999603125 0.7648385083333333 0.4884583453125 0.7698168249999999 0.49582152968750004 0.77681029375 0.497107384375 0.779788075 0.50240940625 0.80161033125 0.5031152375 0.8017018770833333 0.5050220234375 0.8054889749999999 0.50863916875 0.8086650145833333
0 0.5439735 1 0.5437342000000001 0.9992636291666667 0.541145121875 0.9977825958333334 0.5396454703125 0.9948811979166667 0.5340806312499999 0.9899949791666667 0.529930540625 0.9887279270833333 0.5251799734375 0.9856131 0.5229100453125 0.9822994625 0.5226082640625 0.9796575395833333 0.5232905578125 0.9773514770833334 0.5256832109375 0.9744343625 0.5263041421875 0.975243675 0.5346452312500001 0.9757008645833333 0.5377907953125 0.9776705166666667 0.5425178234375 0.9783877333333333 0.5432032015625 0.9795177395833333 0.54720394375 0.9811818666666666 0.555524578125 0.9826775125 0.5647822109375 0.9797137958333334 0.567151325 0.9743990687499999 0.5656045984375 0.96670245 0.56483431875 0.9662902104166666 0.562367965625 0.9585784229166666 0.5654398281249999 0.9499191729166667 0.5645375703125 0.9454294770833334 0.5567846171874999 0.9330757854166667 0.555305421875 0.9291359270833334 0.5554312312499999 0.92634124375 0.5578647921875 0.9213472083333334 0.5576243734374999 0.9155899104166667 0.5509465671875 0.9097264500000001 0.5495113625 0.90714574375 0.545829771875 0.9036490083333334 0.540244478125 0.89980125 0.5311771015625 0.9002909729166666 0.527261259375 0.8979090791666666 0.527343075 0.8937552416666666 0.5285583140625 0.8895401895833334 0.5285961375 0.8840272041666667 0.5325640875000001 0.8729855083333333 0.5317907234375 0.8691372 0.5297141359374999 0.8667856374999999 0.52441016875 0.8666182583333334 0.5179696953125 0.8630760270833334 0.512788453125 0.85667789375 0.5107558578125 0.8556854833333334 0.50316459375 0.8566789958333333 0.501237353125 0.8539303604166667 0.4976642015625 0.8521134708333334 0.49317450625000003 0.8537174833333334 0.4931540515625 0.85475594375 0.4854165234375 0.8595825979166667 0.48387596562499996 0.85875811875 0.48278345156249997 0.8567424166666666 0.48104338281250003 0.84808371875 0.4788379015625 0.8450907708333334 0.46966825468750006 0.8507727916666668 0.464092215625 0.8572332416666666 0.46353881562500004 0.8601806895833334 0.45811829375 0.87311620625 0.45850806093749996 0.87847643125 0.457931121875 0.8790262666666667 0.4588978265625 0.8838366541666667 0.45960365937500003 0.8839282041666666 0.4617508640625 0.8934725979166667 0.4635083015625 0.8976567645833333 0.4649639578125 0.8991990125 0.46640224531249996 0.9052157875 0.4666426640625 0.9109730875000001 0.4648064953125 0.914378825 0.46352372500000005 0.9148371145833334 0.4604835171875 0.9111112354166667 0.45851536875 0.91043951875 0.454980040625 0.9031096395833333 0.45283900624999995 0.9004373875 0.45245232343749997 0.89851323125 0.4513393546875 0.8975359875 0.4483165171875 0.8893355791666667 0.43774332187500004 0.8800517645833333 0.4322869234375 0.8768453895833334 0.43181533906249997 0.8756390020833333 0.4281572859375 0.8745398791666666 0.422021678125 0.8770756375000001 0.4151393296875 0.8815967666666666 0.4134320546875 0.8856438895833333 0.4151721234375 0.8943025875 0.4146218078125 0.9006861041666667 0.40979559375 0.9085972541666667 0.4010566203125 0.91756258125 0.40189443125 0.9217315854166667 0.4049346390625 0.9254574625 0.4054297625 0.9290614604166667 0.40280594374999995 0.9365294895833334 0.40180141562499994 0.9372320875 0.402024465625 0.9474639166666667 0.3984165734375 0.9545960854166666 0.3970315328125 0.9602466687500001 0.398252940625 0.96290375625 0.40460851406250004 0.9671637562500001 0.40666156249999996 0.9671177083333333 0.4105129578125 0.9691789083333333 0.42084264843749997 0.9692693541666666 0.42469404375 0.9713305562500001 0.42510426562500003 0.9756523208333333 0.42202931875000005 0.9808755 0.41320236093749996 0.9871225229166666 0.4078196625 0.9945450499999999 0.408508125 0.9991111270833334 0.4079311875 0.9996609645833333 0.4079993203125 1 0.5439735 1
0 0.5624487859375 0.7389142645833334 0.5640916125000001 0.7345464479166667 0.5643023234375 0.7310339958333334 0.568850296875 0.7228785354166667 0.5687418562500001 0.7211986916666666 0.5702148828125 0.7182664104166666 0.5701678046875001 0.7134711895833333 0.571532390625 0.7088590625 0.5699856640625 0.70116244375 0.5679090765625 0.6988108812499999 0.5664707890625 0.6927941041666668 0.5666170515625 0.6889609604166667 0.5681105328125 0.6849902208333333 0.5678087515625 0.6823482979166666 0.5683212421875 0.68147776875 0.5678905671875001 0.6781944625 0.5686106843750001 0.6703754104166666 0.56749463125 0.6659620979166667 0.5656962859375 0.6638548479166667 0.5623809203125 0.6633207270833333 0.5546433937499999 0.66814738125 0.5303792031250001 0.6785347291666667 0.528050996875 0.6817725375 0.528616734375 0.6925693666666667 0.52601645625 0.7024350062500001 0.527284940625 0.7098873145833333 0.5284009937499999 0.7143006270833333 0.5291068250000001 0.7143921770833334 0.5308029000000001 0.7216917208333334 0.5332457171875 0.7270058979166667 0.5371206484375 0.7314647083333334 0.53817225625 0.73555733125 0.5388780875 0.7356488770833334 0.5398007984375 0.7391001145833334 0.54451354375 0.7477279291666666 0.545646965625 0.7476667124999999 0.5480017953125 0.7502625854166667 0.5536075421875 0.7530718833333334 0.559189753125 0.7534835729166667 0.5626953734375 0.7515437020833333 0.5624487859375 0.7389142645833334
0 0.54976393125 0.6643911708333333 0.5581632984375 0.6582969104166666 0.5606408515625 0.6546620291666667 0.56121470625 0.6506761229166667 0.559287465625 0.6479274875000001 0.5518015562499999 0.6471647729166666 0.5466909296875 0.6479594708333334 0.5395507937499999 0.65119783125 0.5340392015625001 0.6579789729166666 0.5323932890624999 0.6589107208333334 0.5286595875 0.6688375708333333 0.5290462703125 0.6707617270833333 0.530929515625 0.6721512104166667 0.54976393125 0.6643911708333333
0 0.22142496718750002 0.7899445979166667 0.2250451984375 0.7965567083333334 0.23435299375000002 0.8018242833333333 0.2352961578125 0.8042370604166666 0.2384621765625 0.8051682562500001 0.2400467265625 0.8073518875 0.24222866875000001 0.8079472229166667 0.24607697968750003 0.8065723541666666 0.2479540578125 0.8010896979166666 0.24848391718750001 0.7957446395833333 0.24751721249999997 0.7909342520833333 0.24817905156250003 0.7896666479166666 0.247727921875 0.7874218020833333 0.2516989578125 0.7798161770833333 0.2520528453125 0.7690345125 0.25042121875 0.7620556583333333 0.23862352968749997 0.7466786854166667 0.23487440624999997 0.7394251875 0.23448772343750002 0.7375010333333333 0.23514956250000002 0.73623343125 0.2386756375 0.7332550999999999 0.24166876875 0.73218575625 0.2451774734375 0.7336819541666666 0.24740341093749998 0.7356364416666668 0.2479394390625 0.7371635229166666 0.2508916625 0.7381711000000001 0.25416611875 0.7407821375 0.2601820875 0.7479132041666666 0.26279161875 0.7483557750000001 0.2673283921875 0.75154698125 0.2734230921875 0.7510881416666667 0.278340378125 0.7493313645833334 0.279151565625 0.7476666875000001 0.2766412171875 0.73859575 0.2750566671875 0.73641211875 0.2735273078125 0.72424096875 0.271277834375 0.7198888708333333 0.2705689171875 0.7163612520833333 0.2697986390625 0.7159490125 0.26848924531249996 0.7105736229166666 0.26583263437500004 0.7053358291666666 0.2609736265625 0.70054115625 0.2605869453125 0.6986170020833333 0.259816665625 0.6982047625 0.2587210671875 0.6927529895833333 0.2597838734375 0.6854989416666667 0.25858291875 0.6818033958333333 0.254090140625 0.6799713374999999 0.2520135515625 0.6776197770833333 0.24912577656249998 0.6769328958333334 0.2480332625 0.6749171916666667 0.24467390625 0.67302391875 0.24458591875 0.6703056145833333 0.245695803125 0.6678467895833333 0.24466464999999998 0.6627157083333334 0.24314454687499998 0.6608527708333334 0.24047056718749998 0.66008950625 0.23400655625 0.6541496625 0.2309049859375 0.6535391604166667 0.22585880625 0.6546545520833333 0.220323675 0.6590380854166666 0.21833815781250002 0.6628408979166667 0.20820489062499997 0.6671485979166667 0.20552782500000003 0.6629492625 0.20257560468750002 0.6619416875 0.1958016953125 0.6681426604166667 0.1933241421875 0.67177754375 0.18586485625 0.6768485083333334 0.18387933750000002 0.6806513208333332 0.18266101562499998 0.6814303041666666 0.178373915625 0.6943046041666666 0.178189828125 0.7036507375000001 0.17924451875 0.7111794270833334 0.1787320265625 0.7120499583333333 0.17923331874999998 0.7225260958333333 0.1786563796875 0.7230759333333334 0.17844875468750002 0.7300244541666667 0.1832853625 0.7575124624999999 0.1863961875 0.7684311729166667 0.18838787343750002 0.7715005020833333 0.19200501875 0.7746765416666667 0.192819290625 0.7764479354166667 0.19636890468749998 0.7758672145833334 0.20072970781250002 0.7736218166666667 0.20416779687500003 0.76792518125 0.20675378906250003 0.7659701437499999 0.208657490625 0.76632116875 0.2115688046875 0.7694056625000001 0.2142254140625 0.7746434562500001 0.21520948906249998 0.7749793145833334 0.21799499375 0.7808584937499999 0.22044089375000003 0.7896087375 0.22142496718750002 0.7899445979166667
0 0.15578957031250001 0.741556975 0.156149628125 0.7376474479166667 0.15998056875 0.7407471083333333 0.1651147328125 0.7423500187500001 0.167785628125 0.7396772166666667 0.168104778125 0.7378446083333333 0.16393617968750002 0.7159611354166666 0.1644486703125 0.71509060625 0.16399445625 0.7094096875000001 0.1649754453125 0.7063094791666666 0.164544771875 0.7030261708333333 0.160853925 0.6892212270833333 0.1620425390625 0.67917249375 0.15888463749999998 0.6634585625 0.156011146875 0.6548610791666667 0.1542772484375 0.6530745208333334 0.15286249999999998 0.64945535625 0.146272678125 0.6463101979166667 0.1443658921875 0.6425231041666667 0.14288978125000001 0.6420193145833333 0.1403416109375 0.6384613645833334 0.1328761546875 0.6366601916666668 0.12714459843749998 0.636645575 0.12372387968750001 0.63786768125 0.12214549687500001 0.6425561895833333 0.1244655875 0.6541011208333334 0.1251714203125 0.6541926666666666 0.12834360625000002 0.6619960020833333 0.12789864687500002 0.66662329375 0.129214209375 0.6788708250000001 0.12700986718750001 0.700968825 0.12884100625 0.7157818979166667 0.127900925 0.7168051895833333 0.12719817656250001 0.7201497124999999 0.12435748124999998 0.72425805 0.1231862359375 0.7298322541666666 0.1256996671875 0.7423392625 0.1264055 0.7424308083333333 0.126727734375 0.7440342708333334 0.1298323890625 0.74808084375 0.130690653125 0.7512113874999999 0.132489 0.7533186374999999 0.13443977812500002 0.7584648854166667 0.1428105765625 0.7681918229166667 0.146169934375 0.77008509375 0.15130101406250002 0.7682519354166666 0.15132146875000002 0.767213475 0.15377856875 0.7646170520833333 0.15463066406249998 0.76087545625 0.15586944062500002 0.7590580166666666 0.1570580546875 0.74900928125 0.15578957031250001 0.741556975
0 0.553718878125 0.49593165 0.5654254953125 0.50515425 0.5695582156250001 0.5108958312499999 0.58040656875 0.5169878854166667 0.5863519203124999 0.51692611875 0.5958356859375 0.5276303020833333 0.5996430890625 0.52833235 0.6010342984375 0.52955390625 0.611296459375 0.5258875875 0.6143509515625001 0.5217028687499999 0.6174289828124999 0.5199157604166667 0.6194144984375 0.5161129479166667 0.6200292609375 0.5100501229166666 0.6189336625 0.50459835 0.61912391875 0.50212435625 0.6158872859375 0.49400033125 0.61353245625 0.49140445833333335 0.615538428125 0.48656318958333333 0.617398134375 0.4855550604166667 0.6228309953125 0.48636382291666663 0.6299773 0.48999760416666666 0.63545106875 0.48872945 0.6481876984375 0.47799218125000004 0.6526773953125 0.47638816666666667 0.656054121875 0.4738069104166666 0.6619697671875 0.46447539375 0.668125828125 0.46090117708333334 0.672463090625 0.45625816666666663 0.6740854640625 0.4529288104166667 0.6738245921875 0.44820996874999997 0.670364909375 0.42985411458333334 0.6690586 0.42791479375 0.6643315703125 0.4271975791666666 0.6597743453125 0.42504482916666664 0.6583391421875 0.4224641229166667 0.657436884375 0.41797442916666666 0.6555096453125 0.41522579375 0.6548651765625 0.41201886875 0.653816653125 0.41136231666666667 0.647189009375 0.41373014583333334 0.64595023125 0.4155475875 0.6390034359375 0.41974802499999997 0.63819225 0.4214127020833333 0.633661646875 0.42509363541666667 0.6319339171875 0.43017921666666664 0.63071559375 0.4309581979166667 0.628943871875 0.43468462916666667 0.6250546531250001 0.43813641666666664 0.62178328125 0.43896144791666664 0.6170327140625 0.4358466208333333 0.613995590625 0.4355568125 0.6116203078125 0.4339993979166667 0.6097575140625 0.43157145625000004 0.6091334984375 0.42732607083333335 0.6114586203125 0.42065219374999996 0.6155585484375 0.4136879541666667 0.6166888859374999 0.41019066875000004 0.6182059046874999 0.4086175395833333 0.6194006890625 0.4054409458333333 0.62155909375 0.4036386708333334 0.62176671875 0.39669015 0.6228766015625 0.3942313229166666 0.6227446234375 0.39015386874999997 0.6246861484374999 0.3849919041666666 0.6148045 0.3837102375 0.5972733109374999 0.38997352916666667 0.589037575 0.3877601145833333 0.581748090625 0.39139555000000004 0.580488859375 0.39425145 0.5749537296875 0.39863498124999996 0.5717325171875001 0.40769130416666666 0.5713959984375 0.4139984395833334 0.570286115625 0.41645726875 0.5724630281249999 0.43527141041666667 0.570755753125 0.4393185333333333 0.566350959375 0.44020477916666667 0.5646815078125 0.43873891458333336 0.562859621875 0.43423405416666666 0.56084748125 0.43220318333333335 0.560138565625 0.4286755666666667 0.5561613609375 0.42940905 0.5528081734375 0.43438791875 0.5522547734375001 0.43733536666666667 0.5498621203125 0.44025248333333333 0.5490100250000001 0.4439940770833333 0.5434135312499999 0.4514929875 0.5424969890625 0.4549138916666667 0.5428836703125001 0.4568380458333333 0.5423067328125 0.4573878854166667 0.542743578125 0.46754333124999997 0.5409514015625 0.4723082208333333 0.5367430328125 0.4775926145833333 0.5340107749999999 0.48338079791666666 0.5315833828125001 0.49524697083333336 0.52571173125 0.5059376395833334 0.5269566796875 0.5109923375 0.5318975015625 0.5116331729166667 0.541579640625 0.5050806229166667 0.5441860890625 0.502087125 0.5442065421875 0.5010486666666666 0.547305028125 0.4982230979166667 0.553718878125 0.49593165
0 0.057391903125 0.5996967208333334 0.0589498296875 0.5960466729166666 0.059224985937499995 0.5928549145833333 0.062405287499999997 0.5858755083333332 0.0588167125 0.5668782687499999 0.0583624984375 0.5611973520833333 0.05881054375 0.5600061291666666 0.0608431375 0.5609985395833333 0.063549909375 0.574467625 0.0646424234375 0.5764833291666667 0.0675741921875 0.5785293604166667 0.0713877640625 0.5861035520833333 0.084485590625 0.5965477041666667 0.0848078265625 0.5981511666666666 0.08551365625 0.5982427145833333 0.088041375 0.6028391229166666 0.0896668328125 0.6029458375 0.09238480624999999 0.6050682541666668 0.095846434375 0.6017692312499999 0.09810710781250001 0.5947746604166666 0.099688575 0.5935222229166667 0.10052021562499999 0.5908190854166667 0.1044503421875 0.5852903791666667 0.1096130765625 0.57107209375 0.1142899421875 0.5635580166666667 0.1180676359375 0.5549903166666666 0.1198976359375 0.5447124395833334 0.118418440625 0.5407725812499999 0.117814878125 0.5354887375 0.1204857734375 0.5328159354166666 0.12320374687499999 0.5349383520833333 0.12399447968749999 0.53431213125 0.123177121875 0.52910466875 0.12465014999999999 0.5261723875000001 0.12404350312500001 0.517452475 0.12455599375 0.5165819458333334 0.1239115234375 0.51337501875 0.124549825 0.5097098041666667 0.1222359015625 0.5050370145833333 0.11705774375 0.50207495 0.101684959375 0.5065359687500001 0.10001550781249999 0.5050701020833334 0.097616684375 0.5011150791666666 0.0945406 0.48124730833333335 0.0923995640625 0.47857505625 0.08953224374999999 0.4768497125 0.08649512031249999 0.4765599020833333 0.08482566875 0.4750940375 0.081056090625 0.468879 0.0797027046875 0.46214445625 0.0798427984375 0.45143917291666663 0.080759340625 0.44801826875 0.0820625640625 0.4465215229166667 0.0853358828125 0.4240416125 0.0837891546875 0.41634499166666666 0.0829544296875 0.41561206041666665 0.079574615625 0.41475724583333334 0.0758552015625 0.4167734979166667 0.07269226875 0.4192783770833334 0.069403528125 0.42457793541666666 0.06493737187500001 0.42857956041666667 0.061780609375 0.437956575 0.056163660937500005 0.44649394583333335 0.053560296875 0.4529235125 0.0537127296875 0.45596250833333335 0.052965989062499996 0.4579478770833333 0.0534437421875 0.46602640625 0.0523573984375 0.47088284375 0.052384021875 0.47671652291666666 0.050401589062499995 0.48395540416666666 0.04736755 0.48710166666666666 0.0425853296875 0.49637196666666666 0.035940315625000004 0.503214325 0.034317940625 0.5065436812499999 0.034537904687499996 0.5133394395833333 0.033920059375 0.5159661958333334 0.0324674859375 0.5178600166666667 0.0330915015625 0.5221054041666666 0.0325145625 0.5226552395833334 0.0322629453125 0.5282446104166667 0.0371547453125 0.5457451 0.0369941984375 0.5574888416666667 0.0324523953125 0.57251644375 0.0298787390625 0.5882157604166667 0.031510368750000003 0.5951946145833333 0.035107059375 0.5994091145833333 0.0354323796875 0.6044486479166667 0.034855440625 0.6049984854166667 0.035499910937500004 0.6082054104166666 0.034797164062500004 0.6115499333333333 0.0362119109375 0.6151690979166666 0.0409184875 0.6169247729166667 0.0443422921875 0.6191387354166668 0.046205084375 0.6215666791666667 0.050633417187499995 0.6230780437500001 0.054047967187500004 0.6149837979166667 0.0544724734375 0.6113949666666667 0.056736232812499995 0.6078364645833333 0.05752388125 0.603774175 0.057391903125 0.5996967208333334
0 0 0.5877683333333333 0.0204699625 0.6896282520833333 0.0252207140625 0.68818303125 0.030310884375000003 0.6884267895833334 0.034800581250000004 0.6868227770833334 0.037237226562499996 0.6852648125 0.0387747 0.6826532229166666 0.0400860390625 0.6663737354166667 0.038603759375000005 0.6589978083333333 0.034664378125 0.6542183041666667 0.032757592187500004 0.6504312104166666 0.029975173437500002 0.6479881 0.028024393749999998 0.6428418541666667 0.028191110937500003 0.6379702500000001 0.030197082812499998 0.6331289791666667 0.030024196875 0.63112844375 0.0316434859375 0.6243630166666667 0.0305478875 0.6189112458333333 0.026265817187500002 0.6135667375 0.0252582046875 0.61083326875 0.024976878124999997 0.6071528875 0.026552175 0.5990283104166667 0.025585470312500004 0.5942179229166666 0.0201904328125 0.58789616875 0.0107946515625 0.5799102916666666 0.0056983109375 0.5727943916666667 0.001345625 0.5602570520833333 0 0.5595368979166667 0 0.5877683333333333
0 0.5675509640625 0.6810655270833333 0.566889125 0.6823331333333333 0.56695665625 0.6860898958333334 0.565846771875 0.6885487208333333 0.5661485546875 0.69119064375 0.5654018140625 0.6931760125 0.565319996875 0.6973298499999999 0.5664155953125001 0.7027816208333333 0.57133905 0.7078969854166667 0.5715968375 0.70917975625 0.5704255921875 0.7147539583333333 0.5718905046875 0.7266044166666668 0.5707806203125 0.7290632416666667 0.5710824015625 0.7317051625000001 0.56948665 0.7408682 0.5704973484375 0.7470377375 0.5745625375000001 0.7490225583333333 0.57775209375 0.7523513625 0.57949833125 0.7678822000000001 0.581062428125 0.7711042916666667 0.58356660625 0.7733030895833333 0.5884788609375 0.7897651208333334 0.5895918296875 0.7907423645833334 0.591460790625 0.8000424479166667 0.5909922921875 0.80227213125 0.591683840625 0.8102742770833333 0.5997875953125 0.8084102333333333 0.6009005640625 0.8093874791666666 0.6027726109375 0.8221236291666667 0.6049985453125 0.8240781166666667 0.6069871484375 0.823711375 0.608653515625 0.8217411729166667 0.6176738140625 0.8164562249999999 0.62047051875 0.8109887354166666 0.61860155625 0.8016886520833334 0.6174885875 0.8007114104166667 0.6158160515625 0.7958094729166666 0.6113722953125 0.7771177625 0.6106664625 0.7770262124999999 0.605168015625 0.7508058104166667 0.6043977375 0.7503935687500001 0.6017554125 0.7372451770833333 0.5987970203125 0.7293654604166666 0.594523065625 0.7092382166666666 0.5949475703125 0.70564938125 0.5979611546875 0.70354158125 0.5960748234375 0.6987160270833334 0.5968011093750001 0.6977691166666666 0.5966282234375 0.6957685791666666 0.5930755234375 0.6929132312499999 0.5943756640625 0.6879804125 0.59937785 0.6855058687500001 0.600074428125 0.67528920625 0.5989143828125 0.6695167416666667 0.594008296875 0.65992685 0.5945350734375 0.6511457208333333 0.5927980890625 0.6459230916666667 0.5920922562500001 0.6458315458333334 0.5907388703125 0.6390970020833334 0.587549315625 0.6357681958333333 0.5852998406250001 0.6314160999999999 0.5835424031249999 0.6272319291666667 0.5818023343750001 0.61857323125 0.5810320546875001 0.6181609916666667 0.5804049546875001 0.6104795395833332 0.581780740625 0.59452074375 0.5799762265624999 0.5855413541666666 0.5778996390625 0.58318979375 0.5749269625 0.5832206770833334 0.5719307484375 0.5808539479166667 0.5679739984375 0.5805489729166666 0.566518340625 0.5790067249999999 0.562795840625 0.5775869104166667 0.5612757375 0.5757239708333334 0.5563993593750001 0.5754038291666668 0.5530870796875 0.5783057791666667 0.550290375 0.58377326875 0.5499538546875 0.5900804062499999 0.5486741703125 0.5939747645833333 0.5487007937499999 0.59980844375 0.5514924671875 0.6125597625 0.5538677515625 0.6141171750000001 0.556032325 0.6191870416666667 0.5600156984375 0.6253256979166667 0.561178828125 0.6345342312500001 0.560601890625 0.63508406875 0.5607747765625 0.63708460625 0.5617619359375 0.6408565354166667 0.56281045625 0.6415130854166667 0.5652359031249999 0.6513017895833334 0.565672746875 0.6614572375000001 0.5651633406250001 0.6657638354166667 0.5662558546875001 0.6677795375 0.56754479375 0.6741933875 0.5670998359375 0.6788206791666667 0.5675509640625 0.6810655270833333
0 0 0.23150164583333332 0.0028038453125 0.23114244583333335 0.006913028125 0.23448641875 0.0100269359375 0.24884119791666667 0.0144788078125 0.2527501729166667 0.0180581296875 0.2614392020833333 0.0216108296875 0.26429455208333336 0.0240096515625 0.26824957499999996 0.027755692187499997 0.2720670041666667 0.0284206140625 0.27423546875 0.0355495515625 0.28234377708333336 0.0405579078125 0.2867413729166667 0.04532584375 0.2853816708333333 0.0467784171875 0.28348785 0.0503187765625 0.27259891875 0.0496507671875 0.26699438333333336 0.053258659374999996 0.25986221666666665 0.0523062390625 0.24714122916666667 0.05348056875 0.24500309583333332 0.0582894140625 0.2415664729166667 0.0596540015625 0.23695434791666664 0.0547529453125 0.20914564791666665 0.048801424999999996 0.20233527499999998 0.045822578125 0.19549401875 0.046739121875 0.1920731125 0.0456404375 0.18318527291666667 0.041293921875 0.17752007083333332 0.0367069859375 0.16609757291666666 0.0347388390625 0.16542585625 0.0333036359375 0.16284515 0.03768180625 0.15612522291666667 0.042768893749999995 0.1529329125 0.0442214640625 0.1510390895833333 0.0377196296875 0.15061223333333332 0.035900829687500004 0.14954344166666667 0.0356430421875 0.14826067291666664 0 0.16099470416666667 0 0.23150164583333332
0 0.4834708703125 0.19312264583333333 0.48289393125 0.19367248125 0.48384635156250005 0.20639346875 0.4828244546875 0.2115705979166667 0.4833226609375 0.21861066666666668 0.48272526875 0.22019896458333335 0.48330529218749996 0.22308519791666667 0.48260254375 0.22642971875 0.48316211249999996 0.23035441041666666 0.482585175 0.23090424791666667 0.48419634843750003 0.23892156041666668 0.48802728906250004 0.24202122083333333 0.49397264218750003 0.24195945416666667 0.4972470984375 0.24457049166666664 0.4976133265625 0.24753310625 0.49710083593750004 0.24840363541666666 0.49748751718750006 0.2503277916666667 0.49819335000000003 0.25041933958333334 0.4989697984375 0.25770371875 0.50648233125 0.2643001145833333 0.5086469046875 0.2693699770833333 0.5129289734375 0.27471448541666665 0.51735730625 0.27622585 0.5215309359375 0.27989051249999997 0.52290169375 0.2821505270833333 0.5264103984374999 0.283646725 0.529040384375 0.2830508395833334 0.5342768203125 0.2794614541666667 0.5383562953125 0.273535675 0.541668575 0.270633725 0.5468139390625 0.26088996666666664 0.551449896875 0.2554528104166667 0.552366440625 0.25203190625 0.554609746875 0.24951186458333333 0.5553124921875 0.24616734375 0.5567446109375 0.24531197916666667 0.5578340390625 0.24389161041666665 0.5580887437500001 0.2417383125 0.561485925 0.23811859375 0.56364124375 0.23288025 0.5610429109374999 0.22109101041666665 0.559821503125 0.21843392083333332 0.557232425 0.21695288958333334 0.550829775 0.20789766875 0.5492625921875 0.20123950833333334 0.5484923125 0.20082726874999998 0.5466264375 0.19496325625 0.5458499875 0.18767887708333333 0.546362478125 0.18680834583333333 0.5453313265624999 0.18167726666666667 0.5407914703125 0.1750499875 0.537812625 0.16820873125 0.53738195 0.16492542291666668 0.538040703125 0.16022175 0.5390012390625001 0.15815999791666666 0.542998896875 0.15638805625 0.546721396875 0.15780787083333334 0.55121109375 0.15620385833333333 0.551937378125 0.15525694583333335 0.55103820625 0.15420332083333335 0.5505839921875 0.14852240416666668 0.551433003125 0.14134473958333332 0.5558582515625 0.13942003125 0.558233534375 0.14097744583333333 0.5603981078125 0.1460473104166667 0.563180528125 0.14849041875 0.5675096749999999 0.15863015 0.56862264375 0.15960739166666665 0.5710183828125001 0.16012634583333335 0.5797195296875 0.15667400625 0.5807618812500001 0.15045841875 0.5786555859375 0.13883710625 0.5791680765625 0.13796657708333332 0.5790565515625 0.13285066458333333 0.580614478125 0.12920061458333335 0.5812732328125 0.12449694166666667 0.58257645625 0.12300019375 0.5853056296875 0.11377594166666666 0.5848749546875001 0.11049263333333334 0.5853843624999999 0.10618603541666666 0.58364429375 0.0975273375 0.5826806734375001 0.09615301875 0.58145618125 0.0900598625 0.5771096640625 0.08439466041666667 0.5696237546875 0.08363194791666667 0.559982525 0.08810757708333333 0.5574374390625 0.08798569791666666 0.556066684375 0.08572568333333333 0.5548421921875 0.07963252708333333 0.5552257875 0.0781206125 0.5633611984375 0.06387144375 0.558721015625 0.040781583333333336 0.5564715421875001 0.03642948541666667 0.5523183656249999 0.0317263625 0.550499565625 0.03065757083333333 0.542887846875 0.03268954166666667 0.54006451875 0.03232335 0.535785534375 0.0304149125 0.532595978125 0.027086108333333334 0.5298370984375 0.027040610416666666 0.5242579734375 0.030064989583333333 0.5230631890625 0.03324158333333333 0.5182134359375 0.03875512291666667 0.5173173484375 0.04113756666666667 0.5174493265625 0.04521502291666667 0.5060741984375 0.04790409375 0.505171940625 0.0434144 0.497117209375 0.028418783333333333 0.4948063703125 0.027182064583333332 0.4930284796875 0.024036354166666666 0.49048339375000005 0.023914472916666665 0.4873204609375 0.02641935 0.4839028265625 0.031077524999999998 0.47599241093750005 0.033903645833333336 0.4721001078125 0.0339193625 0.4720796546875 0.03495782083333333 0.46690766562499997 0.03886789583333334 0.463897165625 0.04441176875 0.46146052031250007 0.04596973333333333 0.45857891406249995 0.05215498958333333 0.45890115 0.05375845208333333 0.45830375781250005 0.05534674791666667 0.4602545359375 0.060492993749999995 0.46211732968749997 0.0629209375 0.4635289921875 0.06310403125 0.47181180468750006 0.07011266666666667 0.47489600625 0.07519769791666667 0.46953684687499997 0.0850178375 0.45544991562500003 0.09245663333333334 0.4536137453125 0.09586237083333334 0.449083140625 0.09954330208333334 0.4478883578125 0.10271989583333332 0.444789871875 0.1055454625 0.44250565937499997 0.11014242291666668 0.441589115625 0.11356332708333333 0.44223667187500004 0.12020632083333332 0.4446150390625 0.12519980416666668 0.44752635312500005 0.12828429791666665 0.44838461875 0.13141484166666667 0.444841175 0.13886770208333335 0.44503760000000003 0.14326585 0.44217644843750004 0.14841264791666667 0.44192482968749996 0.15400201666666666 0.44486585156249997 0.1663562625 0.4453845109375 0.17235787291666668 0.444807575 0.17290770833333333 0.44481065937500003 0.1763437791666667 0.4468494234375 0.18420832708333332 0.44875620937500005 0.18799542291666665 0.45250224843750003 0.19181284999999998 0.4565296140625 0.19931065625000002 0.46046591093749994 0.20065409166666667 0.46854612656250005 0.19639243750000002 0.46937776875 0.19368930208333335 0.472133565625 0.19029873125 0.47247316875 0.1874276625 0.47445868750000003 0.18362485208333332 0.4835526875 0.18896880833333332 0.4834708703125 0.19312264583333333
0 0.409334971875 0.181112525 0.413335715625 0.18277665208333332 0.41506961562500005 0.18456321041666665 0.4199868984375 0.18280643333333335 0.4206016609375 0.17674360833333333 0.419224734375 0.16761145416666665 0.41915411875 0.16041862291666667 0.41782118749999997 0.15264561875 0.41634199218749995 0.1487057625 0.4167460421875 0.14615538749999998 0.4162069265625 0.14119223749999998 0.41436458906249996 0.1377258375 0.4070720203125 0.13792520000000003 0.4005323609375 0.14301133124999998 0.3956150765625 0.14476810833333334 0.393456671875 0.14657038541666667 0.3888585375 0.14649455416666665 0.38471153125 0.14866357083333334 0.38268819062500004 0.15797937083333335 0.3849202953125 0.16680599583333333 0.38531006093750003 0.17216622291666667 0.3847331234375 0.17271606041666668 0.38478020156250003 0.17751128125 0.38718519375 0.18833844375 0.3893733046875 0.19580591875 0.39352648125 0.20050904166666667 0.397418784375 0.200493325 0.4022920765625 0.19737739791666667 0.40224808437500004 0.19601824583333333 0.4059408765625 0.18816831041666668 0.4062804796875 0.18529724375 0.405656465625 0.18105186041666668 0.4062947640625 0.17738664583333333 0.4078353234375 0.17821112708333334 0.409334971875 0.181112525
0 0.22273065937499997 1 0.2228519140625 0.9977274166666666 0.2262633796875 0.9861971 0.2332213734375 0.9706499958333333 0.23349653125 0.9674582375 0.2349695578125 0.96452595625 0.2359239234375 0.9555920645833333 0.2375258421875 0.9533011666666666 0.238099696875 0.9493152583333334 0.239487821875 0.94710074375 0.2404657265625 0.9405644624999999 0.2411920125 0.9396175520833334 0.24110402656250002 0.9368992479166667 0.24236325781249998 0.9340433479166667 0.24064364375 0.9243461916666667 0.23753281875 0.9134274791666667 0.23804531093749998 0.91255695 0.2377404453125 0.9064789583333333 0.2361119015625 0.902936175 0.2301460953125 0.9040364000000001 0.226280415625 0.9098857979166667 0.2250682625 0.9175369208333334 0.22550202187499999 0.9242562979166667 0.22298355937499997 0.9299680958333333 0.2201633171875 0.9330379770833334 0.2174955046875 0.9391468520833333 0.21638870625 0.9450417479166667 0.2115451234375 0.9574274270833333 0.2117180109375 0.9594279625 0.20971203906250002 0.9642692333333333 0.209501328125 0.9677816854166666 0.20651436875 0.9757231666666667 0.2067517015625 0.9780443958333334 0.20513241249999997 0.9848098229166666 0.20577688125 0.9880167458333333 0.20520302968749998 0.9920026541666667 0.205762596875 0.9959273458333333 0.20478160937499998 0.9990275583333333 0.204771521875 1 0.22273065937499997 1
0 0.579970340625 0.19783046458333334 0.5823220859375 0.19699026666666666 0.582342540625 0.1959518083333333 0.58383910625 0.19541713749999998 0.5868291515624999 0.19091172291666667 0.5906130140625 0.18921616458333332 0.59435596875 0.18959751875 0.5976038015625 0.18637487708333333 0.59762425625 0.18533641875 0.605110165625 0.18609913333333333 0.606223134375 0.18707637500000002 0.610970615625 0.18675513125 0.6120365078125001 0.18293715625 0.611775634375 0.17821831458333334 0.6127566234375 0.17511810416666668 0.6124343890625 0.1735146416666667 0.613286484375 0.16977304583333333 0.6127709078125 0.16720750416666666 0.613347846875 0.16665766875000002 0.6086320171875 0.15459378333333335 0.6059140453125 0.15247136666666666 0.6044992953125 0.14885220208333333 0.6053923 0.1430336875 0.6035233375 0.1337336041666667 0.601830346875 0.12987012916666668 0.598148753125 0.12637339375 0.5928447875 0.12620601458333333 0.5893769890625 0.12263289999999999 0.5854846859375 0.12264861666666667 0.5843308109375001 0.12374829166666666 0.5820670515625 0.12730679375 0.582090590625 0.12970440416666668 0.58121495625 0.1310483875 0.5812415796875 0.13688207083333334 0.580664640625 0.13743190624999999 0.5815996906249999 0.15462742083333333 0.5809818453125 0.15725417708333334 0.5801062109374999 0.1585981645833333 0.572966075 0.16183652291666667 0.5729456203125001 0.16287498125 0.5703596265625 0.16483001875 0.568822153125 0.16744160833333332 0.5676713624999999 0.17197735416666668 0.5511068781249999 0.18305103125000002 0.5472616515625 0.1878619708333333 0.5470069484375 0.19001527083333333 0.5480381000000001 0.19514635208333334 0.5493239546875001 0.19812413125 0.5533277828125 0.20322432708333332 0.5562657203125 0.21214250208333332 0.5592414812500001 0.21554768958333334 0.5626212921875 0.2164025020833333 0.56781065 0.20801789583333333 0.569392115625 0.20676545833333335 0.5703086578125001 0.20334455624999997 0.5704958296875 0.19743449166666668 0.5734449671874999 0.19500599791666667 0.573679215625 0.19389115625 0.574961984375 0.19343286666666665 0.5774866171874999 0.19459320833333335 0.579970340625 0.19783046458333334
0 0.12238719687499999 0.4829850625 0.1277668109375 0.4721264645833333 0.13170002187500002 0.4700338291666667 0.136277703125 0.47114811875 0.13765154375 0.47684420208333334 0.13564557187499998 0.48168547291666663 0.1358829046875 0.48400670208333335 0.13498681875000001 0.48638914791666665 0.1335546984375 0.48724451041666667 0.13280795781250002 0.48922988125 0.1328314984375 0.4916274916666667 0.1310833140625 0.49775153333333333 0.1306209859375 0.5068533541666667 0.1311805546875 0.51077804375 0.130603615625 0.5113278833333333 0.1318721015625 0.51878019375 0.1312951640625 0.5193300291666667 0.134728221875 0.5318522020833334 0.1390102921875 0.5371967104166667 0.147096678125 0.5398071979166666 0.148209646875 0.5407844416666666 0.1489390171875 0.5432736020833333 0.15159254375 0.5450753250000001 0.154697196875 0.5491218958333334 0.1583347984375 0.5512594791666667 0.163404515625 0.5525416979166666 0.173400771875 0.56237535 0.175453821875 0.5623293 0.17759485625 0.5650015541666666 0.18180939375 0.5665893000000001 0.182280978125 0.5677956875 0.186237728125 0.5681006645833333 0.188440125 0.5676575395833333 0.19217999375 0.564602825 0.1926218703125 0.5565394645833333 0.19392509375 0.5550427145833333 0.1946922875 0.5520188874999999 0.1983237171875 0.5472843291666667 0.1998376515625 0.5422751291666666 0.20030615 0.5400454479166666 0.1998519359375 0.5343645291666667 0.20117253124999998 0.5283932541666666 0.2009116578125 0.5236744125 0.2024255921875 0.5186652125 0.203482228125 0.504539025 0.2051015171875 0.49777360000000004 0.2026525328125 0.48558728333333334 0.196653934375 0.47398168958333337 0.1953649953125 0.4675678395833333 0.19557570468750002 0.46405538958333337 0.19660068749999998 0.4623143270833333 0.1985391265625 0.4537162958333333 0.20219409531250002 0.4513793479166667 0.2080780859375 0.45443295833333336 0.2099408765625 0.4568609020833333 0.21252995624999999 0.45834193333333334 0.215780875 0.45855536041666667 0.22666396562500002 0.4556983604166666 0.23243643125000002 0.45363605625 0.23818535624999998 0.44917614166666664 0.23942413437500001 0.44735870208333334 0.2409145296875 0.43995189166666665 0.23769526718749998 0.4273533354166667 0.2352431953125 0.4117309520833333 0.2302726640625 0.4018203645833333 0.22943485468749997 0.39765136250000005 0.2302225015625 0.393589075 0.22925579687500003 0.38877868541666666 0.22698586875 0.3854650479166667 0.2236909578125 0.38389246666666665 0.21998582656250001 0.3779981229166667 0.2180381328125 0.37628794791666664 0.21531707500000002 0.37072946041666666 0.21199862500000002 0.3667592708333334 0.20904023437500002 0.35887955416666667 0.20696364531250003 0.35652799375 0.20401142343749998 0.35552041875 0.199755978125 0.35600958958333334 0.19176066249999998 0.359553475 0.1889577875 0.358148825 0.18756349375 0.35349120208333334 0.18820179374999998 0.3498259875 0.18783556562499998 0.346863375 0.1890508046875 0.34264832291666664 0.18868149218750002 0.3362496375 0.1879112125 0.33583739791666667 0.1871173953125 0.3330275458333333 0.18441062187499999 0.31955846041666663 0.1797245015625 0.3167643270833333 0.171023353125 0.32021666458333337 0.1659393515625 0.32684504374999995 0.16288794374999999 0.33446583541666663 0.16314573125 0.3357486041666667 0.1615878046875 0.33939865416666665 0.16195403125000002 0.34236126875 0.161359725 0.34738563333333333 0.1595031015625 0.35182982916666666 0.15980488125 0.35447175208333337 0.1580362453125 0.36163425208333333 0.1611266140625 0.37359142291666664 0.1598561828125 0.38779399166666667 0.156499909375 0.38933678958333334 0.1546371171875 0.3869088479166667 0.1521503078125 0.38023552083333334 0.14862926406250002 0.3649950416666667 0.1445405359375 0.3606126125 0.132151625 0.35369607708333334 0.1266338640625 0.35360507916666667 0.12214416718750001 0.35520909166666664 0.1175286640625 0.3596077916666667 0.11364253124999998 0.36649564791666667 0.11090718749999999 0.3688477604166666 0.10097960156250001 0.38786182083333337 0.10096223281250001 0.39233634791666666 0.10038529375000001 0.39288618541666664 0.1010297640625 0.39609311041666667 0.10173559531250001 0.39618465833333333 0.1025294140625 0.39899450833333333 0.10601766406249999 0.4015291645833334 0.1071101796875 0.40354486875 0.1079479890625 0.4077138708333334 0.1074794921875 0.40994355416666667 0.10367517343749999 0.4126775729166667 0.09826585156249999 0.4142664208333333 0.09366771874999999 0.4141905895833334 0.0918489171875 0.4131218 0.0874881171875 0.41536719791666665 0.087198675 0.42646955416666665 0.085918990625 0.43036391458333334 0.0862852171875 0.4333265291666667 0.08570827812500001 0.43387636458333334 0.08569399375 0.44178696458333333 0.08511705625 0.4423368020833333 0.0861482078125 0.44746788125 0.087176275 0.44916289374999996 0.08997915 0.45056754375 0.09435228906250001 0.462066425 0.0959225546875 0.47216065416666664 0.0952638015625 0.4768643270833334 0.095694475 0.4801476333333333 0.0951175375 0.4806974729166667 0.09763096875 0.49320447916666665 0.0975696078125 0.49631985625 0.09949993124999999 0.5025045625 0.10281529687499999 0.50303868125 0.1110244078125 0.49941841458333336 0.116536 0.49263727083333336 0.11811438125 0.4879487625 0.12238719687499999 0.4829850625
0 0.3708092578125 1 0.369883790625 0.99847415 0.3607079765625 0.99728403125 0.359808803125 0.9962304062499999 0.35600139999999997 0.99552835625 0.35405370625 0.9938181791666667 0.3530870015625 0.9890077916666667 0.35511034218750004 0.97969199375 0.35595626875 0.96907825625 0.3545384359375 0.9620230208333334 0.3532525796875 0.9590452395833334 0.35226850625 0.9587093812499999 0.35070441093750004 0.9554872895833333 0.345930303125 0.9499748541666667 0.342160725 0.9437598166666666 0.3373048015625 0.9424012166666667 0.3322586234375 0.9435166083333333 0.329113059375 0.9415469541666667 0.3260084046875 0.93750038125 0.3243185 0.9370729770833334 0.320666615625 0.9428459916666667 0.3165114953125 0.9597977479166667 0.3155274203125 0.9594618895833332 0.31479805 0.9569727312499999 0.3092536625 0.9510480520833333 0.3073642484375 0.9427864291666667 0.3050094171875 0.9401905583333333 0.30021794218750003 0.93915265 0.282537403125 0.9458130145833333 0.2767414 0.9454777062499999 0.27246549999999997 0.9470053395833333 0.2663360609375 0.9564132395833334 0.2627015453125 0.957711725 0.2603528859375 0.9619879916666666 0.2591345625 0.962766975 0.258923853125 0.966279425 0.257067228125 0.9707236229166667 0.25166099218750004 0.9757485395833334 0.2508733421875 0.9798108291666666 0.2522911765625 0.9868660625000001 0.25533446875 0.9940280125 0.2564230171875 1 0.3708092578125 1