0 0.3728780859375 0.41059027708333334 0.3726851859375 0.41521990833333333 0.3709490734375 0.418113425 0.3709490734375 0.421875 0.37152777812500004 0.42216435208333336 0.3717206796875 0.42476851875 0.37364969062500003 0.4270833333333333 0.37635030937499997 0.433449075 0.3780864203125 0.43547453750000004 0.3802083328125 0.44097222291666666 0.381365740625 0.44241898125 0.3848379625 0.45196759166666667 0.3848379625 0.45341435208333336 0.3856095671875 0.45428240833333333 0.3869598765625 0.46064814791666664 0.3886959875 0.46296296249999996 0.3894675921875 0.46759259166666667 0.390046296875 0.46788194375000003 0.39158950625 0.48292824166666665 0.39216820937499997 0.48553240833333333 0.3927469140625 0.48582175833333335 0.39409722187499996 0.49421296249999996 0.39756944375000003 0.49421296249999996 0.39756944375000003 0.48090277708333334 0.40007716093749995 0.47337962916666665 0.40007716093749995 0.47164351875 0.400848765625 0.47077546249999996 0.4010416671875 0.46817129583333333 0.4010416671875 0.45196759166666667 0.40046296249999996 0.449074075 0.4035493828125 0.4470486104166667 0.40547839531249996 0.44444444375000003 0.40605709843750004 0.44212962916666665 0.40547839531249996 0.43634259166666667 0.4029706796875 0.43402777708333334 0.3981481484375 0.425925925 0.39351851875 0.40972222291666666 0.3908179015625 0.40509259166666667 0.3863811734375 0.40190972291666666 0.3850308640625 0.39988425833333335 0.384259259375 0.39641203750000004 0.3802083328125 0.39409722291666666 0.375578703125 0.3967013895833333 0.37422839531249996 0.39930555624999997 0.369598765625 0.39959490833333333 0.369598765625 0.4036458333333333 0.3709490734375 0.40509259166666667 0.37152777812500004 0.40827546249999996 0.3728780859375 0.41059027708333334
0 0.7405478390625 0 0.7403549375 0.0020254625 0.730516975 0.002314814583333333 0.728009259375 0.003761575 0.72665895 0.00694444375 0.7278163578125 0.015914352083333333 0.7272376546875 0.019386575 0.7258873453125 0.02112268541666667 0.725115740625 0.02575231458333333 0.725115740625 0.05439814791666667 0.7247299375 0.05700231458333334 0.721257715625 0.06163194375 0.7220293203125 0.07870370416666667 0.7258873453125 0.08564814791666667 0.7289737656249999 0.08738425833333333 0.7297453703125 0.089699075 0.7326388890625 0.09259259166666665 0.7332175921874999 0.09432870416666667 0.7363040125 0.09722222291666666 0.7374614203125 0.0995370375 0.7403549375 0.10127314791666667 0.74517746875 0.10763888958333333 0.7476851859375 0.10850694375 0.7519290125 0.10850694375 0.7532793203125 0.10763888958333333 0.7565586421875 0.10127314791666667 0.75790895 0.0917245375 0.7604166671875 0.08622685208333333 0.761188271875 0.0801504625 0.7625385796875 0.07725694375 0.763117284375 0.074074075 0.765239196875 0.07002314791666667 0.7702546296875 0.06799768541666666 0.77237654375 0.06423611041666667 0.7725694437499999 0.06163194375 0.7756558640625 0.05815972291666667 0.7800925921874999 0.058449074999999996 0.7858796296875 0.0604745375 0.7870370375 0.059895833333333336 0.7883873453125 0.0567129625 0.7908950625 0.04600694375 0.7951388890625 0.04021990833333333 0.796296296875 0.03674768541666666 0.7957175921874999 0.032986110416666665 0.79398148125 0.029224537499999998 0.7910879625 0.027488425 0.787615740625 0.024016204166666666 0.7864583328125 0.021701389583333335 0.782600309375 0.018229166666666668 0.7797067906249999 0.013020833333333334 0.777777778125 0.010995370833333332 0.7758487656249999 0.006365741666666667 0.7727623453125 0.0034722229166666663 0.7687114203125 0.004629629166666666 0.7677469140625 0.0031828708333333333 0.7640817906249999 0.002314814583333333 0.7584876546875 0.00491898125 0.75790895 0.0034722229166666663 0.7559799375 0.002314814583333333 0.746527778125 0.0020254625 0.746141975 0 0.7405478390625 0
0 0.3269675921875 0.5905671291666666 0.327546296875 0.59085648125 0.3261959875 0.6021412041666667 0.3263888890625 0.6090856479166666 0.325617284375 0.6137152770833333 0.3244598765625 0.6157407416666667 0.32658179062500003 0.6206597229166667 0.32908950625 0.62210648125 0.3323688265625 0.6267361104166667 0.335455246875 0.6281828708333334 0.33699845625 0.6304976854166667 0.3400848765625 0.6316550916666667 0.3416280859375 0.6333912041666667 0.34722222187499996 0.6316550916666667 0.35590277812500004 0.6319444437499999 0.3605324078125 0.6348379625 0.3655478390625 0.6403356479166666 0.3688271609375 0.6400462958333333 0.3703703703125 0.6385995375 0.37229938281249997 0.6322337958333333 0.37422839531249996 0.6296296291666666 0.3748070984375 0.6267361104166667 0.37345679062500003 0.6186342583333333 0.37229938281249997 0.6157407416666667 0.369598765625 0.6119791666666666 0.3643904328125 0.6085069437499999 0.3626543203125 0.6059027770833333 0.3605324078125 0.60445601875 0.3543595671875 0.5957754625 0.3543595671875 0.5914351854166667 0.3557098765625 0.5894097229166667 0.3562885796875 0.5865162041666667 0.3560956796875 0.5818865750000001 0.3497299375 0.5729166666666666 0.3495370375 0.56539351875 0.347608025 0.5607638895833333 0.34220679062500003 0.5555555562500001 0.33487654375 0.5558449083333333 0.32966820937499997 0.55960648125 0.3279320984375 0.5625 0.32658179062500003 0.56741898125 0.32542438281249997 0.5688657416666667 0.3238811734375 0.5691550916666667 0.3231095671875 0.5708912041666667 0.3231095671875 0.5749421291666666 0.3261959875 0.5836226854166667 0.3269675921875 0.5905671291666666
0 0.565972221875 0.04832175833333333 0.5682870375 0.050636574999999996 0.57040895 0.05555555625 0.57021605 0.05815972291666667 0.5677083328125 0.06365740833333333 0.562885803125 0.06944444375 0.5601851859375 0.07783564791666667 0.5603780859375 0.08738425833333333 0.5609567906249999 0.08767361041666667 0.561149690625 0.09056712916666668 0.562885803125 0.09664351875 0.563078703125 0.10185185208333333 0.5636574078125001 0.10214120416666667 0.563078703125 0.10590277708333334 0.5661651234375 0.11197916666666667 0.5682870375 0.113136575 0.571759259375 0.113136575 0.57330246875 0.11111111041666667 0.579475309375 0.10677083333333333 0.5837191359375 0.105324075 0.5850694437499999 0.10185185208333333 0.58584105 0.10445601875 0.590277778125 0.11053240833333335 0.5916280859375 0.11371527708333334 0.5939429015625 0.1151620375 0.595100309375 0.11747685208333333 0.60050154375 0.12065972291666666 0.6163194437499999 0.12268518541666666 0.6195987656249999 0.120949075 0.6207561734375 0.1192129625 0.621527778125 0.1035879625 0.621527778125 0.08622685208333333 0.6207561734375 0.07841435208333333 0.621527778125 0.06915509166666665 0.621141975 0.06336805625 0.6217206796875 0.06134259166666667 0.6269290125 0.058449074999999996 0.627507715625 0.05700231458333334 0.6307870375 0.05410879583333333 0.6315586421875 0.05179398125 0.6375385796875 0.042824074999999996 0.638117284375 0.040798610416666665 0.638117284375 0.036458333333333336 0.6369598765625 0.03153935208333333 0.63290895 0.029513889583333335 0.626350309375 0.03153935208333333 0.6251929015625 0.032986110416666665 0.6180555562500001 0.03674768541666666 0.6124614203125 0.03674768541666666 0.6018518515625 0.03153935208333333 0.5954861109375 0.03125 0.5929783953125 0.025173610416666665 0.5904706796875 0.022280091666666668 0.5896990734374999 0.019097222916666667 0.58699845625 0.018229166666666668 0.5868055562500001 0.017361110416666665 0.5812114203125 0.017071758333333336 0.578125 0.018807870833333334 0.5750385796875 0.018229166666666668 0.5744598765625 0.017361110416666665 0.574266975 0.018229166666666668 0.5711805562500001 0.019097222916666667 0.5675154328125 0.021701389583333335 0.5657793203125 0.025462962500000002 0.5655864203125 0.028645833333333332 0.565007715625 0.02893518541666667 0.5636574078125001 0.033854166666666664 0.5597993828125001 0.04050925833333333 0.5592206796875 0.04340277708333333 0.5603780859375 0.04658564791666667 0.5644290125 0.04716435208333333 0.565972221875 0.04832175833333333
0 0.9147376546875 0 0.9147376546875 0.0017361104166666666 0.9133873453125 0.002314814583333333 0.9122299375 0.004629629166666666 0.912615740625 0.008969908333333334 0.9120370375 0.01475694375 0.9114583328125001 0.015046295833333334 0.9095293203124999 0.021412037499999998 0.9095293203124999 0.024016204166666666 0.908757715625 0.026041666666666668 0.9122299375 0.029803241666666664 0.9133873453125 0.03472222291666667 0.91396605 0.035011574999999996 0.91415895 0.03790509166666667 0.9160879625 0.041666666666666664 0.9182098765625 0.043113425000000004 0.919367284375 0.04542824166666667 0.9199459875 0.05034722291666667 0.9207175921875 0.052083333333333336 0.9207175921875 0.058738425000000004 0.919367284375 0.06423611041666667 0.9160879625 0.06799768541666666 0.9153163578125 0.07146990833333335 0.9133873453125 0.07291666666666667 0.9101080250000001 0.081886575 0.9099151234375 0.09143518541666666 0.9103009265625 0.09403935208333333 0.9120370375 0.09722222291666666 0.9130015437500001 0.10908564791666667 0.9149305562500001 0.113136575 0.9185956796875001 0.11689814791666667 0.9207175921875 0.12876157500000002 0.9234182093750001 0.13310185208333333 0.9234182093750001 0.13425925833333335 0.9265046296874999 0.13715277708333332 0.9276620375 0.13946759166666667 0.934027778125 0.14351851875000002 0.94039351875 0.14554398124999998 0.9427083328125001 0.14901620416666667 0.9498456796875001 0.1504629625 0.9513888890625 0.1484375 0.9515817906249999 0.14699074166666665 0.9540895062500001 0.14409722291666668 0.9546682093750001 0.14149305625 0.956597221875 0.13802083333333334 0.9618055562500001 0.13396990833333333 0.963348765625 0.1310763895833333 0.96392746875 0.12789351875 0.9664351859375 0.1229745375 0.9666280859375 0.11892361041666667 0.9679783953125 0.11660879583333333 0.9685570984374999 0.11082175833333333 0.9706790125 0.109375 0.9706790125 0.10821759166666665 0.9720293203124999 0.10677083333333333 0.9739583328125001 0.10677083333333333 0.975115740625 0.10474537083333332 0.978009259375 0.10271990833333335 0.9785879625 0.10011574166666667 0.9782021609375 0.09548611041666667 0.9787808640625 0.08738425833333333 0.9770447531249999 0.07783564791666667 0.981867284375 0.07175925833333333 0.981867284375 0.06944444375 0.9826388890625 0.06799768541666666 0.9826388890625 0.060763889583333335 0.981867284375 0.059895833333333336 0.980902778125 0.05584490833333333 0.9797453703125001 0.05555555625 0.978009259375 0.052083333333333336 0.97665895 0.05150462916666666 0.9726080250000001 0.044270833333333336 0.970100309375 0.04195601875 0.9679783953125 0.03819444375 0.9654706796875001 0.03616898125 0.9606481484374999 0.02893518541666667 0.9589120375 0.024016204166666666 0.9587191359375 0.020254629166666666 0.95794753125 0.01851851875 0.9581404328125 0.012152777083333333 0.9592978390625 0.008391204166666666 0.9592978390625 0.00491898125 0.95794753125 0.002314814583333333 0.9562114203125001 0.0020254625 0.95601851875 0 0.9373070984374999 0 0.9373070984374999 0.0014467583333333332 0.9359567906249999 0.00289351875 0.9322916671874999 0.002314814583333333 0.9315200625 0.0014467583333333332 0.9315200625 0 0.9147376546875 0
0 0.83101851875 0.5865162041666667 0.84664351875 0.5862268520833334 0.853973765625 0.5868055562500001 0.8560956796875001 0.5882523145833333 0.8562885796874999 0.5905671291666666 0.856867284375 0.59085648125 0.8576388890625 0.5992476854166667 0.8562885796874999 0.6021412041666667 0.8560956796875001 0.6059027770833333 0.8543595671875 0.6119791666666666 0.8541666671874999 0.6183449083333333 0.8535879625 0.6186342583333333 0.8543595671875 0.6226851854166667 0.8562885796874999 0.625 0.8640046296874999 0.62789351875 0.8649691359375 0.6302083333333334 0.8678626546875 0.6336805562500001 0.8697916671874999 0.6385995375 0.87210648125 0.6414930562500001 0.8728780859375 0.6443865750000001 0.8751929015625001 0.6461226854166667 0.876350309375 0.6481481479166666 0.8805941359375 0.6498842583333333 0.8809799375 0.6507523145833333 0.8873456796875001 0.6524884249999999 0.8908179015625001 0.6443865750000001 0.8927469140625 0.63773148125 0.894097221875 0.6359953708333334 0.89544753125 0.6322337958333333 0.8973765437500001 0.6302083333333334 0.89834105 0.62789351875 0.9020061734375 0.6264467583333333 0.9041280859375 0.6235532416666667 0.9047067906249999 0.6186342583333333 0.903742284375 0.6157407416666667 0.8996913578125 0.609375 0.89834105 0.6053240750000001 0.900848765625 0.6015625 0.8989197531249999 0.5989583333333334 0.8964120375 0.5972222229166667 0.891975309375 0.5896990750000001 0.8908179015625001 0.5833333333333334 0.8902391968750001 0.58304398125 0.8883101859375 0.5763888895833333 0.888117284375 0.5737847229166667 0.88271605 0.5598958333333334 0.8815586421875 0.5532407416666667 0.8802083328125001 0.5503472229166667 0.8800154328125 0.546875 0.8788580250000001 0.5436921291666666 0.877507715625 0.5416666666666666 0.8730709875 0.5405092583333333 0.8705632718749999 0.5384837958333333 0.8651620375 0.5367476854166667 0.86419753125 0.5344328708333334 0.8609182093750001 0.5318287041666667 0.85648148125 0.5254629625 0.8562885796874999 0.5219907416666667 0.8576388890625 0.519386575 0.8578317906249999 0.51649305625 0.8609182093750001 0.5083912041666667 0.8634259265625 0.5063657416666667 0.8680555562500001 0.49797453750000004 0.8680555562500001 0.4945023145833333 0.8668981484374999 0.49276620416666667 0.8663194437499999 0.49016203750000004 0.864776234375 0.4895833333333333 0.8630401234375 0.4866898145833333 0.8595679015625001 0.48350694375000003 0.8570601859375 0.48321759166666667 0.8557098765625 0.4817708333333333 0.8522376546875 0.48148148125 0.8522376546875 0.4826388895833333 0.8508873453125 0.48379629583333333 0.850115740625 0.488425925 0.8489583328125001 0.48900462916666665 0.8481867281250001 0.49131944375000003 0.844328703125 0.49334490833333333 0.8377700625 0.49855324166666665 0.8375771609375 0.5014467583333333 0.8369984562499999 0.5017361104166667 0.8350694437499999 0.5081018520833334 0.8348765437500001 0.51070601875 0.8342978390625 0.5109953708333334 0.8337191359375 0.5190972229166666 0.83101851875 0.5289351854166667 0.83101851875 0.5393518520833334 0.825617284375 0.546875 0.8231095671875 0.5538194437499999 0.8231095671875 0.5604745375 0.825617284375 0.56539351875 0.8279320984374999 0.5813078708333334 0.83101851875 0.5865162041666667
0 0.79783950625 0.07465277708333334 0.79976851875 0.078125 0.7991898140625 0.08043981458333334 0.7989969140625 0.08854166666666667 0.7984182093750001 0.08883101875 0.798225309375 0.09461805625 0.797260803125 0.09866898125 0.7984182093750001 0.10792824166666667 0.7991898140625 0.109375 0.7991898140625 0.11371527708333334 0.7984182093750001 0.11545138958333333 0.7984182093750001 0.12181712916666668 0.79783950625 0.1229745375 0.79976851875 0.1270254625 0.8024691359375 0.12760416666666666 0.80478395 0.12876157500000002 0.8049768515625001 0.12962962916666668 0.8107638890625 0.13020833333333334 0.8128858031249999 0.13194444375 0.8128858031249999 0.13570601875000002 0.8103780859375 0.14149305625 0.8103780859375 0.15190972291666668 0.8109567906249999 0.152199075 0.8117283953125 0.1582754625 0.813078703125 0.16348379583333333 0.8136574078125 0.16377314791666667 0.813850309375 0.16753472291666668 0.8157793203124999 0.17245370416666667 0.8161651234375 0.17534722291666668 0.8177083328125001 0.17737268541666668 0.82040895 0.18402777708333332 0.825617284375 0.1875 0.8279320984374999 0.19444444375 0.8323688265625 0.20196759166666667 0.8364197531249999 0.20601851875000002 0.8385416671874999 0.21006944375 0.842399690625 0.21122685208333333 0.8464506171874999 0.20746527708333332 0.8481867281250001 0.20428240833333333 0.8503086421875 0.20225694375 0.85146605 0.199074075 0.853009259375 0.1973379625 0.8543595671875 0.191261575 0.8578317906249999 0.18634259166666667 0.8595679015625001 0.18518518541666668 0.8634259265625 0.17650462916666668 0.8643904328125 0.16956018541666668 0.8649691359375 0.16898148124999998 0.8649691359375 0.15711805625 0.8624614203125001 0.152199075 0.8603395062500001 0.144386575 0.8595679015625001 0.14380787083333332 0.856867284375 0.13744212916666668 0.8541666671874999 0.13396990833333333 0.8533950625 0.12876157500000002 0.8522376546875 0.12615740833333333 0.8543595671875 0.125 0.8549382718749999 0.1229745375 0.8524305562500001 0.12065972291666666 0.8522376546875 0.11545138958333333 0.8543595671875 0.113136575 0.8551311734375 0.10792824166666667 0.8576388890625 0.10850694375 0.8578317906249999 0.11197916666666667 0.8589891968750001 0.11429398125 0.8624614203125001 0.113136575 0.8643904328125 0.11371527708333334 0.8655478390625 0.11776620416666667 0.8663194437499999 0.11834490833333335 0.8697916671874999 0.11747685208333333 0.872492284375 0.11371527708333334 0.8771219140625 0.11111111041666667 0.877507715625 0.11197916666666667 0.8809799375 0.11284722291666666 0.8807870375 0.11747685208333333 0.8817515437500001 0.1192129625 0.8869598765625 0.12181712916666668 0.8908179015625001 0.12065972291666666 0.891975309375 0.11689814791666667 0.891975309375 0.10850694375 0.8915895062500001 0.09056712916666668 0.8910108031249999 0.089988425 0.890046296875 0.081886575 0.8873456796875001 0.07638888958333333 0.8869598765625 0.074074075 0.8846450625 0.0723379625 0.884259259375 0.07002314791666667 0.8817515437500001 0.06915509166666665 0.8802083328125001 0.06741898125 0.877507715625 0.06712962916666668 0.8728780859375 0.06481481458333334 0.8705632718749999 0.066550925 0.8661265437500001 0.06568287083333334 0.864776234375 0.06712962916666668 0.8626543203124999 0.06770833333333333 0.8578317906249999 0.06394675833333334 0.8576388890625 0.06134259166666667 0.856867284375 0.0604745375 0.856867284375 0.05584490833333333 0.8576388890625 0.0546875 0.8576388890625 0.05324074166666667 0.8589891968750001 0.05121527708333333 0.86419753125 0.050636574999999996 0.8676697531249999 0.04658564791666667 0.8711419749999999 0.03935185208333333 0.8734567906249999 0.036458333333333336 0.8726851859375 0.032986110416666665 0.871527778125 0.031828704166666666 0.8707561734375 0.029224537499999998 0.8690200625 0.02835648125 0.8676697531249999 0.02575231458333333 0.8655478390625 0.024016204166666666 0.86419753125 0.021990741666666664 0.8634259265625 0.018807870833333334 0.8603395062500001 0.014467591666666666 0.8560956796875001 0.011574075 0.8518518515625001 0.010127314583333333 0.8483796296874999 0.007233795833333333 0.845100309375 0.00694444375 0.842399690625 0.0078125 0.8348765437500001 0.017071758333333336 0.8312114203125001 0.015625 0.8277391968750001 0.012442129166666668 0.8244598765625 0.012731481250000001 0.8223379625 0.016203704166666666 0.8221450625 0.01793981458333333 0.8207947531249999 0.019965277083333333 0.8196373453125 0.020254629166666666 0.8163580250000001 0.029803241666666664 0.8148148140625 0.030671295833333334 0.8101851859375 0.029803241666666664 0.8069058640625 0.030671295833333334 0.80459105 0.03269675833333333 0.8001543203124999 0.04050925833333333 0.797260803125 0.04224537083333334 0.792438271875 0.04774305625 0.7916666671875 0.050925925000000004 0.7910879625 0.05121527708333333 0.7908950625 0.05410879583333333 0.78915895 0.05758101875 0.78915895 0.06770833333333333 0.79398148125 0.07060185208333333 0.7957175921874999 0.07320601875 0.79783950625 0.07465277708333334
0 0.248456790625 0 0.24826388906250002 0.0020254625 0.2459490734375 0.002314814583333333 0.24479166718749998 0.00491898125 0.2438271609375 0.01851851875 0.24324845625 0.018807870833333334 0.24324845625 0.022569443749999998 0.24209105000000003 0.02633101875 0.24131944375 0.0332754625 0.24131944375 0.05121527708333333 0.24324845625 0.05613425833333333 0.24324845625 0.06018518541666666 0.2438271609375 0.0604745375 0.2438271609375 0.06452546249999999 0.2459490734375 0.07725694375 0.25135030937499997 0.0859375 0.2536651234375 0.08709490833333335 0.258294753125 0.0917245375 0.2625385796875 0.09982638958333333 0.26523919687499997 0.10127314791666667 0.2692901234375 0.10040509166666665 0.2714120375 0.09606481458333334 0.2741126546875 0.09317129583333333 0.275848765625 0.089988425 0.27970679062500003 0.07928240833333335 0.280671296875 0.045138889583333335 0.28047839531249996 0.03964120416666667 0.27854938281249997 0.03443287083333334 0.27854938281249997 0.030092591666666668 0.2824074078125 0.024016204166666666 0.2824074078125 0.007233795833333333 0.2833719140625 0.005208333333333333 0.2833719140625 0 0.248456790625 0
0 0.3043981484375 0.33130787083333335 0.3018904328125 0.33709490833333333 0.30169753125 0.34027777708333334 0.3011188265625 0.34056712916666665 0.3011188265625 0.35040509166666667 0.30169753125 0.35069444375000003 0.3018904328125 0.3532986104166667 0.3030478390625 0.35619212916666665 0.307098765625 0.36226851875 0.3182870375 0.370949075 0.3221450625 0.37152777708333334 0.323688271875 0.3726851854166667 0.3300540125 0.3726851854166667 0.33101851875 0.37152777708333334 0.3321759265625 0.36689814791666664 0.33294753125 0.35966435208333336 0.3323688265625 0.35214120416666667 0.3331404328125 0.35098379583333333 0.335455246875 0.35098379583333333 0.33699845625 0.3532986104166667 0.341242284375 0.35474537083333335 0.3416280859375 0.355613425 0.3458719140625 0.35474537083333335 0.351080246875 0.347800925 0.3572530859375 0.34577546249999996 0.36284722187499996 0.3411458333333333 0.36419753125 0.33738425833333335 0.3668981484375 0.33304398125 0.37152777812500004 0.328125 0.37152777812500004 0.3226273145833333 0.369598765625 0.316261575 0.36805555624999997 0.31336805624999997 0.367669753125 0.31047453750000004 0.3649691359375 0.30439814791666664 0.3651620375 0.30005787083333335 0.367669753125 0.2916666666666667 0.367669753125 0.28848379583333333 0.3668981484375 0.2867476854166667 0.3640046296875 0.28327546249999996 0.35648148125 0.277488425 0.354938271875 0.27546296249999996 0.35050154375 0.27372685208333336 0.3495370375 0.27199074166666665 0.34297839531249996 0.26880787083333335 0.3385416671875 0.2679398145833333 0.338348765625 0.26707175833333335 0.3342978390625 0.26707175833333335 0.3341049375 0.2679398145833333 0.33159722187499996 0.2682291666666667 0.32966820937499997 0.26996527708333334 0.328125 0.27372685208333336 0.324266975 0.2751736104166667 0.3231095671875 0.27314814791666664 0.3229166671875 0.26851851875 0.321759259375 0.265625 0.3184799375 0.26388888958333334 0.315007715625 0.26446759166666667 0.313078703125 0.265625 0.31211419687499997 0.2682291666666667 0.309992284375 0.27054398125 0.3063271609375 0.2711226854166667 0.30362654375 0.2734375 0.30034722187499996 0.27401620416666667 0.29841820937499997 0.27633101875 0.2970679015625 0.28182870416666667 0.29783950625 0.2873263895833333 0.2926311734375 0.29745370416666667 0.292438271875 0.300925925 0.2932098765625 0.30381944375000003 0.30459105000000003 0.32783564791666664 0.3043981484375 0.33130787083333335
0 0.8668981484374999 0.5379050916666667 0.869598765625 0.5384837958333333 0.8717206796875001 0.5407986104166667 0.8786651234375 0.5436921291666666 0.8802083328125001 0.5460069437499999 0.8802083328125001 0.5506365750000001 0.8807870375 0.5509259249999999 0.881365740625 0.5543981479166666 0.88271605 0.5564236104166667 0.88290895 0.5593171291666666 0.8834876546875 0.55960648125 0.8848379625 0.5651041666666666 0.8904320984374999 0.5763888895833333 0.894097221875 0.5821759249999999 0.9012345671875 0.5868055562500001 0.906828703125 0.5957754625 0.9089506171874999 0.5972222229166667 0.9108796296874999 0.6004050916666667 0.9145447531249999 0.6018518520833334 0.9149305562500001 0.6027199083333333 0.9172453703125001 0.6004050916666667 0.9201388890625 0.6001157416666667 0.9228395062500001 0.59866898125 0.9293981484374999 0.5914351854166667 0.932098765625 0.58304398125 0.9332561734375 0.5772569437499999 0.9334490734375 0.5734953708333334 0.934027778125 0.5723379625 0.9342206796875001 0.5642361104166667 0.9355709875 0.5619212958333333 0.9405864203125001 0.5598958333333334 0.9432870375 0.5549768520833334 0.9442515437500001 0.5445601854166667 0.94521605 0.54195601875 0.9461805562500001 0.5344328708333334 0.946759259375 0.5338541666666666 0.9473379625 0.5176504625 0.9486882718749999 0.511863425 0.9513888890625 0.5092592583333333 0.9527391968750001 0.5063657416666667 0.9527391968750001 0.5002893520833334 0.9513888890625 0.49421296249999996 0.9494598765625 0.49016203750000004 0.9475308640625 0.488425925 0.946759259375 0.4861111104166667 0.94232253125 0.48321759166666667 0.9328703703125001 0.48148148125 0.9293981484374999 0.47858796249999996 0.9299768515625001 0.47627314791666664 0.9347993828125001 0.47453703750000004 0.9359567906249999 0.47193287083333335 0.9375 0.4632523145833333 0.9394290125 0.4583333333333333 0.9394290125 0.449074075 0.9357638890625 0.44560185208333336 0.925347221875 0.44675925833333335 0.9207175921875 0.4557291666666667 0.9185956796875001 0.464699075 0.9168595671875 0.46759259166666667 0.9158950625 0.47569444375000003 0.9147376546875 0.4782986104166667 0.9130015437500001 0.4704861104166667 0.9143518515625001 0.46296296249999996 0.9160879625 0.4609375 0.9162808640625 0.45630787083333335 0.915509259375 0.45283564791666664 0.9118441359375 0.44473379583333333 0.9074074078125 0.44068287083333335 0.9039351859375 0.43894675833333335 0.8993055562500001 0.44212962916666665 0.8937114203125001 0.441550925 0.8894675921875 0.44502314791666664 0.8888888890625 0.44733796249999996 0.8863811734375 0.4505208333333333 0.8854166671874999 0.45341435208333336 0.8796296296874999 0.4626736104166667 0.8786651234375 0.4664351854166667 0.8782793203124999 0.472800925 0.875578703125 0.4765625 0.8740354937499999 0.488136575 0.8728780859375 0.48900462916666665 0.8697916671874999 0.49652777708333334 0.8682484562499999 0.49797453750000004 0.8632330250000001 0.5063657416666667 0.8603395062500001 0.5081018520833334 0.8589891968750001 0.5109953708333334 0.8582175921875 0.5231481479166666 0.860725309375 0.52633101875 0.8651620375 0.5364583333333334 0.8668981484374999 0.5379050916666667
0 0.965277778125 0.4351851854166667 0.9666280859375 0.44097222291666666 0.9691358031249999 0.44502314791666664 0.969328703125 0.4470486104166667 0.9720293203124999 0.44994212916666665 0.9720293203124999 0.45109953750000004 0.9758873453125 0.4592013895833333 0.97665895 0.4635416666666667 0.9791666671874999 0.46672453750000004 0.9793595671875 0.47077546249999996 0.9785879625 0.4739583333333333 0.9791666671874999 0.4742476854166667 0.9801311734375 0.4826388895833333 0.981867284375 0.48553240833333333 0.9820601859375 0.488136575 0.9832175921875 0.4904513895833333 0.9832175921875 0.4939236104166667 0.983796296875 0.49421296249999996 0.983796296875 0.49565972291666666 0.9832175921875 0.495949075 0.9832175921875 0.5020254625 0.981867284375 0.50694444375 0.9832175921875 0.5173611104166667 0.983796296875 0.5179398145833333 0.9832175921875 0.5240162041666667 0.9826388890625 0.5248842583333333 0.9832175921875 0.5286458333333334 0.9839891968750001 0.5298032416666667 0.987847221875 0.5298032416666667 0.9940200625 0.5254629625 0.9967206796875001 0.52430555625 0.9998070984374999 0.52430555625 0.9998070984374999 0.47193287083333335 0.9978780859375 0.47193287083333335 0.9967206796875001 0.47019675833333335 0.9980709875 0.46788194375000003 0.9998070984374999 0.46788194375000003 0.9998070984374999 0.42997685208333336 0.9978780859375 0.42997685208333336 0.9957561734375 0.425636575 0.9911265437500001 0.42129629583333333 0.97955246875 0.42245370416666667 0.969328703125 0.42100694375000003 0.9666280859375 0.42216435208333336 0.9646990734375 0.42505787083333335 0.96392746875 0.43026620416666667 0.9645061734375 0.43055555624999997 0.9646990734375 0.4348958333333333 0.965277778125 0.4351851854166667
0 0.2571373453125 0.46759259166666667 0.25887345625 0.46672453750000004 0.2598379625 0.46817129583333333 0.2598379625 0.47077546249999996 0.25868055624999997 0.47366898125 0.25868055624999997 0.47627314791666664 0.2598379625 0.47974537083333335 0.2613811734375 0.4826388895833333 0.265046296875 0.4866898145833333 0.2654320984375 0.488425925 0.26909722187499996 0.48929398125 0.27044753125 0.48524305624999997 0.2706404328125 0.4664351854166667 0.270061728125 0.4586226854166667 0.2706404328125 0.4508101854166667 0.2712191359375 0.45023148125 0.2712191359375 0.441261575 0.2717978390625 0.43692129583333333 0.2712191359375 0.43055555624999997 0.2692901234375 0.4279513895833333 0.266203703125 0.4296875 0.2644675921875 0.4296875 0.2552083328125 0.425636575 0.252507715625 0.42824074166666665 0.25135030937499997 0.43055555624999997 0.2511574078125 0.43315972291666666 0.250578703125 0.433449075 0.24942129687499998 0.4375 0.2478780859375 0.43952546249999996 0.24710648124999998 0.44386574166666665 0.24672067968750003 0.4554398145833333 0.2478780859375 0.464988425 0.2511574078125 0.46788194375000003 0.2571373453125 0.46759259166666667
0 0.27835648125 0.47193287083333335 0.27854938281249997 0.48755787083333335 0.2791280859375 0.4947916666666667 0.27970679062500003 0.49508101875 0.27989969062500003 0.4976851854166667 0.28163580312500003 0.5011574083333333 0.281828703125 0.5034722229166666 0.2824074078125 0.503761575 0.2829861109375 0.5089699083333333 0.2858796296875 0.5109953708333334 0.2903163578125 0.5095486104166667 0.29783950625 0.5095486104166667 0.30169753125 0.5060763895833333 0.3026620375 0.50289351875 0.30381944375000003 0.5020254625 0.305169753125 0.4976851854166667 0.3065200625 0.495949075 0.308063271875 0.495949075 0.3103780859375 0.4976851854166667 0.31346450625 0.49710648125 0.31732253125 0.49508101875 0.3196373453125 0.49247685208333336 0.32021605000000003 0.4904513895833333 0.3190586421875 0.48090277708333334 0.3184799375 0.480324075 0.3171296296875 0.47222222291666666 0.3157793203125 0.46932870416666667 0.3144290125 0.4583333333333333 0.3126929015625 0.4554398145833333 0.3105709875 0.44878472291666666 0.30902777812500004 0.4470486104166667 0.3072916671875 0.4427083333333333 0.307098765625 0.43807870416666667 0.3082561734375 0.433738425 0.3082561734375 0.43113425833333335 0.3069058640625 0.43055555624999997 0.305169753125 0.4270833333333333 0.302276234375 0.42505787083333335 0.300733025 0.42274305624999997 0.296875 0.42245370416666667 0.2932098765625 0.42679398125 0.2897376546875 0.4273726854166667 0.2893518515625 0.42071759166666667 0.2910879625 0.41753472291666666 0.2912808640625 0.41435185208333336 0.28800154375 0.40133101875 0.2878086421875 0.3967013895833333 0.286651234375 0.3958333333333333 0.2829861109375 0.3967013895833333 0.2824074078125 0.39988425833333335 0.281828703125 0.4001736104166667 0.281828703125 0.4123263895833333 0.27989969062500003 0.418113425 0.27970679062500003 0.42129629583333333 0.2791280859375 0.42158564791666664 0.2791280859375 0.43460648125 0.27835648125 0.4429976854166667 0.2789351859375 0.45659722291666666 0.27777777812500004 0.46383101875 0.27777777812500004 0.46759259166666667 0.27835648125 0.47193287083333335
0 0.07156635781250001 0.14409722291666668 0.07156635781250001 0.14785879583333333 0.06944444375 0.14930555625 0.060956790625 0.14930555625 0.0565200625 0.15075231458333332 0.05767746875 0.1542245375 0.06153549375 0.15682870416666667 0.06500771562499999 0.16116898124999998 0.06442901250000001 0.16435185208333333 0.0625 0.167824075 0.061921296875 0.17129629583333333 0.0625 0.17534722291666668 0.06442901250000001 0.17881944375 0.0680941359375 0.18113425833333335 0.0719521609375 0.18518518541666668 0.0738811734375 0.18894675833333335 0.07735339531249999 0.19097222291666668 0.0779320984375 0.19241898124999998 0.08005401250000001 0.19386574166666665 0.0812114203125 0.19646990833333333 0.088348765625 0.20283564791666667 0.090277778125 0.20572916666666666 0.0914351859375 0.20630787083333332 0.0916280859375 0.20746527708333332 0.09567901250000001 0.20833333333333334 0.09953703750000001 0.20428240833333333 0.10300925937500001 0.199074075 0.10435956718749999 0.19589120416666667 0.10435956718749999 0.18692129583333333 0.1057098765625 0.18258101875000002 0.1057098765625 0.17824074166666665 0.10628857968750001 0.17679398124999998 0.1091820984375 0.17418981458333332 0.11419753125000001 0.1796875 0.11805555625 0.18142361041666666 0.119598765625 0.183449075 0.1261574078125 0.1854745375 0.13348765468749998 0.18431712916666668 0.1516203703125 0.18489583333333334 0.1574074078125 0.183449075 0.157600309375 0.18258101875000002 0.1593364203125 0.18200231458333332 0.1620370375 0.17939814791666667 0.1628086421875 0.17679398124999998 0.1628086421875 0.16435185208333333 0.16010802500000001 0.15972222291666668 0.16010802500000001 0.1504629625 0.156635803125 0.140625 0.15547839531250002 0.12876157500000002 0.154899690625 0.12760416666666666 0.150848765625 0.12268518541666666 0.14409722187500001 0.11950231458333334 0.140239196875 0.11950231458333334 0.1386959875 0.12065972291666666 0.13194444375 0.12210648125 0.1309799375 0.12065972291666666 0.1309799375 0.11950231458333334 0.13348765468749998 0.11689814791666667 0.134259259375 0.11284722291666666 0.1373456796875 0.10966435208333333 0.13888888906250002 0.10908564791666667 0.140239196875 0.10474537083333332 0.14158950625 0.1035879625 0.14351851875 0.08883101875 0.1464120375 0.08506944375 0.1462191359375 0.08130787083333332 0.140239196875 0.07552083333333333 0.12210648125000001 0.07552083333333333 0.11554783906249999 0.074074075 0.1105324078125 0.07783564791666667 0.1070601859375 0.07783564791666667 0.1041666671875 0.07667824166666667 0.0997299375 0.07783564791666667 0.094328703125 0.08275462916666668 0.0916280859375 0.08825231458333334 0.0916280859375 0.09259259166666665 0.092399690625 0.09432870416666667 0.09201388906249999 0.09895833333333333 0.0900848765625 0.09461805625 0.08854166718749999 0.09461805625 0.0866126546875 0.0917245375 0.0842978390625 0.09056712916666668 0.0827546296875 0.08738425833333333 0.0804398140625 0.08680555625 0.0779320984375 0.08883101875 0.077546296875 0.09114583333333333 0.07233796249999999 0.097511575 0.0671296296875 0.10966435208333333 0.0661651234375 0.1229745375 0.0665509265625 0.13165509166666667 0.06770833281250001 0.13628472291666668 0.07156635781250001 0.14409722291666668
0 0.20331790156250001 0.34577546249999996 0.206597221875 0.36631944375000003 0.20601851875000002 0.37355324166666665 0.2071759265625 0.37615740833333333 0.2073688265625 0.38136574166666665 0.20794753125 0.38165509166666667 0.2092978390625 0.386863425 0.21180555625 0.38773148125 0.21392746875 0.39033564791666664 0.22395833281250002 0.39033564791666664 0.22550154375 0.3880208333333333 0.237847221875 0.38078703750000004 0.2393904328125 0.37586805624999997 0.244598765625 0.37528935208333336 0.2476851859375 0.37702546249999996 0.25038580312500003 0.3802083333333333 0.2530864203125 0.38570601875 0.2552083328125 0.394386575 0.2633101859375 0.4010416666666667 0.26658950625 0.40190972291666666 0.2696759265625 0.4010416666666667 0.2706404328125 0.39930555624999997 0.27237654375 0.39872685208333336 0.2750771609375 0.39091435208333336 0.275848765625 0.39033564791666664 0.275848765625 0.38339120416666667 0.2766203703125 0.37991898125 0.2831790125 0.37008101875 0.2831790125 0.3671875 0.28260030937499997 0.36660879583333333 0.28163580312500003 0.36053240833333333 0.2779706796875 0.3492476854166667 0.27777777812500004 0.34432870416666667 0.27970679062500003 0.34259259166666667 0.280671296875 0.34375 0.2835648140625 0.34432870416666667 0.283757715625 0.34519675833333335 0.2870370375 0.34664351875 0.28915894999999997 0.3492476854166667 0.2918595671875 0.35040509166666667 0.2945601859375 0.35040509166666667 0.29648919687499997 0.3492476854166667 0.29783950625 0.3463541666666667 0.2991898140625 0.33622685208333336 0.30169753125 0.331886575 0.30169753125 0.32465277708333334 0.30034722187499996 0.32089120416666667 0.29841820937499997 0.3179976854166667 0.29783950625 0.3148148145833333 0.29552469062500003 0.31221064791666664 0.294367284375 0.308449075 0.290509259375 0.3020833333333333 0.285686728125 0.29976851875 0.2831790125 0.29745370416666667 0.2770061734375 0.296875 0.2741126546875 0.2942708333333333 0.273919753125 0.2864583333333333 0.2770061734375 0.28211805624999997 0.2771990734375 0.27546296249999996 0.2750771609375 0.27430555624999997 0.27237654375 0.2708333333333333 0.271026234375 0.27054398125 0.2696759265625 0.26880787083333335 0.2667824078125 0.2679398145833333 0.2658179015625 0.26678240833333333 0.2613811734375 0.26707175833333335 0.2546296296875 0.26273148125 0.253858025 0.26388888958333334 0.25135030937499997 0.26446759166666667 0.2478780859375 0.26707175833333335 0.24517746875 0.2708333333333333 0.24402006250000002 0.27459490833333333 0.2438271609375 0.28067129583333333 0.2393904328125 0.2890625 0.2390046296875 0.29195601875 0.23765432031249997 0.293113425 0.23418209843749999 0.293113425 0.2312885796875 0.2916666666666667 0.23070987656250003 0.29050925833333335 0.22839506250000002 0.29253472291666666 0.22723765468749998 0.29774305624999997 0.22665894999999997 0.29803240833333333 0.22646605000000003 0.300636575 0.22550154375 0.30150462916666665 0.22472993749999998 0.30497685208333336 0.2233796296875 0.30758101875 0.2218364203125 0.316550925 0.22048611093749998 0.31915509166666667 0.2145061734375 0.32089120416666667 0.214313271875 0.32175925833333335 0.211419753125 0.32349537083333335 0.203510803125 0.33449074166666665 0.202739196875 0.33709490833333333 0.202739196875 0.339988425 0.20331790156250001 0.3411458333333333 0.20331790156250001 0.34577546249999996
0 0.7550154328125 0.19965277708333332 0.7559799375 0.20225694375 0.7550154328125 0.20428240833333333 0.751350309375 0.20486111041666666 0.75096450625 0.20601851875000002 0.7478780859375 0.20833333333333334 0.7438271609375 0.2167245375 0.7440200625 0.22395833333333334 0.7457561734375 0.22569444375 0.7459490734374999 0.22771990833333333 0.746527778125 0.22800925833333335 0.7478780859375 0.2421875 0.74903549375 0.2442129625 0.7492283953125 0.2479745375 0.750578703125 0.25057870416666667 0.751350309375 0.27806712916666665 0.752507715625 0.27922453750000004 0.7559799375 0.27922453750000004 0.76658950625 0.27372685208333336 0.7698688265625 0.27054398125 0.772955246875 0.269675925 0.7750771609375 0.2711226854166667 0.7756558640625 0.27256944375000003 0.7750771609375 0.277488425 0.77449845625 0.27777777708333334 0.773919753125 0.28616898125 0.7771990734374999 0.29832175833333335 0.7771990734374999 0.32465277708333334 0.777777778125 0.32494212916666665 0.77835648125 0.328125 0.7791280859375 0.33651620416666667 0.779899690625 0.33709490833333333 0.781635803125 0.34172453750000004 0.7824074078125001 0.3460648145833333 0.7864583328125 0.3576388895833333 0.7897376546875 0.3611111104166667 0.798225309375 0.35300925833333335 0.79976851875 0.3492476854166667 0.80169753125 0.33622685208333336 0.8024691359375 0.33535879583333333 0.8026620375 0.3333333333333333 0.8038194437499999 0.33246527708333334 0.8063271609375 0.32523148125 0.811149690625 0.32146990833333333 0.8117283953125 0.31944444375000003 0.815007715625 0.31452546249999996 0.8157793203124999 0.31163194375000003 0.8157793203124999 0.30671296249999996 0.8144290125 0.30150462916666665 0.809027778125 0.2913773145833333 0.8082561734375 0.28761574166666665 0.8024691359375 0.27314814791666664 0.80169753125 0.26273148125 0.8026620375 0.25839120416666667 0.8040123453125 0.25694444375 0.8065200625 0.25607638958333334 0.8086419749999999 0.25694444375 0.80960648125 0.2601273145833333 0.8103780859375 0.2682291666666667 0.8109567906249999 0.26851851875 0.811921296875 0.27372685208333336 0.813850309375 0.277199075 0.81732253125 0.2789351854166667 0.8190586421875 0.28038194375000003 0.82040895 0.2829861104166667 0.8219521609375 0.28327546249999996 0.8223379625 0.28414351875 0.8263888890625 0.28616898125 0.8300540125 0.28616898125 0.8337191359375 0.28327546249999996 0.8368055562500001 0.27922453750000004 0.8410493828125001 0.2760416666666667 0.842399690625 0.2734375 0.842399690625 0.2708333333333333 0.8429783953125 0.27025462916666665 0.8429783953125 0.23755787083333332 0.8364197531249999 0.22019675833333335 0.831597221875 0.21440972291666668 0.83101851875 0.21267361041666666 0.8296682093750001 0.21180555625 0.8283179015625001 0.2089120375 0.8244598765625 0.20543981458333332 0.8223379625 0.20457175833333335 0.8161651234375 0.20486111041666666 0.813850309375 0.20630787083333332 0.8103780859375 0.20283564791666667 0.8105709875 0.19241898124999998 0.8097993828125001 0.18981481458333332 0.8097993828125001 0.175925925 0.8092206796875001 0.17534722291666668 0.8086419749999999 0.16464120416666667 0.807098765625 0.160300925 0.8038194437499999 0.15653935208333333 0.7995756171874999 0.15653935208333333 0.793402778125 0.15914351875000002 0.7899305562500001 0.15885416666666666 0.785108025 0.15393518541666668 0.78125 0.15277777708333332 0.7779706796875 0.15393518541666668 0.774884259375 0.16059027708333332 0.772955246875 0.16232638958333334 0.7671682093750001 0.15943287083333332 0.7619598765625 0.15914351875000002 0.7586805562500001 0.16319444375 0.7584876546875 0.16579861041666666 0.7571373453125 0.168113425 0.750578703125 0.17650462916666668 0.74903549375 0.18026620416666667 0.7478780859375 0.18142361041666666 0.7478780859375 0.18634259166666667 0.7498070984375 0.18981481458333332 0.750578703125 0.19357638958333334 0.7550154328125 0.19965277708333332
0 0.6082175921874999 0 0.6082175921874999 0.0017361104166666666 0.606867284375 0.0031828708333333333 0.6043595671875 0.008969908333333334 0.6041666671875 0.014467591666666666 0.6035879625 0.01475694375 0.6033950625 0.018229166666666668 0.6028163578125 0.019097222916666667 0.6028163578125 0.029224537499999998 0.6074459875 0.0332754625 0.610725309375 0.035011574999999996 0.6116898140625 0.036458333333333336 0.6207561734375 0.03587962916666666 0.6209490734374999 0.035011574999999996 0.623649690625 0.03443287083333334 0.6280864203125 0.031828704166666666 0.62982253125 0.029513889583333335 0.6315586421875 0.028645833333333332 0.6334876546875 0.024594908333333332 0.6365740734374999 0.024594908333333332 0.6375385796875 0.025462962500000002 0.6375385796875 0.026909722916666667 0.6386959875 0.029224537499999998 0.6390817906249999 0.035011574999999996 0.638117284375 0.04195601875 0.6375385796875 0.04224537083333334 0.6373456796875 0.044270833333333336 0.6315586421875 0.052083333333333336 0.6307870375 0.0546875 0.6290509265625001 0.05584490833333333 0.6269290125 0.05960648125 0.625578703125 0.06018518541666666 0.62210648125 0.06973379583333333 0.6217206796875 0.07841435208333333 0.6228780859375 0.082175925 0.625578703125 0.08564814791666667 0.6280864203125 0.08738425833333333 0.6290509265625001 0.089699075 0.6309799375 0.0917245375 0.63290895 0.10040509166666665 0.636188271875 0.10619212916666668 0.6421682093750001 0.11371527708333334 0.6429398140625 0.11660879583333333 0.6456404328125 0.11892361041666667 0.6464120375 0.12065972291666666 0.6491126546875 0.12239583333333333 0.65142746875 0.12557870416666667 0.654899690625 0.12818287083333332 0.6581790125 0.12847222291666666 0.660108025 0.1270254625 0.6620370375 0.12442129583333333 0.6633873453125 0.11892361041666667 0.6660879625 0.11689814791666667 0.6676311734375 0.11458333333333333 0.6701388890625 0.11371527708333334 0.671489196875 0.11111111041666667 0.67476851875 0.109375 0.67959105 0.10127314791666667 0.6859567906249999 0.10011574166666667 0.6902006171874999 0.09635416666666667 0.6921296296875 0.09230324166666667 0.691358025 0.08767361041666667 0.6886574078125001 0.08101851875 0.6834490734374999 0.06278935208333333 0.6813271609375 0.05931712916666666 0.680169753125 0.05497685208333333 0.6776620375 0.04976851875 0.6776620375 0.03935185208333333 0.67862654375 0.036458333333333336 0.6819058640625 0.03211805625 0.6855709875 0.030671295833333334 0.6932870375 0.044270833333333336 0.6934799375 0.04629629583333333 0.69540895 0.05034722291666667 0.6977237656249999 0.05179398125 0.6984953703125 0.05381944375 0.701774690625 0.05584490833333333 0.706597221875 0.06365740833333333 0.7100694437499999 0.066550925 0.71971450625 0.06394675833333334 0.720100309375 0.06307870416666667 0.7220293203125 0.0625 0.7239583328125 0.059895833333333336 0.7233796296875 0.05324074166666667 0.7245370375 0.04716435208333333 0.7247299375 0.0410879625 0.7253086421875 0.04050925833333333 0.7253086421875 0.03761574166666667 0.7247299375 0.0370370375 0.7253086421875 0.0078125 0.7239583328125 0.0066550916666666664 0.722608025 0.003761575 0.719328703125 0.0020254625 0.719135803125 0 0.6082175921874999 0
0 0.6134259265625001 0.15104166666666666 0.6143904328125 0.15567129583333333 0.6155478390625 0.15769675833333335 0.618634259375 0.15914351875000002 0.6209490734374999 0.16145833333333334 0.6269290125 0.16290509166666667 0.6307870375 0.16927083333333334 0.6309799375 0.17129629583333333 0.6334876546875 0.17650462916666668 0.6334876546875 0.17997685208333333 0.6321373453125 0.18142361041666666 0.6315586421875 0.183449075 0.624421296875 0.18981481458333332 0.61824845625 0.20023148124999998 0.6188271609375 0.20601851875000002 0.6234567906249999 0.21064814791666667 0.6248070984375 0.2129629625 0.6261574078125001 0.22395833333333334 0.62789351875 0.22540509166666667 0.628858025 0.22800925833333335 0.631365740625 0.22974537083333332 0.6321373453125 0.23408564791666667 0.63271605 0.234375 0.63290895 0.2401620375 0.6334876546875 0.24045138958333334 0.6334876546875 0.24160879583333333 0.6373456796875 0.24305555625 0.6390817906249999 0.23929398124999998 0.644097221875 0.2323495375 0.64544753125 0.22945601875000002 0.6462191359375 0.22569444375 0.6475694437499999 0.22395833333333334 0.64834105 0.22048611041666666 0.6500771609375 0.21759259166666667 0.6541280859375 0.21527777708333332 0.6577932093750001 0.21614583333333334 0.6595293203125 0.22164351875000002 0.6593364203125 0.22916666666666666 0.658757715625 0.22945601875000002 0.6579861109375 0.23379629583333333 0.656828703125 0.23495370416666667 0.6554783953125 0.24160879583333333 0.6541280859375 0.2442129625 0.6535493828125001 0.2554976854166667 0.6541280859375 0.26215277708333334 0.656635803125 0.26707175833333335 0.656828703125 0.26909722291666666 0.6612654328125 0.27372685208333336 0.6647376546875 0.2734375 0.6676311734375 0.2708333333333333 0.6691743828125001 0.2708333333333333 0.676311728125 0.27633101875 0.6813271609375 0.2835648145833333 0.6822916671875 0.28703703750000004 0.6853780859375 0.28819444375000003 0.6886574078125001 0.28790509166666667 0.6894290125 0.28703703750000004 0.686921296875 0.28067129583333333 0.6867283953125 0.27835648125 0.6847993828125001 0.27459490833333333 0.6847993828125001 0.27141203750000004 0.6859567906249999 0.26909722291666666 0.686921296875 0.26099537083333335 0.6851851859375 0.25954861041666666 0.6847993828125001 0.25491898125 0.6815200625 0.25115740833333333 0.680169753125 0.24276620416666667 0.680169753125 0.23611111041666666 0.68074845625 0.23408564791666667 0.680169753125 0.22569444375 0.6809413578125 0.222800925 0.6822916671875 0.22106481458333332 0.686149690625 0.21932870416666667 0.688850309375 0.21701388958333334 0.69540895 0.214699075 0.706983025 0.21643518541666668 0.7100694437499999 0.21817129583333333 0.7133487656249999 0.21788194375 0.7218364203125 0.21932870416666667 0.7237654328125 0.21932870416666667 0.7247299375 0.21614583333333334 0.7245370375 0.21006944375 0.7199074078125001 0.20138888958333334 0.7179783953125 0.19646990833333333 0.7179783953125 0.19502314791666667 0.7154706796875 0.19184027708333332 0.7118055562500001 0.183449075 0.711419753125 0.16840277708333332 0.7071759265625001 0.16464120416666667 0.69830246875 0.16724537083333332 0.6925154328125 0.16724537083333332 0.6894290125 0.16377314791666667 0.68074845625 0.1582754625 0.6776620375 0.15480324166666665 0.676311728125 0.15075231458333332 0.67669753125 0.1464120375 0.67862654375 0.14033564791666667 0.6842206796875 0.13049768541666668 0.683641975 0.1229745375 0.681134259375 0.1192129625 0.6788194437499999 0.11805555625 0.67476851875 0.11776620416666667 0.671489196875 0.11950231458333334 0.671296296875 0.120949075 0.6687885796875 0.12326388958333333 0.665509259375 0.12876157500000002 0.660108025 0.13310185208333333 0.6593364203125 0.1348379625 0.656828703125 0.13715277708333332 0.654899690625 0.14033564791666667 0.6547067906249999 0.144675925 0.6535493828125001 0.14554398124999998 0.652777778125 0.14814814791666667 0.65142746875 0.14959490833333333 0.6506558640625 0.15364583333333334 0.6475694437499999 0.15943287083333332 0.643132715625 0.15625 0.64158950625 0.15075231458333332 0.6394675921874999 0.14785879583333333 0.6375385796875 0.14120370416666667 0.636188271875 0.13946759166666667 0.6350308640625 0.13599537083333332 0.631365740625 0.13136574166666667 0.6302083328125 0.12876157500000002 0.6261574078125001 0.12442129583333333 0.6228780859375 0.1229745375 0.6163194437499999 0.12760416666666666 0.6151620375 0.12905092499999998 0.61419753125 0.1348379625 0.612847221875 0.13715277708333332 0.61226851875 0.14496527708333332 0.612847221875 0.14670138958333334 0.612847221875 0.15075231458333332 0.6134259265625001 0.15104166666666666
0 0.9375 0.6001157416666667 0.9392361109375 0.6018518520833334 0.940007715625 0.6082175916666667 0.94232253125 0.6125578708333334 0.9457947531249999 0.61429398125 0.9498456796875001 0.62008101875 0.9519675921875 0.6241319437499999 0.9527391968750001 0.6276041666666666 0.95601851875 0.6264467583333333 0.9581404328125 0.6232638895833333 0.9668209875 0.6177662041666667 0.9679783953125 0.6157407416666667 0.9691358031249999 0.5980902770833333 0.9706790125 0.5943287041666667 0.9706790125 0.5842013895833333 0.9699074078125 0.5836226854166667 0.9679783953125 0.5784143520833334 0.9672067906249999 0.5737847229166667 0.9648919749999999 0.56741898125 0.9641203703125001 0.5601851854166667 0.963348765625 0.55758101875 0.9619984562499999 0.5558449083333333 0.9600694437499999 0.5546875 0.9562114203125001 0.5546875 0.9529320984374999 0.5558449083333333 0.9413580250000001 0.5659722229166667 0.9405864203125001 0.5677083333333334 0.938078703125 0.5700231479166666 0.936921296875 0.5729166666666666 0.9359567906249999 0.578125 0.9353780859375 0.5784143520833334 0.9347993828125001 0.5853587958333333 0.93460648125 0.5917245375 0.9353780859375 0.5957754625 0.9367283953125 0.5975115750000001 0.9375 0.6001157416666667
0 0.122492284375 0.22106481458333332 0.1282793203125 0.22685185208333333 0.1282793203125 0.22916666666666666 0.1248070984375 0.23350694375 0.1194058640625 0.23611111041666666 0.11246142031249999 0.24247685208333333 0.11033950625 0.246238425 0.1082175921875 0.24826388958333334 0.1057098765625 0.25491898125 0.1057098765625 0.25925925833333335 0.10628857968750001 0.26215277708333334 0.106867284375 0.26244212916666665 0.106867284375 0.26909722291666666 0.10628857968750001 0.269386575 0.1060956796875 0.27199074166666665 0.10628857968750001 0.27806712916666665 0.106867284375 0.27835648125 0.1070601859375 0.2829861104166667 0.1095679015625 0.28964120416666667 0.10783179062499999 0.296875 0.1082175921875 0.30381944375000003 0.1105324078125 0.30758101875 0.11226851874999999 0.31452546249999996 0.11651234531250002 0.316550925 0.1207561734375 0.31452546249999996 0.1230709875 0.31105324166666665 0.12673611093749998 0.30758101875 0.1315586421875 0.30526620416666667 0.13290895 0.30324074166666665 0.1359953703125 0.30121527708333334 0.13811728437499998 0.300636575 0.14043209843749999 0.296875 0.14158950625 0.29658564791666664 0.1427469140625 0.29832175833333335 0.14158950625 0.30381944375000003 0.1386959875 0.30671296249999996 0.136188271875 0.31394675833333335 0.1363811734375 0.3229166666666667 0.1375385796875 0.33159722291666666 0.1394675921875 0.33535879583333333 0.1433256171875 0.33709490833333333 0.14776234531250002 0.34259259166666667 0.1500771609375 0.34664351875 0.1502700625 0.34837962916666665 0.15277777812499999 0.35214120416666667 0.1529706796875 0.35445601875 0.154899690625 0.3567708333333333 0.154899690625 0.3576388895833333 0.16493055625 0.36371527708333334 0.1687885796875 0.36429398125 0.17168209843749999 0.363425925 0.1759259265625 0.35908564791666664 0.18074845625 0.35069444375000003 0.183063271875 0.3492476854166667 0.1907793203125 0.33680555624999997 0.1940586421875 0.33535879583333333 0.196759259375 0.33159722291666666 0.1994598765625 0.32349537083333335 0.1988811734375 0.3229166666666667 0.198688271875 0.31134259166666667 0.1975308640625 0.30758101875 0.1971450625 0.30266203750000004 0.19598765468749998 0.30005787083333335 0.19598765468749998 0.29571759166666667 0.2004243828125 0.29716435208333336 0.201581790625 0.300636575 0.2038966046875 0.3029513895833333 0.2054398140625 0.3072916666666667 0.2092978390625 0.31047453750000004 0.2166280859375 0.31365740833333333 0.2206790125 0.31365740833333333 0.222608025 0.30960648125 0.2233796296875 0.30584490833333333 0.22588734531250002 0.300636575 0.22723765468749998 0.29398148125 0.22743055625 0.28848379583333333 0.228009259375 0.28790509166666667 0.22743055625 0.28587962916666665 0.22839506250000002 0.2760416666666667 0.228009259375 0.26533564791666664 0.22743055625 0.26504629583333333 0.22839506250000002 0.2520254625 0.228009259375 0.24768518541666668 0.22646605000000003 0.245949075 0.2237654328125 0.24045138958333334 0.21739969062500003 0.23784722291666668 0.213348765625 0.2323495375 0.21006944375 0.22482638958333334 0.20987654375 0.2207754625 0.20871913593750002 0.21875 0.207561728125 0.2129629625 0.204668209375 0.207175925 0.20331790156250001 0.20225694375 0.1979166671875 0.1953125 0.19425154375 0.19357638958333334 0.18595679062499998 0.18576388958333334 0.17264660468749998 0.1953125 0.17033179062499998 0.199074075 0.17033179062499998 0.20630787083333332 0.16936728437499998 0.21643518541666668 0.1687885796875 0.2167245375 0.1687885796875 0.22395833333333334 0.1682098765625 0.2245370375 0.1643518515625 0.22366898124999998 0.16396605 0.22164351875000002 0.1603009265625 0.21556712916666668 0.16010802500000001 0.20920138958333334 0.1574074078125 0.20399305625 0.15605709843749999 0.19965277708333332 0.1541280859375 0.19791666666666666 0.1520061734375 0.19386574166666665 0.14737654375 0.1895254625 0.141203703125 0.18836805625 0.1363811734375 0.1895254625 0.13348765468749998 0.19299768541666668 0.1302083328125 0.1953125 0.12847222187500001 0.19791666666666666 0.12094907343750001 0.20370370416666667 0.11882716093750001 0.20775462916666668 0.11882716093750001 0.21151620416666667 0.1197916671875 0.21527777708333332 0.121527778125 0.21788194375 0.122492284375 0.22106481458333332
0 0.00771605 0.29224537083333335 0.00790895 0.2951388895833333 0.00868055625 0.29658564791666664 0.015239196875 0.300636575 0.018711420312499998 0.2986111104166667 0.026234567187500002 0.29803240833333333 0.029899690625000003 0.2951388895833333 0.030671296874999997 0.292824075 0.0345293203125 0.2873263895833333 0.0353009265625 0.28472222291666666 0.037422839062500005 0.2838541666666667 0.0397376546875 0.285011575 0.03993055625 0.2864583333333333 0.03896605 0.28964120416666667 0.0364583328125 0.29542824166666665 0.0345293203125 0.29745370416666667 0.0343364203125 0.29976851875 0.033757715625000004 0.30005787083333335 0.0329861109375 0.30555555624999997 0.0331790125 0.31394675833333335 0.0372299375 0.324363425 0.0408950625 0.32754629583333333 0.044367284374999996 0.33275462916666665 0.0445601859375 0.33535879583333333 0.0480324078125 0.34375 0.0511188265625 0.34664351875 0.0543981484375 0.347511575 0.05574845625 0.3489583333333333 0.0574845671875 0.3492476854166667 0.061149690624999996 0.34722222291666666 0.06500771562499999 0.34403935208333336 0.0696373453125 0.33709490833333333 0.07233796249999999 0.33535879583333333 0.0738811734375 0.33304398125 0.077546296875 0.33246527708333334 0.08101851875 0.32928240833333333 0.081597221875 0.328125 0.0817901234375 0.324363425 0.08101851875 0.31365740833333333 0.0804398140625 0.31307870416666667 0.0804398140625 0.30526620416666667 0.07986111093750001 0.30353009166666667 0.0804398140625 0.3020833333333333 0.081983025 0.3023726854166667 0.0842978390625 0.30526620416666667 0.08892746875 0.30526620416666667 0.092206790625 0.30381944375000003 0.092399690625 0.30005787083333335 0.0891203703125 0.28964120416666667 0.088348765625 0.28327546249999996 0.086419753125 0.27835648125 0.086419753125 0.27690972291666666 0.0837191359375 0.27314814791666664 0.08294753125 0.2708333333333333 0.0821759265625 0.261574075 0.07908950625 0.25462962916666665 0.0769675921875 0.25173611041666666 0.0750385796875 0.245949075 0.0748456796875 0.24074074166666665 0.07561728437500001 0.238136575 0.0750385796875 0.23408564791666667 0.07291666718749999 0.22974537083333332 0.07233796249999999 0.22974537083333332 0.06828703750000001 0.22337962916666668 0.066358025 0.22193287083333332 0.06442901250000001 0.21788194375 0.061149690624999996 0.214699075 0.06057098749999999 0.21325231458333332 0.0584490734375 0.21180555625 0.057098765625000006 0.2089120375 0.0501543203125 0.203125 0.047453703125 0.20225694375 0.0408950625 0.20225694375 0.0364583328125 0.20341435208333333 0.0335648140625 0.207175925 0.0291280859375 0.2089120375 0.027006173437499996 0.21151620416666667 0.0250771609375 0.21180555625 0.02430555625 0.2129629625 0.02449845625 0.21875 0.0250771609375 0.21903935208333333 0.025848765625 0.22366898124999998 0.031828703125 0.230613425 0.031828703125 0.23495370416666667 0.0295138890625 0.23871527708333332 0.021797839062499998 0.238425925 0.015239196875 0.24074074166666665 0.013117284375 0.24450231458333332 0.0113811734375 0.25057870416666667 0.0106095671875 0.2598379625 0.0098379625 0.26128472291666666 0.009645062499999999 0.2679398145833333 0.00868055625 0.2711226854166667 0.0084876546875 0.2829861104166667 0.0071373453125 0.28616898125 0.0071373453125 0.29195601875 0.00771605 0.29224537083333335
0 0.36033950625 0.20283564791666667 0.36091820937499997 0.20746527708333332 0.3616898140625 0.20833333333333334 0.36284722187499996 0.21383101875000002 0.3636188265625 0.21556712916666668 0.36631944375000003 0.21643518541666668 0.3761574078125 0.20746527708333332 0.378858025 0.206886575 0.3807870375 0.20486111041666666 0.3848379625 0.20341435208333333 0.3937114203125 0.20283564791666667 0.39544753125 0.20138888958333334 0.3967978390625 0.19849537083333332 0.3981481484375 0.19791666666666666 0.400848765625 0.19270833333333334 0.400848765625 0.18402777708333332 0.4002700625 0.183449075 0.4002700625 0.18113425833333335 0.400848765625 0.18055555625 0.400848765625 0.17795138958333334 0.4029706796875 0.17071759166666667 0.40547839531249996 0.16579861041666666 0.40547839531249996 0.16261574166666665 0.40489969062500003 0.1620370375 0.40489969062500003 0.15711805625 0.40277777812500004 0.14901620416666667 0.40277777812500004 0.14583333333333334 0.400848765625 0.14033564791666667 0.3966049375 0.13715277708333332 0.39139660468750004 0.13570601875000002 0.38792438281249997 0.13165509166666667 0.386766975 0.13136574166666667 0.3850308640625 0.12905092499999998 0.38194444375000003 0.12731481458333332 0.3780864203125 0.12355324166666667 0.374421296875 0.1229745375 0.3728780859375 0.12355324166666667 0.37229938281249997 0.125 0.3690200625 0.12760416666666666 0.367669753125 0.1310763895833333 0.3655478390625 0.13310185208333333 0.36419753125 0.13773148124999998 0.3636188265625 0.13802083333333334 0.3636188265625 0.13946759166666667 0.3624614203125 0.14033564791666667 0.3616898140625 0.14293981458333332 0.3614969140625 0.15480324166666665 0.36091820937499997 0.15509259166666667 0.36033950625 0.16637731458333332 0.36014660468750004 0.1776620375 0.36091820937499997 0.18634259166666667 0.36091820937499997 0.19849537083333332 0.36033950625 0.20283564791666667
0 0.3557098765625 0.48755787083333335 0.3562885796875 0.48755787083333335 0.3560956796875 0.484375 0.3557098765625 0.48755787083333335
0 0.3182870375 0.5318287041666667 0.3196373453125 0.5344328708333334 0.3196373453125 0.5364583333333334 0.3229166671875 0.5428240750000001 0.3244598765625 0.5491898145833333 0.3279320984375 0.5561342583333333 0.3414351859375 0.5549768520833334 0.343171296875 0.5543981479166666 0.3458719140625 0.55179398125 0.3522376546875 0.5503472229166667 0.3541666671875 0.5474537041666667 0.3562885796875 0.5396412041666667 0.36033950625 0.5332754625 0.3611111109375 0.5292245375 0.36072530937499997 0.5214120375 0.3595679015625 0.5150462958333333 0.3537808640625 0.5017361104166667 0.353009259375 0.49797453750000004 0.3503086421875 0.49160879583333333 0.3495370375 0.4866898145833333 0.3470293203125 0.48234953750000004 0.3468364203125 0.48090277708333334 0.3456790125 0.47945601875 0.3435570984375 0.48003472291666666 0.3416280859375 0.4817708333333333 0.34104938281249997 0.48350694375000003 0.3385416671875 0.48553240833333333 0.33699845625 0.48321759166666667 0.336419753125 0.480324075 0.33506944375000003 0.47771990833333333 0.3323688265625 0.47540509166666667 0.33101851875 0.47540509166666667 0.32773919687499997 0.47945601875 0.325617284375 0.4898726854166667 0.3219521609375 0.49508101875 0.3186728390625 0.49681712916666665 0.3146219140625 0.49681712916666665 0.3103780859375 0.49884259166666667 0.307098765625 0.5150462958333333 0.3069058640625 0.5231481479166666 0.30767746875 0.5257523145833333 0.3103780859375 0.5300925916666667 0.3182870375 0.5318287041666667
0 0.027777778125000003 0 0.027006173437499996 0.00491898125 0.02642746875 0.005208333333333333 0.0260416671875 0.014178241666666667 0.0271990734375 0.01851851875 0.032214506250000004 0.021412037499999998 0.0343364203125 0.024305556250000002 0.0353009265625 0.02893518541666667 0.0383873453125 0.03587962916666666 0.0428240734375 0.03790509166666667 0.0437885796875 0.04021990833333333 0.052276234374999994 0.048611110416666665 0.053819443749999994 0.05121527708333333 0.055555556250000006 0.05179398125 0.057098765625000006 0.05439814791666667 0.0597993828125 0.05034722291666667 0.061149690624999996 0.04340277708333333 0.062885803125 0.04021990833333333 0.062885803125 0.0390625 0.06442901250000001 0.03761574166666667 0.0657793203125 0.03472222291666667 0.07021605 0.03269675833333333 0.06905864218749999 0.024884258333333336 0.0675154328125 0.019965277083333333 0.066358025 0.01851851875 0.06442901250000001 0.010995370833333332 0.0636574078125 0.010127314583333333 0.061149690624999996 0.0017361104166666666 0.061149690624999996 0 0.027777778125000003 0
0 0.7511574078125001 0.46788194375000003 0.7511574078125001 0.46903935208333336 0.7530864203125 0.47077546249999996 0.7571373453125 0.47771990833333333 0.76080246875 0.47974537083333335 0.762152778125 0.48292824166666665 0.7636959875 0.48379629583333333 0.7584876546875 0.48466435208333336 0.7571373453125 0.48726851875 0.7606095671875 0.4898726854166667 0.7638888890625 0.49421296249999996 0.765239196875 0.4976851854166667 0.7654320984375 0.504050925 0.7671682093750001 0.5083912041666667 0.7671682093750001 0.51070601875 0.7677469140625 0.5109953708333334 0.76658950625 0.5176504625 0.7598379625 0.53211805625 0.7606095671875 0.5367476854166667 0.7696759265625001 0.5407986104166667 0.776813271875 0.5422453708333334 0.7771990734374999 0.5431134249999999 0.7810570984375 0.54398148125 0.78125 0.5448495375 0.7928240734374999 0.5451388895833333 0.796489196875 0.5494791666666666 0.79976851875 0.5491898145833333 0.8034336421875 0.5465856479166666 0.807098765625 0.5407986104166667 0.807098765625 0.53125 0.8051697531249999 0.5248842583333333 0.8024691359375 0.5199652770833334 0.8026620375 0.51649305625 0.8069058640625 0.5121527770833334 0.8109567906249999 0.51273148125 0.8123070984374999 0.5138888895833333 0.815007715625 0.5173611104166667 0.8157793203124999 0.5199652770833334 0.818865740625 0.5219907416666667 0.8231095671875 0.5269097229166666 0.8261959875 0.5277777770833334 0.8279320984374999 0.5295138895833333 0.829475309375 0.52835648125 0.83294753125 0.5179398145833333 0.83294753125 0.5141782416666667 0.8321759265625 0.511863425 0.8304398140625 0.51070601875 0.8263888890625 0.503761575 0.8234953703125001 0.5011574083333333 0.821759259375 0.4982638895833333 0.8192515437500001 0.49681712916666665 0.8177083328125001 0.49421296249999996 0.8144290125 0.49334490833333333 0.8069058640625 0.4939236104166667 0.8055555562500001 0.49305555624999997 0.8009259265625 0.49305555624999997 0.796875 0.49681712916666665 0.7953317906249999 0.49537037083333335 0.7945601859375 0.49074074166666665 0.7951388890625 0.49016203750000004 0.79591049375 0.48466435208333336 0.7957175921874999 0.4782986104166667 0.7932098765625 0.47077546249999996 0.7918595671875 0.46875 0.7897376546875 0.4592013895833333 0.7864583328125 0.45283564791666664 0.783757715625 0.4513888895833333 0.7831790125 0.45023148125 0.7756558640625 0.45023148125 0.7712191359375 0.44502314791666664 0.7673611109375 0.44241898125 0.7658179015625 0.441550925 0.7606095671875 0.441261575 0.7584876546875 0.441550925 0.75771605 0.4429976854166667 0.7546296296875 0.44502314791666664 0.7530864203125 0.4479166666666667 0.7511574078125001 0.44878472291666666 0.7492283953125 0.45225694375000003 0.7478780859375 0.453125 0.74710648125 0.45601851875 0.7472993828125001 0.45949074166666665 0.7478780859375 0.46209490833333333 0.7511574078125001 0.46788194375000003
0 0.2677469140625 0.6388888895833333 0.2679398140625 0.64351851875 0.2687114203125 0.6449652770833333 0.272955246875 0.6461226854166667 0.27449845625 0.6481481479166666 0.277391975 0.6495949083333333 0.28047839531249996 0.6548032416666667 0.2824074078125 0.6556712958333333 0.2868441359375 0.6550925916666667 0.2878086421875 0.6536458333333334 0.288580246875 0.6498842583333333 0.2932098765625 0.64554398125 0.29610339531249996 0.6403356479166666 0.2999614203125 0.6385995375 0.30034722187499996 0.63773148125 0.30381944375000003 0.6374421291666666 0.305169753125 0.6359953708333334 0.307098765625 0.6316550916666667 0.3084490734375 0.6235532416666667 0.30767746875 0.6157407416666667 0.30555555624999997 0.6125578708333334 0.305169753125 0.6105324083333333 0.30381944375000003 0.609375 0.301311728125 0.6047453708333334 0.29957561718750003 0.6032986104166667 0.29841820937499997 0.6006944437499999 0.29591049375 0.5989583333333334 0.29417438281249997 0.5963541666666666 0.2831790125 0.5917245375 0.2791280859375 0.5925925916666667 0.27449845625 0.5954861104166667 0.27256944375000003 0.6006944437499999 0.27237654375 0.6030092583333333 0.2712191359375 0.6050347229166667 0.27044753125 0.6096643520833334 0.2698688265625 0.6099537041666667 0.2696759265625 0.6137152770833333 0.26909722187499996 0.6140046291666666 0.2679398140625 0.6180555562500001 0.2677469140625 0.6232638895833333 0.26716820937499997 0.6235532416666667 0.26716820937499997 0.6385995375 0.2677469140625 0.6388888895833333
0 0.846257715625 0.22829861041666666 0.844328703125 0.23119212916666668 0.844328703125 0.27633101875 0.843171296875 0.2789351854166667 0.843171296875 0.28472222291666666 0.844328703125 0.28790509166666667 0.8495370375 0.29398148125 0.8508873453125 0.29658564791666664 0.853009259375 0.29803240833333333 0.8549382718749999 0.30121527708333334 0.859953703125 0.30121527708333334 0.8620756171874999 0.2986111104166667 0.8649691359375 0.29774305624999997 0.8676697531249999 0.29542824166666665 0.876350309375 0.28472222291666666 0.8809799375 0.2829861104166667 0.884259259375 0.27777777708333334 0.8846450625 0.27488425833333335 0.8863811734375 0.2708333333333333 0.8921682093750001 0.26678240833333333 0.8948688265625 0.26591435208333336 0.8962191359375 0.26475694375 0.8964120375 0.2630208333333333 0.8981481484374999 0.26099537083333335 0.8994984562499999 0.25173611041666666 0.8989197531249999 0.24074074166666665 0.8996913578125 0.23611111041666666 0.8989197531249999 0.23177083333333334 0.896990740625 0.22974537083333332 0.900848765625 0.21440972291666668 0.9041280859375 0.21643518541666668 0.9122299375 0.21701388958333334 0.9137731484374999 0.21585648124999998 0.9147376546875 0.21354166666666666 0.9128086421875 0.19473379583333333 0.9122299375 0.19415509166666667 0.9122299375 0.1895254625 0.9108796296874999 0.18518518541666668 0.9108796296874999 0.18315972291666668 0.9103009265625 0.18258101875000002 0.9101080250000001 0.1796875 0.9095293203124999 0.17910879583333333 0.9093364203125001 0.16927083333333334 0.9081790125 0.16464120416666667 0.9060570984374999 0.16319444375 0.9006558640625 0.16232638958333334 0.891203703125 0.15653935208333333 0.8890817906249999 0.15682870416666667 0.8848379625 0.15943287083333332 0.8838734562499999 0.16174768541666668 0.881365740625 0.16290509166666667 0.87982253125 0.16521990833333333 0.877507715625 0.16579861041666666 0.8767361109375 0.16840277708333332 0.8742283953125 0.16927083333333334 0.8732638890625 0.171875 0.8697916671874999 0.17332175833333335 0.8680555562500001 0.17650462916666668 0.8667052468750001 0.17737268541666668 0.86419753125 0.1817129625 0.86419753125 0.183738425 0.86226851875 0.18807870416666667 0.860725309375 0.19039351875000002 0.8582175921875 0.191261575 0.8551311734375 0.19444444375 0.8535879625 0.199074075 0.8474151234375 0.20775462916666668 0.8468364203125001 0.21064814791666667 0.8449074078125 0.21325231458333332 0.8449074078125 0.21585648124999998 0.844328703125 0.21614583333333334 0.845100309375 0.22019675833333335 0.8468364203125001 0.22222222291666668 0.8470293203124999 0.22511574166666665 0.846257715625 0.22829861041666666