0 0.9147376546875 0.21961805625 0.91415895 0.22019675833333335 0.9147376546875 0.2207754625 0.9160879625 0.22019675833333335 0.9147376546875 0.21961805625
0 0.8846450625 0 0.8846450625 0.0017361104166666666 0.8834876546875 0.00289351875 0.8836805562500001 0.012152777083333333 0.8834876546875 0.014467591666666666 0.88290895 0.01475694375 0.88271605 0.019675925 0.8821373453125 0.019965277083333333 0.8809799375 0.0332754625 0.8790509265625 0.03790509166666667 0.8769290125 0.04658564791666667 0.877507715625 0.05121527708333333 0.8782793203124999 0.05179398125 0.8809799375 0.05960648125 0.8809799375 0.0682870375 0.8802083328125001 0.06944444375 0.8794367281250001 0.0917245375 0.877507715625 0.09895833333333333 0.8761574078125 0.10098379583333333 0.8740354937499999 0.10763888958333333 0.8728780859375 0.10879629583333333 0.8717206796875001 0.11458333333333333 0.871527778125 0.12471064791666667 0.8728780859375 0.13020833333333334 0.8788580250000001 0.1310763895833333 0.8879243828125001 0.12818287083333332 0.890046296875 0.13136574166666667 0.8904320984374999 0.13715277708333332 0.8921682093750001 0.140625 0.8946759265625 0.14120370416666667 0.8973765437500001 0.13946759166666667 0.9041280859375 0.13223379583333333 0.9081790125 0.12991898125 0.908757715625 0.12876157500000002 0.91396605 0.1270254625 0.915509259375 0.12557870416666667 0.9168595671875 0.1229745375 0.9185956796875001 0.12152777708333334 0.919367284375 0.1192129625 0.923225309375 0.113136575 0.9236111109375 0.11111111041666667 0.925347221875 0.109375 0.92669753125 0.105613425 0.9315200625 0.09866898125 0.9367283953125 0.09403935208333333 0.9371141968750001 0.09288194375 0.9419367281250001 0.089699075 0.9498456796875001 0.089699075 0.950617284375 0.08825231458333334 0.9500385796874999 0.08130787083333332 0.9513888890625 0.07899305625 0.9527391968750001 0.07002314791666667 0.956597221875 0.06712962916666668 0.9598765437500001 0.066261575 0.9645061734375 0.0625 0.9679783953125 0.05700231458333334 0.967399690625 0.05353009166666667 0.9691358031249999 0.05121527708333333 0.9699074078125 0.046875 0.9726080250000001 0.04571759166666667 0.9739583328125001 0.04224537083333334 0.974151234375 0.03935185208333333 0.9772376546875 0.0332754625 0.9774305562500001 0.030092591666666668 0.978009259375 0.029513889583333335 0.9772376546875 0.027199075 0.9772376546875 0.02112268541666667 0.978009259375 0.019675925 0.9783950625 0.011284722916666667 0.9755015437500001 0 0.8846450625 0
0 0.7498070984375 0 0.7498070984375 0.0014467583333333332 0.747492284375 0.0034722229166666663 0.746527778125 0.006365741666666667 0.74517746875 0.0078125 0.74517746875 0.0098379625 0.7438271609375 0.01475694375 0.74324845625 0.015046295833333334 0.7430555562500001 0.01793981458333333 0.74209105 0.019097222916666667 0.74112654375 0.024016204166666666 0.7399691359375 0.02575231458333333 0.7393904328125 0.029224537499999998 0.7401620375 0.030381943749999998 0.7424768515625 0.031828704166666666 0.74517746875 0.031828704166666666 0.7484567906249999 0.030381943749999998 0.751350309375 0.025462962500000002 0.7550154328125 0.023726852083333336 0.757330246875 0.021412037499999998 0.7613811734375 0.019965277083333333 0.766010803125 0.019675925 0.7679398140625 0.021701389583333335 0.7679398140625 0.02633101875 0.766975309375 0.03211805625 0.763117284375 0.042824074999999996 0.759259259375 0.04918981458333334 0.7546296296875 0.05324074166666667 0.752507715625 0.05700231458333334 0.7519290125 0.059895833333333336 0.750578703125 0.06163194375 0.7498070984375 0.0682870375 0.7484567906249999 0.07320601875 0.7478780859375 0.07349537083333332 0.74710648125 0.08043981458333334 0.7472993828125001 0.08564814791666667 0.75 0.0917245375 0.748649690625 0.09548611041666667 0.7484567906249999 0.09809027708333334 0.749421296875 0.10474537083333332 0.7519290125 0.10763888958333333 0.75482253125 0.10908564791666667 0.7559799375 0.113425925 0.7598379625 0.11776620416666667 0.761766975 0.11863425833333333 0.765046296875 0.11834490833333335 0.77044753125 0.11197916666666667 0.7706404328125 0.11024305625 0.77237654375 0.10763888958333333 0.7731481484375 0.10503472291666666 0.7731481484375 0.10243055625 0.77449845625 0.09809027708333334 0.7771990734374999 0.0917245375 0.7793209875 0.08854166666666667 0.7835648140625 0.08738425833333333 0.7883873453125 0.08854166666666667 0.79783950625 0.08883101875 0.8074845671875 0.08738425833333333 0.8097993828125001 0.0859375 0.8117283953125 0.08159722291666666 0.813078703125 0.07523148125 0.8157793203124999 0.06770833333333333 0.8206018515625001 0.06134259166666667 0.8244598765625 0.05815972291666667 0.8258101859375 0.05555555625 0.8283179015625001 0.05410879583333333 0.8296682093750001 0.05179398125 0.8312114203125001 0.05121527708333333 0.8342978390625 0.04745370416666667 0.8364197531249999 0.04629629583333333 0.838348765625 0.042824074999999996 0.840277778125 0.036458333333333336 0.840277778125 0.03472222291666667 0.8422067906249999 0.031828704166666666 0.84375 0.026041666666666668 0.8456790125 0.021990741666666664 0.8470293203124999 0.015625 0.8495370375 0.010127314583333333 0.8497299375 0.006365741666666667 0.8503086421875 0.0057870375 0.8503086421875 0 0.7498070984375 0
0 0.5353009265625001 0.6938657416666667 0.5343364203125 0.7005208333333334 0.531828703125 0.7042824083333333 0.531635803125 0.7068865750000001 0.5297067906249999 0.7100694437499999 0.5256558640625 0.7123842583333333 0.523919753125 0.7149884249999999 0.5217978390625 0.7164351854166667 0.5206404328125 0.7201967583333333 0.5210262343750001 0.7271412041666667 0.52044753125 0.7300347229166667 0.519097221875 0.7317708333333334 0.5177469140625 0.7355324083333333 0.5144675921874999 0.7395833333333334 0.511188271875 0.7476851854166667 0.516975309375 0.75491898125 0.5171682093750001 0.7615740750000001 0.5144675921874999 0.7653356479166666 0.5140817906249999 0.7690972229166667 0.515239196875 0.77054398125 0.51851851875 0.7714120375 0.519097221875 0.7728587958333333 0.5183256171874999 0.7754629625 0.5148533953125 0.7786458333333334 0.5052083328125 0.7850115750000001 0.503472221875 0.7879050916666667 0.502507715625 0.7881944437499999 0.50096450625 0.79195601875 0.49440586406250003 0.7980324083333333 0.49112654375 0.8107638895833333 0.49054783906250005 0.8110532416666667 0.48919753125 0.8168402770833333 0.49054783906250005 0.8220486104166667 0.4982638890625 0.8237847229166667 0.49903549375 0.8278356479166666 0.49556327187500004 0.8307291666666666 0.4870756171875 0.8324652770833333 0.48398919687499997 0.8339120375 0.4816743828125 0.8362268520833334 0.4747299375 0.8379629625 0.47183642031249995 0.8402777770833333 0.46855709843750004 0.8414351854166667 0.46932870312499997 0.8431712958333333 0.46932870312499997 0.8454861104166667 0.47106481406249995 0.8460648145833333 0.4720293203125 0.8483796291666666 0.4733796296875 0.8495370375 0.48398919687499997 0.8556134249999999 0.4890046296875 0.8538773145833333 0.4915123453125 0.8512731479166666 0.4949845671875 0.8498263895833333 0.4972993828125 0.8515625 0.4978780859375 0.8550347229166667 0.5023148140625 0.8556134249999999 0.5054012343750001 0.8535879625 0.5071373453125 0.8506944437499999 0.509259259375 0.8489583333333334 0.5104166671875 0.8431712958333333 0.5104166671875 0.8379629625 0.511188271875 0.8339120375 0.512152778125 0.8324652770833333 0.5167824078125001 0.8318865750000001 0.5196759265625001 0.8275462958333333 0.5206404328125 0.8185763895833333 0.5212191359375 0.8179976854166667 0.5212191359375 0.8156828708333334 0.52237654375 0.8136574083333333 0.5225694437499999 0.8078703708333334 0.5231481484375 0.8072916666666666 0.5231481484375 0.8043981479166666 0.5225694437499999 0.8038194437499999 0.5225694437499999 0.8003472229166667 0.5216049375 0.7962962958333333 0.5225694437499999 0.7881944437499999 0.5231481484375 0.7879050916666667 0.52334105 0.7835648145833333 0.523919753125 0.7832754625 0.523919753125 0.7818287041666667 0.52642746875 0.7757523145833333 0.529899690625 0.7728587958333333 0.5331790125 0.7664930562500001 0.5345293203125 0.7526041666666666 0.535108025 0.7520254625 0.535108025 0.7494212958333333 0.5364583328125 0.7456597229166667 0.5372299375 0.7390046291666666 0.5378086421875 0.7387152770833333 0.540509259375 0.7262731479166666 0.5418595671875 0.7239583333333334 0.542438271875 0.7207754625 0.5432098765625 0.7201967583333333 0.544367284375 0.71383101875 0.5451388890625 0.7126736104166667 0.5453317906249999 0.7094907416666667 0.5470679015625 0.7045717583333333 0.547260803125 0.6999421291666666 0.54783950625 0.6993634249999999 0.5484182093750001 0.6901041666666666 0.546296296875 0.6762152770833333 0.5441743828125001 0.6733217583333333 0.543016975 0.6730324083333333 0.5397376546875 0.6741898145833333 0.5378086421875 0.6765046291666666 0.5362654328125 0.6814236104166667 0.5358796296875 0.6854745375 0.5345293203125 0.6889467583333333 0.5353009265625001 0.6938657416666667
0 0.5461033953125 0.6634837958333333 0.546875 0.6655092583333333 0.5499614203125 0.6652199083333333 0.550347221875 0.6487268520833334 0.54976851875 0.6461226854166667 0.5486111109375 0.6443865750000001 0.548225309375 0.6403356479166666 0.546296296875 0.6365740750000001 0.5435956796875 0.6362847229166667 0.542438271875 0.6403356479166666 0.5422453703125 0.6475694437499999 0.543016975 0.6510416666666666 0.5435956796875 0.66116898125 0.5461033953125 0.6634837958333333
0 0.95794753125 0.8761574083333333 0.9592978390625 0.8949652770833333 0.9598765437500001 0.8952546291666666 0.9600694437499999 0.8978587958333333 0.9618055562500001 0.90133101875 0.9631558640625 0.90625 0.9666280859375 0.9129050916666667 0.967399690625 0.9129050916666667 0.969328703125 0.9157986104166667 0.9720293203124999 0.9172453708333334 0.9758873453125 0.9233217583333333 0.97665895 0.9273726854166667 0.97665895 0.9380787041666667 0.9758873453125 0.9395254625 0.9747299375 0.9461805562500001 0.9702932093750001 0.9519675916666667 0.966242284375 0.9534143520833334 0.9589120375 0.9537037041666667 0.95601851875 0.9548611104166667 0.9519675921875 0.9586226854166667 0.949652778125 0.9684606479166666 0.9471450625 0.97366898125 0.9446373453125 0.9768518520833334 0.94521605 0.9771412041666667 0.94540895 0.9791666666666666 0.9500385796874999 0.9832175916666667 0.95601851875 0.9858217583333333 0.962384259375 0.9869791666666666 0.9646990734375 0.9887152770833333 0.97357253125 0.9904513895833333 0.9747299375 0.9916087958333333 0.9890046296874999 0.9933449083333333 0.99209105 0.9930555562500001 0.994598765625 0.9916087958333333 0.9949845671875 0.9904513895833333 0.9998070984374999 0.9898726854166667 0.9998070984374999 0.8851273145833333 0.9984567906249999 0.8851273145833333 0.9978780859375 0.8842592583333333 0.9972993828125001 0.87991898125 0.9972993828125001 0.8726851854166667 0.9998070984374999 0.8718171291666666 0.9998070984374999 0.8104745375 0.994598765625 0.8101851854166667 0.994598765625 0.8220486104166667 0.996527778125 0.8237847229166667 0.996527778125 0.8278356479166666 0.9972993828125001 0.8307291666666666 0.9969135796874999 0.8321759249999999 0.994598765625 0.8324652770833333 0.9899691359375 0.8359375 0.9859182093750001 0.8365162041666667 0.9832175921875 0.8379629625 0.9824459875 0.8457754625 0.98148148125 0.8483796291666666 0.9807098765625 0.8480902770833333 0.9787808640625 0.8420138895833333 0.9747299375 0.83883101875 0.9737654328125 0.83883101875 0.9670138890625 0.8443287041666667 0.9631558640625 0.8451967583333333 0.9614197531249999 0.8475115750000001 0.9600694437499999 0.8515625 0.9592978390625 0.8582175916666667 0.9562114203125001 0.8651620375 0.9562114203125001 0.8709490750000001 0.9573688265625 0.8738425916666667 0.9573688265625 0.8758680562500001 0.95794753125 0.8761574083333333
0 0.9103009265625 0.21006944375 0.9112654328125 0.21325231458333332 0.9114583328125001 0.21701388958333334 0.9120370375 0.21730324166666665 0.9122299375 0.21961805625 0.9133873453125 0.22193287083333332 0.9151234562499999 0.222800925 0.9201388890625 0.2207754625 0.9241898140625 0.21788194375 0.927276234375 0.21817129583333333 0.9293981484374999 0.2207754625 0.9301697531249999 0.2207754625 0.934027778125 0.22685185208333333 0.9353780859375 0.238136575 0.9378858031249999 0.24131944375 0.9432870375 0.24189814791666667 0.9450231484374999 0.24305555625 0.9473379625 0.24681712916666668 0.9488811734375 0.25144675833333335 0.949652778125 0.25173611041666666 0.9519675921875 0.25607638958333334 0.953703703125 0.25723379583333333 0.9562114203125001 0.26070601875 0.9577546296874999 0.26128472291666666 0.9598765437500001 0.26446759166666667 0.9612268515625001 0.269386575 0.9612268515625001 0.27922453750000004 0.9619984562499999 0.2829861104166667 0.9627700625 0.2838541666666667 0.9637345671875 0.28414351875 0.96585648125 0.28211805624999997 0.9704861109375 0.28067129583333333 0.9718364203125001 0.28240740833333333 0.9739583328125001 0.28935185208333336 0.9776234562499999 0.293113425 0.9820601859375 0.28790509166666667 0.9845679015625001 0.28616898125 0.9884259265625 0.28067129583333333 0.9926697531249999 0.277199075 0.99517746875 0.27314814791666664 0.9976851859375 0.265625 0.9998070984374999 0.26475694375 0.9998070984374999 0.06973379583333333 0.9978780859375 0.06973379583333333 0.996527778125 0.06741898125 0.9905478390625 0.06510416666666667 0.98919753125 0.06365740833333333 0.9866898140625 0.056423610416666665 0.9864969140625 0.05150462916666666 0.9853395062500001 0.04629629583333333 0.980902778125 0.042824074999999996 0.9699074078125 0.04224537083333334 0.9670138890625 0.04832175833333333 0.9619984562499999 0.05324074166666667 0.9618055562500001 0.05526620416666667 0.9596836421875 0.05960648125 0.956597221875 0.06134259166666667 0.9552469140625 0.06394675833333334 0.9519675921875 0.06568287083333334 0.9508101859375 0.06741898125 0.950617284375 0.07175925833333333 0.9486882718749999 0.07494212916666668 0.9486882718749999 0.08333333333333333 0.9498456796875001 0.09259259166666665 0.9481095671875 0.12644675833333333 0.9471450625 0.13136574166666667 0.9457947531249999 0.13425925833333335 0.940972221875 0.13888888958333334 0.936921296875 0.14033564791666667 0.9280478390625 0.14583333333333334 0.9263117281250001 0.14814814791666667 0.9234182093750001 0.14959490833333333 0.9187885796874999 0.15451388958333334 0.9153163578125 0.16116898124999998 0.915509259375 0.16464120416666667 0.9166666671874999 0.16840277708333332 0.9160879625 0.16869212916666668 0.9158950625 0.17158564791666667 0.9147376546875 0.17332175833333335 0.9147376546875 0.17534722291666668 0.9133873453125 0.17737268541666668 0.9130015437500001 0.1796875 0.9114583328125001 0.18142361041666666 0.9093364203125001 0.18663194375 0.9074074078125 0.1895254625 0.9074074078125 0.19212962916666668 0.906828703125 0.19270833333333334 0.9101080250000001 0.199074075 0.9103009265625 0.21006944375
0 0.5324074078125001 0.44328703750000004 0.5333719140625 0.44820601875 0.5372299375 0.45341435208333336 0.53800154375 0.45630787083333335 0.5370370375 0.47800925833333335 0.5364583328125 0.4782986104166667 0.5364583328125 0.480613425 0.5370370375 0.48090277708333334 0.5383873453125 0.488136575 0.5418595671875 0.49131944375000003 0.546489196875 0.49131944375000003 0.5501543203125 0.48726851875 0.5518904328125 0.48350694375000003 0.55362654375 0.4826388895833333 0.5538194437499999 0.4817708333333333 0.5569058640625 0.4817708333333333 0.5636574078125001 0.488136575 0.57040895 0.48929398125 0.5748456796875 0.48871527708333334 0.577739196875 0.4869791666666667 0.5779320984375 0.4861111104166667 0.5883487656249999 0.484375 0.594328703125 0.47598379583333333 0.6003086421875 0.4704861104166667 0.60050154375 0.46817129583333333 0.60146605 0.46730324166666665 0.60146605 0.46296296249999996 0.59375 0.45254629583333333 0.592399690625 0.4479166666666667 0.592399690625 0.44502314791666664 0.5945216046875 0.43952546249999996 0.5945216046875 0.433738425 0.5922067906249999 0.42216435208333336 0.5895061734375 0.41724537083333335 0.5831404328125 0.4140625 0.58101851875 0.4117476854166667 0.58101851875 0.4085648145833333 0.581597221875 0.40711805624999997 0.590277778125 0.40046296249999996 0.590277778125 0.3923611104166667 0.58892746875 0.37818287083333335 0.5868055562500001 0.3732638895833333 0.584490740625 0.371238425 0.5817901234375 0.3671875 0.58101851875 0.36371527708333334 0.5783179015625 0.359375 0.5711805562500001 0.3576388895833333 0.5709876546875 0.3567708333333333 0.565007715625 0.3567708333333333 0.5648148140625 0.3576388895833333 0.5584490734374999 0.35850694375000003 0.5538194437499999 0.3616898145833333 0.5495756171874999 0.36226851875 0.5457175921874999 0.36574074166666665 0.5453317906249999 0.37355324166666665 0.548225309375 0.38252314791666664 0.548225309375 0.39756944375000003 0.546875 0.40133101875 0.544367284375 0.40480324166666665 0.5364583328125 0.40480324166666665 0.532600309375 0.4088541666666667 0.529899690625 0.42042824166666665 0.529899690625 0.4322916666666667 0.531635803125 0.4392361104166667 0.531828703125 0.4429976854166667 0.5324074078125001 0.44328703750000004
0 0.7129629625 0.199074075 0.7141203703125 0.19791666666666666 0.71392746875 0.19589120416666667 0.7127700625 0.1953125 0.7125771609375 0.19762731458333332 0.7135416671875 0.20225694375 0.7141203703125 0.19994212916666668 0.7129629625 0.199074075
0 0.70601851875 0.18663194375 0.7054398140625 0.18923611041666666 0.7073688265625 0.18923611041666666 0.706597221875 0.18663194375 0.70601851875 0.18663194375
0 0.6051311734375 0.9976851854166667 0.606034721875 0.9991319437499999 0.608989196875 0.9991319437499999 0.608989196875 0.9976851854166667 0.6041666671875 0.9973958333333334 0.5999228390625 0.9945023145833333 0.5904706796875 0.9936342583333333 0.5896990734374999 0.9942129625 0.590277778125 0.9991319437499999 0.6050499609375 0.9991319437499999 0.6051311734375 0.9976851854166667
0 0.621527778125 0.93460648125 0.6228780859375 0.9458912041666667 0.626350309375 0.9499421291666666 0.629436728125 0.9516782416666667 0.6334876546875 0.9528356479166666 0.6417824078125001 0.9528356479166666 0.6452546296875 0.9545717583333333 0.647955246875 0.95804398125 0.6487268515625 0.9606481479166666 0.6487268515625 0.9710648145833333 0.6481481484375 0.9739583333333334 0.6458333328125 0.9780092583333333 0.6439043203125 0.97945601875 0.63966049375 0.9797453708333334 0.6321373453125 0.9780092583333333 0.63175154375 0.9771412041666667 0.628858025 0.9771412041666667 0.6286651234375 0.9780092583333333 0.626350309375 0.9782986104166667 0.625578703125 0.9797453708333334 0.6261574078125001 0.9832175916666667 0.6280864203125 0.9849537041666667 0.628858025 0.9878472229166667 0.6307870375 0.9904513895833333 0.63290895 0.9991319437499999 0.6907793203125 0.9991319437499999 0.690972221875 0.9976851854166667 0.6956018515625 0.9965277770833333 0.69830246875 0.9976851854166667 0.6984953703125 0.9991319437499999 0.7472993828125001 0.9991319437499999 0.747492284375 0.9976851854166667 0.7492283953125 0.99710648125 0.75 0.9956597229166667 0.75 0.9936342583333333 0.748649690625 0.9904513895833333 0.74324845625 0.9869791666666666 0.7413194437499999 0.984375 0.74209105 0.98148148125 0.7440200625 0.9785879625 0.7457561734375 0.9777199083333333 0.7459490734374999 0.9765625 0.7521219140625 0.97366898125 0.752507715625 0.9725115750000001 0.7557870375 0.9707754625 0.7571373453125 0.9678819437499999 0.7658179015625 0.9583333333333334 0.7671682093750001 0.9551504625 0.77044753125 0.9505208333333334 0.7702546296875 0.9453125 0.7619598765625 0.9392361104166667 0.7619598765625 0.9351851854166667 0.763117284375 0.9317129625 0.769097221875 0.9227430562500001 0.7712191359375 0.9215856479166666 0.7714120375 0.9178240750000001 0.76851851875 0.9143518520833334 0.76851851875 0.9103009249999999 0.7692901234375 0.9082754625 0.7696759265625001 0.9039351854166667 0.76851851875 0.8975694437499999 0.7679398140625 0.8969907416666667 0.7679398140625 0.8848379625 0.76851851875 0.8842592583333333 0.769097221875 0.8802083333333334 0.769097221875 0.8764467583333333 0.76658950625 0.8738425916666667 0.7596450625 0.8718171291666666 0.753858025 0.8683449083333333 0.751350309375 0.8683449083333333 0.747492284375 0.87210648125 0.7374614203125 0.8764467583333333 0.7363040125 0.8784722229166667 0.7345679015625 0.8796296291666666 0.7312885796875 0.8854166666666666 0.7301311734375 0.8862847229166667 0.7291666671875 0.8897569437499999 0.7272376546875 0.8929398145833333 0.72646605 0.8987268520833334 0.7258873453125 0.8990162041666667 0.7258873453125 0.9010416666666666 0.7247299375 0.9039351854166667 0.7247299375 0.90625 0.7239583328125 0.9071180562500001 0.7218364203125 0.9160879625 0.720100309375 0.9192708333333334 0.7199074078125001 0.9215856479166666 0.7170138890625 0.9250578708333334 0.7135416671875 0.92476851875 0.71084105 0.9210069437499999 0.7100694437499999 0.9175347229166667 0.7081404328125 0.9163773145833333 0.706597221875 0.9137731479166666 0.6998456796875 0.9184027770833333 0.6973379625 0.9175347229166667 0.6959876546875 0.9157986104166667 0.6959876546875 0.9137731479166666 0.698688271875 0.9082754625 0.7050540125 0.9021990750000001 0.7071759265625001 0.8984375 0.70794753125 0.89554398125 0.70794753125 0.8787615750000001 0.7073688265625 0.8729745375 0.70601851875 0.8651620375 0.70408950625 0.8608217583333333 0.702739196875 0.8596643520833334 0.700617284375 0.8599537041666667 0.6981095671875 0.8611111104166667 0.6979166671875 0.86226851875 0.695794753125 0.8640046291666666 0.6925154328125 0.8648726854166667 0.688850309375 0.8637152770833333 0.6859567906249999 0.8611111104166667 0.6824845671875 0.8596643520833334 0.6699459875 0.859375 0.660686728125 0.8573495375 0.655671296875 0.8538773145833333 0.6502700625 0.8483796291666666 0.645061728125 0.8402777770833333 0.644097221875 0.8373842583333333 0.640239196875 0.8339120375 0.6334876546875 0.8379629625 0.6334876546875 0.8394097229166667 0.6321373453125 0.8417245375 0.6307870375 0.8478009249999999 0.6290509265625001 0.8509837958333333 0.6280864203125 0.8553240750000001 0.6228780859375 0.8637152770833333 0.6222993828125001 0.8666087958333333 0.62210648125 0.8761574083333333 0.621527778125 0.8813657416666667 0.6209490734374999 0.8816550916666667 0.621527778125 0.8943865750000001 0.61824845625 0.9004629625 0.61824845625 0.9262152770833333 0.6188271609375 0.9265046291666666 0.6190200625 0.9296875 0.621527778125 0.93460648125
0 0.34085648125 0 0.34085648125 0.0017361104166666666 0.33892746875 0.003761575 0.3381558640625 0.006076389583333333 0.3323688265625 0.015046295833333334 0.3323688265625 0.017071758333333336 0.333526234375 0.019386575 0.3356481484375 0.02112268541666667 0.33584105000000003 0.023726852083333336 0.33294753125 0.035011574999999996 0.3323688265625 0.035300925000000004 0.3312114203125 0.043113425000000004 0.3395061734375 0.04745370416666667 0.3416280859375 0.0546875 0.34471450625 0.057291666666666664 0.34510030937499997 0.058449074999999996 0.3508873453125 0.06278935208333333 0.3522376546875 0.06365740833333333 0.3557098765625 0.06365740833333333 0.3582175921875 0.06105324166666667 0.363233025 0.05960648125 0.3653549375 0.06134259166666667 0.3697916671875 0.06915509166666665 0.3719135796875 0.06973379583333333 0.37345679062500003 0.07175925833333333 0.37596450625 0.07262731458333334 0.37635030937499997 0.07349537083333332 0.37789351875 0.0723379625 0.378858025 0.06973379583333333 0.3809799375 0.06770833333333333 0.3831018515625 0.06163194375 0.384259259375 0.0604745375 0.3856095671875 0.052951389583333335 0.388117284375 0.04716435208333333 0.38908179062500003 0.04253472291666667 0.3908179015625 0.04021990833333333 0.3929398140625 0.0332754625 0.3927469140625 0.021412037499999998 0.38966049375 0.014467591666666666 0.3888888890625 0.010706018749999999 0.3873456796875 0.00868055625 0.386188271875 0 0.34085648125 0
0 0.0916280859375 0.03125 0.094135803125 0.03414351875 0.095100309375 0.04050925833333333 0.0974151234375 0.04340277708333333 0.0978009265625 0.05005787083333334 0.0949074078125 0.05324074166666667 0.0949074078125 0.05526620416666667 0.094328703125 0.05555555625 0.094135803125 0.06105324166666667 0.092206790625 0.07378472291666666 0.0916280859375 0.074074075 0.090277778125 0.08680555625 0.0896990734375 0.08709490833333335 0.0896990734375 0.09027777708333334 0.0877700625 0.0957754625 0.0875771609375 0.0995370375 0.08294753125 0.10908564791666667 0.081597221875 0.10995370416666667 0.0802469140625 0.11458333333333333 0.07889660468750001 0.11747685208333333 0.0779320984375 0.11805555625 0.077546296875 0.11979166666666667 0.072723765625 0.12615740833333333 0.07040895 0.12789351875 0.0680941359375 0.13165509166666667 0.0657793203125 0.13339120416666667 0.0655864203125 0.13570601875000002 0.0646219140625 0.136863425 0.0661651234375 0.140625 0.06770833281250001 0.14207175833333335 0.0769675921875 0.14207175833333335 0.08506944375 0.13946759166666667 0.08699845625 0.136863425 0.095100309375 0.13020833333333334 0.0987654328125 0.13020833333333334 0.10223765468749998 0.1328125 0.1033950625 0.13715277708333332 0.10281635781250001 0.140625 0.10127314843749999 0.14380787083333332 0.0939429015625 0.14930555625 0.0916280859375 0.14959490833333333 0.0877700625 0.15364583333333334 0.0862268515625 0.15740740833333333 0.08506944375 0.1582754625 0.08294753125 0.16464120416666667 0.08294753125 0.16695601875000002 0.081597221875 0.16898148124999998 0.0802469140625 0.17650462916666668 0.07561728437500001 0.1854745375 0.07561728437500001 0.18923611041666666 0.078125 0.19097222291666668 0.08101851875 0.19473379583333333 0.081597221875 0.19791666666666666 0.0823688265625 0.19878472291666668 0.0823688265625 0.20196759166666667 0.08294753125 0.20225694375 0.0831404328125 0.20949074166666665 0.08391203750000001 0.21354166666666666 0.08506944375 0.21527777708333332 0.0900848765625 0.21701388958333334 0.0916280859375 0.21961805625 0.0939429015625 0.22135416666666666 0.095100309375 0.22395833333333334 0.098186728125 0.22540509166666667 0.10030864218749999 0.22771990833333333 0.106867284375 0.22829861041666666 0.1120756171875 0.22627314791666667 0.1136188265625 0.22714120416666667 0.11516203750000001 0.230613425 0.11554783906249999 0.23784722291666668 0.112847221875 0.2401620375 0.11246142031249999 0.25173611041666666 0.11419753125000001 0.253761575 0.1149691359375 0.25868055625 0.11631944375 0.261863425 0.11882716093750001 0.26273148125 0.119598765625 0.26388888958333334 0.121527778125 0.26099537083333335 0.121527778125 0.25289351875 0.12345679062499999 0.24710648124999998 0.123649690625 0.24334490833333333 0.1269290125 0.2401620375 0.13290895 0.230613425 0.13348765468749998 0.2285879625 0.13348765468749998 0.22164351875000002 0.1307870375 0.20746527708333332 0.12750771562500002 0.20167824166666665 0.1269290125 0.199363425 0.124421296875 0.19646990833333333 0.1242283953125 0.19502314791666667 0.1217206796875 0.191550925 0.12094907343750001 0.18923611041666666 0.1207561734375 0.1854745375 0.121527778125 0.18229166666666666 0.125385803125 0.17939814791666667 0.1269290125 0.17650462916666668 0.1277006171875 0.16637731458333332 0.1269290125 0.15364583333333334 0.125578703125 0.15075231458333332 0.12210648125000001 0.14785879583333333 0.11882716093750001 0.14293981458333332 0.11824845625 0.136863425 0.11882716093750001 0.13339120416666667 0.1203703703125 0.13165509166666667 0.12750771562500002 0.13136574166666667 0.1300154328125 0.12991898125 0.1307870375 0.12818287083333332 0.1315586421875 0.12586805625 0.132330246875 0.11834490833333335 0.1356095671875 0.11024305625 0.1350308640625 0.10069444375 0.1356095671875 0.0957754625 0.13811728437499998 0.089988425 0.13811728437499998 0.08535879583333333 0.1354166671875 0.08130787083333332 0.13213734531250002 0.07870370416666667 0.1309799375 0.07696759166666665 0.130401234375 0.074363425 0.1309799375 0.0703125 0.13348765468749998 0.06799768541666666 0.13348765468749998 0.06423611041666667 0.126350309375 0.06423611041666667 0.1230709875 0.06336805625 0.1194058640625 0.06394675833333334 0.11709105 0.0625 0.11631944375 0.06105324166666667 0.11554783906249999 0.05324074166666667 0.11631944375 0.05237268541666666 0.11689814843749999 0.04745370416666667 0.11766975312500001 0.04600694375 0.11844135781250001 0.036458333333333336 0.11766975312500001 0.032986110416666665 0.11612654375 0.03240740833333333 0.1130401234375 0.035300925000000004 0.1113040125 0.03472222291666667 0.1095679015625 0.030092591666666668 0.1095679015625 0.02575231458333333 0.1076388890625 0.023726852083333336 0.106867284375 0.021412037499999998 0.1051311734375 0.020833333333333332 0.10358796249999999 0.021701389583333335 0.10243055625 0.024305556250000002 0.10165895 0.024016204166666666 0.0997299375 0.02112268541666667 0.09953703750000001 0.019097222916666667 0.0983796296875 0.017361110416666665 0.09567901250000001 0.015625 0.088348765625 0.016203704166666666 0.08699845625 0.018807870833333334 0.08854166718749999 0.023726852083333336 0.089313271875 0.024016204166666666 0.09085648125 0.027199075 0.0916280859375 0.03125
0 0.2552083328125 0.6218171291666666 0.2552083328125 0.6302083333333334 0.2557870375 0.6304976854166667 0.2565586421875 0.6345486104166667 0.25771605000000003 0.6365740750000001 0.25790894999999997 0.6388888895833333 0.2584876546875 0.6391782416666667 0.259259259375 0.6440972229166667 0.2619598765625 0.6493055562500001 0.26523919687499997 0.6527777770833333 0.26909722187499996 0.6524884249999999 0.27430555624999997 0.6417824083333333 0.2762345671875 0.6409143520833334 0.2770061734375 0.6420717583333333 0.2789351859375 0.6600115750000001 0.2789351859375 0.6681134249999999 0.2779706796875 0.671875 0.27854938281249997 0.6762152770833333 0.2791280859375 0.6791087958333333 0.2831790125 0.6817129625 0.2872299375 0.67679398125 0.290509259375 0.67476851875 0.2918595671875 0.671875 0.2951388890625 0.6704282416666667 0.29783950625 0.6678240750000001 0.29783950625 0.6637731479166666 0.294367284375 0.6568287041666667 0.2932098765625 0.6498842583333333 0.292438271875 0.6490162041666667 0.2908950625 0.6365740750000001 0.2858796296875 0.6223958333333334 0.2853009265625 0.6183449083333333 0.2858796296875 0.6177662041666667 0.2858796296875 0.6145833333333334 0.2864583328125 0.6137152770833333 0.2862654328125 0.6061921291666666 0.2831790125 0.6018518520833334 0.27777777812500004 0.5992476854166667 0.27334105000000003 0.5946180562500001 0.27044753125 0.5902777770833333 0.27044753125 0.58883101875 0.26909722187499996 0.5856481479166666 0.26909722187499996 0.5801504625 0.2698688265625 0.578125 0.2696759265625 0.5740740750000001 0.26851851875 0.5720486104166667 0.26523919687499997 0.5714699083333333 0.26215277812500004 0.5734953708333334 0.25771605000000003 0.5734953708333334 0.2559799375 0.5743634249999999 0.2571373453125 0.5899884249999999 0.2571373453125 0.6018518520833334 0.2557870375 0.6215277770833333 0.2552083328125 0.6218171291666666
0 0.44695216093749995 0.44618055624999997 0.4488811734375 0.45109953750000004 0.4504243828125 0.45196759166666667 0.45293209843750004 0.45659722291666666 0.4542824078125 0.457175925 0.45659722187499996 0.46064814791666664 0.46180555625 0.46209490833333333 0.46932870312499997 0.46730324166666665 0.47357253125 0.46817129583333333 0.4739583328125 0.46903935208333336 0.48206018593750005 0.46556712916666665 0.48726851875 0.464699075 0.48919753125 0.46151620416666667 0.48919753125 0.45746527708333334 0.48746142031249995 0.4470486104166667 0.48726851875 0.441550925 0.48668981406249995 0.44097222291666666 0.48533950625 0.4236111104166667 0.48456790156249996 0.42158564791666664 0.48418209843750004 0.41377314791666664 0.47743055625 0.41464120416666667 0.47010030937499997 0.41203703750000004 0.4666280859375 0.41319444375000003 0.4616126546875 0.41695601875 0.45543981406249995 0.41724537083333335 0.45273919687499997 0.41840277708333334 0.44868827187500004 0.42245370416666667 0.4459876546875 0.43084490833333333 0.44540895 0.4427083333333333 0.4459876546875 0.4429976854166667 0.44618055625 0.44560185208333336 0.44695216093749995 0.44618055624999997
0 0.4957561734375 0.43547453750000004 0.49517746875 0.4357638895833333 0.49517746875 0.44039351875 0.4957561734375 0.44068287083333335 0.49594907343749994 0.44994212916666665 0.49652777812500004 0.45023148125 0.49652777812500004 0.45283564791666664 0.4978780859375 0.4583333333333333 0.5019290125 0.4554398145833333 0.5021219140625 0.45428240833333333 0.5040509265625001 0.45283564791666664 0.5090663578125 0.4513888895833333 0.5129243828125001 0.45283564791666664 0.5144675921874999 0.45457175833333335 0.5154320984375 0.457175925 0.5210262343750001 0.4609375 0.530671296875 0.46383101875 0.5310570984375 0.464699075 0.5329861109375 0.46527777708333334 0.535108025 0.4635416666666667 0.5362654328125 0.46064814791666664 0.5358796296875 0.456886575 0.533757715625 0.45457175833333335 0.5291280859375 0.45196759166666667 0.5258487656249999 0.4470486104166667 0.5231481484375 0.44039351875 0.52237654375 0.4357638895833333 0.52044753125 0.43171296249999996 0.5196759265625001 0.42679398125 0.5158179015625 0.418113425 0.5102237656249999 0.41290509166666667 0.502507715625 0.40914351875 0.49864969062500003 0.40914351875 0.49768518593750005 0.410011575 0.4967206796875 0.41319444375000003 0.49710648125 0.418113425 0.49652777812500004 0.42679398125 0.49594907343749994 0.4270833333333333 0.4957561734375 0.43547453750000004
0 0.978009259375 0 0.9785879625 0.018807870833333334 0.9791666671874999 0.019097222916666667 0.9793595671875 0.020833333333333332 0.9793595671875 0.03356481458333334 0.9785879625 0.03472222291666667 0.9785879625 0.03935185208333333 0.97955246875 0.03935185208333333 0.9797453703125001 0.04021990833333333 0.98148148125 0.04021990833333333 0.9834104937499999 0.03877314791666667 0.985725309375 0.03964120416666667 0.9886188265625 0.058449074999999996 0.9905478390625 0.06192129583333333 0.994598765625 0.06423611041666667 0.9998070984374999 0.06307870416666667 0.9998070984374999 0 0.978009259375 0
0 0.5210262343750001 0.5396412041666667 0.5217978390625 0.5471643520833334 0.52237654375 0.5474537041666667 0.5225694437499999 0.54976851875 0.523919753125 0.5523726854166667 0.52449845625 0.5558449083333333 0.5250771609375 0.5561342583333333 0.5252700625 0.5601851854166667 0.5270061734375 0.5639467583333333 0.5271990734374999 0.5659722229166667 0.527777778125 0.5662615750000001 0.5291280859375 0.5749421291666666 0.529899690625 0.5755208333333334 0.5324074078125001 0.5821759249999999 0.5358796296875 0.5824652770833333 0.5399305562500001 0.5792824083333333 0.5470679015625 0.5789930562500001 0.5505401234375 0.5778356479166666 0.55169753125 0.57320601875 0.5549768515625 0.5694444437499999 0.5597993828125001 0.56741898125 0.561149690625 0.5659722229166667 0.5677083328125 0.5642361104166667 0.5684799375 0.5601851854166667 0.5675154328125 0.5581597229166667 0.5592206796875 0.5552662041666667 0.5570987656249999 0.5523726854166667 0.55459105 0.5506365750000001 0.55362654375 0.5483217583333333 0.5457175921874999 0.5387731479166666 0.535686728125 0.5358796291666666 0.529899690625 0.5280671291666666 0.5250771609375 0.527488425 0.5212191359375 0.5289351854166667 0.519097221875 0.5335648145833333 0.5196759265625001 0.5338541666666666 0.5198688265625 0.5373263895833333 0.5210262343750001 0.5396412041666667
0 0.5331790125 0.43778935208333336 0.533757715625 0.4351851854166667 0.5331790125 0.4320023145833333 0.532600309375 0.4320023145833333 0.5324074078125001 0.433738425 0.5333719140625 0.4348958333333333 0.5324074078125001 0.43605324166666665 0.5331790125 0.43778935208333336
0 0.621527778125 0.23292824166666665 0.6226851859375 0.23524305625 0.6228780859375 0.23755787083333332 0.6234567906249999 0.23784722291666668 0.623649690625 0.24826388958333334 0.6234567906249999 0.25115740833333333 0.6228780859375 0.25173611041666666 0.6267361109375 0.2557870375 0.6334876546875 0.2554976854166667 0.640239196875 0.25810185208333336 0.644483025 0.25694444375 0.6456404328125 0.25925925833333335 0.6521990734374999 0.26707175833333335 0.6541280859375 0.27256944375000003 0.657600309375 0.277199075 0.66396605 0.28067129583333333 0.6647376546875 0.28182870416666667 0.670524690625 0.28182870416666667 0.675347221875 0.28009259166666667 0.6824845671875 0.28009259166666667 0.68653549375 0.28067129583333333 0.6867283953125 0.28153935208333336 0.6894290125 0.2829861104166667 0.6934799375 0.28182870416666667 0.6950231484375 0.28009259166666667 0.6959876546875 0.27806712916666665 0.6959876546875 0.26273148125 0.698688271875 0.25954861041666666 0.6988811734375 0.25723379583333333 0.6994598765625 0.25665509166666667 0.6988811734375 0.25115740833333333 0.6994598765625 0.25057870416666667 0.7000385796875 0.24074074166666665 0.7008101859375 0.23726851875000002 0.70216049375 0.234375 0.70408950625 0.23321759166666667 0.70601851875 0.230613425 0.7081404328125 0.22309027708333332 0.7092978390625 0.22135416666666666 0.7125771609375 0.21990740833333333 0.7172067906249999 0.21932870416666667 0.7179783953125 0.21788194375 0.7168209875 0.207175925 0.7172067906249999 0.20023148124999998 0.715277778125 0.1953125 0.709490740625 0.18923611041666666 0.707561728125 0.18518518541666668 0.7073688265625 0.1817129625 0.7092978390625 0.17939814791666667 0.70987654375 0.17650462916666668 0.70987654375 0.17476851875000002 0.7087191359375 0.171875 0.7062114203125 0.17013888958333334 0.7013888890625 0.16377314791666667 0.69425154375 0.15885416666666666 0.6915509265625001 0.15393518541666668 0.690007715625 0.15277777708333332 0.6788194437499999 0.15335648124999998 0.6755401234375 0.14930555625 0.6720679015625 0.14872685208333333 0.6647376546875 0.14988425833333335 0.6633873453125 0.15104166666666666 0.6628086421875 0.15306712916666668 0.6614583328125 0.15393518541666668 0.6595293203125 0.15885416666666666 0.656828703125 0.16319444375 0.6547067906249999 0.17129629583333333 0.6467978390625 0.171875 0.644097221875 0.17332175833333335 0.6404320984375 0.18142361041666666 0.640239196875 0.183449075 0.6383101859375 0.18836805625 0.638117284375 0.19097222291666668 0.6375385796875 0.191261575 0.6373456796875 0.19357638958333334 0.636188271875 0.19618055625 0.628858025 0.20167824166666665 0.6261574078125001 0.20283564791666667 0.6228780859375 0.20659722291666668 0.6228780859375 0.2167245375 0.6190200625 0.22569444375 0.6195987656249999 0.230324075 0.621527778125 0.23292824166666665
0 0.8221450625 0.7537615750000001 0.8223379625 0.7583912041666667 0.8234953703125001 0.7592592583333333 0.8250385796874999 0.7598379625 0.829475309375 0.7589699083333333 0.8317901234375 0.7575231479166666 0.8387345671875 0.7569444437499999 0.8422067906249999 0.7578125 0.845100309375 0.7601273145833333 0.8493441359375 0.7604166666666666 0.8532021609375 0.7578125 0.8586033953125 0.7578125 0.8645833328125001 0.7615740750000001 0.8697916671874999 0.76851851875 0.8759645062500001 0.7714120375 0.8782793203124999 0.7740162041666667 0.8811728390625 0.7743055562500001 0.88271605 0.7728587958333333 0.8834876546875 0.77054398125 0.8854166671874999 0.7557870375 0.8854166671874999 0.7494212958333333 0.884259259375 0.7413194437499999 0.8823302468750001 0.7375578708333334 0.880401234375 0.7358217583333333 0.8730709875 0.734375 0.8690200625 0.7326388895833333 0.8676697531249999 0.7303240750000001 0.860725309375 0.7262731479166666 0.8537808640625 0.7245370375 0.853009259375 0.72366898125 0.8478009265625 0.7222222229166667 0.83294753125 0.7207754625 0.8304398140625 0.7181712958333333 0.8304398140625 0.7167245375 0.8283179015625001 0.7132523145833333 0.8265817906249999 0.71383101875 0.825617284375 0.7155671291666666 0.8250385796874999 0.7201967583333333 0.8238811734375 0.7222222229166667 0.8231095671875 0.7265625 0.82040895 0.7326388895833333 0.82040895 0.7430555562500001 0.8209876546875 0.7433449083333333 0.8209876546875 0.7479745375 0.8221450625 0.7537615750000001
0 0.5270061734375 0.08420138958333333 0.5258487656249999 0.082175925 0.52642746875 0.08333333333333333 0.5256558640625 0.08506944375 0.5266203703125 0.08564814791666667 0.5270061734375 0.08420138958333333
0 0.3937114203125 0 0.3937114203125 0.0017361104166666666 0.39158950625 0.003761575 0.390625 0.006076389583333333 0.386766975 0.0078125 0.3869598765625 0.009259258333333333 0.390046296875 0.011863425 0.3904320984375 0.015335647916666667 0.3929398140625 0.021701389583333335 0.3927469140625 0.029513889583333335 0.39216820937499997 0.029803241666666664 0.39158950625 0.032986110416666665 0.39197530937499997 0.037326389583333335 0.39101080312500003 0.04021990833333333 0.3894675921875 0.04224537083333334 0.3873456796875 0.05034722291666667 0.3856095671875 0.05324074166666667 0.3846450625 0.058738425000000004 0.38290894999999997 0.06134259166666667 0.38271605000000003 0.06307870416666667 0.3809799375 0.066261575 0.3807870375 0.0682870375 0.377507715625 0.07349537083333332 0.37635030937499997 0.07870370416666667 0.37635030937499997 0.08564814791666667 0.3802083328125 0.089699075 0.38580246875 0.09288194375 0.3886959875 0.09693287083333332 0.3894675921875 0.10127314791666667 0.388117284375 0.10763888958333333 0.386188271875 0.11082175833333333 0.3854166671875 0.11429398125 0.38290894999999997 0.11950231458333334 0.3834876546875 0.13020833333333334 0.3856095671875 0.136863425 0.3854166671875 0.15567129583333333 0.3848379625 0.15625 0.3846450625 0.16174768541666668 0.38368055624999997 0.16435185208333333 0.3834876546875 0.1698495375 0.38290894999999997 0.17013888958333334 0.38271605000000003 0.17332175833333335 0.38290894999999997 0.17824074166666665 0.3840663578125 0.17939814791666667 0.3834876546875 0.17997685208333333 0.38908179062500003 0.175925925 0.3917824078125 0.17534722291666668 0.39853394999999997 0.17708333333333334 0.4029706796875 0.17939814791666667 0.4112654328125 0.18055555625 0.41396605 0.18460648124999998 0.41608796249999996 0.19270833333333334 0.41878857968750005 0.19444444375 0.42245370312499997 0.19357638958333334 0.42862654375 0.1895254625 0.431134259375 0.18923611041666666 0.43402777812500004 0.18778935208333333 0.4342206796875 0.18692129583333333 0.440007715625 0.18489583333333334 0.44425154375 0.18142361041666666 0.45081018593750005 0.17824074166666665 0.45987654375 0.17621527708333332 0.4637345671875 0.17621527708333332 0.47067901250000005 0.17881944375 0.47164351875 0.17708333333333334 0.4737654328125 0.175636575 0.478973765625 0.16753472291666668 0.4822530859375 0.16579861041666666 0.482831790625 0.16464120416666667 0.48842592656250006 0.16290509166666667 0.49112654375 0.16087962916666668 0.49382716093749995 0.15364583333333334 0.496141975 0.144675925 0.49922839531249996 0.13946759166666667 0.49942129687500003 0.13744212916666668 0.500385803125 0.13599537083333332 0.501350309375 0.12934027708333334 0.5019290125 0.12876157500000002 0.5021219140625 0.12471064791666667 0.5046296296875 0.11631944375 0.5059799375 0.10648148125 0.5065586421875 0.10590277708333334 0.5084876546875 0.09201388958333333 0.509259259375 0.09114583333333333 0.5106095671875 0.08362268541666666 0.5119598765625 0.08159722291666666 0.5123456796875 0.07928240833333335 0.515046296875 0.0760995375 0.515239196875 0.07494212916666668 0.5167824078125001 0.07523148125 0.5187114203125 0.07783564791666667 0.5221836421875 0.07928240833333335 0.5225694437499999 0.08072916666666667 0.5258487656249999 0.08159722291666666 0.5285493828125001 0.08043981458333334 0.531828703125 0.07638888958333333 0.53414351875 0.07667824166666667 0.5353009265625001 0.078125 0.5353009265625001 0.081886575 0.5327932093750001 0.08651620416666667 0.5291280859375 0.08940972291666666 0.5291280859375 0.0917245375 0.5320216046875 0.09317129583333333 0.5324074078125001 0.09548611041666667 0.534722221875 0.09722222291666666 0.5358796296875 0.0995370375 0.5370370375 0.09895833333333333 0.5372299375 0.0957754625 0.5378086421875 0.09519675833333333 0.5378086421875 0.08622685208333333 0.5372299375 0.08564814791666667 0.5370370375 0.07783564791666667 0.5435956796875 0.066550925 0.5453317906249999 0.05353009166666667 0.546489196875 0.05121527708333333 0.54783950625 0.03935185208333333 0.5509259265625001 0.029513889583333335 0.54976851875 0.027777777083333333 0.54976851875 0.024016204166666666 0.550347221875 0.023148147916666664 0.5540123453125 0.024016204166666666 0.5553626546875 0.024884258333333336 0.5570987656249999 0.02835648125 0.5605709875 0.028067129166666666 0.561149690625 0.026041666666666668 0.5605709875 0.015625 0.5592206796875 0.011284722916666667 0.559027778125 0.007233795833333333 0.5572916671875 0.004629629166666666 0.5570987656249999 0.0031828708333333333 0.555169753125 0.0014467583333333332 0.555169753125 0 0.47993827187500004 0 0.4797453703125 0.0020254625 0.471257715625 0.003761575 0.467206790625 0.0066550916666666664 0.4627700625 0.007523147916666667 0.45987654375 0.011284722916666667 0.45659722187499996 0.010706018749999999 0.45601851875 0.008391204166666666 0.45331790156249996 0.005208333333333333 0.45331790156249996 0.003761575 0.4481095671875 0.0020254625 0.4479166671875 0 0.3937114203125 0
0 0.5592206796875 0.17534722291666668 0.56153549375 0.17737268541666668 0.562885803125 0.18113425833333335 0.562885803125 0.18431712916666668 0.5609567906249999 0.19270833333333334 0.56153549375 0.19560185208333333 0.5625 0.1973379625 0.56732253125 0.199363425 0.57021605 0.20254629583333333 0.57040895 0.20399305625 0.5723379625 0.207175925 0.5723379625 0.21354166666666666 0.5729166671875 0.21383101875000002 0.5731095671875 0.21759259166666667 0.5758101859375 0.2207754625 0.5798611109375 0.222511575 0.581597221875 0.230324075 0.5842978390625 0.23553240833333333 0.5883487656249999 0.23755787083333332 0.590277778125 0.23350694375 0.590277778125 0.21875 0.58892746875 0.21354166666666666 0.589891975 0.199363425 0.5922067906249999 0.1932870375 0.594328703125 0.17795138958333334 0.5956790125 0.17476851875000002 0.5956790125 0.17245370416666667 0.5970293203125 0.16753472291666668 0.5983796296875 0.16377314791666667 0.6003086421875 0.16145833333333334 0.60050154375 0.15943287083333332 0.603009259375 0.15364583333333334 0.6043595671875 0.14496527708333332 0.604938271875 0.144386575 0.6051311734375 0.13715277708333332 0.6060956796875 0.13396990833333333 0.605902778125 0.1229745375 0.6076388890625 0.12152777708333334 0.608796296875 0.11892361041666667 0.608989196875 0.1114004625 0.6095679015625 0.11082175833333333 0.609760803125 0.09924768541666666 0.61033950625 0.09866898125 0.61033950625 0.09548611041666667 0.608989196875 0.09375 0.6051311734375 0.09288194375 0.6032021609375 0.09143518541666666 0.6022376546875 0.08912037083333332 0.6022376546875 0.08420138958333333 0.6008873453125 0.08130787083333332 0.5949074078125001 0.08101851875 0.5885416671875 0.082175925 0.586419753125 0.08362268541666666 0.5842978390625 0.08680555625 0.58294753125 0.09317129583333333 0.5812114203125 0.0957754625 0.5802469140625 0.10011574166666667 0.57908950625 0.1015625 0.5788966046875 0.1035879625 0.5779320984375 0.105324075 0.577546296875 0.12181712916666668 0.57523148125 0.125 0.57040895 0.12847222291666666 0.5665509265625001 0.1348379625 0.5609567906249999 0.15653935208333333 0.5603780859375 0.15682870416666667 0.559027778125 0.1620370375 0.5570987656249999 0.16464120416666667 0.5565200625 0.167824075 0.5570987656249999 0.17129629583333333 0.5584490734374999 0.17274305625 0.5592206796875 0.17534722291666668