0 0.15700869687500002 0.16264744791666666 0.1499539 0.16089098958333334 0.147659471875 0.15750787083333334 0.14387353125 0.15508356666666667 0.14012136718749998 0.15446928958333334 0.1386233609375 0.15332180208333332 0.13829726250000002 0.14815567916666667 0.1420091578125 0.14485362291666667 0.142343059375 0.14340453958333335 0.14751268906249998 0.13733364374999998 0.1479011609375 0.13529199791666666 0.149869490625 0.13350899375 0.1504216671875 0.12968965208333333 0.1510414 0.12949036041666667 0.1516416515625 0.12297214791666668 0.1493952984375 0.11689015625 0.146508421875 0.11341004583333333 0.145228690625 0.10989229375 0.142995321875 0.10802291666666666 0.1420287015625 0.10545867708333333 0.1251075953125 0.09547049583333332 0.12158019843750001 0.09459226666666667 0.12126708593749999 0.09363875833333334 0.11181521875 0.09179061875 0.10249977343750001 0.08846106458333333 0.0998376640625 0.08471700208333334 0.09868785937499999 0.07761153333333333 0.099042553125 0.0737598625 0.0977965984375 0.0720521375 0.07963471875 0.07118405 0.0679689640625 0.07378545625 0.060158015625000005 0.0737097 0.0571477046875 0.07592361875 0.05662930625 0.08155298333333333 0.057677778125 0.08322837916666666 0.0586846703125 0.08970895208333333 0.06189114999999999 0.09624887708333334 0.0660785484375 0.10084414791666667 0.070232171875 0.10362939374999999 0.07156647187500001 0.10655457708333334 0.0766802203125 0.10979775833333334 0.08106510156249999 0.11442535625 0.08196285625000001 0.1220910625 0.07960605468750001 0.1259157125 0.0768477953125 0.12756939375 0.0753211921875 0.13543969791666666 0.074830078125 0.14077278125 0.07522372968749999 0.14955895416666667 0.078083321875 0.15333534791666667 0.0838440859375 0.15608295416666668 0.08705056718750001 0.16262287916666668 0.0875949390625 0.16541874375 0.0927489578125 0.17257825416666667 0.0953902765625 0.17872490624999998 0.1031999109375 0.18752217499999999 0.1048953984375 0.18870199583333333 0.1069182984375 0.186326425 0.1092958921875 0.1800991875 0.110644490625 0.17851547291666667 0.1135456625 0.17748668541666665 0.114553865625 0.17524575 0.115847896875 0.17425459999999998 0.117231584375 0.16575939999999997 0.11844376406249998 0.16565710208333334 0.1192401859375 0.16789273124999998 0.11920509531250001 0.17480421666666668 0.12340548124999999 0.18361210208333334 0.1269458640625 0.18870294791666667 0.1293221453125 0.19119721875 0.13200504531249999 0.19253869166666665 0.1331691484375 0.1951352625 0.1352323171875 0.19667602708333334 0.13801005625 0.20134126875 0.139378134375 0.20607647708333332 0.14214937968750002 0.20863540833333336 0.1422650109375 0.2095565875 0.146445915625 0.21204555 0.152383371875 0.21722807708333333 0.1611609390625 0.21986807291666668 0.16980857968750002 0.22609578749999998 0.1733632609375 0.22667773541666666 0.1747937125 0.22420517499999998 0.175647328125 0.20840521458333333 0.17626705781250002 0.20820592500000001 0.178440675 0.1998400458333333 0.1776650453125 0.19520182708333333 0.177904109375 0.19042897916666668 0.17733894687500001 0.19003570416666668 0.177769 0.18318887916666665 0.178157471875 0.18114723333333332 0.178777203125 0.18094793958333336 0.17921375 0.17620742083333332 0.17762090625 0.17173616458333332 0.1751017109375 0.16861699791666668 0.1696813421875 0.16652661666666668 0.1631371421875 0.16575599791666665 0.15700869687500002 0.16264744791666666
0 0.5737333734375001 0.7093625708333333 0.570361878125 0.7133218520833334 0.5690197703125001 0.7170118708333334 0.5692302390624999 0.7212568145833332 0.56718655 0.7260349729166666 0.5665668187499999 0.7262342666666667 0.5643113484375 0.7354889895833333 0.5636643328125001 0.7359845645833333 0.563717590625 0.7441135104166666 0.5655014234375 0.7465107916666667 0.5694783546875 0.7468611166666667 0.573557928125 0.74392000625 0.5845493828125 0.7421104562499999 0.5848832875000001 0.7406613750000001 0.5877779671875001 0.7375262791666667 0.589290271875 0.7341648729166667 0.5897605953125 0.7312343791666667 0.590380328125 0.7310350895833333 0.590816875 0.72629456875 0.58957091875 0.72458684375 0.5824888390625 0.72312666875 0.5798826109374999 0.7100685270833333 0.5766072640625 0.7086300666666666 0.5737333734375001 0.7093625708333333
0 0 0.6791939312499999 0.0059144390625000005 0.6801622020833332 0.008590845312500001 0.6793973666666666 0.0107566578125 0.6776466937500001 0.013113459375 0.67382204375 0.01365914375 0.66789639375 0.013278478125000001 0.6633228354166667 0.014267201562500002 0.654762975 0.013246012500000001 0.6527913000000001 0.013239518750000002 0.65068499375 0.010270790625 0.6480937291666666 0.008881921875 0.6457611104166666 0.0056611421875 0.64373008125 0.0009215671875 0.6429541520833334 0 0.6435238645833333 0 0.6791939312499999
0 0.0957691625 0.51201705 0.087891971875 0.4995997354166667 0.0826015328125 0.49392163333333333 0.076903140625 0.48396625833333334 0.07311720000000001 0.48154195833333335 0.06640929375 0.4825490333333333 0.06320930625 0.4781154125 0.060356209375000004 0.47644532916666665 0.0564065625 0.47579872083333336 0.0504145390625 0.47120876041666665 0.0375781875 0.46910728541666663 0.0357735609375 0.46911259375000003 0.031046973437499997 0.47254927916666667 0.0293917546875 0.4752857916666667 0.027280509375 0.4764439 0.0245898046875 0.48171763124999994 0.0234178984375 0.4857362645833333 0.023096981250000002 0.49139796041666667 0.0244104890625 0.49672573541666665 0.0264190890625 0.49885906458333334 0.024906785937500002 0.5022204729166667 0.02262534375 0.5030499666666667 0.0218419078125 0.5050269541666667 0.0196760953125 0.5067776270833334 0.0182378390625 0.5158653895833333 0.018331365625000002 0.5279106708333333 0.0204893734375 0.5327752020833334 0.0203321609375 0.5366592041666667 0.021427396874999997 0.5443572375 0.0200774859375 0.5546624625 0.024170046875 0.5559339645833333 0.0288758453125 0.5548998708333334 0.0315795359375 0.5538387520833333 0.032362971875 0.5518617666666666 0.0351758 0.54961551875 0.038764259375 0.5520074916666666 0.0386889 0.5550026458333334 0.0362502453125 0.55971614375 0.034635296875 0.5663689875000001 0.0335971875 0.58634923125 0.0346794359375 0.58983465 0.040051729687499996 0.5946239041666667 0.0416107984375 0.5972851375 0.0457579265625 0.597964075 0.0490813484375 0.5967036666666666 0.0538079375 0.5932669791666666 0.0587528015625 0.5874600354166667 0.06128629375 0.58607030625 0.0671990890625 0.5741060895833333 0.0675875609375 0.5720644416666667 0.0719464703125 0.5682668145833334 0.0810241640625 0.5676477041666667 0.0888702 0.5608119708333333 0.09256130312500001 0.5599125041666666 0.0966343859375 0.5548650854166667 0.09728271250000001 0.545648 0.0948129046875 0.53110845 0.0912933125 0.5236150145833334 0.09246521875 0.51959638125 0.09541446718749999 0.5158687229166666 0.0957691625 0.51201705
0 0 0.5146406479166666 0.0028952796875 0.5148573645833333 0.0050065234375 0.51369925625 0.008316959375 0.5082262333333333 0.010877735937499999 0.5065402208333334 0.0181508046875 0.50592641875 0.019553971875 0.5037501416666667 0.0236062640625 0.5011053125 0.024669034375000003 0.49827180833333334 0.0249080984375 0.4934989604166667 0.024342935937499997 0.49310568541666666 0.023588095312499998 0.4860648770833333 0.022253795312499998 0.48313969375 0.020585590625 0.48166358958333333 0.0020430421875 0.4762219458333333 0 0.4742163395833333 0 0.5146406479166666
0 0.6947636890625 0.08948322291666666 0.698515853125 0.0900975 0.7049106468749999 0.08813691666666666 0.707498709375 0.08615462291666667 0.71029074375 0.08631096666666667 0.7159553578125 0.09445631666666668 0.7259931796875 0.09429513958333334 0.7449514828125 0.09739885416666666 0.7490102656250001 0.09686033333333333 0.7532327546875 0.09454411666666668 0.7550854546875 0.09183993541666666 0.7547320734375 0.08697009583333333 0.7482164671875 0.07718168125 0.7469029578125 0.07185390625 0.7476942 0.06326171458333334 0.7493909999999999 0.05572002291666667 0.7484451703125 0.05075319166666667 0.749154559375 0.043049849999999994 0.7505031578125 0.04146613541666667 0.751749121875 0.03745962708333333 0.6956486 0.02827525625 0.6941323500000001 0.031034520833333336 0.6921094515624999 0.0334100875 0.6904126515625 0.04095177916666667 0.6897656375000001 0.04144735208333334 0.6882857984374999 0.05534029791666666 0.6880454203124999 0.06883465833333333 0.688283175 0.07278332083333333 0.6893927078125001 0.07597245833333334 0.6906581421875 0.08399910416666666 0.6947636890625 0.08948322291666666
0 0.283133390625 0.35382046666666667 0.281478171875 0.35655697708333334 0.2826292890625 0.3549409333333333 0.2832282296875 0.35714423333333334 0.28483537187499997 0.35710659375000003 0.2859864890625 0.35549055 0.28851998125 0.35410082083333333 0.2900530765625 0.3483368229166667 0.29280484218749997 0.34457683333333333 0.29346615625 0.3395723625 0.292982846875 0.33829024375 0.28931902656249997 0.338893425 0.2871662015625 0.34485671250000005 0.2852251546875 0.3463434354166666 0.284216953125 0.3485843729166667 0.283133390625 0.35382046666666667
0 0.301864503125 0.23748955416666667 0.295265734375 0.23731149791666667 0.2835311125 0.24501436666666668 0.28235271093750003 0.24692669166666667 0.27981921875000004 0.24831642291666667 0.2777963203125 0.25069198958333333 0.2750653453125 0.25204938958333334 0.27048166875 0.25611097083333334 0.2688472421875 0.25644489375 0.2679208921875 0.25779698333333334 0.2599735234375 0.2592026416666667 0.25901989062499997 0.2608510125 0.2546882640625 0.26435236041666665 0.25438164531249996 0.26550516041666666 0.25117385312499996 0.26768674583333335 0.24861956875 0.2714790645833334 0.2465278046875 0.2789560958333333 0.2455728578125 0.28932598333333337 0.2469747140625 0.29587121666666666 0.245931421875 0.3050236416666667 0.24370323593749998 0.31398208541666667 0.240249884375 0.3188302145833333 0.2339772140625 0.32381828125 0.2325194796875 0.3265871229166667 0.23067976406250001 0.33350391875 0.22828918437499998 0.33551854583333335 0.22324299062500003 0.3358954145833334 0.222568690625 0.33668727083333333 0.22173068593749998 0.33925682083333336 0.22328975468749998 0.34191805625 0.223834125 0.34471391875 0.225107365625 0.3461253604166667 0.22670021093749998 0.35059661666666664 0.2327468015625 0.35459401458333334 0.251038609375 0.35187438125 0.2593666453125 0.3550422833333334 0.26268357343750004 0.35167556666666666 0.26369827031250004 0.35154093750000004 0.26986960937500004 0.3411227916666667 0.27206270625 0.33907583750000003 0.2738543453125 0.3348579145833333 0.2753731421875 0.33360281458333335 0.2784185421875 0.32447740833333333 0.281395075 0.32045346875 0.28329585 0.31505041666666667 0.28619053125 0.31191532083333334 0.286579003125 0.309873675 0.2887720984375 0.30782671875 0.29151737187500004 0.30196042083333335 0.29303616875 0.3007053229166667 0.29546833125 0.2938855166666666 0.29774327968750003 0.2909497125 0.29815903593750004 0.28861178541666666 0.3022256234375 0.2814580583333333 0.3041263984375 0.2760550041666667 0.3062922125 0.27430433125 0.3093778828125 0.26909525833333336 0.3131586421875 0.26069174166666664 0.31337691562500003 0.25832148125 0.3155089515625 0.2547607854166667 0.31594549843749997 0.2500202645833333 0.313739415625 0.24785460625000003 0.3124051140625 0.24492942083333333 0.307543415625 0.24112600833333334 0.307427784375 0.24020482916666666 0.301864503125 0.23748955416666667
0 0.7641098921875 0.08309187708333333 0.76817516875 0.0846596625 0.7714167390625 0.0842881 0.773146003125 0.08727794791666667 0.773438325 0.09063404583333333 0.7725457515625 0.09379616041666666 0.7684726703125 0.09884358124999999 0.765939178125 0.10023331041666667 0.762063578125 0.10531306041666667 0.756423625 0.11431445 0.7544955640625 0.1200137875 0.7516827375 0.12226003333333332 0.7510967843749999 0.12426935 0.7464039703124999 0.1295160625 0.7444902078125 0.1307065 0.74348200625 0.13294743750000002 0.7412889109374999 0.13499439375 0.7387411187499999 0.14089302083333333 0.7364051078125 0.14231508333333334 0.7342185046874999 0.14646834583333332 0.732992028125 0.15107954375 0.732120246875 0.15183906875 0.7316836999999999 0.1565795875 0.7323644921875 0.1578940375 0.7328127125 0.16608764583333332 0.731966903125 0.17527240208333333 0.7321838640625 0.18162365416666668 0.734764121875 0.1862565625 0.7372222546875 0.18786198958333333 0.7450942640625 0.18945148541666665 0.7494726515625 0.19197277916666666 0.7573719453125001 0.19326599583333334 0.76021855 0.19282977291666667 0.76151258125 0.19183862499999998 0.7626299203125 0.18841255833333334 0.76479573125 0.18666188541666667 0.76490486875 0.18547675416666667 0.7665055187500001 0.18333280833333332 0.768542715625 0.17644834166666667 0.7694144984375 0.17568881666666666 0.7727057828125 0.16171649166666666 0.7821235453125001 0.16393498541666668 0.783088853125 0.1752207395833333 0.783912559375 0.17716008541666667 0.787725784375 0.17928810416666666 0.783863171875 0.18858046875 0.7807775015625 0.19378953958333334 0.7795783109375 0.19810445624999998 0.7790599109375 0.20373382291666667 0.779331440625 0.20949251041666667 0.77986931875 0.21018206458333333 0.779439265625 0.21702889374999998 0.779847215625 0.22130616875 0.781379 0.22426368333333332 0.7823521140625 0.22893423333333332 0.78441528125 0.23047499583333333 0.78597435 0.23313622916666665 0.789862934375 0.23226909375 0.7937852953125 0.23321198541666668 0.8032566421875 0.24137904583333333 0.806893178125 0.24107214791666667 0.8118029515625 0.24217668750000002 0.8133347343749999 0.24513420208333334 0.8202323171874999 0.25077466249999997 0.8265517515624999 0.25180923541666667 0.8342743546875001 0.25066753125 0.836603871875 0.24713916249999998 0.8383552390625001 0.23900490624999998 0.8425582484374999 0.23036976666666667 0.8441043296874999 0.22881838541666666 0.847427753125 0.22755797708333333 0.8477070875000001 0.22670146041666667 0.852528515625 0.22658854166666667 0.8551438609374999 0.22430996458333335 0.8580866171875 0.21847599791666666 0.8603069984375 0.21613275833333334 0.862535184375 0.20717431458333332 0.8631549140624999 0.206975025 0.8633459046875 0.20490104791666666 0.8649738375 0.20246081666666665 0.8659365890625 0.18547572708333335 0.863805865625 0.18031491458333332 0.8638266578125 0.17791232499999998 0.8606812375 0.17288614166666666 0.8586453531249999 0.17104909583333333 0.8577333015624999 0.16789228958333335 0.8561196671875001 0.16582362083333332 0.8549217859375 0.16141702291666665 0.8565848078125 0.15206530833333334 0.856019646875 0.15167203333333334 0.8560677218749999 0.1489731625 0.8515542234375 0.13921176875 0.85185435 0.1359526625 0.8524740812499999 0.13575337083333333 0.8525832187500001 0.13456824166666664 0.8606877984375 0.12927858125 0.8644204828125 0.12357393541666667 0.8629640593750001 0.11762126666666667 0.861942871875 0.11564958958333334 0.861152940625 0.11552026666666666 0.859560096875 0.11104901041666666 0.8584024875 0.11055874583333333 0.85726566875 0.10766588958333334 0.8572461890625 0.10134696875 0.8583778265625 0.09341200416666666 0.8599239078125 0.09186062083333332 0.8628588593750001 0.09264186041666668 0.8641048124999999 0.09434958541666667 0.866153684375 0.10039924583333333 0.8716481015624999 0.10821598333333333 0.8733708734375 0.10909952083333334 0.8760056984375 0.11313986666666667 0.8803568015625001 0.11595744166666666 0.88047243125 0.11687861875 0.88495995625 0.11821478333333334 0.887976759375 0.118107175 0.8882560953124999 0.11725065625 0.8902582015625 0.11727767916666668 0.893833675 0.11545703541666666 0.901848596875 0.11767142916666667 0.908045909375 0.11567851458333332 0.9130258625 0.10296008333333333 0.9161180234374999 0.09985731875000001 0.9162271609375001 0.09867218750000001 0.9180525765625 0.09626428958333334 0.91801230625 0.09234795833333333 0.9161141546874999 0.0803079875 0.910197490625 0.07272287083333334 0.9078147156249999 0.06812229166666667 0.907093653125 0.06289150833333333 0.775570428125 0.04135947916666667 0.7746713609375 0.0424152875 0.7717415921875 0.05246186875 0.7700863734375 0.05519838125 0.7685597703125 0.06306868333333333 0.767940040625 0.06326797708333333 0.7676126296875 0.06682336458333334 0.7645126624999999 0.07654133541666666 0.763865646875 0.07703690833333333 0.7635109515625 0.08088857916666667 0.7641098921875 0.08309187708333333
0 0.8919574265625 0.22943456458333333 0.8892953171875 0.22569050416666667 0.8887509453125 0.22289463958333336 0.8842088531250001 0.22215103958333332 0.8814233093749999 0.22410100625 0.8805177484375 0.22305050625 0.8804917765625 0.21462527708333334 0.8799266140625001 0.21423200416666666 0.8798928374999999 0.21242197916666666 0.880221559375 0.20014507708333334 0.8785754578124999 0.18754487083333335 0.8769072546875 0.18606876874999997 0.8735773375000001 0.18522286875 0.8683674375000001 0.18737743541666668 0.8676658546875 0.188465575 0.8661314484375 0.20295108333333334 0.8651570234375001 0.20700204583333334 0.862888565625 0.21204415625 0.8620570546874999 0.21672001458333331 0.8583243703125 0.22242465833333333 0.8556128734374999 0.23010098125 0.8547683765625 0.230564225 0.8542434828125 0.23408728333333334 0.8510759609375 0.24018520208333335 0.850884971875 0.24225917916666667 0.8494818046875 0.24443545833333333 0.8489569109374999 0.24795851666666666 0.84833718125 0.24815780625 0.8470821093750001 0.2617868 0.8476472703125 0.2621800729166667 0.847490059375 0.266064075 0.8510772062499999 0.27717755625 0.8510018468749999 0.2801727125 0.854051115625 0.29059664166666666 0.8564066046875001 0.29549350208333336 0.8597430125000001 0.29844570833333334 0.8632639171875001 0.29721762916666666 0.8657636343749999 0.294017875 0.87382663125 0.2935333958333333 0.8747256984374999 0.29247758749999997 0.8749439718750001 0.29010732708333337 0.8755637015625 0.28990803541666665 0.8765524250000001 0.281348175 0.8771721578125 0.2811488854166667 0.8768733421875 0.27568647916666666 0.877664584375 0.26709428958333337 0.8785909343749999 0.2657422 0.8796407187499999 0.25869608125 0.880648921875 0.25645514375 0.8812218906249999 0.2502332125 0.8834565671875 0.24991154583333333 0.8827393750000001 0.257699625 0.8832772546875001 0.25838918125 0.8837592531249999 0.2683928125 0.88429713125 0.26908236875 0.8847115734375001 0.2754659541666667 0.886468125 0.2781595145833334 0.8920184203125 0.27666217708333335 0.8923523234375 0.2752130958333333 0.894375221875 0.27283752499999997 0.8951183890625 0.2669442083333333 0.89573811875 0.2667449166666667 0.8960109609375 0.26378209166666666 0.8976051171874999 0.25953183750000003 0.8981508015624999 0.2536061895833333 0.8973751703125 0.24896796875000002 0.8951080250000001 0.24528856875 0.8940673578125 0.23699796874999998 0.8931890843750001 0.2356511875 0.8919574265625 0.22943456458333333
0 0.9380115874999999 0.7807287770833333 0.9344971765625001 0.7840631604166667 0.9330524265625 0.79104461875 0.9335903046875 0.7917341729166666 0.9337254140625 0.7989742729166667 0.9375243421875 0.8056111916666667 0.9417390250000001 0.8099101791666666 0.9459134375 0.8102928333333334 0.9509531390625 0.80780965625 0.9526083578125 0.80507314375 0.9510363046875 0.7981992958333334 0.9522705859375 0.7869728958333333 0.9521822406249999 0.7857554354166666 0.9496630453125 0.78263626875 0.947770075 0.7814241166666667 0.9411102437500001 0.7797323208333334 0.9380115874999999 0.7807287770833333
0 0.65674450625 0.040853360416666665 0.6582022421875 0.03808451875 0.659326075 0.036764758333333335 0.665380471875 0.03414695 0.6683907828125 0.03193303333333333 0.669344415625 0.030284660416666668 0.6715466140624999 0.024329454166666667 0.6295697031249999 0.017457300000000002 0.63099906875 0.02220254375 0.6345667374999999 0.026997104166666668 0.639279028125 0.028069314583333334 0.6424452375 0.030692910416666667 0.64709515625 0.03897288958333334 0.6484151609375 0.046406972916666664 0.6515605796874999 0.05143315625 0.6543188390625 0.049779472916666664 0.6561715375 0.047075291666666665 0.65674450625 0.040853360416666665
0 0.6236244671875 0.15452787083333333 0.6225552046875 0.15525506875 0.6183807906250001 0.1548724125 0.6129123484375001 0.15548090416666666 0.6126330125 0.15633742083333332 0.6049922640625 0.15659027916666668 0.5931433234375 0.15465045625 0.5917271703125 0.15261412083333334 0.5913257125 0.1504431520833333 0.5928925859375 0.14648917916666668 0.5969656671875 0.14144175833333333 0.5973749296875 0.136997525 0.5917505859375 0.13276850416666666 0.5865277 0.13071045625 0.583811021875 0.12755895833333333 0.575516765625 0.12620108333333332 0.5732691 0.12884060208333334 0.5651580265625 0.13202395416666668 0.5637821421875 0.13390394791666665 0.5621191203125 0.14325566666666667 0.5604366171875 0.14628846041666668 0.5580395453125 0.14619677916666665 0.5514615671875001 0.14361613333333334 0.5482407890625 0.14158510416666664 0.546089275 0.13882687916666667 0.5421669125 0.13788399166666665 0.54129513125 0.1386435166666667 0.539728259375 0.14259748958333332 0.5402791234375 0.14749965833333334 0.539876353125 0.15405020416666665 0.540700059375 0.15598955 0.5430152796875001 0.15697007708333333 0.5434505140625 0.16095107291666666 0.5397321265625 0.16214682083333332 0.5394527921875001 0.16300333541666667 0.5346105734375 0.16551884583333332 0.5314365578125 0.16951045625 0.5305439859375001 0.17267257291666666 0.5289706203125 0.17452023749999998 0.52557964375 0.17216059375 0.51886524375 0.1710613625 0.5174282984375 0.17142761458333336 0.515800365625 0.17386784375 0.5136891218749999 0.17502595208333332 0.511979334375 0.17835502916666668 0.5098135218750001 0.18010570208333335 0.5066395078125 0.1840973125 0.506053553125 0.18610663125 0.5043099890625 0.18762568125 0.5021571625 0.19358896874999998 0.5000524125 0.19685338541666667 0.49877136718750004 0.20205714791666668 0.495794834375 0.20608108749999998 0.4941798859375 0.21273393333333335 0.49249089062499996 0.21366041875 0.49131249062500004 0.21557274375000002 0.4900860140625 0.22018394375 0.49001065468749994 0.22317909583333334 0.490439396875 0.22505378333333334 0.49120204218749997 0.22547938541666665 0.4957922109375 0.22352411249999998 0.5023636953125 0.22399845 0.5036304421875 0.22330358541666667 0.5053272421874999 0.21576189375 0.50732285625 0.21368260833333333 0.5132967140625 0.20323213333333331 0.5156872921875 0.20121751041666666 0.5190444921874999 0.20176712708333333 0.5204060765625 0.20439602708333335 0.51810384375 0.20762811250000002 0.5155157828125 0.20961040833333333 0.5147050625 0.21188367708333333 0.5129887828124999 0.21310644791666666 0.511844159375 0.21682879583333334 0.5118506515625 0.21893510416666664 0.5133824359375 0.22189261875000002 0.5133616437499999 0.22429520833333333 0.5138995234375 0.22498476458333333 0.5136877421875 0.22946133125 0.5145179421875 0.2335069875 0.5183038843750001 0.2359312875 0.5196927515625 0.23826390833333333 0.5195277359375 0.24876311666666667 0.521208925 0.2544518333333333 0.5277726046875 0.261541375 0.5313194828125 0.268738525 0.537706471875 0.2733931479166667 0.5378221015625 0.27431432499999997 0.5411520171875 0.275160225 0.5449184781249999 0.2712656041666667 0.5459617703124999 0.26211317916666665 0.5465815015625 0.2619138875 0.5467724921875 0.25983991041666665 0.54938134375 0.255455025 0.5531478046875 0.25156040416666664 0.5564985124999999 0.2500037145833333 0.558521409375 0.2476281458333333 0.5610003359375 0.24683098125 0.563023234375 0.2444554125 0.5655294421875 0.24336196666666668 0.5687034578125 0.23937035416666666 0.568949015625 0.2367038125 0.5678394812499999 0.233514675 0.567942125 0.2302232375 0.567084640625 0.22647386458333332 0.562400946875 0.21638386041666668 0.562135909375 0.21273147916666665 0.56277643125 0.21012959791666666 0.568824334375 0.20540548333333333 0.571874915625 0.20710789791666664 0.5814696968749999 0.20958093333333333 0.592772953125 0.21744640625 0.6067941984375 0.2197418625 0.610975103125 0.222230825 0.612521184375 0.22067944374999998 0.6136385234375 0.217253375 0.6141569234375 0.21162401041666667 0.6136671203125 0.20823557916666668 0.61399453125 0.20468019166666668 0.61342936875 0.20428691875 0.6137372984375 0.19441260833333332 0.6146909328125 0.19276423333333334 0.6169996609374999 0.19163845416666667 0.628556278125 0.19022218124999998 0.63193426875 0.18836920625 0.635095296875 0.18016497916666668 0.6355799203125 0.17272558958333334 0.6340897187500001 0.16496289374999998 0.6309443 0.15993671041666666 0.63068575625 0.15839063750000001 0.6275741140625 0.15517447916666666 0.6236244671875 0.15452787083333333
0 0.42744785468749996 0 0.42667110781249995 0.0010821687500000001 0.42534979218749996 0.0023696 0.4239401328125 0.0024395666666666665 0.4221147171875 0.004847466666666666 0.4193837421875 0.006204866666666667 0.41544707968749994 0.009770872916666668 0.407621834375 0.014204016666666668 0.40447510312499996 0.01789934375 0.40384756718750003 0.024713841666666667 0.40603285937500005 0.029282089583333334 0.408312990625 0.03717410625 0.408311678125 0.04589561875 0.40983565781250003 0.0554683375 0.4110335359375 0.059874935416666664 0.41522742968750004 0.0665765125 0.416935903125 0.07196894791666668 0.4257953234375 0.07372009791666666 0.4305829734375 0.07179715416666667 0.43335553125 0.065634575 0.438804496875 0.05870716041666667 0.4399218359375 0.055281091666666664 0.4405415671875 0.05508180208333333 0.44215651562499997 0.04842895625 0.455203334375 0.05477537708333333 0.45345196562499995 0.06290963333333334 0.45282442968750003 0.06972412916666666 0.4521774140625 0.07021970208333334 0.44984009062499997 0.08036327708333334 0.447680771875 0.08422025625 0.4463724421875 0.08972030208333333 0.4455006609375 0.09047982708333334 0.44672582656250004 0.09459014166666666 0.4486252890625 0.0979086 0.45029349375 0.09938470208333333 0.4564154453125 0.10038694375 0.45903079062499996 0.09810836666666667 0.46351182343749997 0.09733822291666666 0.46744717187499996 0.10249372708333333 0.46886981875 0.10663637499999999 0.4701976265625 0.10745525208333334 0.472294571875 0.11080603958333332 0.47534515156249996 0.11250845625 0.48104485625000004 0.11374231666666666 0.4896924953125 0.11997003541666666 0.502317065625 0.126548075 0.5084390171875001 0.12755031666666666 0.51049569375 0.126984775 0.511449328125 0.12533640000000001 0.5125406953125 0.11348510416666667 0.5119755328125 0.11309182916666667 0.5120508921875 0.110096675 0.5107100984375 0.10506518125 0.510812740625 0.10177374583333335 0.5114194859375 0.09736183958333333 0.5133202625 0.09195878541666666 0.5198995515625 0.08581791875000001 0.521344303125 0.0788364625 0.5268894171875 0.06651130208333333 0.531397734375 0.06544487708333332 0.5347549328125 0.06599449375000001 0.53847331875 0.06479874375 0.540046684375 0.06295107916666667 0.540823628125 0.0588677875 0.5427036140625 0.05586732291666666 0.5434402859375 0.04786769791666667 0.5428751234375 0.047474425 0.5425152484375 0.040498275 0.540636575 0.034777229166666666 0.5393581546874999 0.022537964583333334 0.53661419375 0.01968275208333333 0.5358450546875 0.017150839583333334 0.5363361703125 0.01181775625 0.5278171453125 0.010723831250000001 0.5226215453124999 0.0083695 0.51854328125 0.0025891 0.51764250625 0 0.42744785468749996 0
0 0.8988946109375 0.6961300354166667 0.8959388703125001 0.6977513875 0.8951554343750001 0.6997283729166667 0.8911914890625001 0.7035906625 0.8884605125 0.7049480645833334 0.8860764281250001 0.7090689958333333 0.88631418125 0.7130176583333333 0.8899156250000001 0.7196222458333333 0.8912629125 0.7267600458333334 0.8932442281249999 0.72918965625 0.8945239624999999 0.7327074041666666 0.8986502984375001 0.7357889333333334 0.9024505375 0.7337043375000001 0.9048073406249999 0.7298796875 0.9052503812499999 0.727245475 0.9058701109375 0.7270461854166667 0.906456065625 0.72503686875 0.907281084375 0.7182547020833333 0.9067977734375001 0.71697258125 0.9070706156250001 0.7140097562500001 0.9063625390625001 0.7129915874999999 0.9055258453125001 0.7068396270833334 0.902632478125 0.7012532104166667 0.9022855875 0.6984896770833333 0.8988946109375 0.6961300354166667
0 0.256216803125 0 0.2549186140625 0.0006330208333333333 0.2514652625 0.005481150000000001 0.2495515 0.006671589583333333 0.24831853124999997 0.009176479166666666 0.24556027187499999 0.010830160416666667 0.24415710468750002 0.013006439583333333 0.239117403125 0.015489616666666668 0.23351903125 0.019685827083333333 0.2305970671875 0.02311720416666667 0.23139998281250002 0.02745914166666667 0.2336879171875 0.028735952083333335 0.23485202031250002 0.031332525 0.23654750937500002 0.03251234583333333 0.2390459125 0.038034102083333333 0.2403048546875 0.04395444166666666 0.2401749265625 0.0475421625 0.2407128046875 0.04823171875 0.24019440468750003 0.05386108333333333 0.24545106875 0.057729158333333336 0.24709848124999997 0.06160785208333333 0.24896416875 0.06311628541666667 0.2544391046875 0.0646141 0.26049999687500003 0.06410259791666667 0.26129641875 0.06633822708333333 0.2636726984375 0.0688325 0.27868135625 0.07128960833333334 0.281637096875 0.06966825624999999 0.28675215781249996 0.06418992291666667 0.28883611875000004 0.06332809791666667 0.2963469390625 0.06666296041666667 0.29792030468749997 0.06481529583333333 0.2990103609375 0.06168550833333333 0.3010059734375 0.059606225 0.3051687140625 0.04705475208333333 0.30555069218750003 0.04290679791666666 0.3051154578125 0.03892580416666667 0.3040059234375 0.03573666875 0.30290288125 0.03465383958333333 0.30246764531250003 0.030672845833333334 0.301902484375 0.030279572916666667 0.301950559375 0.0275807 0.3033264421875 0.025700704166666664 0.307112384375 0.028125008333333333 0.3091885390625 0.03387838541666666 0.31085674218750003 0.03535448958333333 0.3122793890625 0.03949713333333334 0.3147102390625 0.041398841666666665 0.31516626406250003 0.04297724375 0.31816227656249996 0.045272225000000006 0.32648250624999997 0.05505533125 0.3304113609375 0.058104527083333336 0.33374127656249997 0.05895042708333333 0.337698728125 0.05298182916666667 0.338135275 0.04824131041666667 0.3390343421875 0.04718550208333334 0.3392799 0.04451895833333333 0.3407649203125 0.04145383541666667 0.34142623125 0.03644936458333334 0.3444846171875 0.03153657708333333 0.347086978125 0.025045383333333334 0.3481237765625 0.013786650000000001 0.3477028390625 0.005296760416666667 0.3470766140625 0.0033897437500000002 0.3443675859375 0 0.256216803125 0