0 0.6581790125 0 0.6581790125 0.0017361104166666666 0.6539351859375 0.007523147916666667 0.652777778125 0.010995370833333332 0.65142746875 0.011863425 0.6500771609375 0.015914352083333333 0.6500771609375 0.022858795833333334 0.65142746875 0.026041666666666668 0.6574074078125001 0.02893518541666667 0.6579861109375 0.03269675833333333 0.656828703125 0.03587962916666666 0.6539351859375 0.03877314791666667 0.6500771609375 0.03964120416666667 0.649884259375 0.04050925833333333 0.6477623453125 0.041666666666666664 0.6448688265625 0.04224537083333334 0.6425540125 0.0448495375 0.6369598765625 0.04716435208333333 0.6334876546875 0.05005787083333334 0.6290509265625001 0.0567129625 0.6280864203125 0.06278935208333333 0.6267361109375 0.06452546249999999 0.626350309375 0.06741898125 0.6261574078125001 0.07175925833333333 0.6267361109375 0.07320601875 0.6296296296875 0.07204861041666667 0.6304012343750001 0.07089120416666667 0.63271605 0.074074075 0.63290895 0.07870370416666667 0.6348379625 0.08130787083333332 0.6334876546875 0.08246527708333334 0.6334876546875 0.089988425 0.6356095671875 0.09288194375 0.6356095671875 0.09432870416666667 0.636766975 0.09635416666666667 0.6439043203125 0.09432870416666667 0.6456404328125 0.09259259166666665 0.6508487656249999 0.09114583333333333 0.655671296875 0.08738425833333333 0.660108025 0.08564814791666667 0.6624228390625 0.08333333333333333 0.6647376546875 0.08333333333333333 0.665509259375 0.08449074166666667 0.6653163578125 0.08622685208333333 0.6620370375 0.09143518541666666 0.657600309375 0.09317129583333333 0.652777778125 0.097511575 0.648919753125 0.105324075 0.6462191359375 0.11805555625 0.6464120375 0.13049768541666668 0.64737654375 0.13194444375 0.64834105 0.136574075 0.6502700625 0.14930555625 0.652777778125 0.15625 0.652777778125 0.160300925 0.6521990734374999 0.16174768541666668 0.6541280859375 0.1660879625 0.6564429015625 0.16753472291666668 0.6581790125 0.17100694375 0.6595293203125 0.171875 0.6620370375 0.17245370416666667 0.66415895 0.17100694375 0.665509259375 0.1698495375 0.6664737656249999 0.16753472291666668 0.67283950625 0.16290509166666667 0.675347221875 0.15856481458333332 0.6776620375 0.15682870416666667 0.6799768515625 0.15682870416666667 0.6820987656249999 0.1582754625 0.6859567906249999 0.15625 0.68653549375 0.15509259166666667 0.6905864203125 0.15393518541666668 0.6932870375 0.15509259166666667 0.6959876546875 0.15972222291666668 0.699652778125 0.160300925 0.7013888890625 0.15856481458333332 0.70408950625 0.15393518541666668 0.7046682093750001 0.15104166666666666 0.70794753125 0.14293981458333332 0.7087191359375 0.1229745375 0.70794753125 0.12152777708333334 0.70794753125 0.1192129625 0.7062114203125 0.11631944375 0.7062114203125 0.11255787083333332 0.7085262343750001 0.11082175833333333 0.7100694437499999 0.11053240833333335 0.7131558640625 0.11487268541666666 0.7135416671875 0.11660879583333333 0.7164351859375 0.11689814791666667 0.718171296875 0.11979166666666667 0.7220293203125 0.1229745375 0.72357253125 0.12326388958333333 0.7258873453125 0.12644675833333333 0.728009259375 0.12731481458333332 0.7332175921874999 0.13396990833333333 0.737847221875 0.136863425 0.7415123453125 0.13715277708333332 0.7453703703125 0.13541666666666666 0.7476851859375 0.13396990833333333 0.7478780859375 0.1328125 0.7519290125 0.12818287083333332 0.7519290125 0.1229745375 0.750578703125 0.12152777708333334 0.748649690625 0.11545138958333333 0.7478780859375 0.1151620375 0.7445987656249999 0.109375 0.7430555562500001 0.10445601875 0.73919753125 0.0995370375 0.73919753125 0.09606481458333334 0.7405478390625 0.08883101875 0.7459490734374999 0.08072916666666667 0.7484567906249999 0.07841435208333333 0.7492283953125 0.07667824166666667 0.7492283953125 0.07089120416666667 0.7445987656249999 0.06336805625 0.7359182093750001 0.05613425833333333 0.7324459875 0.05439814791666667 0.731867284375 0.05150462916666666 0.7310956796875 0.050636574999999996 0.73148148125 0.04745370416666667 0.734760803125 0.04340277708333333 0.73919753125 0.041666666666666664 0.7424768515625 0.03790509166666667 0.7438271609375 0.03761574166666667 0.7467206796875 0.03443287083333334 0.7511574078125001 0.03211805625 0.753858025 0.029224537499999998 0.7532793203125 0.028645833333333332 0.7530864203125 0.024305556250000002 0.7498070984375 0.01793981458333333 0.7472993828125001 0.007523147916666667 0.7403549375 0.0020254625 0.7399691359375 0 0.71585648125 0 0.7156635796875 0.0020254625 0.71084105 0.003761575 0.7100694437499999 0.005208333333333333 0.706597221875 0.006076389583333333 0.7046682093750001 0.008969908333333334 0.704475309375 0.013888889583333335 0.7019675921874999 0.01851851875 0.7011959875 0.022858795833333334 0.698688271875 0.025462962500000002 0.6959876546875 0.024884258333333336 0.6979166671875 0.019386575 0.6979166671875 0.0078125 0.6959876546875 0.005497685416666666 0.6896219140625 0.0020254625 0.6894290125 0 0.6581790125 0
0 0 0.234375 0.001543209375 0.234375 0.0030864203125 0.23697916666666666 0.0032793203125000003 0.23871527708333332 0.008294753125 0.24479166666666666 0.0113811734375 0.25 0.0129243828125 0.25057870416666667 0.0179398140625 0.25665509166666667 0.02256944375 0.25954861041666666 0.0324074078125 0.25925925833333335 0.032600309375 0.25839120416666667 0.0343364203125 0.25810185208333336 0.037037037499999995 0.2552083333333333 0.037037037499999995 0.24479166666666666 0.0362654328125 0.24160879583333333 0.0364583328125 0.23408564791666667 0.0383873453125 0.230324075 0.040509259375 0.22945601875000002 0.0416666671875 0.22771990833333333 0.0432098765625 0.222511575 0.0445601859375 0.21354166666666666 0.0457175921875 0.21209490833333333 0.048225309375 0.21151620416666667 0.057098765625000006 0.2129629625 0.059027778125 0.21006944375 0.059027778125 0.19502314791666667 0.0584490734375 0.19270833333333334 0.059027778125 0.18431712916666668 0.0584490734375 0.1817129625 0.054591049999999995 0.1796875 0.048418209375 0.17332175833333335 0.043016975 0.17129629583333333 0.0397376546875 0.16550925833333335 0.03800154375 0.15769675833333335 0.038580246875 0.15075231458333332 0.03800154375 0.14612268541666668 0.03915895 0.14351851875000002 0.0397376546875 0.13917824166666665 0.0408950625 0.13715277708333332 0.040509259375 0.13570601875000002 0.0397376546875 0.13570601875000002 0.0397376546875 0.13454861041666666 0.0387731484375 0.136863425 0.0364583328125 0.13744212916666668 0.0349151234375 0.14004629583333333 0.032600309375 0.14120370416666667 0.031635803125 0.14351851875000002 0.028935185937500003 0.14670138958333334 0.0260416671875 0.15335648124999998 0.0250771609375 0.152199075 0.023919753125000002 0.14814814791666667 0.023919753125000002 0.14554398124999998 0.02256944375 0.14149305625 0.02237654375 0.136863425 0.0212191359375 0.13165509166666667 0.02044753125 0.1310763895833333 0.0196759265625 0.12847222291666666 0.0144675921875 0.125 0.013888889062500001 0.1229745375 0.011959876562500001 0.121238425 0.009259259374999999 0.12008101875 0.0071373453125 0.121238425 0.0059799375 0.12355324166666667 0.0057870375 0.1310763895833333 0.0052083328125 0.13136574166666667 0.004436728125 0.13888888958333334 0.0019290125 0.144675925 0 0.144675925 0 0.18692129583333333 0.0017361109374999999 0.1875 0.002507715625 0.18981481458333332 0.002507715625 0.19241898124999998 0.0030864203125 0.19270833333333334 0.0030864203125 0.19646990833333333 0.002507715625 0.19675925833333335 0.002507715625 0.19820601875000002 0.001543209375 0.20023148124999998 0 0.20023148124999998 0 0.234375
0 0.45929783906250005 0 0.45794753125 0.006365741666666667 0.454668209375 0.011284722916666667 0.45408950625 0.013888889583333335 0.4519675921875 0.016782408333333332 0.450617284375 0.02054398125 0.4481095671875 0.024016204166666666 0.4471450625 0.02835648125 0.44425154375 0.0332754625 0.4434799375 0.037326389583333335 0.44193672812499996 0.03935185208333333 0.4407793203125 0.043113425000000004 0.440007715625 0.04369212916666666 0.440007715625 0.045138889583333335 0.43807870312499997 0.04774305625 0.43692129687500003 0.05410879583333333 0.43692129687500003 0.066550925 0.43807870312499997 0.07089120416666667 0.44058642031249995 0.07552083333333333 0.4407793203125 0.07783564791666667 0.44193672812499996 0.07986111041666667 0.4459876546875 0.0839120375 0.44945987656249997 0.0859375 0.45273919687499997 0.09114583333333333 0.45543981406249995 0.09259259166666665 0.46469907343749994 0.1035879625 0.4675925921875 0.10503472291666666 0.46913580312500003 0.1073495375 0.471257715625 0.11371527708333334 0.4739583328125 0.11631944375 0.478009259375 0.11631944375 0.485918209375 0.113136575 0.4893904328125 0.109375 0.49016203750000004 0.109375 0.49209105 0.105324075 0.494598765625 0.1035879625 0.4957561734375 0.10185185208333333 0.4967206796875 0.097511575 0.49922839531249996 0.09288194375 0.5011574078125001 0.08709490833333335 0.5104166671875 0.07667824166666667 0.5136959875 0.066550925 0.5231481484375 0.066261575 0.5243055562500001 0.06423611041666667 0.5250771609375 0.052083333333333336 0.527777778125 0.04716435208333333 0.527777778125 0.04195601875 0.5270061734375 0.0390625 0.5250771609375 0.037326389583333335 0.523919753125 0.033854166666666664 0.5212191359375 0.030671295833333334 0.5171682093750001 0.023726852083333336 0.51658950625 0.02112268541666667 0.5140817906249999 0.01851851875 0.5129243828125001 0.015914352083333333 0.5084876546875 0.011863425 0.5040509265625001 0.010127314583333333 0.49903549375 0.006076389583333333 0.4957561734375 0.0017361104166666666 0.4957561734375 0 0.45929783906250005 0
0 0.9500385796874999 0.04918981458333334 0.9533179015625001 0.05121527708333333 0.954475309375 0.052951389583333335 0.9546682093750001 0.05526620416666667 0.9542824078125 0.057291666666666664 0.9527391968750001 0.05758101875 0.952546296875 0.058449074999999996 0.9488811734375 0.060763889583333335 0.946759259375 0.06770833333333333 0.94540895 0.06973379583333333 0.94521605 0.07262731458333334 0.9446373453125 0.07291666666666667 0.9446373453125 0.07783564791666667 0.94521605 0.078125 0.94540895 0.0839120375 0.9481095671875 0.08738425833333333 0.950617284375 0.09375 0.950617284375 0.09548611041666667 0.9523533953125 0.09722222291666666 0.9529320984374999 0.09895833333333333 0.9592978390625 0.10474537083333332 0.963348765625 0.10445601875 0.9683641968750001 0.10011574166666667 0.970100309375 0.09722222291666666 0.9726080250000001 0.0957754625 0.974151234375 0.09317129583333333 0.9753086421875 0.09606481458333334 0.9755015437500001 0.10011574166666667 0.97665895 0.10416666666666667 0.9805169749999999 0.10908564791666667 0.9845679015625001 0.10966435208333333 0.986882715625 0.10821759166666665 0.9899691359375 0.10821759166666665 0.9955632718749999 0.109375 0.9998070984374999 0.10850694375 0.9998070984374999 0.04369212916666666 0.9976851859375 0.04340277708333333 0.9961419749999999 0.03964120416666667 0.9949845671875 0.03877314791666667 0.9940200625 0.03964120416666667 0.993634259375 0.041666666666666664 0.9917052468750001 0.04340277708333333 0.9886188265625 0.042824074999999996 0.9864969140625 0.040798610416666665 0.9855324078125 0.03790509166666667 0.983796296875 0.03674768541666666 0.9834104937499999 0.03240740833333333 0.9847608031249999 0.026041666666666668 0.9845679015625001 0.021412037499999998 0.9826388890625 0.016203704166666666 0.9807098765625 0.015335647916666667 0.9745370375 0.020833333333333332 0.9720293203124999 0.021701389583333335 0.9706790125 0.023148147916666664 0.9600694437499999 0.02575231458333333 0.9546682093750001 0.02893518541666667 0.9523533953125 0.03153935208333333 0.9494598765625 0.03240740833333333 0.9473379625 0.036458333333333336 0.9473379625 0.042824074999999996 0.9479166671874999 0.043113425000000004 0.9481095671875 0.046875 0.9500385796874999 0.04918981458333334
0 0.8661265437500001 0 0.8661265437500001 0.0017361104166666666 0.8651620375 0.002314814583333333 0.864776234375 0.003761575 0.864776234375 0.012152777083333333 0.8655478390625 0.014178241666666667 0.8694058640625 0.017071758333333336 0.871527778125 0.021701389583333335 0.87210648125 0.025462962500000002 0.87210648125 0.0332754625 0.873649690625 0.035300925000000004 0.873649690625 0.036458333333333336 0.87789351875 0.0390625 0.8796296296874999 0.04137731458333334 0.8859953703125001 0.044270833333333336 0.8869598765625 0.04571759166666667 0.8908179015625001 0.04629629583333333 0.8973765437500001 0.04195601875 0.9047067906249999 0.040798610416666665 0.905671296875 0.03935185208333333 0.9095293203124999 0.03790509166666667 0.9158950625 0.03761574166666667 0.9174382718749999 0.03616898125 0.9185956796875001 0.0332754625 0.9185956796875001 0.02835648125 0.9182098765625 0.025173610416666665 0.9176311734375 0.024594908333333332 0.9176311734375 0.017361110416666665 0.9182098765625 0.016782408333333332 0.9182098765625 0.011574075 0.919367284375 0.00694444375 0.9185956796875001 0 0.8661265437500001 0
0 0.794367284375 0.4241898145833333 0.7953317906249999 0.43113425833333335 0.7937885796875 0.456886575 0.796489196875 0.46064814791666664 0.8082561734375 0.46209490833333333 0.81539351875 0.46556712916666665 0.8161651234375 0.46672453750000004 0.8157793203124999 0.47077546249999996 0.8163580250000001 0.4739583333333333 0.8177083328125001 0.47771990833333333 0.8186728390625 0.47800925833333335 0.8209876546875 0.48119212916666665 0.8229166671874999 0.4817708333333333 0.8231095671875 0.4826388895833333 0.8260030859375 0.484375 0.8269675921875 0.4861111104166667 0.8279320984374999 0.4939236104166667 0.8302469140625 0.49884259166666667 0.8304398140625 0.5011574083333333 0.8323688265625 0.504050925 0.8342978390625 0.5104166666666666 0.8368055562500001 0.5153356479166666 0.8369984562499999 0.519386575 0.8375771609375 0.519675925 0.8385416671874999 0.52430555625 0.844328703125 0.5292245375 0.849151234375 0.5292245375 0.8505015437500001 0.5277777770833334 0.853009259375 0.5269097229166666 0.8551311734375 0.5245949083333333 0.8636188265625 0.5228587958333333 0.8638117281250001 0.5219907416666667 0.8668981484374999 0.5199652770833334 0.8688271609375 0.515625 0.869598765625 0.5075231479166666 0.8728780859375 0.5011574083333333 0.8751929015625001 0.5020254625 0.8769290125 0.504050925 0.8815586421875 0.5031828708333334 0.8840663578125 0.5005787041666667 0.8915895062500001 0.5014467583333333 0.8973765437500001 0.5005787041666667 0.90142746875 0.4904513895833333 0.9054783953125 0.484375 0.9060570984374999 0.4826388895833333 0.90625 0.47627314791666664 0.9070216046875 0.47222222291666666 0.9081790125 0.47077546249999996 0.9101080250000001 0.4583333333333333 0.915509259375 0.44589120416666667 0.915509259375 0.44241898125 0.9147376546875 0.441261575 0.9130015437500001 0.43171296249999996 0.9130015437500001 0.42476851875 0.9147376546875 0.418113425 0.9174382718749999 0.41435185208333336 0.9174382718749999 0.410300925 0.9112654328125 0.39525462916666665 0.9081790125 0.39207175833333335 0.8994984562499999 0.38946759166666667 0.8973765437500001 0.386574075 0.9006558640625 0.38310185208333336 0.9047067906249999 0.38310185208333336 0.9072145062500001 0.38136574166666665 0.9122299375 0.37442129583333333 0.9162808640625 0.37152777708333334 0.9185956796875001 0.370949075 0.9187885796874999 0.37008101875 0.921296296875 0.3695023145833333 0.9239969140625 0.36574074166666665 0.9207175921875 0.35966435208333336 0.919367284375 0.35098379583333333 0.9168595671875 0.34577546249999996 0.9114583328125001 0.33738425833333335 0.9070216046875 0.3359375 0.9039351859375 0.3333333333333333 0.8977623453125 0.331886575 0.894097221875 0.332175925 0.8873456796875001 0.33564814791666664 0.88290895 0.33506944375000003 0.8769290125 0.33709490833333333 0.8688271609375 0.33680555624999997 0.8634259265625 0.33883101875 0.8551311734375 0.33883101875 0.853009259375 0.33738425833333335 0.8456790125 0.33622685208333336 0.8304398140625 0.33709490833333333 0.8279320984374999 0.3382523145833333 0.8231095671875 0.3463541666666667 0.8229166671874999 0.34837962916666665 0.8196373453125 0.35271990833333333 0.8155864203125001 0.36516203750000004 0.815007715625 0.3654513895833333 0.815007715625 0.3671875 0.8128858031249999 0.37355324166666665 0.8107638890625 0.3767361104166667 0.8018904328125 0.3828125 0.7991898140625 0.38946759166666667 0.7984182093750001 0.39004629583333333 0.7984182093750001 0.39149305624999997 0.796489196875 0.3958333333333333 0.7957175921874999 0.39641203750000004 0.7953317906249999 0.39872685208333336 0.7937885796875 0.4007523145833333 0.793016975 0.40422453750000004 0.7918595671875 0.4123263895833333 0.7935956796875 0.41464120416666667 0.7937885796875 0.4236111104166667 0.794367284375 0.4241898145833333
0 0.9720293203124999 0.6901041666666666 0.969328703125 0.6956018520833334 0.9677854937499999 0.7054398145833333 0.9672067906249999 0.70804398125 0.9666280859375 0.7083333333333334 0.9664351859375 0.7118055562500001 0.9631558640625 0.7178819437499999 0.9612268515625001 0.7242476854166667 0.963348765625 0.7282986104166667 0.965277778125 0.7303240750000001 0.9666280859375 0.7337962958333333 0.978973765625 0.7398726854166667 0.9807098765625 0.7465277770833333 0.9820601859375 0.7485532416666667 0.9861111109375 0.7494212958333333 0.9864969140625 0.7502893520833334 0.9915123453125 0.7491319437499999 0.9926697531249999 0.7505787041666667 0.9926697531249999 0.7589699083333333 0.9932484562499999 0.7618634249999999 0.9938271609375 0.7621527770833333 0.9959490734375 0.7743055562500001 0.996527778125 0.7745949083333333 0.996527778125 0.7766203708333334 0.9978780859375 0.7795138895833333 0.9998070984374999 0.7795138895833333 0.9998070984374999 0.6698495375 0.990740740625 0.6701388895833333 0.984953703125 0.6675347229166667 0.9801311734375 0.6678240750000001 0.97357253125 0.6721643520833334 0.9708719140625 0.6779513895833333 0.971257715625 0.6834490750000001 0.9718364203125001 0.6837384249999999 0.9720293203124999 0.6854745375 0.9720293203124999 0.6901041666666666
0 0.8973765437500001 0.30381944375000003 0.9004629625 0.30439814791666664 0.902777778125 0.30671296249999996 0.90142746875 0.31307870416666667 0.9002700625 0.3148148145833333 0.9000771609375 0.31741898125 0.8994984562499999 0.3177083333333333 0.8989197531249999 0.32175925833333335 0.8994984562499999 0.3263888895833333 0.9006558640625 0.328125 0.9047067906249999 0.32870370416666667 0.9074074078125 0.33246527708333334 0.90914351875 0.33304398125 0.9108796296874999 0.33535879583333333 0.9145447531249999 0.33709490833333333 0.9166666671874999 0.34027777708333334 0.9168595671875 0.34172453750000004 0.9207175921875 0.34577546249999996 0.9220679015625001 0.3489583333333333 0.9245756171874999 0.35040509166666667 0.934027778125 0.35040509166666667 0.9357638890625 0.3492476854166667 0.9367283953125 0.34693287083333335 0.940972221875 0.3414351854166667 0.9425154328125 0.34027777708333334 0.9463734562499999 0.339988425 0.9479166671874999 0.34259259166666667 0.9481095671875 0.35358796249999996 0.9488811734375 0.3576388895833333 0.950617284375 0.36082175833333335 0.9508101859375 0.36284722291666666 0.952546296875 0.36660879583333333 0.9529320984374999 0.3697916666666667 0.9550540125 0.37008101875 0.9562114203125001 0.371238425 0.9600694437499999 0.3697916666666667 0.9646990734375 0.36631944375000003 0.9672067906249999 0.35995370416666667 0.9702932093750001 0.36024305624999997 0.971257715625 0.363425925 0.9758873453125 0.3695023145833333 0.9876543203124999 0.3695023145833333 0.989776234375 0.37008101875 0.9905478390625 0.371238425 0.9961419749999999 0.370949075 0.9972993828125001 0.3697916666666667 0.9980709875 0.36516203750000004 0.9998070984374999 0.3645833333333333 0.9998070984374999 0.35185185208333336 0.9984567906249999 0.35185185208333336 0.9978780859375 0.3492476854166667 0.9980709875 0.34577546249999996 0.9998070984374999 0.34519675833333335 0.9998070984374999 0.28616898125 0.9980709875 0.28587962916666665 0.9967206796875001 0.2829861104166667 0.9967206796875001 0.27922453750000004 0.9984567906249999 0.27633101875 0.9998070984374999 0.27633101875 0.9998070984374999 0.18807870416666667 0.9976851859375 0.18807870416666667 0.9926697531249999 0.1854745375 0.98726851875 0.18576388958333334 0.984375 0.1875 0.9805169749999999 0.18692129583333333 0.9782021609375 0.1854745375 0.9704861109375 0.18692129583333333 0.9625771609375 0.19097222291666668 0.9614197531249999 0.19386574166666665 0.96084105 0.19994212916666668 0.9600694437499999 0.20225694375 0.9475308640625 0.191261575 0.9444444437499999 0.19039351875000002 0.940007715625 0.191261575 0.9347993828125001 0.199363425 0.934027778125 0.203125 0.9334490734375 0.20341435208333333 0.9332561734375 0.20601851875000002 0.9324845671875 0.207175925 0.9276620375 0.20746527708333332 0.9222608031249999 0.20920138958333334 0.9180169749999999 0.21325231458333332 0.9158950625 0.2207754625 0.9147376546875 0.22164351875000002 0.9122299375 0.22771990833333333 0.908757715625 0.23177083333333334 0.9074074078125 0.238425925 0.9060570984374999 0.24160879583333333 0.9023919749999999 0.246238425 0.9002700625 0.24768518541666668 0.9000771609375 0.25115740833333333 0.8994984562499999 0.25144675833333335 0.90142746875 0.25347222291666666 0.9050925921875 0.253761575 0.9095293203124999 0.25665509166666667 0.9122299375 0.25723379583333333 0.9251543203124999 0.25665509166666667 0.9261188265625 0.25752314791666664 0.9259259265625 0.26070601875 0.9245756171874999 0.26244212916666665 0.9114583328125001 0.26446759166666667 0.9060570984374999 0.26707175833333335 0.902777778125 0.2708333333333333 0.9020061734375 0.27401620416666667 0.89834105 0.28096064791666664 0.8964120375 0.28327546249999996 0.8973765437500001 0.29571759166666667 0.8967978390625 0.29600694375000003 0.8962191359375 0.30121527708333334 0.8973765437500001 0.30381944375000003
0 0.2559799375 0.15798611041666666 0.2557870375 0.16550925833333335 0.2552083328125 0.16579861041666666 0.2540509265625 0.17071759166666667 0.2540509265625 0.17795138958333334 0.256365740625 0.18200231458333332 0.2596450625 0.1854745375 0.2613811734375 0.18894675833333335 0.2675540125 0.19502314791666667 0.2679398140625 0.19762731458333332 0.2698688265625 0.20167824166666665 0.2750771609375 0.20775462916666668 0.27642746875 0.2129629625 0.2770061734375 0.21325231458333332 0.2771990734375 0.21614583333333334 0.27777777812500004 0.21643518541666668 0.27777777812500004 0.2207754625 0.2791280859375 0.2285879625 0.27970679062500003 0.22887731458333332 0.281828703125 0.23755787083333332 0.2824074078125 0.23784722291666668 0.28260030937499997 0.24131944375 0.2870370375 0.24479166666666666 0.2903163578125 0.25173611041666666 0.2908950625 0.25491898125 0.2910879625 0.269675925 0.2916666671875 0.26996527708333334 0.2922453703125 0.27314814791666664 0.294367284375 0.27546296249999996 0.2957175921875 0.2786458333333333 0.3011188265625 0.2786458333333333 0.302276234375 0.27633101875 0.30574845625 0.2734375 0.3082561734375 0.269675925 0.30979938281249997 0.26417824166666665 0.31095679062500003 0.25723379583333333 0.31114969062500003 0.24479166666666666 0.31172839531249996 0.2442129625 0.31172839531249996 0.22511574166666665 0.31114969062500003 0.2245370375 0.31095679062500003 0.22222222291666668 0.30979938281249997 0.2207754625 0.3082561734375 0.21614583333333334 0.3015046296875 0.2089120375 0.2999614203125 0.20833333333333334 0.29533179062500003 0.2010995375 0.29398148125 0.19646990833333333 0.2935956796875 0.1875 0.2872299375 0.17505787083333332 0.2870370375 0.16840277708333332 0.2862654328125 0.16464120416666667 0.2833719140625 0.15711805625 0.2831790125 0.15480324166666665 0.281828703125 0.15306712916666668 0.27989969062500003 0.14699074166666665 0.27777777812500004 0.144386575 0.27642746875 0.14091435208333333 0.2741126546875 0.13831018541666668 0.273919753125 0.136863425 0.2692901234375 0.13425925833333335 0.26909722187499996 0.13339120416666667 0.26408179062500003 0.13339120416666667 0.2638888890625 0.13425925833333335 0.254436728125 0.13599537083333332 0.2519290125 0.14033564791666667 0.25135030937499997 0.14033564791666667 0.2511574078125 0.14756944375 0.2530864203125 0.15133101875000002 0.2532793203125 0.15364583333333334 0.2559799375 0.15798611041666666
0 0.5437885796875 0.13946759166666667 0.553240740625 0.14236111041666666 0.5570987656249999 0.14496527708333332 0.561149690625 0.14612268541666668 0.5646219140625 0.14612268541666668 0.5690586421875 0.14351851875000002 0.5709876546875 0.14091435208333333 0.573688271875 0.13946759166666667 0.574266975 0.136574075 0.5763888890625 0.13570601875000002 0.577739196875 0.13396990833333333 0.57908950625 0.13425925833333335 0.5804398140625 0.13628472291666668 0.581597221875 0.13917824166666665 0.5812114203125 0.1426504625 0.5792824078125001 0.14525462916666668 0.5769675921874999 0.14670138958333334 0.576774690625 0.14785879583333333 0.5750385796875 0.14872685208333333 0.570794753125 0.15451388958333334 0.56925154375 0.15538194375 0.5684799375 0.15769675833333335 0.566358025 0.15943287083333332 0.5657793203125 0.16145833333333334 0.5636574078125001 0.16377314791666667 0.561921296875 0.17158564791666667 0.561921296875 0.17881944375 0.5642361109375 0.18923611041666666 0.566358025 0.19270833333333334 0.5700231484375 0.19502314791666667 0.57040895 0.19646990833333333 0.5729166671875 0.199363425 0.5731095671875 0.20167824166666665 0.5748456796875 0.20486111041666666 0.5750385796875 0.20746527708333332 0.575617284375 0.20775462916666668 0.575617284375 0.21006944375 0.5808256171874999 0.21961805625 0.58294753125 0.22222222291666668 0.58294753125 0.22366898124999998 0.5850694437499999 0.22714120416666667 0.5850694437499999 0.22916666666666666 0.5868055562500001 0.23119212916666668 0.5877700625 0.23408564791666667 0.5916280859375 0.23495370416666667 0.60165895 0.23466435208333333 0.6082175921874999 0.23090277708333332 0.61033950625 0.230613425 0.61226851875 0.22945601875000002 0.6149691359375 0.22511574166666665 0.6149691359375 0.22309027708333332 0.6168981484375 0.21817129583333333 0.617669753125 0.21209490833333333 0.6192129625 0.20746527708333332 0.6219135796875 0.20746527708333332 0.624614196875 0.2089120375 0.625 0.21006944375 0.6280864203125 0.21122685208333333 0.6334876546875 0.21122685208333333 0.6350308640625 0.21006944375 0.6369598765625 0.20630787083333332 0.638117284375 0.19241898124999998 0.6383101859375 0.17824074166666665 0.63773148125 0.17505787083333332 0.6354166671875 0.17100694375 0.6334876546875 0.16435185208333333 0.6356095671875 0.15972222291666668 0.6390817906249999 0.15682870416666667 0.645061728125 0.15625 0.6462191359375 0.15509259166666667 0.6467978390625 0.1504629625 0.6475694437499999 0.14901620416666667 0.64737654375 0.14149305625 0.6442901234375 0.1310763895833333 0.6442901234375 0.11950231458333334 0.64544753125 0.11197916666666667 0.64544753125 0.1015625 0.644097221875 0.10040509166666665 0.6379243828125001 0.1015625 0.6336805562500001 0.10098379583333333 0.6302083328125 0.08709490833333335 0.626350309375 0.08651620416666667 0.6251929015625 0.08825231458333334 0.6180555562500001 0.09201388958333333 0.61612654375 0.09461805625 0.612847221875 0.09432870416666667 0.6095679015625 0.08883101875 0.6035879625 0.08246527708333334 0.6018518515625 0.07957175833333333 0.5995370375 0.078125 0.58584105 0.07638888958333333 0.5856481484375 0.07552083333333333 0.5812114203125 0.07552083333333333 0.58101851875 0.07638888958333333 0.578125 0.07696759166666665 0.57021605 0.07638888958333333 0.5592206796875 0.07783564791666667 0.5565200625 0.07957175833333333 0.5530478390625 0.08449074166666667 0.5524691359375 0.09432870416666667 0.55169753125 0.097800925 0.5457175921874999 0.10503472291666666 0.5437885796875 0.11053240833333335 0.5410879625 0.11545138958333333 0.5410879625 0.11979166666666667 0.5383873453125 0.12355324166666667 0.5378086421875 0.1267361104166667 0.5372299375 0.13020833333333334 0.537615740625 0.13310185208333333 0.53915895 0.136574075 0.5437885796875 0.13946759166666667
0 0.0123456796875 0.41261574166666665 0.0098379625 0.41377314791666664 0.0098379625 0.4157986104166667 0.0113811734375 0.4166666666666667 0.0123456796875 0.41608796249999996 0.0123456796875 0.41261574166666665
0 0.0065586421875 0.40480324166666665 0.0052083328125 0.4045138895833333 0.0040509265624999995 0.40769675833333335 0.004436728125 0.40827546249999996 0.00790895 0.40769675833333335 0.0065586421875 0.40480324166666665
0 0 0.35966435208333336 0.0019290125 0.36024305624999997 0.002507715625 0.36631944375000003 0.003858025 0.3689236104166667 0.0032793203125000003 0.37297453750000004 0.0050154328125 0.37962962916666665 0.0075231484375 0.3802083333333333 0.015239196875 0.386574075 0.016975309375 0.39178240833333333 0.017168209375 0.394675925 0.021026234375 0.4001736104166667 0.023919753125000002 0.40827546249999996 0.0329861109375 0.40827546249999996 0.037615740625 0.410300925 0.0397376546875 0.41261574166666665 0.0441743828125 0.41290509166666667 0.0470679015625 0.40827546249999996 0.045331790625 0.4001736104166667 0.046489196875 0.38628472291666666 0.044367284374999996 0.375 0.042438271875 0.37152777708333334 0.042438271875 0.37008101875 0.03800154375 0.3576388895833333 0.037808642187500005 0.355324075 0.03896605 0.35358796249999996 0.0397376546875 0.3498263895833333 0.0383873453125 0.3414351854166667 0.029899690625000003 0.32957175833333335 0.0271990734375 0.32754629583333333 0.026813271875 0.3263888895833333 0.02430555625 0.32494212916666665 0.0167824078125 0.324074075 0.0177469140625 0.32002314791666664 0.02044753125 0.31741898125 0.02256944375 0.31336805624999997 0.023919753125000002 0.3125 0.0250771609375 0.308449075 0.025270062500000003 0.3046875 0.025848765625 0.30410879583333333 0.0260416671875 0.29542824166666665 0.025848765625 0.2916666666666667 0.023919753125000002 0.28472222291666666 0.0212191359375 0.2789351854166667 0.0196759265625 0.27806712916666665 0.0133101859375 0.2789351854166667 0.0084876546875 0.28067129583333333 0.0040509265624999995 0.28443287083333335 0.001543209375 0.28877314791666664 0 0.28877314791666664 0 0.35966435208333336
0 0 0.10040509166666665 0.0036651234375 0.10098379583333333 0.0084876546875 0.1035879625 0.015239196875 0.10474537083333332 0.0212191359375 0.10271990833333335 0.02430555625 0.10011574166666667 0.025848765625 0.0957754625 0.025848765625 0.08101851875 0.025270062500000003 0.08043981458333334 0.023919753125000002 0.07349537083333332 0.02256944375 0.0723379625 0.0212191359375 0.06944444375 0.0198688265625 0.06857638958333333 0.018711420312499998 0.06597222291666667 0.0179398140625 0.05555555625 0.016975309375 0.052951389583333335 0.0133101859375 0.050925925000000004 0.0084876546875 0.04542824166666667 0.0059799375 0.04369212916666666 0.0023148140625 0.042824074999999996 0 0.042824074999999996 0 0.10040509166666665
0 0.905671296875 0.5358796291666666 0.907600309375 0.5393518520833334 0.9147376546875 0.5431134249999999 0.9187885796874999 0.5431134249999999 0.924382715625 0.5410879625 0.92669753125 0.5390625 0.9290123453125 0.5353009249999999 0.9301697531249999 0.5350115750000001 0.9322916671874999 0.5324074083333333 0.9330632718749999 0.5329861104166667 0.9334490734375 0.5367476854166667 0.9322916671874999 0.5399305562500001 0.9307484562499999 0.5416666666666666 0.9292052468750001 0.5532407416666667 0.92959105 0.5598958333333334 0.9307484562499999 0.5651041666666666 0.932098765625 0.5665509249999999 0.9398148140625 0.5659722229166667 0.9413580250000001 0.5685763895833333 0.94540895 0.5726273145833333 0.9469521609375 0.57320601875 0.9492669749999999 0.5763888895833333 0.9510030859375 0.5772569437499999 0.9592978390625 0.59085648125 0.9689429015625001 0.5975115750000001 0.969328703125 0.59866898125 0.9714506171874999 0.59866898125 0.9737654328125 0.5969328708333334 0.9820601859375 0.5868055562500001 0.9853395062500001 0.5850694437499999 0.9880401234375 0.5787037041666667 0.9905478390625 0.57523148125 0.99517746875 0.5723379625 0.9980709875 0.5677083333333334 0.9998070984374999 0.56741898125 0.9998070984374999 0.46932870416666667 0.9980709875 0.46932870416666667 0.9967206796875001 0.4661458333333333 0.9972993828125001 0.46556712916666665 0.9978780859375 0.4609375 0.9984567906249999 0.46006944375000003 0.9998070984374999 0.46006944375000003 0.9998070984374999 0.42129629583333333 0.9978780859375 0.42129629583333333 0.9926697531249999 0.41724537083333335 0.987847221875 0.41608796249999996 0.9826388890625 0.41724537083333335 0.9753086421875 0.42158564791666664 0.9728009265625 0.4270833333333333 0.9708719140625 0.4392361104166667 0.969328703125 0.441550925 0.9685570984374999 0.44733796249999996 0.9670138890625 0.45283564791666664 0.96392746875 0.44994212916666665 0.9625771609375 0.44733796249999996 0.9618055562500001 0.4320023145833333 0.9606481484374999 0.4279513895833333 0.9552469140625 0.42303240833333333 0.9494598765625 0.42042824166666665 0.9473379625 0.42216435208333336 0.9457947531249999 0.425636575 0.9415509265625 0.425925925 0.9353780859375 0.4244791666666667 0.9307484562499999 0.4270833333333333 0.9241898140625 0.4351851854166667 0.9226466046875 0.43894675833333335 0.9207175921875 0.441550925 0.9185956796875001 0.45370370416666667 0.9187885796874999 0.4609375 0.919367284375 0.46122685208333336 0.9203317906249999 0.46672453750000004 0.9199459875 0.46903935208333336 0.9178240734375 0.47366898125 0.9149305562500001 0.47540509166666667 0.91415895 0.47714120416666667 0.9133873453125 0.48408564791666664 0.907600309375 0.496238425 0.9060570984374999 0.50694444375 0.9060570984374999 0.5144675916666667 0.9052854937499999 0.5208333333333334 0.9054783953125 0.5332754625 0.905671296875 0.5358796291666666
0 0.6124614203125 0.5778356479166666 0.61709105 0.5778356479166666 0.6155478390625 0.5775462958333333 0.6124614203125 0.5778356479166666
0 0.6267361109375 0.62210648125 0.6304012343750001 0.6183449083333333 0.634259259375 0.6180555562500001 0.6356095671875 0.6264467583333333 0.638117284375 0.6284722229166667 0.6394675921874999 0.6328125 0.6421682093750001 0.6345486104166667 0.64853395 0.6348379625 0.65528549375 0.62789351875 0.6581790125 0.6267361104166667 0.658757715625 0.6255787041666667 0.66396605 0.6223958333333334 0.6658950625 0.6195023145833333 0.665509259375 0.6140046291666666 0.6649305562500001 0.6134259249999999 0.6647376546875 0.5995370375 0.6628086421875 0.5905671291666666 0.6628086421875 0.5870949083333333 0.6622299375 0.5865162041666667 0.6620370375 0.5679976854166667 0.660108025 0.5639467583333333 0.657600309375 0.5633680562500001 0.6554783953125 0.5607638895833333 0.6481481484375 0.5555555562500001 0.643132715625 0.5546875 0.6408179015625 0.5532407416666667 0.6356095671875 0.5532407416666667 0.63290895 0.5541087958333333 0.6302083328125 0.55758101875 0.6282793203125 0.5633680562500001 0.6280864203125 0.5711805562500001 0.628858025 0.5743634249999999 0.628858025 0.5813078708333334 0.6280864203125 0.58883101875 0.6269290125 0.5914351854166667 0.626350309375 0.5954861104166667 0.6261574078125001 0.6151620375 0.626350309375 0.6206597229166667 0.6271219140625 0.6212384249999999 0.6267361109375 0.62210648125
0 0.12750771562500002 0.1973379625 0.1280864203125 0.19762731458333332 0.12885802500000001 0.20283564791666667 0.131365740625 0.20775462916666668 0.13213734531250002 0.21238425833333335 0.13271605 0.21267361041666666 0.13290895 0.21614583333333334 0.13368055625 0.21759259166666667 0.1369598765625 0.2207754625 0.1481481484375 0.21990740833333333 0.14834105 0.2207754625 0.1467978390625 0.222511575 0.14544753125 0.22627314791666667 0.14544753125 0.23090277708333332 0.1467978390625 0.23466435208333333 0.1502700625 0.23871527708333332 0.151813271875 0.23871527708333332 0.15451388906250002 0.24045138958333334 0.156828703125 0.24450231458333332 0.156828703125 0.24565972291666668 0.1595293203125 0.24855324166666665 0.1614583328125 0.2520254625 0.16415895 0.2552083333333333 0.16705246875 0.25665509166666667 0.1682098765625 0.25925925833333335 0.1697530859375 0.2601273145833333 0.1707175921875 0.261863425 0.173225309375 0.26273148125 0.1749614203125 0.26533564791666664 0.17881944375 0.26533564791666664 0.17959105 0.261863425 0.18267746875 0.25925925833333335 0.1842206796875 0.25607638958333334 0.187885803125 0.2526041666666667 0.1927083328125 0.2523148145833333 0.1940586421875 0.25144675833333335 0.19598765468749998 0.24710648124999998 0.1973379625 0.23524305625 0.20061728437499998 0.2265625 0.1981095671875 0.21180555625 0.196759259375 0.20833333333333334 0.19425154375 0.20572916666666666 0.1921296296875 0.2010995375 0.1921296296875 0.1953125 0.1932870375 0.1932870375 0.1940586421875 0.18981481458333332 0.19598765468749998 0.18778935208333333 0.19618055625 0.18576388958333334 0.1998456796875 0.183449075 0.2000385796875 0.18258101875000002 0.2050540125 0.18229166666666666 0.2062114203125 0.18113425833333335 0.21006944375 0.18258101875000002 0.21006944375 0.1796875 0.20871913593750002 0.175925925 0.20486111093749998 0.17013888958333334 0.20408950625000002 0.16724537083333332 0.202739196875 0.16550925833333335 0.202739196875 0.15885416666666666 0.20408950625000002 0.15740740833333333 0.20601851875000002 0.15306712916666668 0.2071759265625 0.14930555625 0.2081404328125 0.14149305625 0.21006944375 0.13802083333333334 0.2146990734375 0.13396990833333333 0.2145061734375 0.12644675833333333 0.213348765625 0.12355324166666667 0.21026234531250002 0.12065972291666666 0.2073688265625 0.121238425 0.203125 0.125 0.2004243828125 0.12586805625 0.1990740734375 0.12528935208333333 0.1979166671875 0.12326388958333333 0.1981095671875 0.11834490833333335 0.198688271875 0.11805555625 0.198688271875 0.11545138958333333 0.20061728437499998 0.11255787083333332 0.20061728437499998 0.10879629583333333 0.196759259375 0.1035879625 0.196759259375 0.10214120416666667 0.19463734531250002 0.10011574166666667 0.1934799375 0.097511575 0.1905864203125 0.09548611041666667 0.1894290125 0.09143518541666666 0.1853780859375 0.09027777708333334 0.18402777812499999 0.09635416666666667 0.18267746875 0.09866898125 0.1793981484375 0.109375 0.17881944375 0.113136575 0.17573302500000001 0.11689814791666667 0.171296296875 0.11660879583333333 0.1685956796875 0.11487268541666666 0.1614583328125 0.11487268541666666 0.15547839531250002 0.1192129625 0.15451388906250002 0.120949075 0.1510416671875 0.121238425 0.148919753125 0.1229745375 0.14737654375 0.13570601875000002 0.1467978390625 0.13599537083333332 0.1462191359375 0.14004629583333333 0.14351851875 0.14785879583333333 0.1437114203125 0.152199075 0.1448688265625 0.15393518541666668 0.1446759265625 0.15798611041666666 0.140625 0.16087962916666668 0.1346450625 0.16116898124999998 0.1282793203125 0.16377314791666667 0.1271219140625 0.1660879625 0.125385803125 0.16753472291666668 0.1248070984375 0.17013888958333334 0.123649690625 0.171875 0.1228780859375 0.1776620375 0.1261574078125 0.18431712916666668 0.12750771562500002 0.19212962916666668 0.12750771562500002 0.1973379625
0 0.1487268515625 0.34461805624999997 0.14949845625 0.34664351875 0.14949845625 0.3489583333333333 0.1500771609375 0.3492476854166667 0.1510416671875 0.35300925833333335 0.1525848765625 0.3538773145833333 0.1541280859375 0.35734953750000004 0.155864196875 0.35821759166666667 0.156828703125 0.35995370416666667 0.1585648140625 0.36053240833333333 0.1614583328125 0.36400462916666665 0.1653163578125 0.36400462916666665 0.17206790156250001 0.36631944375000003 0.1759259265625 0.36429398125 0.180169753125 0.3576388895833333 0.1813271609375 0.35300925833333335 0.1813271609375 0.34519675833333335 0.180169753125 0.33940972291666666 0.180169753125 0.33564814791666664 0.17959105 0.33506944375000003 0.17862654375 0.32783564791666664 0.173225309375 0.31886574166666665 0.1695601859375 0.3070023145833333 0.17013888906250002 0.3064236104166667 0.17033179062499998 0.300636575 0.171489196875 0.29716435208333336 0.17206790156250001 0.28877314791666664 0.1707175921875 0.285011575 0.1687885796875 0.28211805624999997 0.1668595671875 0.28067129583333333 0.16473765468749998 0.28038194375000003 0.160686728125 0.2835648145833333 0.1593364203125 0.2873263895833333 0.157600309375 0.2890625 0.1574074078125 0.29108796249999996 0.155671296875 0.2945601854166667 0.1541280859375 0.29600694375000003 0.15277777812499999 0.29832175833333335 0.15277777812499999 0.2994791666666667 0.1502700625 0.30266203750000004 0.1500771609375 0.30497685208333336 0.14216820937500002 0.3220486104166667 0.14216820937500002 0.32928240833333333 0.1427469140625 0.32957175833333335 0.14409722187500001 0.33680555624999997 0.1487268515625 0.34461805624999997
0 0.41415895 0.171875 0.4153163578125 0.17332175833333335 0.41820987656249997 0.18055555625 0.42418981406249995 0.1854745375 0.42496142031249995 0.19241898124999998 0.42476851875 0.20283564791666667 0.42534722187499996 0.20399305625 0.42881944375 0.20399305625 0.4315200625 0.19618055625 0.43614969062500003 0.19010416666666666 0.43692129687500003 0.18605324166666665 0.44483024687499995 0.17158564791666667 0.44521605 0.16840277708333332 0.4440586421875 0.1660879625 0.4440586421875 0.16377314791666667 0.4427083328125 0.15943287083333332 0.44155092656250006 0.15740740833333333 0.44058642031249995 0.15104166666666666 0.43672839531249996 0.14583333333333334 0.4315200625 0.14380787083333332 0.4293981484375 0.13975694375 0.42881944375 0.13715277708333332 0.42669753125 0.13396990833333333 0.42669753125 0.1328125 0.42206790156249996 0.12731481458333332 0.418016975 0.1267361104166667 0.4153163578125 0.12789351875 0.4133873453125 0.13165509166666667 0.4108796296875 0.14120370416666667 0.4108796296875 0.152199075 0.4114583328125 0.15567129583333333 0.4122299375 0.15682870416666667 0.41415895 0.171875
0 0.2179783953125 0.43171296249999996 0.2210648140625 0.4322916666666667 0.22125771562500002 0.43315972291666666 0.229938271875 0.43315972291666666 0.2320601859375 0.43055555624999997 0.23456790156250001 0.42939814791666664 0.2370756171875 0.42621527708333334 0.24633487656250003 0.42621527708333334 0.2552083328125 0.42910879583333333 0.25771605000000003 0.425636575 0.2584876546875 0.41984953750000004 0.25868055624999997 0.41087962916666665 0.259259259375 0.410300925 0.259259259375 0.40653935208333336 0.2584876546875 0.4039351854166667 0.260223765625 0.4001736104166667 0.2638888890625 0.39756944375000003 0.265046296875 0.394386575 0.2638888890625 0.38715277708333334 0.25868055624999997 0.38339120416666667 0.2552083328125 0.38339120416666667 0.2530864203125 0.3851273145833333 0.2459490734375 0.386863425 0.24131944375 0.38946759166666667 0.2393904328125 0.39120370416666667 0.235918209375 0.39641203750000004 0.23495370312500002 0.39901620416666667 0.23263888906250002 0.39959490833333333 0.22916666718749998 0.40306712916666665 0.22550154375 0.40509259166666667 0.22241512343749997 0.40914351875 0.22125771562500002 0.4123263895833333 0.22010030937499997 0.41319444375000003 0.2199074078125 0.41521990833333333 0.21817129687499998 0.418113425 0.217206790625 0.42332175833333335 0.2166280859375 0.4236111104166667 0.2166280859375 0.42824074166666665 0.2179783953125 0.43171296249999996
0 0.9739583328125001 0.63570601875 0.975115740625 0.6365740750000001 0.97665895 0.6432291666666666 0.9820601859375 0.6524884249999999 0.98919753125 0.6579861104166667 0.993634259375 0.6597222229166667 0.994598765625 0.66116898125 0.9998070984374999 0.6626157416666667 0.9998070984374999 0.61429398125 0.994598765625 0.6128472229166667 0.99228395 0.6151620375 0.983796296875 0.6145833333333334 0.9812885796874999 0.6157407416666667 0.978973765625 0.6180555562500001 0.9724151234375 0.6186342583333333 0.970100309375 0.6197916666666666 0.969328703125 0.6215277770833333 0.969328703125 0.6255787041666667 0.9699074078125 0.6258680562500001 0.970100309375 0.62789351875 0.9739583328125001 0.63570601875
0 0.0750385796875 0.7201967583333333 0.07561728437500001 0.7204861104166667 0.0758101859375 0.7239583333333334 0.0769675921875 0.7262731479166666 0.077739196875 0.7323495375 0.0804398140625 0.73929398125 0.081597221875 0.7485532416666667 0.0821759265625 0.7488425916666667 0.0823688265625 0.7520254625 0.08294753125 0.7523148145833333 0.0842978390625 0.7635995375 0.0862268515625 0.7673611104166667 0.088348765625 0.7789351854166667 0.092206790625 0.7806712958333333 0.09625771562499999 0.7743055562500001 0.10532407343750001 0.7699652770833333 0.1060956796875 0.76851851875 0.104938271875 0.765625 0.0997299375 0.7598379625 0.0983796296875 0.7520254625 0.097608025 0.7508680562500001 0.0968364203125 0.7442129625 0.0958719140625 0.7433449083333333 0.09567901250000001 0.7416087958333333 0.093171296875 0.7366898145833333 0.09297839531249999 0.7288773145833333 0.0949074078125 0.7210648145833333 0.0949074078125 0.7167245375 0.0910493828125 0.70601851875 0.090277778125 0.6944444437499999 0.088348765625 0.6912615750000001 0.0856481484375 0.6944444437499999 0.08487654375 0.6967592583333333 0.0821759265625 0.7005208333333334 0.0802469140625 0.7022569437499999 0.077739196875 0.7028356479166666 0.0744598765625 0.7068865750000001 0.0738811734375 0.7083333333333334 0.0738811734375 0.7132523145833333 0.0750385796875 0.7175925916666667 0.0750385796875 0.7201967583333333
0 0.7849151234375 0 0.784722221875 0.0020254625 0.781828703125 0.003761575 0.781635803125 0.0057870375 0.7795138890625 0.010127314583333333 0.77334105 0.015625 0.7725694437499999 0.019386575 0.7754629625 0.021412037499999998 0.7804783953125 0.027777777083333333 0.7831790125 0.02893518541666667 0.783757715625 0.031828704166666666 0.7870370375 0.03472222291666667 0.7872299375 0.03761574166666667 0.7862654328125 0.03877314791666667 0.7854938265625 0.03790509166666667 0.782600309375 0.03761574166666667 0.7810570984375 0.035300925000000004 0.7797067906249999 0.03472222291666667 0.7750771609375 0.03472222291666667 0.77237654375 0.035300925000000004 0.7702546296875 0.03761574166666667 0.7671682093750001 0.03819444375 0.7625385796875 0.04224537083333334 0.7606095671875 0.046875 0.7604166671875 0.058738425000000004 0.754436728125 0.07002314791666667 0.7532793203125 0.074074075 0.7530864203125 0.07870370416666667 0.750578703125 0.08420138958333333 0.7492283953125 0.0917245375 0.74903549375 0.09895833333333333 0.7478780859375 0.10098379583333333 0.7476851859375 0.10619212916666668 0.7492283953125 0.109375 0.7552083328125 0.113425925 0.761766975 0.11458333333333333 0.76658950625 0.11429398125 0.769483025 0.113425925 0.7714120375 0.11111111041666667 0.7785493828125001 0.10763888958333333 0.7791280859375 0.10648148125 0.779899690625 0.10648148125 0.78125 0.10850694375 0.781635803125 0.113425925 0.78028549375 0.11747685208333333 0.77449845625 0.12355324166666667 0.7727623453125 0.12731481458333332 0.7717978390625 0.12760416666666666 0.7706404328125 0.13020833333333334 0.77044753125 0.13252314791666667 0.7698688265625 0.1328125 0.7696759265625001 0.13541666666666666 0.7679398140625 0.13744212916666668 0.7679398140625 0.13975694375 0.7671682093750001 0.14091435208333333 0.7671682093750001 0.15075231458333332 0.769097221875 0.15451388958333334 0.7721836421875 0.15682870416666667 0.7737268515625 0.15943287083333332 0.7752700625 0.17129629583333333 0.7770061734375 0.17332175833333335 0.777777778125 0.175636575 0.7926311734375 0.18894675833333335 0.7970679015625 0.19068287083333332 0.8038194437499999 0.19097222291666668 0.8053626546875 0.1895254625 0.8097993828125001 0.18778935208333333 0.809992284375 0.18692129583333333 0.8144290125 0.183738425 0.8163580250000001 0.17939814791666667 0.8165509265625 0.17737268541666668 0.8192515437500001 0.17274305625 0.8219521609375 0.171875 0.8283179015625001 0.17418981458333332 0.831597221875 0.17129629583333333 0.8356481484374999 0.16290509166666667 0.8368055562500001 0.15190972291666668 0.8364197531249999 0.14322916666666666 0.8369984562499999 0.14207175833333335 0.8387345671875 0.14207175833333335 0.83892746875 0.14380787083333332 0.8410493828125001 0.14756944375 0.8478009265625 0.15364583333333334 0.8557098765625 0.15798611041666666 0.8595679015625001 0.15769675833333335 0.86226851875 0.15364583333333334 0.862847221875 0.15075231458333332 0.86226851875 0.1484375 0.86226851875 0.13599537083333332 0.869598765625 0.12991898125 0.8742283953125 0.12181712916666668 0.8757716046875 0.11631944375 0.877507715625 0.113425925 0.8782793203124999 0.1073495375 0.8815586421875 0.10214120416666667 0.8821373453125 0.09722222291666666 0.8809799375 0.08883101875 0.8788580250000001 0.08506944375 0.8780864203125001 0.07899305625 0.8769290125 0.07552083333333333 0.8753858031249999 0.07378472291666666 0.8697916671874999 0.07146990833333335 0.8688271609375 0.07002314791666667 0.86226851875 0.06799768541666666 0.86226851875 0.06510416666666667 0.862847221875 0.06394675833333334 0.8682484562499999 0.06365740833333333 0.8742283953125 0.059895833333333336 0.8761574078125 0.05555555625 0.8761574078125 0.05034722291666667 0.873649690625 0.04224537083333334 0.8726851859375 0.041666666666666664 0.8722993828125001 0.03964120416666667 0.8676697531249999 0.031828704166666666 0.8668981484374999 0.029224537499999998 0.8651620375 0.027777777083333333 0.8634259265625 0.021701389583333335 0.8616898140625 0.018229166666666668 0.8614969140625 0.015914352083333333 0.8595679015625001 0.012442129166666668 0.856867284375 0.010416666666666666 0.8557098765625 0.008391204166666666 0.8526234562499999 0.0066550916666666664 0.8483796296874999 0.006076389583333333 0.8339120375 0.0066550916666666664 0.8304398140625 0.0078125 0.828703703125 0.012731481250000001 0.8229166671874999 0.015335647916666667 0.821759259375 0.022280091666666668 0.8196373453125 0.025173610416666665 0.8184799375 0.03125 0.8175154328125 0.03240740833333333 0.8163580250000001 0.029513889583333335 0.8175154328125 0.013020833333333334 0.8155864203125001 0.0078125 0.8109567906249999 0.0017361104166666666 0.8109567906249999 0 0.7849151234375 0
0 0.8748070984374999 0.16550925833333335 0.8807870375 0.16898148124999998 0.8821373453125 0.17129629583333333 0.8867669749999999 0.17447916666666666 0.9020061734375 0.17824074166666665 0.9047067906249999 0.1776620375 0.9066358031249999 0.17534722291666668 0.9101080250000001 0.16550925833333335 0.9101080250000001 0.16377314791666667 0.9120370375 0.16174768541666668 0.9128086421875 0.15972222291666668 0.9128086421875 0.152199075 0.9122299375 0.15162037083333332 0.9120370375 0.14583333333333334 0.9108796296874999 0.14091435208333333 0.9108796296874999 0.13744212916666668 0.912615740625 0.1348379625 0.9151234562499999 0.13425925833333335 0.918402778125 0.13570601875000002 0.9207175921875 0.13946759166666667 0.9220679015625001 0.14004629583333333 0.9245756171874999 0.14351851875000002 0.927276234375 0.14496527708333332 0.9334490734375 0.14496527708333332 0.9357638890625 0.14380787083333332 0.938078703125 0.14004629583333333 0.9394290125 0.13628472291666668 0.9394290125 0.12471064791666667 0.9407793203124999 0.11631944375 0.9405864203125001 0.10677083333333333 0.9394290125 0.10300925833333333 0.9394290125 0.10098379583333333 0.9386574078125 0.10040509166666665 0.9382716046875 0.09866898125 0.9382716046875 0.09490740833333335 0.9394290125 0.09288194375 0.9394290125 0.089988425 0.9367283953125 0.08333333333333333 0.9328703703125001 0.08043981458333334 0.93267746875 0.07957175833333333 0.9268904328125 0.07638888958333333 0.9265046296874999 0.07523148125 0.9228395062500001 0.0723379625 0.9222608031249999 0.07089120416666667 0.9234182093750001 0.06741898125 0.92669753125 0.06278935208333333 0.92669753125 0.060763889583333335 0.9274691359375 0.05931712916666666 0.9274691359375 0.05179398125 0.9259259265625 0.048611110416666665 0.9182098765625 0.03964120416666667 0.9114583328125001 0.03877314791666667 0.8975694437499999 0.04224537083333334 0.8937114203125001 0.04542824166666667 0.8908179015625001 0.05150462916666666 0.8890817906249999 0.052951389583333335 0.887152778125 0.0567129625 0.8848379625 0.05324074166666667 0.88290895 0.05324074166666667 0.88290895 0.0604745375 0.8834876546875 0.060763889583333335 0.8834876546875 0.0625 0.8856095671875 0.06452546249999999 0.8848379625 0.06510416666666667 0.884259259375 0.06770833333333333 0.8821373453125 0.06944444375 0.8815586421875 0.07175925833333333 0.8794367281250001 0.074074075 0.8794367281250001 0.07899305625 0.8802083328125001 0.08420138958333333 0.8807870375 0.08449074166666667 0.8821373453125 0.09114583333333333 0.88290895 0.09201388958333333 0.88290895 0.09432870416666667 0.8834876546875 0.09461805625 0.8834876546875 0.09982638958333333 0.88290895 0.10011574166666667 0.8809799375 0.10879629583333333 0.8809799375 0.11689814791666667 0.8807870375 0.11863425833333333 0.8802083328125001 0.11892361041666667 0.8800154328125 0.12268518541666666 0.8769290125 0.13136574166666667 0.875 0.13339120416666667 0.8734567906249999 0.14409722291666668 0.873649690625 0.15625 0.8728780859375 0.15711805625 0.8728780859375 0.16145833333333334 0.8748070984374999 0.16550925833333335
0 0.359375 0 0.359375 0.0020254625 0.3582175921875 0.0034722229166666663 0.356867284375 0.0098379625 0.3535879625 0.015625 0.3533950625 0.01851851875 0.35165894999999997 0.021701389583333335 0.35146605000000003 0.024594908333333332 0.3508873453125 0.024884258333333336 0.3508873453125 0.027199075 0.3497299375 0.03153935208333333 0.3497299375 0.03877314791666667 0.3508873453125 0.04398148125 0.35146605000000003 0.044270833333333336 0.35165894999999997 0.05381944375 0.3535879625 0.05613425833333333 0.354938271875 0.05960648125 0.3560956796875 0.06018518541666666 0.3576388890625 0.06423611041666667 0.3616898140625 0.06597222291666667 0.3713348765625 0.06510416666666667 0.3730709875 0.06597222291666667 0.3769290125 0.07175925833333333 0.379436728125 0.07320601875 0.38715277812500004 0.07349537083333332 0.390046296875 0.07523148125 0.39023919687499997 0.0760995375 0.3942901234375 0.07725694375 0.3981481484375 0.07349537083333332 0.40007716093749995 0.06741898125 0.4020061734375 0.06365740833333333 0.402391975 0.0604745375 0.40547839531249996 0.05555555625 0.40702160468750004 0.050925925000000004 0.40933642031249995 0.046875 0.40933642031249995 0.041666666666666664 0.408757715625 0.0390625 0.40702160468750004 0.03587962916666666 0.40625 0.029224537499999998 0.4074074078125 0.0234375 0.40817901250000005 0.022858795833333334 0.40933642031249995 0.01793981458333333 0.410108025 0.012731481250000001 0.4128086421875 0.005208333333333333 0.4128086421875 0 0.359375 0
0 0.58892746875 0.43460648125 0.590277778125 0.43634259166666667 0.5904706796875 0.43894675833333335 0.5916280859375 0.44097222291666666 0.593171296875 0.4427083333333333 0.59664351875 0.44328703750000004 0.6033950625 0.4398148145833333 0.605516975 0.43634259166666667 0.6076388890625 0.43460648125 0.6091820984375 0.43084490833333333 0.610725309375 0.43026620416666667 0.611882715625 0.4279513895833333 0.617669753125 0.425636575 0.6194058640625 0.42274305624999997 0.6222993828125001 0.4201388895833333 0.6230709875 0.418113425 0.62596450625 0.41550925833333335 0.626350309375 0.4140625 0.6300154328125 0.41116898125 0.6325231484375 0.40596064791666664 0.634259259375 0.4039351854166667 0.6373456796875 0.394386575 0.638117284375 0.38628472291666666 0.6388888890625 0.38483796249999996 0.6394675921874999 0.3802083333333333 0.6394675921874999 0.3726851854166667 0.6375385796875 0.363425925 0.6369598765625 0.35474537083333335 0.6363811734375 0.35445601875 0.636188271875 0.35127314791666664 0.6350308640625 0.3489583333333333 0.634259259375 0.34259259166666667 0.6315586421875 0.33564814791666664 0.6300154328125 0.32783564791666664 0.628858025 0.32696759166666667 0.6277006171874999 0.32349537083333335 0.6248070984375 0.32175925833333335 0.6242283953125 0.32060185208333336 0.620563271875 0.31915509166666667 0.61612654375 0.31915509166666667 0.612847221875 0.32089120416666667 0.61226851875 0.32233796249999996 0.609375 0.324074075 0.6082175921874999 0.32609953750000004 0.6070601859375 0.331886575 0.606867284375 0.33651620416666667 0.6062885796875 0.33680555624999997 0.6041666671875 0.3460648145833333 0.6022376546875 0.34953703750000004 0.60146605 0.35474537083333335 0.6008873453125 0.35503472291666666 0.6003086421875 0.35792824166666665 0.5989583328125 0.359375 0.59857253125 0.3616898145833333 0.595100309375 0.36776620416666667 0.594328703125 0.371238425 0.5910493828125001 0.378761575 0.590277778125 0.38223379583333333 0.590277778125 0.39149305624999997 0.5914351859375 0.39756944375000003 0.5881558640625 0.39959490833333333 0.58584105 0.40422453750000004 0.58584105 0.418113425 0.58699845625 0.4296875 0.5875771609375 0.42997685208333336 0.58892746875 0.43460648125
0 0.7366898140625 0.33130787083333335 0.7399691359375 0.3333333333333333 0.7430555562500001 0.339988425 0.74324845625 0.3420138895833333 0.7467206796875 0.3489583333333333 0.7530864203125 0.35648148125 0.7552083328125 0.3616898145833333 0.75790895 0.3654513895833333 0.7619598765625 0.3689236104166667 0.7658179015625 0.3671875 0.7687114203125 0.36371527708333334 0.7752700625 0.3616898145833333 0.7785493828125001 0.35879629583333333 0.7797067906249999 0.35474537083333335 0.779899690625 0.3515625 0.781635803125 0.34837962916666665 0.7858796296875 0.34403935208333336 0.78896605 0.3385416666666667 0.7908950625 0.33651620416666667 0.7935956796875 0.32783564791666664 0.79398148125 0.32089120416666667 0.7951388890625 0.3179976854166667 0.7953317906249999 0.31539351875 0.796489196875 0.31452546249999996 0.7951388890625 0.30960648125 0.7932098765625 0.3070023145833333 0.7897376546875 0.3046875 0.7843364203125 0.29716435208333336 0.78125 0.29484953750000004 0.7758487656249999 0.2864583333333333 0.7727623453125 0.28587962916666665 0.7725694437499999 0.285011575 0.7702546296875 0.28819444375000003 0.761766975 0.29340277708333334 0.757330246875 0.28703703750000004 0.7565586421875 0.28067129583333333 0.7552083328125 0.27922453750000004 0.7511574078125001 0.28125 0.7472993828125001 0.28790509166666667 0.7459490734374999 0.28877314791666664 0.7405478390625 0.29629629583333333 0.73919753125 0.300636575 0.7374614203125 0.3023726854166667 0.735725309375 0.30931712916666665 0.734760803125 0.31047453750000004 0.733989196875 0.31973379583333333 0.734760803125 0.32609953750000004 0.7359182093750001 0.3298611104166667 0.7366898140625 0.33130787083333335
0 0.5543981484375 0 0.5543981484375 0.0017361104166666666 0.5524691359375 0.0034722229166666663 0.55169753125 0.011284722916666667 0.55169753125 0.019675925 0.5511188265625 0.019965277083333333 0.5509259265625001 0.023726852083333336 0.550347221875 0.024016204166666666 0.550347221875 0.026909722916666667 0.5491898140625 0.03125 0.5491898140625 0.04571759166666667 0.54976851875 0.04658564791666667 0.5499614203125 0.05034722291666667 0.5511188265625 0.052083333333333336 0.5511188265625 0.05439814791666667 0.55169753125 0.0546875 0.5526620375 0.0604745375 0.5584490734374999 0.06915509166666665 0.561149690625 0.0703125 0.5682870375 0.07089120416666667 0.5684799375 0.07175925833333333 0.5721450625 0.07175925833333333 0.5748456796875 0.06915509166666665 0.575617284375 0.0604745375 0.5763888890625 0.05960648125 0.5765817906249999 0.05758101875 0.57908950625 0.05410879583333333 0.5798611109375 0.04803240833333333 0.581597221875 0.04340277708333333 0.5852623453125 0.04195601875 0.5895061734375 0.04716435208333333 0.590277778125 0.04976851875 0.5949074078125001 0.05121527708333333 0.602044753125 0.05179398125 0.612847221875 0.057291666666666664 0.6143904328125 0.05584490833333333 0.61612654375 0.05555555625 0.617669753125 0.0526620375 0.6188271609375 0.04832175833333333 0.6190200625 0.0448495375 0.6195987656249999 0.044270833333333336 0.6203703703125 0.037326389583333335 0.62017746875 0.03153935208333333 0.6168981484375 0.02112268541666667 0.6134259265625001 0.016203704166666666 0.608989196875 0.014178241666666667 0.606867284375 0.010706018749999999 0.6057098765625 0.005208333333333333 0.6035879625 0.002314814583333333 0.6022376546875 0.0020254625 0.6018518515625 0 0.5868055562500001 0 0.5866126546875 0.0020254625 0.5831404328125 0.003761575 0.5812114203125 0.0066550916666666664 0.579475309375 0.00694444375 0.5769675921874999 0.006076389583333333 0.573688271875 0.0017361104166666666 0.573688271875 0 0.5543981484375 0
0 0.160686728125 0.5815972229166667 0.157600309375 0.5879629625 0.156635803125 0.5946180562500001 0.154899690625 0.6009837958333333 0.1541280859375 0.6015625 0.15277777812499999 0.6085069437499999 0.15142746875 0.6105324083333333 0.1510416671875 0.6137152770833333 0.15335648125 0.6166087958333333 0.16107253125 0.6180555562500001 0.16396605 0.6197916666666666 0.16415895 0.6206597229166667 0.1682098765625 0.62210648125 0.17206790156250001 0.6195023145833333 0.172260803125 0.6183449083333333 0.17341820937500002 0.6177662041666667 0.17669753125 0.6128472229166667 0.17881944375 0.5980902770833333 0.1793981484375 0.5975115750000001 0.17959105 0.59375 0.180169753125 0.5931712958333333 0.180169753125 0.5885416666666666 0.1813271609375 0.5856481479166666 0.1813271609375 0.5839120375 0.1851851859375 0.5743634249999999 0.18672839531250002 0.5729166666666666 0.1894290125 0.5665509249999999 0.1905864203125 0.5613425916666667 0.1905864203125 0.5584490750000001 0.19000771562500002 0.5558449083333333 0.188850309375 0.5541087958333333 0.1813271609375 0.5532407416666667 0.1770833328125 0.5549768520833334 0.16473765468749998 0.55758101875 0.160686728125 0.5601851854166667 0.1593364203125 0.5636574083333333 0.1595293203125 0.5682870375 0.1612654328125 0.5737847229166667 0.1614583328125 0.578125 0.160686728125 0.5815972229166667
0 0.1386959875 0.82523148125 0.13888888906250002 0.8260995375 0.1433256171875 0.8269675916666667 0.1452546296875 0.8266782416666667 0.14756944375 0.8208912041666667 0.1481481484375 0.8029513895833333 0.1500771609375 0.7957175916666667 0.1500771609375 0.7913773145833333 0.14911265468749998 0.7893518520833334 0.146990740625 0.7881944437499999 0.1429398140625 0.7879050916666667 0.13888888906250002 0.7853009249999999 0.13676697499999999 0.7853009249999999 0.13290895 0.7893518520833334 0.13271605 0.7910879625 0.1302083328125 0.7954282416666667 0.1280864203125 0.8043981479166666 0.12673611093749998 0.8058449083333333 0.1261574078125 0.8090277770833333 0.125578703125 0.8093171291666666 0.125578703125 0.8177083333333334 0.1290509265625 0.8220486104166667 0.13348765468749998 0.8246527770833333 0.1386959875 0.82523148125