0 0.7090944609375 0.25167948125 0.708447221875 0.2521108041666667 0.7092173765625 0.2618808375 0.709917728125 0.26212331041666664 0.7100505140625 0.26380779791666664 0.7118882734375 0.26695645 0.7261221921875001 0.27756463750000004 0.7279068359374999 0.28003949375000003 0.7273536843749999 0.2845450645833333 0.7252670421875 0.2868812 0.7205671609375 0.2963959395833333 0.7205284625 0.29878569791666665 0.7198812234374999 0.2992170208333333 0.7203061359375 0.3046073833333333 0.72314851875 0.308977725 0.7280653984375001 0.3137385875 0.72911099375 0.3183607291666667 0.7288355531249999 0.32350862083333337 0.729564734375 0.32987819999999995 0.7313637953125001 0.3354166104166667 0.73417961875 0.33945005624999997 0.7351986562499999 0.34373529999999997 0.7358990078125001 0.34397777291666665 0.7368140890625 0.3527056375 0.7370409609374999 0.35846437291666666 0.7363937234375 0.35889569583333336 0.7371904328125 0.36900262500000003 0.7381684984375 0.3698874166666667 0.7383543968749999 0.3722457020833333 0.7413804046875 0.3731841166666667 0.7512627359375 0.3717992166666667 0.7551992796875 0.36988507708333335 0.7553442078125 0.36884291041666667 0.7571409953125 0.36859111041666665 0.7576698640624999 0.3695388520833333 0.7606162000000001 0.36946657499999996 0.7641976328125 0.37168963125 0.766945928125 0.371985725 0.76820170625 0.3735128395833333 0.772271034375 0.3732831875 0.7746520765625 0.3804431354166667 0.7753160015625 0.38886557916666664 0.7747749921875 0.39064449166666665 0.7750693921875 0.400140575 0.776537625 0.40436286875 0.7800272453125 0.4083018895833333 0.7831617546875 0.41637810625 0.78640021875 0.42001170416666667 0.7868107140625 0.4223385125 0.7883442046875 0.42450794583333334 0.794145065625 0.42607935416666665 0.7972097734375 0.4246280104166667 0.8039188953125 0.41755665416666665 0.8064160359375 0.417547325 0.8087948062500001 0.4189170645833334 0.8094299015624999 0.42121239791666665 0.8101302546875001 0.42145487083333333 0.8124725968750001 0.4310045791666666 0.8128178374999999 0.4353842479166667 0.815527434375 0.4380701 0.8164136859375001 0.44067085624999996 0.82168795 0.44708473541666666 0.822600759375 0.4500223875 0.8252572406249999 0.4520344479166667 0.8271215578125 0.4555199958333333 0.838010784375 0.4611469979166667 0.8401262562499999 0.46493796875 0.8512810515625 0.47393394791666665 0.8542805031249999 0.47453546249999995 0.8571593109375 0.47072583749999997 0.8576737640625 0.4686100270833334 0.8570485375000001 0.457797825 0.8576548031250001 0.4539660541666667 0.8561167671875 0.44021619791666666 0.8566820625 0.4329839729166666 0.8587687046875001 0.43064783749999996 0.8626399921875001 0.43078655625 0.8668276921875 0.4291778375 0.8681608671875001 0.42592543541666666 0.87064359375 0.42285255416666667 0.8709190328125 0.4177046625 0.8697406546875 0.41139803333333336 0.8682071640625001 0.4092286 0.866103834375 0.40271097083333335 0.8655339953125001 0.39836277708333334 0.8603249859375 0.38989603958333335 0.8573642343750001 0.3869047625 0.8567291375 0.38460943125 0.8534375593749999 0.38030203749999997 0.8514404593749999 0.37513199999999997 0.84381398125 0.36768528333333333 0.8353642375 0.3497947375 0.83509639375 0.34063555208333335 0.8382263562500001 0.33713134791666666 0.8445682281250001 0.33692384375 0.848427371875 0.33978922083333335 0.85109826875 0.34486483333333334 0.8512576109375001 0.34688621875 0.8522356765625 0.3477710125 0.85239501875 0.34979239791666666 0.8550659156249999 0.35486801041666666 0.8551987015625 0.3565525 0.8595214578125001 0.36241847916666664 0.8615716718750001 0.36826231249999997 0.8651675203125 0.3735489229166667 0.8726225140625001 0.3817009104166667 0.8747645421874999 0.38582877916666664 0.883644525 0.38901240000000004 0.8928143625 0.39011168333333335 0.8948236046875 0.39255506458333334 0.898576521875 0.39407285 0.9012861187500001 0.39675870416666664 0.905328890625 0.3961921541666667 0.9058699000000001 0.39441323958333335 0.9094490625 0.3908460875 0.9103330390625001 0.38765663333333333 0.9114029171875 0.3868254625 0.913277103125 0.3817941458333333 0.9138955125000001 0.3752357145833333 0.9134705999999999 0.3698453520833333 0.9140912812499999 0.36907713125 0.9134539125 0.3609915875 0.9127270031249999 0.36041221874999996 0.9106069859374999 0.345040825 0.908211528125 0.334817325 0.9025510515624999 0.32062332499999996 0.895849525 0.31338760625 0.8954921406249999 0.31173459375 0.8899014640624999 0.30706815625 0.8875613937500001 0.3033086583333333 0.8875469796875001 0.30024510625 0.8890516390625001 0.29628743124999996 0.8936354234375001 0.29394196874999995 0.89778215 0.28893280000000005 0.8973837937500001 0.2838793333333333 0.8961932734375001 0.2802993583333333 0.8942637 0.27886667083333333 0.8929016953125 0.27599196458333336 0.8892140328125 0.27242131875000003 0.8873762749999999 0.26927266875 0.8860021265625001 0.2691246208333334 0.8780979359375 0.2610355833333333 0.8741204218749999 0.25954927083333335 0.8680562640625 0.26039909583333337 0.8623760468749999 0.26323883333333337 0.8574348796875 0.2639312833333333 0.853259321875 0.26281334375000004 0.85136845 0.2589908979166667 0.85032285625 0.25436875625 0.8516825890625 0.25145325 0.8515763609375 0.2501056583333333 0.8566336250000001 0.24224393125 0.8644126249999999 0.23434140625 0.868134440625 0.22394187083333333 0.8677892 0.21956220208333335 0.8660963671875 0.21537138333333333 0.8641136812499999 0.2132649 0.8606362031250001 0.206599225 0.8503653859375 0.19441379374999998 0.8492279796875 0.1915076125 0.8372423171875001 0.18637488333333332 0.830540790625 0.17913916458333334 0.8250707593750001 0.1788838729166667 0.81032693125 0.18197191458333334 0.8076970078124999 0.18029675416666666 0.8024758562500001 0.174556675 0.7994764046875 0.17395515625 0.7972956765625 0.17221704375 0.7936489890625 0.17204685 0.7874930171875001 0.1746126375 0.787123490625 0.17568628125 0.78335843125 0.17689515 0.7810206328125 0.17892586458333334 0.7795956453125 0.18389423125 0.77770704375 0.18586199375 0.7765719109375 0.18874602499999998 0.77186975625 0.19247055416666664 0.7718045015625 0.19452341666666667 0.7711572624999999 0.19495473749999997 0.7714228328125 0.19832371458333334 0.7701814703125 0.19986015625 0.7691502906250001 0.19830156666666668 0.7661242828125 0.19736315000000001 0.7655544437499999 0.19301495624999998 0.7637697984375 0.19054010000000002 0.76361045625 0.18851871458333333 0.7608067734375 0.1817586125 0.7547259296875 0.173754675 0.747985703125 0.1689087125 0.7360265984375001 0.16411288333333335 0.7329618921875001 0.16556422499999998 0.7321697265625 0.16703771666666667 0.7316696874999999 0.17221708125 0.7302302843749999 0.17412189375 0.72823545625 0.17474206666666667 0.72417826875 0.1722450625 0.710608275 0.17005931666666668 0.70537725625 0.17283610416666667 0.7019452953124999 0.18115129791666668 0.7017275140625 0.19855340416666667 0.7010802765624999 0.19898472708333334 0.7012274765625001 0.20373276875000002 0.70042316875 0.20793291666666666 0.70168121875 0.21525023958333334 0.7044970421875 0.21928368541666668 0.7110513703125 0.22177136041666667 0.71538626875 0.22491068541666664 0.7175548546875 0.22937545416666666 0.7220407515625 0.23010928125 0.722010396875 0.23692592291666664 0.7159462390625 0.23777574791666664 0.7116136125 0.24042663125 0.7100027250000001 0.24303671666666665 0.708920703125 0.24659454166666667 0.7090944609375 0.25167948125
0 0.4632819546875 0.4979926229166667 0.4674188109375 0.50150031875 0.47213537812500006 0.5008393458333333 0.479624525 0.49502115416666664 0.4838918953125 0.4944231291666667 0.4855968703125 0.4958872916666667 0.48596866875 0.5006038583333333 0.48383118437499995 0.5080564104166666 0.48350490312499994 0.5183207145833334 0.482857665625 0.5187520375 0.4815411765625 0.53085820625 0.487807921875 0.5412204291666666 0.48816757656250004 0.5486636520833332 0.48712425625 0.5498317187499999 0.4865179890625 0.55366349375 0.48792551250000005 0.57151906875 0.48894455 0.5758043145833334 0.494020771875 0.5825865625 0.49596476093749997 0.5870828062500001 0.49628344531249996 0.5911255791666666 0.49742085156250004 0.59403175625 0.49833820468749995 0.6085498312500001 0.4961787109375 0.6272459041666667 0.4972508609375 0.63220494375 0.49884960625 0.6323215166666666 0.5001152546875 0.6253317625 0.5015281 0.6230900541666667 0.5033514453125 0.62317515 0.5086378515625001 0.6268623708333333 0.5108838359375001 0.6265476208333334 0.512110784375 0.621947625 0.5141177546875 0.6186007979166667 0.5158325984375 0.6115480937500001 0.5174966015625 0.60961180625 0.518984575 0.5968003666666667 0.5207138328124999 0.59281121875 0.5238582109375 0.59237056875 0.5246116765625 0.5932868375000001 0.52847536875 0.6077326333333333 0.5338968328125 0.61889455 0.5366838265625 0.6168008875000001 0.539323621875 0.60995918125 0.5397439890625 0.603769125 0.54090568125 0.6012219916666666 0.541485390625 0.59705331875 0.5423306703125 0.5962536249999999 0.5420871109375 0.5816411250000001 0.5440386968750001 0.5718302895833334 0.5441669359375 0.5619343583333334 0.542414171875 0.5396991124999999 0.5427283109375 0.5321614625 0.5420014015625 0.53158209375 0.5389928609375 0.5078197333333333 0.537087571875 0.5009337333333334 0.5367954453125 0.49722785833333333 0.5358439374999999 0.49667996458333336 0.5353514968749999 0.48755225208333336 0.5369479703125 0.48187861458333336 0.5371293234375 0.47265647708333336 0.5390831796875 0.46863585208333336 0.5382986109375001 0.45580226875 0.5419840015624999 0.45358270416666663 0.54244079375 0.4392126770833333 0.5443415375 0.4345182583333333 0.5440615531249999 0.4280857270833333 0.5446025624999999 0.42630681458333336 0.5435137250000001 0.4124940083333334 0.54630071875 0.41040034583333335 0.5470397703125001 0.40825306041666665 0.546798484375 0.3994307708333333 0.54759065 0.39795728125 0.5493874375 0.39770548125 0.54958320625 0.39154689791666664 0.55017733125 0.39044178125 0.548960253125 0.38652490833333336 0.5421282140625 0.3833949125 0.5413459171875 0.3763515333333334 0.5406190078125 0.37577216458333335 0.5413846171875 0.37396177708333334 0.5435243734374999 0.3722994375 0.5451109765625 0.37514266458333334 0.54743663125 0.3758386083333333 0.548202240625 0.3740282208333333 0.5473159890625 0.37142746249999997 0.5444880234375 0.370120675 0.5423968359375 0.3608763895833333 0.5399118374999999 0.3581590625 0.5395134828125 0.35310559583333334 0.5397092515625 0.3469470145833334 0.5427307140625001 0.3363050083333333 0.5427694140625 0.33391525000000005 0.54457834375 0.33093679375 0.545249865625 0.32505215833333334 0.5463584421875 0.3218312291666667 0.5468850375 0.3169887625 0.54624766875 0.30890321875000004 0.543458403125 0.3052066708333333 0.5399278125 0.2978672 0.538508146875 0.28273828125 0.5360231484375 0.28002095208333333 0.5343978468749999 0.27956748124999997 0.5328377984375 0.27706115 0.5295705046875 0.26730044583333334 0.5273632187499999 0.2652254375 0.5269792796874999 0.263235525 0.523081434375 0.26275990833333335 0.5206639656250001 0.26377992708333337 0.5186304374999999 0.26678985833333335 0.517350375 0.2707160583333333 0.517338234375 0.2734427145833333 0.5156089749999999 0.2774318645833333 0.512899378125 0.27474600833333335 0.510824878125 0.2743554895833333 0.506977875 0.26876345625000003 0.5048237046875 0.26736224375 0.504492878125 0.2660461270833333 0.5014137562500001 0.2644339145833333 0.49982715312500003 0.2615906875 0.4936157953125 0.25769247083333335 0.489442509375 0.26236474375 0.48883624374999995 0.2661965145833333 0.48655155937499994 0.268901025 0.47710400937499997 0.2671594208333333 0.473669778125 0.26968440624999995 0.4731431828125 0.274526875 0.47076668593750004 0.2789473458333333 0.45980233437500007 0.28389007083333334 0.45473065625000003 0.28868824375 0.4539529046875 0.29322528750000004 0.4546168296875 0.30164773125 0.4589729625 0.3252212395833334 0.45992447031249994 0.3257691333333333 0.46108843437499997 0.3290122125 0.47457115781250003 0.34449434375 0.4746773859375 0.34584193333333335 0.47802207812499997 0.35082312083333334 0.47850010468750004 0.35688727708333334 0.47496191718749997 0.3638548833333333 0.469175471875 0.36534702916666667 0.46385036562500004 0.36404956875 0.46108765468749996 0.36068991875 0.45235260000000005 0.35646413125 0.44606384375 0.35734543124999996 0.44195581562499997 0.35996484166666665 0.4314262453125 0.3617810645833333 0.429460246875 0.36852834375000004 0.4243620109375 0.37298961875000003 0.4244416828125 0.3740003125 0.4231737625 0.37519985625 0.4226061953125 0.37664186875 0.42297799375 0.38135843750000004 0.4246708265625 0.38554925625 0.436487275 0.39717746666666665 0.43650168906250003 0.40024101875 0.43526032812500004 0.4017774604166667 0.423172984375 0.4068775625 0.4191059265625 0.412897425 0.4196370671875 0.41963537916666666 0.422981759375 0.4246165666666667 0.42314110156250007 0.42663795 0.41941928749999996 0.4370374854166667 0.41938058749999996 0.43942724166666663 0.41824545312500006 0.44231127291666666 0.4184723234375 0.44807001041666666 0.4178250859375 0.44850133125 0.41920832499999994 0.47181021875 0.42087459843749997 0.4756641416666667 0.42923785625 0.4751733625 0.4354879125 0.47668182291666666 0.4357921828125 0.4776610375 0.440245453125 0.47942129791666666 0.4427304484375 0.4821386270833333 0.4440127828125 0.4840026375 0.4453095328125 0.48893020416666666 0.44807224375 0.4922898520833333 0.45070216875 0.4939650125 0.4563171296875 0.4931781375 0.45825884375000003 0.49188416875 0.4605579421875 0.4922432166666667 0.4620648765625 0.49407575000000004 0.4632819546875 0.4979926229166667
0 0.6029656265625001 0.2679147458333333 0.6090032265625 0.26672802291666664 0.613642396875 0.2708465666666667 0.614067309375 0.2762369291666667 0.6121134515625 0.28025755208333336 0.60752966875 0.2826030166666667 0.606619134375 0.2854555729166667 0.6031052296875 0.2869698645833333 0.5985093046875 0.29204198541666665 0.59459931875 0.29429302291666665 0.5901361796875 0.30104963125 0.5894767984375 0.30420761041666666 0.5856221984375 0.3129226541666667 0.585556940625 0.31497551458333334 0.5837480109375 0.3179539708333333 0.583762428125 0.321017525 0.5831151890624999 0.32144884791666667 0.5843368109375 0.33694613958333336 0.5863726140625001 0.33972641875 0.5894782921874999 0.3416755270833333 0.5999813046875 0.3395224083333333 0.60188431875 0.34061819791666664 0.6014760953125 0.3440816 0.6000632484375 0.34632331041666664 0.6000776625 0.3493868645833333 0.5983484046875 0.35337601458333334 0.598442490625 0.35745026041666667 0.5977952515625 0.35788158333333336 0.5980873796874999 0.36158745833333333 0.5987877312500001 0.36182993125 0.599171671875 0.36381984166666664 0.6023304656249999 0.3664427458333333 0.6034678718750001 0.369348925 0.6032311328125 0.37210705625 0.5989781765625 0.3757686333333333 0.5998135859375 0.38348580625 0.6014654453125 0.38427617291666666 0.6023251421875 0.38654003333333337 0.6050612937500001 0.38956278333333333 0.6059475453125 0.39216353958333333 0.60737480625 0.3929853833333333 0.609915190625 0.40216671875000004 0.610313546875 0.4072201833333333 0.61104045625 0.40779955208333335 0.6189014015625001 0.4066979270833333 0.626272178125 0.40225880208333337 0.6362994359374999 0.39983173333333333 0.6428105203125 0.39312874791666663 0.6513718171875 0.3922695958333334 0.6554775734375 0.38385997708333336 0.65705963125 0.3751227833333333 0.658472478125 0.37288107291666667 0.6617352265625 0.37106135833333337 0.6648674640625 0.37334736458333334 0.6665868515625 0.3778750791666667 0.6694292328125 0.38224542291666663 0.67085649375 0.3830672666666667 0.6752687921875 0.38142707291666667 0.6787538671875 0.3737856729166667 0.6794398046875 0.3709645916666667 0.6795293453125 0.3634584166666667 0.6815219015625 0.3570480354166667 0.6813314562499999 0.34310932916666664 0.6773251124999999 0.33549591041666665 0.6769798703125 0.3311162416666667 0.677692365625 0.32863205833333337 0.677054996875 0.32054651458333333 0.67756945 0.31843070416666663 0.6781635734375 0.31732558541666667 0.68063415625 0.3169793604166667 0.680779084375 0.3159371916666667 0.6819020765625 0.31577981666666666 0.687519309375 0.32078315416666664 0.68815440625 0.32307848541666667 0.6891059140625 0.3236263833333333 0.6904292187500001 0.32889084583333333 0.6927692890625 0.3326503416666667 0.6949788484375 0.3405155604166667 0.7002796703125 0.3472663354166666 0.7051821359375 0.34896364166666666 0.709278021875 0.3490708895833333 0.7161775890625 0.3559382354166667 0.719705909375 0.35748749583333334 0.72048593125 0.35874066041666663 0.727105515625 0.3591754770833333 0.730208921875 0.355334375 0.7311460140625 0.35281871666666664 0.730907 0.3497866375 0.7316726109375 0.34797625000000004 0.7310352421874999 0.33989070625 0.7273984203125 0.33120364375 0.7263239984375 0.32045439375 0.72357343125 0.3143680875 0.7201634828125 0.31143976041666666 0.7179683390625 0.30663809791666663 0.7175699843750001 0.30158463125 0.718321178125 0.29671068958333335 0.719403196875 0.2931528625 0.721661325 0.29011145625 0.7221492203125 0.2876587479166667 0.7243542328125 0.28394354791666665 0.72406210625 0.2802376729166667 0.709695403125 0.2679449958333333 0.70767174375 0.2624380604166667 0.7070442453125 0.24583565000000002 0.707756740625 0.24335146666666668 0.7140022515625 0.23327950416666668 0.714555403125 0.22877393541666666 0.7077355062499999 0.22291728125 0.7029923828125 0.22324135833333333 0.7014588921875 0.221071925 0.700942165625 0.217397525 0.69930245 0.2138805 0.6981802359375 0.18236016875 0.6989192890625 0.18021288333333332 0.698680275 0.17718080416666665 0.7006872453125 0.173833975 0.699272125 0.170285475 0.6933528953125 0.17009313125 0.6850040546875 0.17364746666666667 0.6792585812499999 0.1785400625 0.6759836890625001 0.18308643541666667 0.6740154171875 0.18404350416666665 0.6719697484375 0.18978009166666665 0.6681515734375 0.19031516666666667 0.6613294046875 0.17866830416666665 0.6607595640625 0.17432011041666667 0.657982440625 0.16789690625 0.6563404484375 0.15858967291666665 0.6552030421875 0.15568349166666667 0.6520176921874999 0.15272369166666666 0.6511845546874999 0.15079672916666667 0.6468230984375001 0.14732050833333332 0.6419471875 0.14596009791666667 0.6396867890625 0.14321129375 0.634943665625 0.14353537083333334 0.6323812703125 0.14559755833333332 0.6274666609375 0.14662690625 0.6237790000000001 0.14305626041666666 0.6151767296874999 0.14051496041666667 0.6034202125 0.14693117708333334 0.5952815546875 0.14739048125 0.592402746875 0.15120010833333333 0.5921273078125 0.15634799791666668 0.593040115625 0.15928565208333334 0.5937404671875 0.15952812291666665 0.59446965 0.16589770416666666 0.59560705625 0.16880388541666666 0.599705215625 0.17470133958333334 0.5998380015625 0.17638582916666667 0.6023229984375 0.17910315833333332 0.6035135203124999 0.18268313125000002 0.6038587609375 0.1870628020833333 0.6028154390625 0.18823086875 0.5984683984375 0.18781820208333333 0.5976087046874999 0.18555434166666668 0.5944233546875 0.18259453958333335 0.5901681265625001 0.18046590833333334 0.5853453296875 0.17977929166666667 0.5775109421875 0.18121781666666664 0.56357596875 0.19168613333333334 0.5629552875 0.19245435208333334 0.5633415 0.20023447291666668 0.567096690625 0.20754247083333333 0.5674950453125 0.21259593541666666 0.56074495 0.21626684166666665 0.5592524328125 0.21749785833333332 0.5591340625 0.218876925 0.55547523125 0.22143338541666668 0.5543932109374999 0.2249912125 0.5548712375 0.23105537083333333 0.5564578421874999 0.23389859791666667 0.5563538859375 0.23834121875 0.5554167921875 0.24085687708333334 0.550055259375 0.24773938541666668 0.548881425 0.25301317500000003 0.5493738671874999 0.2621408875 0.5490984265625001 0.2672887770833333 0.5477918078124999 0.27087807708333334 0.547001915625 0.27814177916666666 0.5475596125 0.28521663125 0.55242338125 0.2893036958333333 0.558316053125 0.28915914375 0.5611174625 0.29012903333333334 0.57035255625 0.28917545624999996 0.570656825 0.29015467500000003 0.5743035140625 0.29032487083333336 0.5821910171875 0.28956014166666666 0.588161090625 0.28463607083333337 0.5903926578124999 0.28125776666666663 0.5947252859375001 0.27860688125 0.6029656265625001 0.2679147458333333
0 0.08973559375 0.08028634583333334 0.092030146875 0.06906497083333334 0.091791134375 0.06603289166666666 0.09260985625 0.06489629791666666 0.0921530390625 0.054401116666666666 0.059070081249999996 0.059037329166666666 0.059326042187500004 0.0603639375 0.0600263953125 0.060606408333333334 0.0608618046875 0.06832358125 0.0619460984375 0.07055596458333334 0.0706667390625 0.07171819791666666 0.0726228671875 0.07348778333333333 0.07479145312499999 0.07795255208333333 0.078875196875 0.08078645208333332 0.086023646875 0.08216901041666666 0.08973559375 0.08028634583333334
0 0.392511303125 0.7207974354166667 0.398097434375 0.7138834520833334 0.39863844375 0.7121045395833333 0.4009762421875 0.7100738270833333 0.4037753796875 0.7052535062499999 0.40228818593750004 0.6863872375 0.4031311921875 0.6797973312500001 0.40397647187499997 0.6789976354166666 0.40455618125 0.6748289645833334 0.4059159140625 0.6719134583333334 0.406271025 0.6677762604166666 0.4055706734375 0.6675337895833333 0.40513361875 0.6648700833333333 0.4027548484375 0.66350034375 0.39726053125 0.6686983645833333 0.39526570156249996 0.6693185354166666 0.394012196875 0.6735816333333333 0.39150291406250004 0.6763176166666667 0.389971696875 0.6799383916666667 0.38121463125 0.6869561291666667 0.378560421875 0.6907342791666667 0.37616950937500004 0.6920911979166667 0.371798184375 0.6971318416666666 0.3696462859375 0.7015208395833333 0.36778651406249996 0.7096157104166667 0.3667431921875 0.7107837791666667 0.3660982265625 0.7170053104166667 0.3654509890625 0.7174366333333333 0.365690003125 0.7204687145833333 0.3663903546875 0.7207111854166667 0.3670808375 0.729470525 0.3663417859375 0.7316178104166667 0.3603595703125 0.7392685395833334 0.3567318421875 0.7537423166666667 0.357038384375 0.7605117458333334 0.35890270156250004 0.7639972958333333 0.36235589375 0.7761162833333334 0.3671521328125 0.7764660020833334 0.37057195 0.7708774625 0.370439165625 0.7691929729166667 0.3718520109375 0.7669512645833334 0.37174578281250004 0.7656036729166666 0.3747285484375 0.7573514270833334 0.37673551875 0.7540045979166667 0.378621846875 0.7462466229166667 0.380826859375 0.7425314229166666 0.3812881984375 0.7397418166666667 0.388405546875 0.7292070583333333 0.38988365156250004 0.7249124854166666 0.392511303125 0.7207974354166667
0 0.9445759578124999 0.3784298145833333 0.9488698859375001 0.3781686875 0.9544969890624999 0.37465515625 0.9545888015624999 0.37293919375 0.95639773125 0.36996073749999997 0.957226325 0.3603072770833334 0.9613199375000001 0.35462431250000004 0.96371085 0.35326739375000005 0.9644499015625 0.35112010833333335 0.9634141765625 0.33798110000000003 0.9626872687500001 0.3374017270833333 0.962090871875 0.33271663749999997 0.9613639609375 0.3321372645833333 0.9608472359375 0.32846286666666663 0.9593403031250001 0.32663033124999996 0.9591544031250001 0.32427204583333336 0.9543558921875 0.31813211875 0.950153778125 0.31667728333333334 0.9478933796875 0.31392847916666666 0.9450654125 0.31262168958333336 0.944007678125 0.31072620416666663 0.9413777515625 0.30905104375000003 0.9380596171875 0.30440675208333334 0.932468940625 0.29974031458333333 0.9298777140625001 0.29567539583333335 0.9261513546875 0.2944945083333333 0.9236807703125001 0.2948407333333333 0.9208141062499999 0.2959237020833333 0.9187274625 0.29825983958333335 0.9181743109375 0.3027654083333333 0.9202632265625 0.3062194833333333 0.9233423484375001 0.30783169374999997 0.9286166124999999 0.3142455708333333 0.931116025 0.3200264520833333 0.9317124218749999 0.3247115458333333 0.9331662406250001 0.3258702875 0.9354144984375001 0.33134574583333337 0.93611485 0.33158821875 0.9365253484375 0.3339150270833333 0.939036903125 0.33696925208333334 0.9421327109375 0.3474352291666667 0.9428330640624999 0.3476777020833334 0.9447982843749999 0.37260812708333335 0.9441510453124999 0.3730394520833333 0.9445759578124999 0.3784298145833333
0 0.184938775 0.06660405 0.1831032890625 0.06924560833333333 0.1825501359375 0.07375117916666667 0.182873365625 0.08937437083333334 0.18496228125 0.09282844583333333 0.18882142500000001 0.09569382291666666 0.1931608703125 0.11041356666666666 0.19592358125 0.11377321666666668 0.1977734828125 0.11419521041666666 0.2000604375 0.1172809125 0.202861846875 0.11825080416666665 0.20419729531250003 0.12078861041666666 0.2062717953125 0.12117912916666666 0.21328973437499998 0.12666741041666665 0.21772858906249998 0.12536411666666666 0.22011495625 0.11242677708333333 0.22275475 0.10558507291666668 0.2247495796875 0.10496489791666666 0.22914973593750002 0.1060513625 0.236418828125 0.11184506666666666 0.2409107984375 0.11121556666666667 0.2409206671875 0.10269869791666666 0.241831203125 0.09984614166666667 0.24371980468749999 0.09787837916666667 0.249387878125 0.0977653 0.25220142968750003 0.09600853541666667 0.2553048359375 0.09216743125 0.2598764765625 0.09254862500000001 0.266851171875 0.08884624375 0.2741179921875 0.0888497375 0.27624560625 0.08991405416666667 0.27822601874999997 0.086230325 0.2766902578125 0.07827068125 0.2708173234375 0.06138150416666666 0.2711314625 0.05384385625 0.2703901375 0.050200931250000004 0.26867074999999996 0.0456732125 0.2661326375 0.04228209166666667 0.264915559375 0.03836521875 0.264768359375 0.033617175000000006 0.2667487734375 0.029933449999999997 0.2015029265625 0.03907693541666667 0.20076994531249998 0.03986089375 0.199555140625 0.041734231249999997 0.1996879265625 0.043418720833333334 0.196702890625 0.04588075625 0.19581891093749998 0.04907021041666667 0.1926092765625 0.05156372083333333 0.1919233390625 0.05438480208333333 0.1875133140625 0.061815204166666665 0.1862188359375 0.06267785 0.184938775 0.06660405
0 0 0.3643015479166667 0.0009932359375 0.36317436249999996 0.004562528125 0.368124075 0.0074193234375 0.37555797083333337 0.01331426875 0.38120362708333333 0.0159176375 0.3825418895833333 0.0167242171875 0.3841319541666667 0.0216001265625 0.38549236458333336 0.0238195546875 0.3848407166666667 0.02548355625 0.38290442916666667 0.027208270312499998 0.3673348583333333 0.026003334375 0.36069133125 0.0264381171875 0.357564825 0.02775915 0.35703907916666666 0.030456603125 0.36245158958333334 0.033113085937499995 0.3644636479166667 0.0350836296875 0.3692967875 0.0365928359375 0.37691953333333333 0.0400171984375 0.38291141458333333 0.0422002 0.39043973541666666 0.042594010937499996 0.38391278125 0.043900628125 0.3803234791666667 0.043939328124999996 0.37793371875 0.0452072484375 0.37673417708333334 0.045562357812499996 0.37259698125 0.0500497828125 0.3603870604166667 0.0502554203125 0.3457116104166667 0.0528421 0.33819610833333336 0.052151618749999996 0.32943677083333334 0.050272887499999995 0.32288766875 0.049545978125 0.3223082958333333 0.0490026953125 0.318297 0.04725675 0.3134323854166666 0.046556396875 0.3131899125 0.04596 0.30850481875 0.0444796234375 0.30700918125 0.0443733953125 0.30566158958333334 0.0475564734375 0.30283118125 0.055562346875 0.30068738958333335 0.056868964062500006 0.2970980875 0.057395559375 0.29225562083333334 0.056188353125 0.27982188125 0.05204695 0.26473376458333336 0.047632378125 0.2605837458333333 0.0353037484375 0.25686155833333335 0.0333210625 0.254755075 0.0323285828125 0.2508067291666667 0.0336617578125 0.247554325 0.0349562359375 0.24669168125000002 0.0488813375 0.24474023125000002 0.0510210953125 0.24307788958333332 0.05230115625 0.23915168958333333 0.051770015625 0.2324137375 0.051043106250000005 0.23183436875 0.0490968453125 0.22154791458333334 0.0465443203125 0.2150932375 0.04476954375 0.2041015125 0.0416760078125 0.19942575 0.036283371875 0.1943909375 0.0335161171875 0.17945086875 0.031864257812500005 0.1786605 0.031057675 0.17707043749999998 0.0247810609375 0.17522508125 0.017142442187500002 0.17050502083333333 0.0126504734375 0.17113452083333333 0.010298260937500001 0.17010168125 0.009213968749999999 0.16786929583333335 0.0081395453125 0.15712004583333333 0.0070286953125 0.15455076458333333 0.0040413875 0.15122258958333334 0 0.15035856458333333 0 0.3643015479166667
0 0.4959198921875 0.7420708916666666 0.4974366953125 0.7353865604166666 0.49738130781249995 0.7289225541666667 0.4941162875 0.7249520604166667 0.49061452499999997 0.7237396979166667 0.48452153750000004 0.7184624145833334 0.482944803125 0.70710231875 0.47926928437500005 0.7008050166666667 0.47728659687499997 0.69869853125 0.471352953125 0.6954426354166666 0.466305559375 0.69478749375 0.4629896953125 0.6959334145833334 0.46152373593749996 0.6975013291666666 0.4590819828125 0.7039746625000001 0.458992440625 0.7114808354166667 0.45969279375000005 0.7117233104166666 0.45990525 0.7144184916666667 0.4611079125 0.7152718083333334 0.46176956562499993 0.7179040395833333 0.47063740625 0.7238143166666667 0.4722649828125 0.7300579958333333 0.474749978125 0.732775325 0.4784786109375 0.7397464229166667 0.48091049531249996 0.74178995625 0.48202134531249996 0.7443592375 0.48387124843749996 0.7447812354166667 0.4869116703125 0.7487832041666667 0.49178757968750003 0.7501436145833333 0.492763371875 0.7452381979166667 0.4959198921875 0.7420708916666666
0 0.57184026875 0.6796573479166667 0.57723063125 0.6789019479166666 0.5796094 0.6802716875 0.584801721875 0.6798846583333333 0.5900327421875 0.677107875 0.5987002671874999 0.6775963125000001 0.603086009375 0.6756192208333334 0.603402421875 0.6738717833333333 0.6048296828125 0.674693625 0.604764425 0.6767464875000001 0.6027308984374999 0.6797564187499999 0.6021147609375 0.6921050583333332 0.6014675234375 0.6925363812499999 0.5998854640625 0.7012735729166667 0.6016890703125 0.7183924041666666 0.6040169984375 0.72487855625 0.6078882859375 0.7250172770833333 0.6115205593749999 0.72212391875 0.6152469203125001 0.72330480625 0.6163866 0.7320011958333333 0.6163213437499999 0.7340540562500001 0.6156741046875001 0.73448538125 0.616258359375 0.7418971291666666 0.6169587125 0.7421396 0.6177797078125 0.7467932187499999 0.620607675 0.7481000062500001 0.6273456281249999 0.7471557562500001 0.6294345421875 0.7506098312499999 0.6313542453125 0.7605593875000001 0.6335880875 0.7629712937500001 0.63591374375 0.7636672354166667 0.6362180125 0.7646464520833334 0.63919090625 0.764911075 0.6436297609375 0.7636077770833333 0.6466269390625 0.7584190875 0.6483152265625 0.7510294854166666 0.6527252515625 0.74359908125 0.65545913125 0.740831625 0.6565942671875 0.7379475937500001 0.6587074640624999 0.73594835625 0.6604367234375 0.73195920625 0.6701862703125 0.72888981875 0.6705292390625 0.7274792770833333 0.673685759375 0.7243119708333333 0.6745940218750001 0.7156692020833333 0.6752147046875 0.7149009833333333 0.6748284921875001 0.7071208625000001 0.675449171875 0.7063526416666667 0.674572790625 0.6952350187499999 0.6751669140625001 0.6941299020833333 0.6784296624999999 0.6923101854166667 0.687519828125 0.6923987770833333 0.6898045125000001 0.68969426875 0.6907393328125 0.6813883979166667 0.6892134390625 0.6649118895833334 0.6860523749999999 0.656498775 0.6841228015625 0.6550660854166667 0.6820338859375 0.6516120125 0.6776458734374999 0.6477988916666667 0.675544815625 0.6470714750000001 0.6735355734375 0.6446280937500001 0.6727024359375 0.64270113125 0.6747215484375 0.6366276458333334 0.6823821796875 0.6301041833333334 0.6913706625 0.6404256041666667 0.699588990625 0.64097699375 0.701545121875 0.6427465791666667 0.7027090859375 0.64598965625 0.7086715609375001 0.6553726604166666 0.71529114375 0.6558074770833334 0.7185561640625 0.6597779708333333 0.7215578875 0.6661696979166667 0.72560293125 0.6713933583333334 0.7262645859375 0.6740255895833334 0.73104868125 0.6771019645833333 0.7300706156250001 0.6762171708333333 0.7308981828125 0.6751927666666667 0.7305972109375001 0.6713747041666667 0.73121789375 0.6706064833333334 0.7305008546875 0.6615102479166667 0.7316868296875 0.6535098020833333 0.7341551390625 0.6473733666666667 0.736582478125 0.6378364791666667 0.7415092296875 0.6340804770833334 0.7430935609375 0.6311334958333333 0.7436345703125 0.6293545791666666 0.742519175 0.6152048791666667 0.7430192140625 0.6100255145833333 0.7458183515625 0.6052051958333333 0.74942406875 0.6019749395833334 0.7501365625 0.5994907541666666 0.749791321875 0.5951110854166667 0.747596178125 0.5903094208333334 0.743299978125 0.5847803375 0.7382381687499999 0.5810616416666666 0.7379725984375 0.5776926666666667 0.737245690625 0.5771132958333334 0.7398998999999999 0.5733351458333333 0.7411799609374999 0.5694089458333333 0.7463168953125 0.5625579104166667 0.747398915625 0.5590000854166667 0.74708023125 0.5549573145833333 0.7453342859375 0.5500926979166666 0.7381160328124999 0.5391825791666667 0.7318659765625 0.5376741208333333 0.7274514062499999 0.5335241041666666 0.7244519546875 0.5329225854166667 0.7148738921875 0.5352867041666667 0.7114131031250001 0.5374747916666667 0.7112681750000001 0.5385169604166666 0.7053246609375 0.5437779291666666 0.7015861578125 0.5453236979166667 0.6956138140625 0.5444575583333333 0.6943580359375 0.5429304458333333 0.69268494375 0.52170589375 0.6936607359375 0.5168004770833333 0.6979812203125 0.5168762458333334 0.699036684375 0.5129815229166667 0.705760221875 0.5089737166666667 0.7142418484374999 0.5071038729166667 0.7151523859375 0.5042513166666667 0.7179128218749999 0.5018207541666667 0.7190479562500001 0.498936725 0.723433696875 0.49695963541666666 0.7262859484375 0.4928131104166667 0.7318333796875 0.4882888854166667 0.7359801078125 0.4832797166666667 0.7366394890625 0.48012173750000003 0.7361349046875 0.47372068333333334 0.7349974984375 0.47081450416666665 0.7282694140625 0.4632418854166667 0.72800384375 0.45987291041666667 0.726192640625 0.45706115416666665 0.716718534375 0.45498265416666667 0.7140089390625 0.4522968 0.7076792109375 0.4497776479166667 0.7049165000000001 0.4464179979166667 0.70191705 0.44581647916666667 0.6981884171875 0.43884538333333334 0.6968142687500001 0.43869733541666667 0.6932472515625 0.43953783333333335 0.69009073125 0.44270513958333335 0.6830098078125 0.4450599291666667 0.682376984375 0.44855480416666665 0.6802903437500001 0.45089094166666666 0.6799230890625 0.45775479583333334 0.6791840375 0.45990207916666664 0.6765298296875 0.4636802333333333 0.67663605625 0.46502782291666667 0.6734673953125 0.4709217854166667 0.6720424046875 0.47589015208333335 0.65355553125 0.46894354166666663 0.654531325 0.46403812708333336 0.6544372375 0.45996387916666664 0.6550844765625 0.45953255625 0.654287765625 0.44942562708333333 0.6510227453125 0.44545513125 0.64939516875 0.43921145208333334 0.6466711578125001 0.4334620416666667 0.643234653125 0.43019681875 0.641160153125 0.42980629791666664 0.633149734375 0.4203696708333334 0.628498425 0.41897778333333335 0.6222916109375001 0.42665998958333334 0.6186714796875 0.42682668958333336 0.6132667015625 0.4245185354166667 0.60859110625 0.42857996249999997 0.6052221296875 0.42905208749999996 0.5993415984375 0.42646998541666664 0.5947047015625 0.42814165416666666 0.5934367828125 0.42934119583333336 0.5928449312499999 0.436236525 0.5906930328125 0.44062552083333334 0.5863869625 0.44361330624999995 0.580402475 0.4454738229166667 0.5802575484375 0.44651598958333333 0.5775889234375 0.44723058958333334 0.5738117218750001 0.45116611458333333 0.5724155640624999 0.4622615895833333 0.5699859515625 0.46600826874999995 0.5658779234375 0.4686276770833333 0.56409555 0.47194303125000003 0.5615065984375 0.4736683208333333 0.5605308046874999 0.4785737395833333 0.5653945734375 0.48266080625 0.566768721875 0.48280885625000003 0.5695579875 0.4865054020833333 0.5728351515625 0.4877492395833333 0.5753201484375 0.49046656875 0.577211021875 0.4942890145833333 0.5872284109375 0.5003788145833333 0.59140396875 0.5014967520833333 0.5976949968749999 0.5064056645833334 0.597801225 0.5077532541666667 0.6003127796875 0.51080748125 0.6030899046875 0.5172306833333333 0.60443976875 0.52283204375 0.6048669531249999 0.53401261875 0.60134090625 0.5382535645833334 0.6001116859375 0.53706335 0.59035986875 0.5343425270833334 0.589831 0.5333947875 0.5844406375 0.5341501875 0.5840711125 0.5352238270833334 0.5753793015625 0.5401887020833332 0.5732926593750001 0.5425248375 0.5704813796875 0.5500718145833333 0.5668491062500001 0.5529651729166667 0.566704178125 0.5540073395833333 0.559451771875 0.5570674020833334 0.5544332078124999 0.56253936875 0.5532980734375 0.5654234 0.5532472328125 0.5705398145833332 0.5555751609375 0.57702596875 0.55652666875 0.5775738625 0.5582726140625 0.5824384791666667 0.5592506796875 0.5833232708333332 0.5595041078125 0.5894189041666666 0.5579463328125 0.5927027833333334 0.555608534375 0.5947334958333333 0.5519641187500001 0.6003535125 0.5513312953125 0.6038483874999999 0.5482954171875 0.6114268395833334 0.54825671875 0.6138165979166667 0.5468438703125 0.6160583083333333 0.547507796875 0.62448075 0.551499728125 0.6290306145833333 0.5538929125000001 0.63346390625 0.554279125 0.6412440291666667 0.5537381156250001 0.6430229416666666 0.5546266390625 0.6514139083333333 0.5585388984375 0.65495308125 0.5601786171875001 0.6584701041666666 0.5600094046875 0.6649655854166666 0.5593621671875 0.66539690625 0.5604510046875 0.6792097125000001 0.56115135625 0.6794521854166666 0.5613903703124999 0.6824842624999999 0.56217039375 0.6837374291666667 0.564046853125 0.6844963229166667 0.57184026875 0.6796573479166667
0 0.734113 0.10238833541666666 0.73349231875 0.10315655416666666 0.735117621875 0.10361002500000001 0.73501139375 0.10226243541666666 0.734113 0.10238833541666666
0 0.48136157187500006 0 0.486816546875 0.0014777104166666666 0.48979171250000003 0.0075325416666666666 0.49333444687499994 0.012145358333333333 0.49571321562500004 0.013515095833333332 0.4990313515625 0.018159385416666667 0.5014366781249999 0.019866020833333334 0.5017940609375 0.021519035416666665 0.5047813703124999 0.024847208333333332 0.5049407125 0.026868595833333335 0.5044528140625 0.029321304166666666 0.501136953125 0.030467222916666665 0.4967633546875 0.029717658333333334 0.4895762046875 0.030724858333333334 0.4836713890625 0.03359606875 0.4786262671875 0.03873113958333333 0.47830985625 0.040478577083333335 0.4754310484375 0.04428820208333333 0.47454706875 0.04747765833333333 0.4726319109375 0.04910852291666667 0.47174793125000003 0.05229797708333333 0.46912027968750003 0.05641302708333333 0.46839791562500005 0.06741407708333333 0.4650312109375 0.07367641041666667 0.46379212187499996 0.0810030625 0.462603871875 0.08321329791666666 0.46249991718750005 0.08765591874999999 0.4640334078125 0.08982535208333334 0.4728724171875 0.08960851875 0.4781709671875 0.09056908333333333 0.48070907968750004 0.09396020833333334 0.480829721875 0.09837135208333334 0.47986607187499997 0.1005501125 0.4791945484375 0.10643474791666667 0.4785473109375 0.10686607083333333 0.477704303125 0.11345597708333334 0.4779842875 0.11988850625 0.47733705000000004 0.12031982916666667 0.4773249078125 0.12304648541666667 0.47493626874999995 0.13019361458333334 0.47536118125 0.13558397708333333 0.4795754375 0.13431215625 0.4801430046875 0.13287013958333332 0.484304146875 0.130924525 0.48718295468750006 0.12711489791666666 0.496191178125 0.12040258541666667 0.502898028125 0.10754101666666666 0.5035308515625 0.10404614166666667 0.5056440515625 0.10204690208333332 0.5074916796875 0.09667868958333334 0.5095783218750001 0.09434255208333334 0.5103826296875 0.09014240416666668 0.5121915593749999 0.08716394791666666 0.5135391499999999 0.08697509791666666 0.5187458859375 0.08965162708333334 0.520583646875 0.09280027708333334 0.52343816875 0.09444396458333333 0.5247736171875 0.09698177083333334 0.5272055015625 0.09902530208333334 0.52912293125 0.10318464791666666 0.5285963359375 0.10802711458333333 0.52676085 0.11066867291666667 0.5255604593750001 0.11560556458333333 0.5255748734375 0.11866912083333332 0.524927634375 0.11910044166666665 0.5250869765624999 0.12112182916666667 0.528496925 0.12405015416666668 0.553084384375 0.12196697083333333 0.5589118015625 0.12387527708333333 0.56183158125 0.12346610208333333 0.5667848890625 0.12004699583333332 0.572320178125 0.11824942916666667 0.5742763078124999 0.12001901458333333 0.57468680625 0.12234582291666667 0.5823011421875 0.13251919583333333 0.5856048609375 0.13409993333333334 0.59018864375 0.13175446875 0.5988781828125 0.12099938541666666 0.608692984375 0.11587713541666668 0.6253276828125001 0.11661153958333334 0.6331643437500001 0.12096322708333333 0.6419912125 0.12347305208333334 0.6464566234375 0.12250665416666666 0.6479225859375 0.12093873749999999 0.6589134953125 0.11633291041666666 0.66916535 0.11387436666666666 0.669310278125 0.11283219791666667 0.68051364375 0.11092155000000001 0.7011478703125 0.10189874375 0.7081104234375 0.10092301875000001 0.7139909531249999 0.10350511875 0.7190504890625 0.10143360416666666 0.72791605625 0.10155367083333333 0.731681115625 0.1003448 0.7304253390625 0.0988176875 0.7286285515625 0.0990694875 0.721122715625 0.09603391666666666 0.719364628125 0.09389595625 0.718292478125 0.08893691666666667 0.7177180921875 0.0730083 0.7151534234375 0.06928027916666667 0.7109513093750001 0.06782544375 0.70118735 0.06783127916666666 0.6977242875 0.06422915625 0.697618059375 0.06288156666666667 0.699545359375 0.05852404375 0.7025038375 0.05572511041666666 0.7066649796875 0.053779493750000004 0.7100969390625 0.04546429791666667 0.7097903984375 0.03869486875000001 0.710411078125 0.03792665 0.7086628593750001 0.027271825000000003 0.706230978125 0.025228291666666666 0.703231525 0.024626772916666664 0.6982880875 0.0195290125 0.6945837390625 0.0071046 0.6908429640625 0.0028601583333333334 0.6887153500000001 0.0017958437500000001 0.6875536609374999 0 0.65332919375 0 0.6523835171875 0.0075685875000000005 0.650258175 0.01229448125 0.64604391875 0.013566304166666666 0.6437835187500001 0.010817497916666667 0.642829740625 0.00447939375 0.6417985609375 0.0029208041666666665 0.64156831875 0 0.48136157187500006 0
0 0.7189305609375001 0.16616808541666667 0.7180587234375 0.16663088125 0.7236084296875 0.16789686875 0.7250478328125001 0.16599205625 0.7189305609375001 0.16616808541666667
0 0.745213903125 0.142388225 0.744368621875 0.14318791874999998 0.7439603984375001 0.14665132083333335 0.7457495875 0.16070659791666667 0.747534234375 0.16318145416666668 0.7503356421875 0.16415134374999998 0.7549482546874999 0.1679329875 0.7561653328125 0.17184986249999998 0.7660544828125 0.18783559166666666 0.7700319984374999 0.18932190416666667 0.7713530328125 0.18879615625 0.7714979578125 0.1877539875 0.7741665828125 0.18703938958333335 0.7781152703124999 0.18239859375 0.77877465 0.1792406125 0.7814554171875 0.17579936041666666 0.792617809375 0.17048826250000002 0.798034728125 0.17006975833333332 0.8022899562499999 0.17219838958333333 0.8107882703125 0.17918230833333335 0.8208420859375 0.17709213958333334 0.826218034375 0.17327318541666664 0.8280269640625001 0.1702947291666667 0.8278941796874999 0.16861023958333332 0.82987459375 0.16492651458333332 0.8307972703125 0.15934730208333334 0.82971070625 0.1513247083333333 0.82628634375 0.1453328270833333 0.8247649953125 0.1404367375 0.8177978984375001 0.12983204166666668 0.8129440015625 0.11722810625 0.8023689140625001 0.10406345833333333 0.7992632359375 0.10211434999999999 0.7980196 0.09786058125 0.795283446875 0.09483782708333334 0.793617171875 0.09098390625 0.793404715625 0.088288725 0.79242665 0.08740393125 0.7920548515625 0.08268736458333333 0.7893308421875 0.07693795625000001 0.7891714999999999 0.07491657083333333 0.7853654671875 0.07272498958333333 0.783249996875 0.06893401875 0.7780022875 0.06285703958333334 0.77714259375 0.06059318125 0.774063471875 0.05898096875 0.7727280234375 0.056443162500000005 0.7702961390625 0.054399631250000004 0.767519015625 0.047976424999999996 0.7629982171874999 0.04247881875 0.75838333125 0.0329069625 0.7563740890624999 0.03046358125 0.7533746375 0.029862064583333334 0.7496892500000001 0.032081627083333335 0.7458612062500001 0.041133568749999995 0.745955290625 0.04520781458333333 0.74476704375 0.047418049999999996 0.74491424375 0.05216609375 0.743740409375 0.05743988333333334 0.7391953265625 0.0573955875 0.7348338703125 0.05391936666666666 0.7280959171875 0.05486361666666666 0.7267892984375 0.05845291875 0.7269896124999999 0.06387475625 0.7243885171875 0.06832670208333333 0.7231084562500001 0.07225290000000001 0.7232943546875 0.07461118541666667 0.722647115625 0.07504250625 0.72277003125 0.0852438625 0.725414371875 0.08998257708333333 0.7306476640625 0.09299600208333333 0.733886128125 0.0966296 0.7357360296875 0.09705159375 0.7370714781250001 0.0995894 0.73975451875 0.10193835625 0.742147703125 0.10637165 0.7425582000000001 0.10869845624999999 0.7492597265625001 0.115934175 0.7497643109375 0.12233523125 0.7464241625 0.12893446458333332 0.7454218140625 0.13350298541666666 0.7457017984375 0.13993551666666668 0.7450545609375 0.14036683749999998 0.745213903125 0.142388225
0 0.7175104125 0 0.718338059375 0.00309445625 0.7200430328125 0.004558618750000001 0.7232041 0.012971733333333334 0.7240273671875 0.0234155625 0.7285724515625 0.02345985625 0.732180440625 0.026019810416666667 0.742275228125 0.027330091666666667 0.753307109375 0.026124714583333333 0.7582239890625 0.030885577083333334 0.758356775 0.03257006458333333 0.7601679781249999 0.03538181875 0.760658146875 0.03871932083333333 0.7629451031250001 0.04180502291666666 0.7633555999999999 0.044131831249999996 0.7659733828124999 0.04853365 0.76762524375 0.049324016666666665 0.7688301796875 0.05596754375 0.76953053125 0.05621001875 0.7699144718750001 0.05819992916666667 0.7751212078124999 0.06087645625 0.77760620625 0.06359378333333333 0.7792990375 0.06778460416666668 0.781453209375 0.06918581875 0.782868328125 0.07273431666666667 0.7860005640625001 0.07502032291666666 0.787137971875 0.07792650208333333 0.788314078125 0.07844292083333333 0.78990068125 0.08128615208333333 0.7918810953125 0.077602425 0.7946680890625 0.07550876249999999 0.7964891625 0.06980365000000001 0.8006480312500001 0.062067825 0.80514 0.061438325 0.8105470499999999 0.0695366875 0.813208078125 0.08312916666666667 0.8150192796875 0.08594092083333332 0.817175725 0.09313234375 0.8186560984375 0.09462798333333335 0.8200302468749999 0.09477603124999999 0.8239956203125001 0.09898899583333334 0.825818965625 0.09907409583333333 0.8320303234375 0.1029723125 0.8379761109375 0.10350155208333334 0.8394830437499999 0.10533408958333333 0.8451920890625001 0.1086214625 0.8479403859374999 0.10891755625 0.84824465625 0.109896775 0.85152181875 0.1111406125 0.8562383859375 0.11047963749999999 0.85815354375 0.10884877083333334 0.8598683875 0.10179606875 0.8623245546874999 0.09838628958333334 0.8628124515625 0.09593358125 0.865413546875 0.09148163333333333 0.8670343046875001 0.08035468333333333 0.8726469937499999 0.07377760000000001 0.8754461296875 0.06895727916666666 0.8765258781249999 0.05960924375 0.8762170640625 0.04704960416666667 0.878724071875 0.03852341041666667 0.8782991593749999 0.033133047916666665 0.8763020593749999 0.027963010416666666 0.8748482390625 0.02680427083333333 0.8721750703125 0.015938445833333332 0.8687385640624999 0.012673222916666668 0.8666640640625 0.012282702083333335 0.8642974375 0.008186308333333333 0.8638990828124999 0.00313284375 0.865257140625 0 0.7175104125 0
0 0.8410408171875 0.10205020833333332 0.84159624375 0.10333484999999999 0.8407775187500001 0.10447144375 0.8420128124999999 0.10429833125 0.8422700375 0.10324042500000001 0.8446753656249999 0.1049470625 0.8455881734374999 0.10788471458333333 0.8459311421875 0.106474175 0.847438075 0.1083067125 0.8482302390625 0.10683322083333334 0.8493532328125 0.10667584583333332 0.8494860171875 0.10836033333333334 0.8543475109375 0.10665718958333333 0.8456799859374999 0.10616875208333335 0.8455472015625001 0.10448426458333333 0.8444242093750001 0.10464163958333333 0.8410408171875 0.10205020833333332
0 0.8350950296875 0.10152096875000001 0.839811596875 0.10085999375 0.83574226875 0.10108964583333332 0.8350950296875 0.10152096875000001
0 0.86736858125 0 0.86628999375 0.001775925 0.8653673156250001 0.0073551375 0.8752928921875001 0.0151609 0.8770775359374999 0.017635756250000002 0.8799343328125 0.025069652083333335 0.8806346859374999 0.025312125 0.8826849015624999 0.031155958333333334 0.8830035859375001 0.035198729166666665 0.8819359796875 0.04182011041666667 0.8798758953125001 0.04449314375 0.8794411125 0.04761964791666666 0.8782528640624999 0.04982988333333334 0.878704334375 0.055557143749999996 0.8803440515625001 0.05907416875 0.8857488281249999 0.06138232083333333 0.8858550562499999 0.0627299125 0.8876131453125 0.06486787083333333 0.8901800859375 0.07438610416666666 0.8927447562499999 0.07811412708333335 0.90243131875 0.08288780833333333 0.9072541125000001 0.083574425 0.9182715796875 0.07930549375 0.925970909375 0.07039227291666666 0.9349138765625 0.06573282083333333 0.9376211984375 0.06262846458333333 0.9372084296875001 0.05451144583333333 0.9378291093750001 0.05374322708333333 0.9373510828124999 0.047679066666666665 0.9378245640625 0.042162804166666665 0.9372281671874999 0.037477714583333335 0.9379937765624999 0.03566732291666667 0.943186096875 0.03528029791666667 0.9490666296875 0.037862397916666665 0.9537566390625001 0.036864527083333334 0.9549980015624999 0.03532808541666667 0.9557636109375001 0.03351769791666667 0.9538780609374999 0.009597964583333334 0.9531511531250001 0.009018591666666666 0.9510748296875 0 0.86736858125 0
0 0.101375103125 0.3143637770833333 0.10429715625 0.3197448125 0.10840745624999999 0.3229156125 0.1118052625 0.3285705958333333 0.11518865468749999 0.331162025 0.1181615484375 0.33142664375 0.11916617031250001 0.3326483333333333 0.1238827375 0.3319873583333333 0.124674903125 0.33051386875 0.13102891562500002 0.32757970833333333 0.13323392812499998 0.3238645083333333 0.13582288125 0.3221392166666667 0.13738065625 0.3188553375 0.144949475 0.3140478395833333 0.148567334375 0.30809092708333335 0.1486060328125 0.30570116666666663 0.1498473953125 0.3041647270833333 0.15212980625 0.29567000833333335 0.1525501734375 0.28947995 0.1535403796875 0.2876380854166667 0.1650457421875 0.2809164458333333 0.16903540156250002 0.2796761020833333 0.1721509484375 0.27310834375 0.1724119734375 0.2648969 0.171084121875 0.24805201666666665 0.1725356671875 0.24342054791666667 0.1721904265625 0.23904087708333333 0.1701546265625 0.23626059791666665 0.16924181875 0.23332294583333332 0.16753684375 0.23185878333333332 0.16556629843749998 0.22702564166666667 0.1643613640625 0.22038211458333334 0.16333018593749998 0.218823525 0.155809934375 0.21272439791666667 0.154976796875 0.21079743958333333 0.1475096625 0.20537210833333336 0.1462394703125 0.20078143958333333 0.14692540781250002 0.19796035833333334 0.1469087203125 0.1891065958333333 0.14434405156250002 0.18537857291666665 0.139229128125 0.18098608333333335 0.13323022812500002 0.17978304583333332 0.1269414703125 0.18066434583333332 0.12362560781250001 0.18181026666666666 0.119993334375 0.184703625 0.115899721875 0.19038658958333335 0.11390716406250001 0.19679697291666667 0.11249431875 0.19903868333333333 0.11174539531250001 0.20970283541666665 0.108627575 0.21048038333333335 0.10669573125000001 0.20325748541666666 0.10007160156249999 0.19124225 0.0879797125 0.18476193125 0.081519471875 0.1863485 0.07796686875 0.19025255208333333 0.07512675937499999 0.19167242083333333 0.070347209375 0.20017646458333335 0.0691202609375 0.20477646041666667 0.07053765468749999 0.21411517083333334 0.0682939421875 0.22022013125 0.0651905359375 0.22406123125 0.0633960203125 0.23010324375 0.0652117671875 0.24449541458333332 0.06361529375 0.25016905208333334 0.064081178125 0.25895986875 0.0667399328125 0.2667621375 0.068792421875 0.27839618125 0.070458696875 0.28225010208333334 0.07463425312500001 0.28336803958333334 0.08704028281250001 0.2823107125 0.088018346875 0.28319550416666667 0.090491203125 0.28863948958333335 0.0924253203125 0.3016525979166667 0.09312567187500001 0.30189507083333333 0.09403848125 0.30483272499999997 0.0950696609375 0.30639131249999996 0.0998006421875 0.30879389375 0.101375103125 0.3143637770833333