0 0.7918610515625 0 0.792816709375 0.009975208333333334 0.7974563953125 0.017157222916666666 0.799313515625 0.017574245833333335 0.802060075 0.02135410625 0.8034903015625 0.03116460625 0.8041093406250001 0.0313036125 0.8045299953124999 0.03418905625 0.80671758125 0.03961102083333334 0.8081239234375 0.04104321041666667 0.811284896875 0.05998743333333333 0.812877503125 0.06406636666666667 0.8137849421875 0.06892177291666667 0.8154918046875 0.06967718333333334 0.8179920296875001 0.06902919166666667 0.8195607546874999 0.06472981666666668 0.825306625 0.05485613541666667 0.8273621328124999 0.05252672291666667 0.8314250234375 0.05027594583333333 0.834616478125 0.04615489166666666 0.8376457343749999 0.038183075 0.8408131265625001 0.035266045833333336 0.8451945390625 0.033831052083333334 0.8468653953124999 0.03160133125 0.8487406999999999 0.0239285875 0.84835016875 0.017142535416666667 0.8487588828125 0.015838820833333333 0.8526654515625 0.01662302083333333 0.855664403125 0.022134145833333334 0.8587175406249999 0.022540637500000002 0.8631650796875 0.02019016666666667 0.866645115625 0.011203179166666665 0.867192146875 0.005371920833333333 0.866409 0 0.7918610515625 0
0 0.21676367968750002 0.33834198541666666 0.21714226874999998 0.34093888125 0.2175329796875 0.3381426020833333 0.21676367968750002 0.33834198541666666
0 0.22275588124999998 0.3328961583333333 0.2230082734375 0.334627425 0.22410215625 0.3325472395833333 0.22275588124999998 0.3328961583333333
0 0.053648492187499994 0.35306808749999996 0.054267534375 0.35320709375 0.055860142187499996 0.35728603125 0.056130535937500003 0.36050986041666666 0.0555956265625 0.36094794166666666 0.0558900859375 0.3629677520833334 0.05650912500000001 0.36310675833333333 0.057729025 0.3714745395833334 0.0603914515625 0.3746773104166667 0.0607821625 0.37188103125 0.06301199375 0.36800920625 0.0696653 0.3629909333333333 0.0700740140625 0.36168721875000004 0.073091146875 0.35910857916666666 0.07405883437500001 0.3561627625 0.0762225359375 0.3532064166666667 0.0773645453125 0.3487181895833333 0.07901134062500001 0.3476924895833333 0.082010471875 0.34362128333333336 0.0827017015625 0.3401482229166667 0.0843304953125 0.3376299583333333 0.08510585625 0.3347339875 0.088772153125 0.32839374375 0.09258265 0.32441169999999997 0.0942775703125 0.32097795625000003 0.0953113859375 0.31711666041666664 0.0990438125 0.30986093958333333 0.0992001328125 0.3068259604166667 0.10537271875000001 0.2971411375 0.1073620984375 0.29572720208333336 0.111052459375 0.2881829375 0.1117857546875 0.2849984208333333 0.1140997171875 0.2817036854166667 0.11412377968750001 0.2804996645833333 0.122718340625 0.2764755 0.1233254390625 0.2724253541666667 0.1214504953125 0.26093343333333335 0.12282689531249999 0.2566839041666667 0.122219975 0.25115171875 0.1168049296875 0.246865675 0.11335519999999999 0.24236971875 0.11126368906249999 0.24171399791666665 0.10949675781249998 0.239177475 0.1080663515625 0.23894930625 0.1054039234375 0.23574653333333334 0.10378119374999999 0.23556821041666665 0.09887699375 0.23204810833333334 0.0955473984375 0.23111437291666667 0.093245559375 0.22901593125 0.08957338125 0.22847043125 0.08530016406249999 0.22927849166666667 0.0746680984375 0.23712463333333333 0.0684595078125 0.24382432499999998 0.0630683453125 0.24791658958333332 0.062208853125 0.250235475 0.063008096875 0.25571781250000003 0.0702321390625 0.26282892291666665 0.076224159375 0.26696542916666666 0.0774561796875 0.26994003333333333 0.07662075 0.2710548916666667 0.06642752187499999 0.2736967104166667 0.061559328125 0.2731617416666667 0.042579212500000005 0.2798775645833333 0.036304674999999995 0.27791040625 0.0313462875 0.27949493541666665 0.031280159375 0.2804104145833334 0.027493725000000004 0.28318843541666666 0.028286909375000002 0.2913673625 0.027084832812499997 0.29407448125 0.0217778 0.29874383541666666 0.0195059046875 0.3023271166666667 0.0206837375 0.31040635208333334 0.0184899109375 0.3172633083333333 0.0178526875 0.3252140666666667 0.0165424171875 0.32854811875 0.016686615625 0.3309063166666667 0.0142163328125 0.33723603125 0.019252790625 0.33892517708333336 0.021969403125000002 0.3370233166666667 0.0368024984375 0.3319811833333333 0.0402823515625 0.33257652916666663 0.042157476562500004 0.33448611666666667 0.0437381421875 0.3343758958333333 0.04733813125 0.33853346041666665 0.0477828484375 0.34021488125 0.05247065937499999 0.34498885208333335 0.053648492187499994 0.35306808749999996
0 0.4732905859375 0.20178648541666666 0.47279774375 0.20251311041666667 0.4730501359375 0.20424437291666667 0.4749313203125 0.20345737500000002 0.4732905859375 0.20178648541666666
0 0.5056256234375 0.17304373541666665 0.5062446640625 0.17318274375 0.506412925 0.17433692083333333 0.5058780171875 0.17477499999999999 0.5066351953125 0.17996879583333333 0.5064968765625 0.18449633958333334 0.5044173046875 0.188029775 0.505306740625 0.1913926125 0.5049340328125 0.19568145833333334 0.5023256125 0.19695638541666666 0.5021512890625 0.19849879791666666 0.4977518765625 0.19844122291666666 0.496784190625 0.20138704166666666 0.49397738437500005 0.20540840208333336 0.496153028125 0.2066412125 0.50078683125 0.20693748333333334 0.5027280843749999 0.20793159166666667 0.503942103125 0.20941362916666667 0.5035513921875 0.21220990833333334 0.5045429625 0.21764240416666666 0.5088521828125 0.21981947708333335 0.5118630750000001 0.22951975625 0.5161662359375 0.23439341875 0.519069115625 0.2351383 0.522584971875 0.23871877708333333 0.5243757859375 0.24963361041666668 0.5249948265625 0.24977261874999998 0.5269660234375 0.25644844791666666 0.5282880546875 0.2668858833333333 0.5294960125 0.27106450833333334 0.530475640625 0.2723078479166666 0.5337211046875 0.27266449583333335 0.54009189375 0.2698155666666667 0.5427725031249999 0.26492857291666666 0.550988475 0.2583075125 0.5521185421875 0.24963013125 0.55615736875 0.24858337291666668 0.55880179375 0.25029357916666667 0.5608332390624999 0.24916818958333334 0.5621255078125 0.24434156875 0.560761409375 0.23361559166666668 0.5618132265625 0.23124686249999998 0.56380260625 0.22983292708333333 0.5683221546875 0.23345272291666666 0.575131603125 0.23498180208333333 0.578599515625 0.23138799375 0.579507134375 0.2266610666666667 0.5794110625 0.22189482291666665 0.5805470109375 0.22010318333333334 0.5812382406250001 0.21663012291666667 0.580438996875 0.21114778333333334 0.5770133296875 0.20544780625 0.5763823484375 0.20111964375 0.5766468625 0.19745773125000002 0.5782335875 0.1946509229166667 0.5833843 0.19301654791666667 0.586094853125 0.19381127499999998 0.590999053125 0.19733137916666665 0.5990105781249999 0.19615333958333334 0.607376628125 0.19877622291666666 0.609444078125 0.20063596666666667 0.6132003874999999 0.20175855416666666 0.6143543375 0.20145947916666668 0.6165601046875 0.19879167916666668 0.6155745968749999 0.19066259583333334 0.613705534375 0.18605641874999998 0.61258776875 0.17975829375 0.6138561546875 0.16655336458333334 0.612756390625 0.16174780625000001 0.6082008375 0.15514287916666666 0.6078222484375 0.15254598333333333 0.61011820625 0.14775867916666666 0.6123660390625 0.14537942083333333 0.6132075296874999 0.141567975 0.6073297640625 0.13410794166666667 0.594269840625 0.12940768125 0.5940595140625 0.12796495833333335 0.5953697859375 0.12463090624999999 0.6010194015625 0.11957331875 0.6032912984375 0.1159900375 0.603513746875 0.11203958124999999 0.6014824828124999 0.10358263958333333 0.600376659375 0.10147366875 0.59862773125 0.1004297125 0.595394390625 0.09467988749999999 0.5937716578125001 0.09450156458333334 0.5920287906249999 0.09076102083333333 0.5895586890625 0.08750840208333334 0.5887473234375 0.08741924166666666 0.5860729546875 0.08002731458333333 0.5820401890625 0.07837748333333333 0.5796481578125 0.07839854375000001 0.5768114078125001 0.07673818333333333 0.5727667000000001 0.07089919583333333 0.5691125234375 0.07184626250000001 0.5663178390625 0.07047444791666665 0.5576452078125 0.07122493333333332 0.5560044734375 0.06955404375 0.55481451875 0.06686798333333334 0.5502709078125 0.06445221458333333 0.541123434375 0.06742189166666666 0.538599146875 0.06927390416666666 0.5357502734375 0.07300672291666667 0.53418155 0.07730609791666666 0.5266867515625 0.08613581875000001 0.5264222375000001 0.08979773333333334 0.5275580046874999 0.097588425 0.52978159375 0.10599552083333334 0.5293247546875001 0.10970727916666667 0.529745409375 0.11259271875 0.5292105 0.11303080208333333 0.5296912234375 0.11769735208333333 0.5286934125 0.12454377916666666 0.5247385359375001 0.13574995833333334 0.52283935 0.13504439166666668 0.5202189875000001 0.1321301625 0.5167512546874999 0.12614164166666667 0.5145636703124999 0.12071967708333334 0.514004878125 0.11277944791666666 0.5160484453125 0.10626088333333333 0.514906615625 0.10116677708333334 0.5133740765625 0.09886895416666668 0.5117092796875 0.0984020875 0.5087042671875001 0.09558755000000001 0.5032410953124999 0.09370955208333333 0.5002781484375001 0.09118355833333333 0.49374515781249995 0.09018172083333333 0.489429875 0.09070123541666668 0.4855953140625 0.09588730208333333 0.4840265890625 0.10018667916666667 0.4841948515625 0.10134085416666667 0.4846816359375 0.10331081875 0.48753638749999995 0.10646374375 0.4879570421875 0.10934918541666666 0.48499391562499994 0.116405525 0.48399610624999995 0.12325195416666666 0.4844588265625 0.12642593958333334 0.48709718906250005 0.13083273333333334 0.49206145625 0.13613394583333335 0.493533928125 0.13665066041666665 0.4944053609375 0.13852093125 0.49622041875 0.13864941041666665 0.4983479359375 0.1422902625 0.501545271875 0.14505495208333335 0.5019839296875 0.14943296041666668 0.49969403124999995 0.151523675 0.49709755156249996 0.15698775625 0.49768646875 0.161027375 0.5007996734375 0.1632149791666667 0.5039308828125 0.16689514791666668 0.5049946421875 0.16871557291666667 0.5056256234375 0.17304373541666665
0 0.6952458453125 0.13887147291666666 0.6942662187499999 0.13762813541666666 0.6929199421875001 0.13797705416666667 0.6919342546875 0.13943030625 0.695191659375 0.14397610624999999 0.695708565625 0.14204545833333335 0.6952458453125 0.13887147291666666
0 0.6877820734375 0.095888925 0.68810665625 0.09400812291666667 0.6872772875 0.09242639583333333 0.6877820734375 0.095888925
0 0.6740569921875 0 0.6742851171875001 0.0005696645833333334 0.6739544734375 0.00514705625 0.6752344406249999 0.015295945833333333 0.67530645 0.0212662125 0.674771540625 0.02170429375 0.6754445875 0.026321 0.677770490625 0.02721541875 0.6808056265625 0.02612934375 0.6812564046875 0.025114175000000002 0.6853793625 0.02464450625 0.6980006296875 0.0249667625 0.6996894874999999 0.024229606249999997 0.7019854484375 0.01944230625 0.7052309109375 0.01979895 0.70599415 0.022296158333333333 0.705519309375 0.024515349999999998 0.7061383484375 0.024654358333333334 0.707087853125 0.02979830625 0.7086624578125 0.032384675 0.7108381015624999 0.03361748333333334 0.7130198062499999 0.03215370208333333 0.716607853125 0.03212211458333333 0.718609175 0.03489733541666666 0.7203880453125 0.0416230125 0.7226898859374999 0.043721454166666666 0.726770778125 0.04296323958333333 0.73025669375 0.04086199583333334 0.7314707109375 0.042344033333333336 0.73407895 0.0506514375 0.7374866156250001 0.05485885 0.73807553125 0.05889846875 0.7393916828125 0.062450160416666664 0.7437189078124999 0.0661198 0.744121559375 0.067512675 0.7471686359375 0.07061575625000001 0.74773955 0.07316280625 0.749632678125 0.0765649625 0.753406990625 0.07918011458333334 0.75694103125 0.07467082916666666 0.7596097 0.06559467916666667 0.7602829265625 0.06062905625 0.7622783671875 0.05651853125 0.7624587515625 0.05227953125 0.7633603078125 0.050249193750000004 0.764249925 0.0440297 0.7686434578125 0.037201529166666664 0.768907971875 0.03353961666666667 0.767706075 0.026664404166666666 0.7685055000000001 0.022564410416666666 0.7734699468749999 0.018283291666666666 0.7749725421875 0.01489939375 0.7733319890625 0.0036461729166666667 0.772670884375 0.003218620833333333 0.771802465625 0 0.6740569921875 0
0 0.7345166359374999 0.4260438020833333 0.73288784375 0.42856206666666663 0.7326653953125 0.432512525 0.7319802265625001 0.4332889958333333 0.7325691421875 0.4373286125 0.7386272921875 0.44054964166666666 0.74093519375 0.4399514958333333 0.7444571109375 0.44083538541666667 0.745244415625 0.44212856875 0.7483396171875001 0.44282360416666666 0.7497639640625 0.4457483625 0.7524324515624999 0.44625454791666663 0.75345414375 0.4477864270833333 0.7570181296875 0.4489588625 0.755647790625 0.45051180416666664 0.751542834375 0.4524740395833333 0.7502986921875 0.4548926125 0.7479244828125 0.4659885708333333 0.7481528140625 0.46892385833333333 0.747617903125 0.46936193750000005 0.7488258609375 0.47354056250000004 0.7590370921875 0.47239131458333333 0.7639894171875 0.4735033708333333 0.7731548921875 0.4720262604166667 0.7781913484375 0.47371540833333337 0.7789365859374999 0.4747200458333333 0.7860105484375 0.4725872145833333 0.7860766765625 0.4716717375 0.7894543984375 0.4701974291666666 0.7930064390625 0.46718070624999997 0.7983074109375 0.4652079416666667 0.8022319843749999 0.46748470625 0.8035721984374999 0.469832375 0.807845415625 0.4690243145833334 0.8104778984375001 0.4665453666666667 0.8105019609375 0.4653413458333333 0.8182250890624999 0.45944690833333335 0.82004620625 0.4568787979166667 0.8231054046875 0.45458870416666664 0.8239228328125 0.45198127499999996 0.827132290625 0.4493527895833333 0.8289354046874999 0.4452921125 0.83201260625 0.44449458333333336 0.8352220656249999 0.4418660979166667 0.8395737125 0.42516705208333333 0.8453677078125 0.41288532916666665 0.8443401343750001 0.4044677020833333 0.8445445812499999 0.3990246791666667 0.8436130796875 0.39537329791666664 0.844033915625 0.38867640833333333 0.844526759375 0.38794978124999996 0.845073971875 0.3725361916666667 0.8501106078125 0.36464300624999996 0.84956375625 0.3608919333333333 0.8442087796875001 0.35838699999999996 0.8360710578124999 0.3586994041666667 0.8242310343750001 0.3623669208333334 0.821670740625 0.36123380208333333 0.8183532687499999 0.35490689166666667 0.8176140921874999 0.3512056625 0.8174939562500001 0.34764344166666666 0.8184857062500001 0.3434936020833333 0.8180650515625001 0.3406081604166667 0.8135155578125 0.3313066458333333 0.8130348359375 0.32664009375 0.8144413593750001 0.3184899541666667 0.81351591875 0.31214198125 0.8090384359374999 0.30881073125 0.8022289875 0.30728165208333336 0.7974750484375 0.30342316041666667 0.7934422828125001 0.3017733270833334 0.7904010859375 0.30555598958333335 0.78970985625 0.30902905 0.7899381859375 0.3119643375 0.788411525 0.31655225833333334 0.7853223828125 0.31316063125 0.7809710953125 0.3106950125 0.7735606109375001 0.31051949166666665 0.770699796875 0.31006315416666663 0.7697622359375 0.30910836041666667 0.767646659375 0.3096566625 0.765999865625 0.3106823604166667 0.7647977874999999 0.31338947916666665 0.764533271875 0.3170513916666666 0.763781975 0.31874333958333334 0.757110665625 0.3222690458333333 0.7537208234375 0.32913653125 0.751388859375 0.3309387020833333 0.74600375625 0.33233437916666664 0.74309481875 0.33428608541666666 0.7424877171875 0.3383362333333333 0.7469530796875 0.34706066041666667 0.7478485765625 0.3477269125 0.748942278125 0.35522905833333335 0.750300496875 0.35906929375 0.75289679375 0.36318754374999995 0.7531671890625 0.36641137500000004 0.7507870999999999 0.3706215895833333 0.7490141078125 0.37078165625000004 0.7465019421875 0.36724049375 0.7452278546875 0.36397734583333335 0.7438635765625 0.36283370000000004 0.7340189921875 0.36239069375 0.730593146875 0.36627304791666665 0.7315606515625 0.3729095625 0.729631340625 0.37610460625000003 0.7220645343750001 0.3789640625 0.7184463625 0.38289626250000003 0.717995584375 0.38391143333333333 0.7181096578124999 0.39017024166666664 0.716480865625 0.39268850625 0.716456803125 0.39389252916666667 0.7135899296875 0.39613277916666667 0.7120873328124999 0.3995166770833333 0.7078260578125 0.4045138916666666 0.7079943203125 0.40566806666666666 0.71903491875 0.40610054375 0.7193534390625 0.4069163333333333 0.72187166875 0.40776090416666666 0.7261748296875 0.4126345666666667 0.7265774828125 0.41402744166666666 0.7333988703125 0.4197456770833333 0.734823215625 0.42267043541666666 0.7345166359374999 0.4260438020833333
0 0.7489087984375 0.21809127916666665 0.7481755031249999 0.22127579374999998 0.7499604359375 0.22530488125 0.7532479640624999 0.22595007291666666 0.7557000640625 0.227710125 0.762533575 0.22803518333333334 0.7649856749999999 0.2297952354166667 0.7696615437500001 0.23038005208333334 0.7800109140625 0.2342855875 0.788316896875 0.23512735833333334 0.7919650125000001 0.23687687916666667 0.79416471875 0.23690566666666665 0.8027410968750001 0.24097126875 0.81062624375 0.24850993125 0.8196594609375 0.24886377499999998 0.8219192359375 0.25067367291666665 0.824737984375 0.25084146874999996 0.830411484375 0.2541621875 0.8357965859375 0.25276651041666665 0.840893290625 0.24665443750000002 0.8440366203125 0.24494142708333333 0.846007996875 0.24203492708333335 0.84979443125 0.23925690625 0.8513811578125001 0.23645009583333335 0.8534126015625001 0.23532470625000002 0.8572892281250001 0.2304271833333333 0.8657335296875001 0.22674140833333334 0.8666591499999999 0.22350704791666667 0.8656075124999999 0.21629344583333332 0.86800560625 0.21357579791666667 0.8731142515625001 0.21165287708333333 0.8766062281250001 0.20685504583333333 0.8801584515625 0.19425599375 0.8799481234375 0.19281327083333333 0.88184143125 0.18663309374999998 0.8823884625 0.18080183541666667 0.8812526953125 0.17301114375 0.8783318140624999 0.17077369583333332 0.875020221875 0.17133252708333335 0.8736800078125 0.16898485833333332 0.873535809375 0.16662665833333332 0.875320921875 0.16107341666666666 0.8754171734374999 0.15625732916666665 0.8705370374999999 0.15153320208333335 0.8695394078125 0.14879729791666665 0.86762221875 0.14659916458333333 0.86373383125 0.13772520000000002 0.8596950046874999 0.13877195833333333 0.8548686953125 0.14810786458333333 0.8545441125 0.1499886666666667 0.85251266875 0.15111405625 0.8518034359375 0.15309455 0.8501807046875 0.15291622708333333 0.8512626453125 0.14664688750000002 0.85088405625 0.14404998958333334 0.851743546875 0.14173110833333336 0.8507580390625 0.13360202708333332 0.84878078125 0.12962278125 0.8484442578125 0.12731443125 0.846100353125 0.12492744375 0.8419355109375 0.11552623749999999 0.8377704874999999 0.11570736250000001 0.837403840625 0.11729962083333333 0.833659471875 0.1203661875 0.83188041875 0.12322284166666667 0.8296206453125 0.12141294583333333 0.8286952046874999 0.11506497291666666 0.8273790515625 0.11151328333333334 0.822144390625 0.1029882375 0.818045496875 0.10225388333333334 0.816116184375 0.10544893125 0.8150042984375 0.10603654791666667 0.8078643890625001 0.099502525 0.804384534375 0.09890718125 0.795086803125 0.10221524791666667 0.7930373562499999 0.10184807291666667 0.792250053125 0.1005548875 0.7888122640625 0.10024808541666667 0.7857110015625001 0.10224963749999999 0.7843165984375 0.10500660208333333 0.7826698046875 0.10603230000000001 0.7824293531250001 0.10849019166666667 0.7808846921875 0.11158554375 0.7799350078125 0.11602392708333334 0.7817678859375 0.12722730208333333 0.7809864640625 0.1328198625 0.780042840625 0.13456165625 0.7804513734375 0.14284027500000002 0.777626565625 0.14536906875 0.7728485625 0.1427146 0.767830109375 0.14251801875 0.7659068578125 0.143016475 0.763809284375 0.14505734375 0.7659966890625001 0.16006163958333333 0.7655879765625 0.16136535208333333 0.7618076015625 0.16144678541666665 0.758550196875 0.15690098541666667 0.754240975 0.15472391041666667 0.7465720359375 0.15551371249999998 0.744047746875 0.15736572708333335 0.7431221265625 0.16060008958333333 0.7411086828125 0.16321804375 0.7371539874999999 0.16484189166666668 0.7310295296875 0.17211867083333335 0.73119173125 0.1759694375 0.7322374859375 0.17629729791666668 0.7349840453125001 0.18007715833333335 0.74553768125 0.18812200416666666 0.7474128046875 0.19003159166666667 0.747665196875 0.19176285625 0.7488371515625001 0.19295635000000003 0.7478694640625 0.19590216666666666 0.74506871875 0.19722693958333334 0.7439327703124999 0.19901857708333334 0.7434999953125 0.20152631458333334 0.7441971046875 0.204939 0.7448161453125001 0.2050780041666667 0.7454291265624999 0.20791360208333334 0.7481936859375 0.21318602916666668 0.7489087984375 0.21809127916666665
0 0.7326224984375 0.15703294166666665 0.7373705562499999 0.15400569166666667 0.7381639203125 0.15260228750000002 0.7381701625 0.14032336666666667 0.7389034578125 0.13713885208333335 0.7403158624999999 0.13587445416666669 0.7411332875000001 0.13326702708333332 0.7429966515624999 0.12140512916666667 0.7448478921875 0.11493640625 0.745088525 0.10289618541666666 0.7469818312500001 0.09671600833333334 0.74761299375 0.0914618375 0.7473425984375 0.08823800624999999 0.744487846875 0.08508508125 0.739409325 0.08310738958333334 0.72933035 0.08242568541666667 0.7259886343749999 0.08688512708333333 0.7225027203125001 0.08898636875 0.721673353125 0.08740464166666667 0.72140901875 0.08148422291666665 0.721943928125 0.08104613958333333 0.7220401812499999 0.07623005208333335 0.722983803125 0.07448825625 0.721030609375 0.06930499166666666 0.7192636796875 0.06676847083333333 0.7161264093749999 0.06578488958333334 0.707982628125 0.06879388333333333 0.7007885296875 0.06736449375 0.697903653125 0.06811217916666666 0.6948444546875 0.07040227291666666 0.6947783265624999 0.07131775208333332 0.6817782921875 0.07798093125 0.680660346875 0.0812651375 0.68133339375 0.08588184374999999 0.6819524343750001 0.08602085208333334 0.6827336749999999 0.09001062291666666 0.6833527171875 0.09014963125 0.6843924109375 0.09317407916666666 0.686255415625 0.10047684375 0.6905345125 0.10655452916666668 0.6900115437500001 0.11118176458333333 0.6857383265625 0.111989825 0.6821021515625 0.11442945833333333 0.6814770515624999 0.11698703958333333 0.6795056734375 0.11989353750000001 0.6787062500000001 0.12399353333333334 0.6807253921875 0.13784365 0.68206560625 0.14019132083333333 0.687895428125 0.1404770625 0.6913030921875001 0.144684475 0.6919581375 0.14780861458333333 0.6935748078125 0.15068352499999998 0.69886365625 0.15410393958333335 0.7080230703125 0.15532341458333335 0.7136484453125 0.16105218125 0.714135228125 0.16302214375000001 0.7177592796875001 0.1659756875 0.7192317515625 0.16649240208333332 0.723270578125 0.16544564375 0.7265461656250001 0.16190167916666667 0.7324061093750001 0.15828681041666667 0.7326224984375 0.15703294166666665
0 0.482211215625 0 0.485440796875 0.0030989625000000004 0.48596964531250003 0.005357470833333333 0.4883976828125 0.008321541666666666 0.4885659453125 0.00947571875 0.4918474125 0.0128175 0.496264828125 0.0143676375 0.497719296875 0.013391785416666666 0.4986208546875 0.011361445833333334 0.4987171078125 0.006545358333333333 0.501187390625 0.00021564375000000002 0.5014424921875 0 0.482211215625 0
0 0.9412932203125 0.20835610625 0.9374707828125001 0.20814899583333332 0.93389485625 0.20278740833333334 0.93336600625 0.2005289 0.9327469671875 0.20038989375000002 0.9320739187499999 0.1957731854166667 0.9333661875000001 0.19094656875 0.932915590625 0.18237940625 0.9334084328125 0.18165278125 0.93267531875 0.17525496458333334 0.934502496875 0.16999026666666667 0.9339977109375001 0.16652773541666666 0.9349233312499999 0.163293375 0.9346048093749999 0.16247758750000002 0.9311069546875 0.16038967708333332 0.9233478234374999 0.16329897708333335 0.919333059375 0.16314171249999998 0.9159132734375 0.16432747916666665 0.9105641765625 0.16870828958333334 0.9053713984374999 0.17005412083333335 0.903039434375 0.1718562916666667 0.900623159375 0.18266370416666666 0.9015245359374999 0.19021569583333334 0.900989628125 0.19065377916666665 0.9034174828125 0.20320018333333334 0.9028825734374999 0.20363826458333334 0.90378395 0.21119025625 0.9028162640625 0.21413607291666667 0.9012837250000001 0.21183825 0.8999075046874999 0.20650544791666667 0.89877761875 0.2056005 0.8962593906249999 0.20475592708333332 0.894576590625 0.20279649166666666 0.8871301 0.1996358375 0.8824722328125001 0.20054358958333335 0.8812460921874999 0.20445472916666668 0.8800260124999999 0.20566928125 0.880957515625 0.20932066458333332 0.8801160250000001 0.2131321125 0.8808552015625001 0.21683334166666668 0.88300678125 0.21927017083333336 0.8837038921874999 0.22268285625 0.8843229328125 0.22282186458333333 0.884869784375 0.2265729375 0.8835415109375001 0.22841442291666667 0.8756561828124999 0.23045809166666667 0.8743459124999999 0.23379214375000001 0.872482728125 0.23607171249999997 0.8706674921875001 0.24552556458333333 0.87121434375 0.24927663958333335 0.8727468828125 0.2515744625 0.8804277640624999 0.2549738166666667 0.8815576515625001 0.25587876458333336 0.8827896718750001 0.2588533666666667 0.8786905968750001 0.2677013458333333 0.8773562625 0.27223942083333336 0.8774282718749999 0.2782096875 0.8802348984374999 0.2837706583333333 0.880655553125 0.2866560979166667 0.8800965796875 0.28829820208333334 0.8799942671875 0.2958108791666667 0.8818212640624999 0.3001285125 0.8841651703125001 0.30251549791666665 0.8873022578124999 0.31308141041666665 0.8896040984375 0.31517985 0.8897723609374999 0.3163340270833333 0.8941596515624999 0.32178477708333336 0.8967199453125 0.3229178958333333 0.8994545625000001 0.3225086020833333 0.899773084375 0.3233243875 0.9172386609375 0.3158033041666667 0.92155394375 0.3152837875 0.9228520921875001 0.31734291458333336 0.9251779953125 0.31823733541666666 0.93323140625 0.32693017291666665 0.9420061703125 0.32824933958333335 0.9468683046875 0.33148089999999997 0.947974128125 0.33358986875 0.9510452687500001 0.33548892916666667 0.9518746359374999 0.33707065625 0.9622240046874999 0.34097619375000005 0.9642012624999999 0.3449554354166667 0.9662266468749999 0.34652663333333333 0.9687147515625 0.35127181875 0.971485371875 0.35384765625000003 0.9728015234375 0.35739934791666667 0.9780723703125 0.35932719375000005 0.981203759375 0.35342503124999997 0.983018996875 0.34397117708333336 0.982352009375 0.33665788125 0.9848173499999999 0.33166334583333335 0.982520221875 0.3159064145833333 0.9806756312499999 0.31283719583333336 0.9808078890624999 0.31100623958333334 0.9816012531249999 0.30960283541666667 0.9634289671875 0.18495176458333334 0.9566375218750001 0.18491525 0.9514447453124999 0.18626108125000002 0.9489625203125 0.18840164166666667 0.946792759375 0.194054575 0.9452300953125 0.1956573625 0.9447732546875001 0.19936911875 0.9442383453125001 0.19980720208333333 0.9444486718749999 0.20124992083333335 0.942705625 0.20709171041666666 0.9412932203125 0.20835610625
0 0.1823058546875 0.7509263125000001 0.18492033593749999 0.7469547958333334 0.1866091953125 0.7462176416666666 0.190377446875 0.7515293833333333 0.194644603125 0.7534179145833334 0.1978720625 0.7522819958333333 0.2009553265625 0.748787875 0.202457921875 0.7454039791666667 0.20302295468749998 0.7410652875 0.20279462499999998 0.73813 0.2032874703125 0.737403375 0.2026564875 0.7330752125 0.2032995921875 0.7320101979166667 0.20356410625 0.7283482854166666 0.2049164421875 0.7253027791666666 0.2049465671875 0.7214021666666667 0.20328783125 0.7182387104166666 0.2043817140625 0.7161585270833334 0.204730359375 0.7130737020833333 0.20311975000000002 0.7075022020833334 0.19512640781249999 0.700590475 0.194705753125 0.6977050333333333 0.195390921875 0.6969285625 0.19501233281250002 0.6943316666666667 0.1939906390625 0.6927997833333334 0.1895972875 0.6900456208333333 0.1863518234375 0.6896889749999999 0.1832806828125 0.6877899145833334 0.17202975625 0.6859147166666666 0.17073160625 0.6838555916666667 0.17153103125 0.6797556 0.1709000484375 0.6754274375 0.1698603546875 0.6724029895833333 0.1681354890625 0.6701550104166666 0.16343555781250002 0.6707742145833334 0.1612297875 0.67344201875 0.157479540625 0.6696228416666667 0.1534647765625 0.6694655770833333 0.150952428125 0.6755067479166666 0.15045940468750002 0.6858157041666666 0.15302539843750002 0.7034168979166666 0.15425741875 0.7063915000000001 0.1583021265625 0.7122304854166667 0.1601109421875 0.7246378833333333 0.16072998125 0.7247768916666666 0.1613850265625 0.7279010312499999 0.16200406875 0.7280400395833334 0.16406545781249998 0.7325963708333333 0.1646123078125 0.73634744375 0.16360255625 0.7390047166666667 0.163824825 0.74463659375 0.1674007515625 0.74999818125 0.1709226703125 0.75088206875 0.17166790625 0.7518867104166667 0.180082084375 0.7521015479166666 0.1823058546875 0.7509263125000001
0 0.31113353125 0.7214303624999999 0.3125097484375 0.7267631645833333 0.315027978125 0.7276077395833334 0.3179247953125 0.7310492083333333 0.3182192546875 0.73306901875 0.31883829375 0.7332080270833334 0.3198298640625 0.7386405187499999 0.32248016874999996 0.7472364687499999 0.32336354375 0.7532958958333332 0.3231651578125 0.7560423291666667 0.3242109140625 0.7563701895833332 0.32839999999999997 0.7549850437500001 0.333532709375 0.7518581020833334 0.3380403171875 0.7512887395833334 0.3419529484375 0.74937635 0.3473261078125 0.7437915187499999 0.349357553125 0.7426661291666666 0.3513289296875 0.7397596270833334 0.3532643015625 0.73386799375 0.35414179843750004 0.7330416770833333 0.3548631515625 0.7256680083333333 0.3543644265625 0.7195088895833333 0.355458309375 0.7174287041666666 0.3569127796875 0.7164528520833334 0.35887809531250003 0.7162429416666666 0.36243601875000003 0.7201119625000001 0.3645815390625 0.7252453812499999 0.368037328125 0.7270447499999999 0.3691010875 0.7288651770833333 0.37185370624999997 0.7299484479166666 0.37396322187500003 0.7320967354166666 0.37639731875 0.73236421875 0.37880735312499997 0.7338357270833333 0.3826117890625 0.7325502708333332 0.385298459375 0.7249666875 0.3854127140625 0.7216431666666666 0.3867470484375 0.7171050916666667 0.38743221875 0.7163286229166667 0.389746359375 0.7034515541666667 0.3922166421875 0.6971218395833334 0.3913332671875 0.6910624124999999 0.3873366859375 0.68281538125 0.387042228125 0.6807955729166667 0.3880099140625 0.6778497583333334 0.3916881546875 0.67569866875 0.39293229687500003 0.6732800958333333 0.391688334375 0.6661163375 0.38685044375 0.652098425 0.3851496421875 0.6486464229166666 0.379566334375 0.6432062020833332 0.375810025 0.6420836145833333 0.3704910515625 0.6425638145833333 0.3621970109375 0.6459111979166666 0.3558201578125 0.6514567125 0.355044796875 0.6543526833333334 0.3551889953125 0.6567108833333334 0.3546540859375 0.6571489625000001 0.3546840296875 0.6628306833333333 0.3540829921875 0.6641842437500001 0.35145656875000003 0.6639666041666668 0.3483012984375 0.6614904583333333 0.34719547500000003 0.6593814874999999 0.3436976171875 0.6572935750000001 0.34179255 0.6497022645833332 0.33668408437499997 0.6420428520833333 0.33455050625 0.6410985895833333 0.33286770625 0.6391391541666667 0.324928371875 0.6367051270833334 0.3215085859375 0.6378908895833334 0.3201803125 0.6397323770833334 0.31829912656250003 0.6405193770833333 0.3123489921875 0.6462537458333333 0.3107201984375 0.6487720104166667 0.3103294875 0.6515682895833332 0.307757071875 0.6558283500000001 0.3074504921875 0.6592017166666667 0.3064227390625 0.660366425 0.302876575 0.6702688895833333 0.30068880937500003 0.6744292583333333 0.3003822296875 0.677802625 0.2971786515625 0.6873168541666667 0.2975331796875 0.691117775 0.2985969375 0.6929382000000001 0.3021609203125 0.6941106333333333 0.30484741249999997 0.6961093854166667 0.3058090375 0.69586015625 0.3083032015625 0.6979087520833333 0.312402096875 0.6986431041666666 0.3193498625 0.6956446395833333 0.3213091171875 0.6981313166666666 0.321477378125 0.6992854916666666 0.320575821875 0.70131583125 0.31561137499999997 0.70559695 0.312846634375 0.70990685625 0.3130148953125 0.7110610333333334 0.31103745781250003 0.7166641208333334 0.31113353125 0.7214303624999999
0 0.743461465625 0.3326938291666667 0.7507518156249999 0.32930712916666666 0.7530657781250001 0.32601239375 0.754027403125 0.3257631645833333 0.7557463875 0.3211254 0.75987540625 0.31795914166666667 0.7654950796875 0.30721983125 0.7690831265625 0.30718824166666664 0.775934640625 0.30900586874999997 0.7832429921874999 0.3071117354166667 0.7851302375 0.30362814583333336 0.7865847078125 0.3026522916666667 0.7871016156249999 0.30072164375 0.7853829921875 0.2861947458333333 0.78782315 0.28376564374999996 0.790010915625 0.279605275 0.78988471875 0.27873964166666665 0.7873966140624999 0.2739944583333333 0.784722246875 0.26660253125 0.7816331046875 0.26321090416666665 0.7793072000000001 0.2623164875 0.7761759921875 0.25863631875 0.7723476734375 0.2515434645833333 0.7708331359375 0.25073820625 0.7678942531249999 0.24700819166666665 0.7660371328125 0.24659117083333332 0.7633567015625 0.24189583125 0.7577432703125 0.24035622083333333 0.7550147140625 0.23806892708333333 0.754173225 0.241880375 0.753337796875 0.24299523750000002 0.7528508328125 0.25060760625 0.751799015625 0.25297633333333336 0.754629703125 0.25733328333333333 0.7550082921875 0.25993017916666666 0.7538302781249999 0.261433275 0.7533313734375 0.2648564895833333 0.7520692296875 0.26578249583333335 0.7500859125 0.26449984375 0.7505186875 0.26199210833333336 0.7485715546875 0.2541122520833333 0.7430422546875 0.25314973125 0.7421827624999999 0.2554686145833333 0.74000105625 0.25693239375 0.7379214843749999 0.26046582916666666 0.7371521859375 0.2606652104166666 0.7361604359375 0.26481505 0.7346819015625 0.266994925 0.7321454921874999 0.27424011875 0.7298976578125 0.276619375 0.72869558125 0.2793264916666667 0.7251435390625 0.28234321458333334 0.719800321875 0.2936097666666667 0.7204313046874999 0.29793792916666667 0.7226490125 0.2994592833333333 0.7220839796875 0.30379797291666666 0.7188925234375 0.3079190270833333 0.7175161234375 0.31216855624999995 0.715544746875 0.3150750583333333 0.714336609375 0.3204787645833333 0.7144387421875 0.32254841875 0.71390383125 0.32298649791666667 0.7143845546875001 0.3276530520833333 0.7177321515624999 0.33007935208333333 0.7181948703125001 0.3332533375 0.715357940625 0.34117531041666666 0.7150513609375 0.3445486770833333 0.7143661906250001 0.34532514791666663 0.714702715625 0.3476335020833333 0.7165117109375 0.35045856875 0.71890374375 0.3504375083333333 0.724421103125 0.347210875 0.7265427390625 0.3439659854166666 0.7320841609375 0.33953533124999996 0.7330518484375 0.3365895145833333 0.735041228125 0.3351755791666667 0.7367361484375 0.3317418375 0.743461465625 0.3326938291666667
0 0.58354874375 0 0.584812253125 0.004294664583333333 0.5901672312499999 0.0067996 0.5983890828125 0.00706428125 0.6102050421875 0.004600789583333333 0.6130539140625 0.0008679729166666667 0.6148028421875 0.0019119291666666667 0.61518143125 0.004508824999999999 0.6167380359375 0.005602627083333334 0.6243469078125 0.003031714583333333 0.6312465453125 0.0024412958333333333 0.6331457328125001 0.003146860416666667 0.6352311859374999 0.006499170833333333 0.636559278125 0.014240014583333332 0.637881490625 0.015095118749999999 0.6385605984375 0.0170152375 0.6405859828125 0.018586435416666665 0.6410727671875 0.020556397916666667 0.642202653125 0.021461347916666665 0.6430259609375 0.0257396625 0.643645003125 0.025878670833333332 0.6441317843750001 0.027848635416666667 0.6448468968750001 0.03275388541666666 0.6459947875000001 0.03515139791666667 0.6495767734375 0.0378164 0.654577228125 0.0365204125 0.6604371718750001 0.032905545833333334 0.6692420593749999 0.030324102083333335 0.66792590625 0.026772412500000002 0.6662851734374999 0.025101522916666667 0.6629737625 0.016078020833333335 0.6623126546875 0.01565046875 0.659980871875 0.007870308333333333 0.6619708281250001 0 0.58354874375 0
0 0.633183290625 0.24299370416666666 0.63377826875 0.24433673333333333 0.6383459453125 0.24554848333333332 0.6418197359375 0.24884041666666665 0.6462852796874999 0.2479825125 0.6483407875 0.2456531 0.65111746875 0.24553235 0.6540501109375 0.2615412833333333 0.6559432390625 0.26494343958333333 0.65754190625 0.26632578333333334 0.668011590625 0.26421120833333334 0.670421625 0.26568271666666665 0.6727594703124999 0.27076629166666666 0.6741237484375 0.27190993750000003 0.6848698875 0.27032260625 0.6873399906250001 0.27357522291666664 0.6889746640625 0.2779427020833333 0.692129934375 0.28041885 0.694972746875 0.27938262291666666 0.6950388750000001 0.2784671416666667 0.6975210984375 0.2763265833333334 0.7005982984375 0.2755290541666667 0.7023472265625 0.27657301041666665 0.704048028125 0.28002501041666666 0.7046070015625 0.27838290625 0.707089225 0.2762423479166667 0.707101346875 0.2708491708333333 0.70972795 0.26148447708333333 0.709487678125 0.25436003749999997 0.710088715625 0.25300647708333335 0.7177155921875 0.2519281291666667 0.722175071875 0.25376681458333333 0.7278125671875 0.25410240208333335 0.73262069375 0.2528562625 0.73416535625 0.24976090833333334 0.7348986515625 0.24657639374999998 0.7352414171875 0.236605825 0.7342498484375 0.23117333333333334 0.733228153125 0.22964145 0.732957759375 0.22641761875000002 0.73486906875 0.22173001041666665 0.732020378125 0.21588049374999999 0.7262688078124999 0.20928609583333332 0.7267256484375 0.20557433958333335 0.72995916875 0.20174183125 0.73075859375 0.1976418375 0.7258784578124999 0.19291771041666667 0.7256681296874999 0.19147499166666665 0.7199586265625 0.18516913958333334 0.7159499234375 0.18231528541666667 0.7133235 0.18209764583333332 0.7110637265624999 0.18028774791666666 0.710450746875 0.17745215208333331 0.7115025640625 0.175083425 0.716256684375 0.16935958541666668 0.7147662109375 0.16735030416666669 0.7142373609375 0.16509179791666667 0.70954955 0.16031782708333334 0.708443725 0.15820885625 0.703449334375 0.15680825416666666 0.695906590625 0.15846368749999998 0.6931960375 0.15766896041666667 0.6921444015625 0.15045535625 0.6910626390625 0.14714236249999998 0.6883160828125 0.14336250208333334 0.68487829375 0.14305570208333332 0.676223665625 0.14529875416666668 0.6731644671875 0.14758885208333333 0.672154715625 0.15024612499999998 0.6724491734375 0.15226593333333333 0.6706640609375001 0.157819175 0.6710185859375 0.16162009583333334 0.6704836765625 0.16205817708333334 0.671661509375 0.1701374125 0.67228055 0.17027641875 0.6737409000000001 0.17618631041666666 0.6739211046875 0.18152964166666666 0.6731457437499999 0.1844256125 0.66948550625 0.18806926666666665 0.6692691171875 0.18932313541666668 0.66565700625 0.19055874583333335 0.6630847703125 0.18523647291666664 0.6624717921875 0.18240087916666667 0.6618106859374999 0.18197332708333333 0.660734984375 0.17596374583333332 0.6595870953125 0.17356622916666667 0.6575319484375 0.15673097916666665 0.655164159375 0.14596568333333335 0.6545030546875 0.14553813125 0.6532590921875 0.13837437291666665 0.6509151859375 0.1359873875 0.6470747453125 0.1342877125 0.6399587171875 0.136132 0.6383299250000001 0.13865026458333332 0.6383958734374999 0.14731711875 0.634609440625 0.15009514166666668 0.6307269343749999 0.14810692083333335 0.6272230171875 0.14871559791666666 0.6242900140625001 0.151871325 0.623682915625 0.155921475 0.6249448796875 0.16457779791666666 0.6265795515625 0.168945275 0.627571121875 0.17437776875 0.62640505 0.18007002083333334 0.62701196875 0.18560220416666665 0.6281598578125 0.18799971875 0.6346386625 0.19410619166666668 0.6360328843749999 0.20093155833333334 0.632955503125 0.21131142083333332 0.6317352421875 0.22210830416666666 0.6307495546874999 0.22356155416666665 0.6299921953125 0.22795009166666666 0.6277623640625001 0.23182191666666666 0.627690175 0.23543398125 0.63058093125 0.24157204166666668 0.633183290625 0.24299370416666666
0 0.3225740375 0.23036763333333335 0.322039128125 0.2308057125 0.3223756515625 0.23311406666666665 0.3229946921875 0.233253075 0.3246293640625 0.23762055208333335 0.32431066406250003 0.24638709791666666 0.32529029062500003 0.24763043541666668 0.328235234375 0.2486638625 0.3483211734375 0.24405700624999999 0.35234199843749997 0.24151768333333334 0.357150125 0.24027154375 0.362613296875 0.24214954166666666 0.36312414375 0.24291548333333332 0.363364415625 0.250039925 0.36282950468749997 0.25047800625 0.3639232078125 0.25798015416666664 0.3647105109375 0.2592733375 0.368316559375 0.2607343166666667 0.3742545734375 0.260393125 0.37832940625 0.26233149791666666 0.37907464218750003 0.2633361375 0.3800421484375 0.26997265416666666 0.3806611890625 0.27011166249999996 0.380210409375 0.27112683125000003 0.3815985703125 0.2806487875 0.3846697109375 0.2825478458333333 0.38917731875 0.28197848541666665 0.3923325890625 0.28445463125 0.39446010625 0.2880954854166667 0.39536754531249996 0.2929508916666667 0.39719454375 0.297268525 0.40041594375 0.29882919166666666 0.4023751984375 0.30131586875 0.403156440625 0.3053056416666667 0.40377548125 0.30544464791666665 0.40634165468749994 0.31346351041666665 0.40810858593750005 0.3160000333333333 0.4103803015625 0.3219990833333333 0.41587947812500003 0.3268622166666667 0.41604773906250003 0.32801639374999997 0.42008656718750004 0.3269696354166667 0.4237769296875 0.31942536875 0.425261521875 0.31454890416666664 0.42682418593750004 0.31294611875 0.4268061828125 0.3114535520833333 0.42794213125 0.3096619125 0.42859129687499997 0.3059003083333333 0.430352346875 0.3015510875 0.431830878125 0.2993712125 0.43664506562499994 0.2954284833333333 0.437035778125 0.2926322041666667 0.437720946875 0.29185573333333337 0.4365851796875 0.2840650416666667 0.4373004734375 0.2793879604166667 0.4439117140625 0.27408114166666664 0.44686878124999996 0.2697213895833333 0.44758407343749995 0.2650443083333333 0.44667663593749996 0.2601889041666667 0.44505996562499994 0.25731399375 0.44451311406249994 0.25356291875 0.446208034375 0.250129175 0.44884051875 0.2476502270833333 0.458096184375 0.24405361458333333 0.4622733296875 0.2384793125 0.462111128125 0.23462854791666665 0.4637880484375 0.22970223750000002 0.46216549687499997 0.21994158333333333 0.4580787234375 0.21381405208333334 0.4583011734375 0.20986359583333333 0.4600140953125 0.20792242083333334 0.46730444687499995 0.20453571874999998 0.47001499999999996 0.2053304479166667 0.472124515625 0.20747873541666667 0.47421602656250006 0.20813445625 0.4814582515625 0.20715579999999997 0.48455345625 0.2078508375 0.489980621875 0.20674370416666665 0.49211420156249996 0.20768796875 0.49907996875 0.20618207083333334 0.5025960078125 0.2001802166666667 0.5025239984375001 0.19420995208333333 0.5045014359375 0.1886068625 0.504699821875 0.18586042708333333 0.5033237828125 0.17094529375 0.5038166281249999 0.17021866875 0.50311345625 0.16950257500000002 0.5026507359375 0.16632858749999999 0.502097825 0.16527410416666666 0.49977192031250006 0.16437968333333333 0.4990928125 0.16245956666666667 0.4952584328125 0.1580633 0.499676028125 0.15003110833333333 0.49938763125 0.1453147125 0.49847413281249997 0.14315589583333335 0.49625642187499996 0.14163454375 0.4944894921875 0.13909802083333334 0.49173687343749994 0.13801474791666665 0.4902463984375 0.13600546875 0.4865321546875 0.13517142291666667 0.48536020312500006 0.13397793125 0.48204861093750007 0.13453676458333333 0.4800652921875 0.13325410833333334 0.48005335000000005 0.12906495416666666 0.4805461953125 0.12833832916666668 0.48016760625000005 0.12574143125 0.48106916406250005 0.12371109166666666 0.4812916125 0.1197606375 0.483479378125 0.11560026875 0.48477164687499996 0.11077365 0.48273432187500004 0.10501329583333334 0.47949491875000005 0.10196006041666666 0.47605712968749997 0.10165326041666667 0.474416396875 0.09998237083333333 0.47489729843750006 0.09506658958333333 0.47384566250000004 0.08785298541666667 0.4707324578125 0.08566538541666667 0.4611222640625 0.085461075 0.4532911234375 0.0824001125 0.4476115640625 0.08177598125 0.4450753328125 0.07943884166666666 0.43770691250000004 0.0795518625 0.4349482328125 0.08116518125000001 0.4305908828125 0.08139615 0.4265221140625 0.07676118750000001 0.42282587187500004 0.07741971041666668 0.4214975984375 0.07926119583333334 0.41927382968750004 0.08043643125000001 0.4180476890625 0.08434757291666667 0.4165270890625 0.08623890208333333 0.41533089375000004 0.09583176458333333 0.4138282984375 0.0992156625 0.41332939375000005 0.102638875 0.41189292499999997 0.10510729583333332 0.41210913437499996 0.11343575833333334 0.41023989062500005 0.11841191458333333 0.40942834218749996 0.12790508333333334 0.4079918765625 0.13037350416666665 0.40799775625 0.13725924791666666 0.40689781406250003 0.14203602083333333 0.4038206125 0.14283355 0.4002266828125 0.13597939375 0.3977565828125 0.13272677708333333 0.39508809375 0.13222059375 0.38751540625 0.12819430833333334 0.38341651250000003 0.12745995416666667 0.3798044015625 0.12869556458333334 0.371342278125 0.12130643958333334 0.3624894453125 0.11671359375 0.3600614078125 0.11374952291666666 0.34863009843750004 0.11611332499999999 0.3428362828125 0.11881271458333333 0.3412254921875 0.12282354583333334 0.336062659375 0.12985109791666666 0.328675875 0.14763621875000002 0.330869521875 0.15036159375 0.3327325234375 0.15766436041666668 0.33413886718749997 0.15909655 0.334583584375 0.16077797083333334 0.3359057984375 0.16163307291666668 0.3374322765625 0.16662748541666667 0.33559315624999997 0.16770302916666668 0.3338141046875 0.1705596854166667 0.3297692171875 0.17430302916666665 0.3287174 0.17667175833333332 0.3260428515625 0.17886216458333332 0.3250571625 0.18031541458333333 0.32470851562499997 0.1834002375 0.326066734375 0.18724047291666668 0.3334891625 0.19160515 0.3366864984375 0.19436984166666665 0.3369809578125 0.19638965 0.333212525 0.2006602375 0.32983480468750004 0.20213454791666668 0.3289753125 0.20445343125 0.32619257031250004 0.20727077083333334 0.3256756609375 0.20920141666666667 0.32654103437500004 0.21376827708333332 0.32798944375 0.21548901458333333 0.327538665625 0.21650418124999998 0.3278751890625 0.21881253541666668 0.3267993078125 0.22238528541666666 0.32251396875 0.22858652291666667 0.3225740375 0.23036763333333335
0 0.13761521875 0.3950882041666667 0.142447409375 0.3926380395833334 0.1470571484375 0.3941383333333333 0.1503266765625 0.39329095833333333 0.1564630765625 0.3902033333333333 0.1605079625 0.38645998750000005 0.1623772078125 0.38148383333333336 0.1625456484375 0.3730556770833333 0.16383791875 0.3682290583333333 0.1646915296875 0.35902443333333334 0.1662602546875 0.35472505625 0.1662483125 0.35053590208333335 0.1644393171875 0.34771083541666664 0.160400490625 0.34875759375000004 0.1603343625 0.3496730708333333 0.157016709375 0.3529284916666667 0.1563074765625 0.3549089833333333 0.154125771875 0.35637276250000005 0.1516736734375 0.3546127125 0.1475327140625 0.35358981458333333 0.139455059375 0.35568333125 0.1369307703125 0.3575353458333333 0.13519378437500001 0.36068054375 0.12756084843749999 0.36445547916666665 0.12420113125000001 0.36742235624999997 0.116808646875 0.36873940208333333 0.1140499671875 0.3703527166666667 0.1093379125 0.37636510208333335 0.1077511859375 0.3791719104166667 0.10686762968750001 0.3826948145833333 0.101915125 0.3911650875 0.0988017375 0.39855981875 0.10014783281249999 0.40779323125 0.1045351265625 0.41324397916666666 0.1058692796875 0.41828823958333333 0.1082131859375 0.42067522291666665 0.109361075 0.42307273958333336 0.11469805 0.42408510625 0.11784744062500001 0.4196755104166667 0.1187309953125 0.41615260416666666 0.1205941796875 0.4138730375 0.12121928125 0.41131545625 0.12312452968750001 0.4093244354166667 0.12349117812499999 0.407732175 0.1255887515625 0.40569130833333333 0.12862388593750002 0.4046052333333333 0.13761521875 0.3950882041666667
0 0.9770620781250001 0.39073146249999996 0.9793337937500001 0.3967305145833333 0.9809565250000001 0.3969088375 0.9822546750000001 0.39896796250000005 0.9837692125 0.39977322083333333 0.9876757812499999 0.40055741875 0.9899114921875001 0.4035713375 0.9928323734375001 0.40580878541666665 0.9963308109375 0.4106388458333334 0.9863266078124999 0.3420159604166667 0.9856454187500001 0.3441888166666667 0.984725859375 0.3447265875 0.9821714453125001 0.3504792145833333 0.9817566718749999 0.35447951666666666 0.97976123125 0.35859003958333335 0.9791961984374999 0.36292873125 0.9779099890625 0.3650587604166667 0.9764854640625 0.37171633333333337 0.9752833875 0.37442345208333333 0.9770620781250001 0.39073146249999996
0 0.6690737265625 0.35227262291666667 0.6709067859375 0.35389366875 0.6790024406249999 0.35329271874999996 0.6865751296875 0.35731900625 0.690571890625 0.3559837020833333 0.6933667531250001 0.34777318749999997 0.692735771875 0.343445025 0.6931685484375001 0.34093728958333336 0.69246555625 0.33063886249999996 0.6911194609375 0.32140545000000004 0.6915943046875 0.31918625833333336 0.6926641234375001 0.31831009583333336 0.6945454890625 0.3079407645833333 0.6920634453125001 0.30049899166666666 0.6906150359375001 0.2987782541666667 0.6893409515625 0.29551510833333333 0.6884875187499999 0.2951374041666667 0.6882771921875 0.29369468125 0.6851219203125 0.29121853541666665 0.6833068640625 0.29109005625 0.681624065625 0.2891306229166667 0.6781442109375 0.2885352770833334 0.6767799328125 0.28739163125 0.6719538046875 0.28714520416666667 0.6688646625 0.28375357916666666 0.654091815625 0.2809944916666666 0.6504135765625 0.28314558125 0.6484181359375001 0.28725610416666664 0.6463205624999999 0.28929697083333333 0.645755528125 0.29363566458333334 0.6486341640625 0.3051668979166667 0.6497278671875 0.31266904791666666 0.64796075625 0.31971485625 0.64867586875 0.3246201083333334 0.6507912640625 0.3336541375 0.65181295625 0.3351860208333333 0.6554908375 0.3521995958333333 0.6561098765625 0.3523386020833333 0.6576903625 0.3618107145833333 0.6584776640625 0.3631038979166667 0.6592229015625 0.3641085375 0.662684753125 0.3632113166666667 0.6626008031249999 0.35305189583333335 0.66382694375 0.34914075624999996 0.6651671578125 0.35148842708333333 0.6690737265625 0.35227262291666667
0 0.6163983749999999 0.4892966145833333 0.619301253125 0.49004149583333334 0.62526333125 0.48849628125 0.629542609375 0.48499163333333334 0.6333049796875 0.4834176333333333 0.6373138625 0.47668915416666663 0.6373680484375 0.4715845208333333 0.63786089375 0.4708578958333333 0.6371878468750001 0.46624119166666667 0.6386243140625 0.46377277083333335 0.64099834375 0.46225914583333333 0.6423385578125 0.4646068145833333 0.643053671875 0.46951206458333333 0.64278915625 0.47317397708333336 0.6418875984375 0.4752043166666667 0.6427709734375 0.48126374375 0.6468516859375 0.4900878625 0.65245905625 0.4943240604166667 0.655944971875 0.4922228166666667 0.6580906703125 0.48777390625 0.6617448484375 0.4868268375 0.663535840625 0.4881593375 0.6647678609375001 0.4911339416666667 0.6680493296875001 0.49447571875 0.6703752328125 0.49537013958333337 0.6733442390625 0.49519954375 0.6817944203125 0.4983995125 0.68824328125 0.4988242625 0.6952630562500001 0.5017960645833334 0.6979556078125 0.501098225 0.69969259375 0.49795302708333333 0.6982924921875 0.4842419145833333 0.6987853359375 0.4835152916666667 0.69828055 0.4800527604166666 0.69880351875 0.475425525 0.6984489921875 0.47162460624999997 0.6974513640625 0.4688887 0.6976497484374999 0.4661422666666667 0.6987436312499999 0.4640620833333333 0.698755753125 0.45866890416666667 0.6971872078125 0.4533859479166667 0.6949695 0.4518645958333333 0.6935692171875 0.4477358166666667 0.698088946875 0.4417732791666667 0.7001203921875 0.4406478875 0.7012984062500001 0.4391447916666667 0.701172209375 0.43827916041666665 0.6992790828125 0.43487700625 0.6953124453124999 0.43231169583333334 0.6937378390625 0.42972532916666667 0.6914119375000001 0.4288309104166667 0.689687071875 0.4265829333333333 0.67872454375 0.42942413125 0.67701768125 0.42866872083333335 0.676422703125 0.42732568958333333 0.6764948921875 0.42371362500000004 0.677931359375 0.42124520416666666 0.6841579515625 0.41603807916666663 0.6847409875 0.4131919520833333 0.6880406375 0.40844396666666666 0.692211721875 0.4055662520833333 0.6939907734374999 0.4027095979166667 0.6985885734374999 0.4000207375 0.700626078125 0.3961987583333333 0.6989252765625 0.39274675833333333 0.6963049156250001 0.3898325291666667 0.690415028125 0.3877656770833333 0.6890568109374999 0.38392544166666664 0.686670840625 0.3812499125 0.6813939312499999 0.38201865625 0.6773731078125 0.3845579791666667 0.6773069796875 0.38547345624999996 0.669415590625 0.39021371666666665 0.668123503125 0.3854580041666667 0.6691512562499999 0.3842932958333333 0.67055171875 0.37883974375 0.6688509171875 0.37538774375 0.6650284796875 0.37518063333333335 0.6590664015625001 0.3767258479166667 0.6533987828125001 0.3802908708333333 0.6480557453125 0.38197509166666666 0.6359212640624999 0.3836227979166667 0.6330123234375 0.38557450416666667 0.6304399093749999 0.3898345645833333 0.6288351796875 0.39114880625000004 0.6255654734375 0.40157851666666666 0.6249763765624999 0.4071212291666667 0.6238824937499999 0.4092014125 0.6220013078125 0.4099884125 0.6166463296875 0.40748347916666666 0.6112852906249999 0.40767513333333333 0.6081840281249999 0.4096766854166667 0.5995293984375001 0.41191973958333333 0.5949496015625 0.41610116666666663 0.5927197703125 0.4199729895833333 0.5923891265625 0.42455037916666666 0.59185421875 0.4249884625 0.5933685750000001 0.4353760520833333 0.5978039921875 0.4384187583333333 0.6051964765625 0.43710171249999996 0.6067110140625 0.43790696875 0.60754038125 0.43948869791666667 0.6079189703125001 0.44208559583333334 0.6069753484375 0.44382738958333334 0.6064103140625 0.44816608125 0.60683096875 0.45105152083333333 0.608549771875 0.4559960895833333 0.6112239609375 0.47297034791666664 0.6118430015625 0.47310935416666666 0.613633815625 0.48402418541666664 0.6163983749999999 0.4892966145833333
0 0.9293774718750001 0.08417963125 0.9240706187500001 0.07926665416666667 0.9178802125000001 0.07787657916666667 0.9163236093749999 0.07678277708333334 0.9107702453125001 0.07702427916666667 0.9076991046874999 0.07512521875 0.9032155609375 0.07449055833333333 0.9003367453125 0.07254165416666666 0.8968148265625 0.07165776458333334 0.8896807953125 0.07200948541666666 0.8814650046875 0.06904821458333334 0.8779190234375 0.06936834791666667 0.8761820359374999 0.07251354583333333 0.8762781093750001 0.07727978958333333 0.8788442828124999 0.08529865208333334 0.8820175562499999 0.0892673625 0.8832916421875 0.0925305125 0.8762656265625001 0.10183763125 0.871030965625 0.09331258541666668 0.8667037390625 0.08964294583333333 0.8596358390625 0.08907918958333334 0.8522613578125 0.09188879999999999 0.850548434375 0.09382997708333334 0.846876075 0.10286680833333332 0.8489912890625 0.12148317291666667 0.8496103312500001 0.12162217916666668 0.8502653765625 0.12474631875 0.8513531984375 0.12536272291666667 0.8519661781250001 0.12819831875 0.8547548015625 0.13226672291666666 0.8584269796875 0.13281222291666667 0.8640464718749999 0.13165524583333335 0.8658795312500001 0.1332762875 0.8675803328124999 0.1367282875 0.8695274656249999 0.14460814375 0.8738486296874999 0.15097437291666665 0.8753751078124999 0.15596878333333333 0.8756574453124999 0.16338176875 0.8751225343750001 0.16381985 0.8757955828125 0.16843655625 0.8782656859375001 0.171689175 0.8825569046874999 0.17237368125 0.8833021406249999 0.17337832083333332 0.8843117125 0.18030338125 0.8830493875000001 0.19081171875 0.8843655406250001 0.1943634125 0.8866914421875001 0.19525783125 0.8881398515625 0.19697856458333335 0.8933445687500001 0.19982188958333333 0.8973172671875 0.19969060833333332 0.8983090171875 0.19554077083333335 0.89797249375 0.19323241666666666 0.8987899203125 0.19062499166666666 0.899415203125 0.17848507916666667 0.9004008906250001 0.17703182708333334 0.9016751562499999 0.1707126416666667 0.9033460140624999 0.16848292083333333 0.9104620421874999 0.1666386333333333 0.9163280484375 0.16032717708333333 0.9230112984375 0.16099062708333334 0.9304699109375001 0.15875810208333335 0.9360232749999999 0.15851660208333335 0.9387277671875 0.16200791875 0.9389801609375 0.16373918333333334 0.9374654421875 0.17251625833333334 0.93991754375 0.17427631041666666 0.9430368093749999 0.17376732291666666 0.9447857375 0.17481127916666667 0.95615091875 0.17336295625 0.9582664953125001 0.1728146541666667 0.9599373531250001 0.17058493125000002 0.9590240328125 0.15884378333333335 0.9595168781250001 0.15811715833333334 0.9543007593749999 0.12233768333333334 0.9536697765625 0.11800952291666666 0.95188199375 0.10574639583333334 0.9496432531250001 0.10408077083333334 0.9469326984374999 0.10328604375 0.9465721125 0.1021817125 0.9433747765625 0.09941702083333334 0.9410549328125001 0.09582601458333334 0.94048401875 0.09327896041666667 0.9380139171874999 0.09002634375 0.9356880125 0.089131925 0.9339631484375 0.08688394791666668 0.9293774718750001 0.08417963125
0 0.8591919515625 0.36258880833333335 0.8550208687499999 0.36546652083333336 0.8487281484375 0.37158912499999996 0.8465763859375001 0.37873462708333333 0.84643806875 0.38326217083333336 0.8451037343750001 0.38780024583333333 0.844917290625 0.3947358354166666 0.846702221875 0.39876492291666665 0.8534516015625 0.3985128916666667 0.8566489390625 0.4012775833333333 0.8568050796875 0.40782493541666665 0.8583434999999999 0.4170085041666667 0.8636924171875 0.42221002708333333 0.8657958718750001 0.42705490208333335 0.866745375 0.43219884999999997 0.8673644171875001 0.4323378583333334 0.8694258046875 0.43689418958333337 0.8717697093749999 0.43928117499999997 0.8732541218750001 0.44398704375 0.8738731640624999 0.44412605000000005 0.8760186828125001 0.44925946875 0.879594609375 0.4546210583333333 0.8805983 0.45466037291666667 0.883423109375 0.45213158124999997 0.888916584375 0.4405266354166667 0.8908218343750001 0.43853561458333334 0.8953114390625 0.43647368750000004 0.8983105703125001 0.4324024791666667 0.90230733125 0.4310671791666667 0.90536653125 0.4287770833333333 0.9068090578125 0.42361207500000003 0.9065807296875 0.4206767875 0.9076566093749999 0.41710403749999997 0.9091772078125 0.41521270625 0.912062084375 0.41446502291666665 0.9172908640624999 0.41610432291666666 0.9217143421875 0.41495787291666664 0.9272258203125 0.4048454979166667 0.9274903359375 0.40118358541666665 0.9285000875 0.3985263125 0.927784975 0.3936210625 0.9227365765625001 0.38774276041666667 0.920602996875 0.3867984958333333 0.9189202 0.3848390625 0.9159752546875 0.3838056354166667 0.91297024375 0.3809910979166667 0.9130844984375001 0.3776675770833334 0.915122003125 0.37384559791666666 0.9189264390625 0.3725601416666667 0.9262827375 0.3778402958333333 0.934504590625 0.37810497916666663 0.9370709453125 0.37654150833333333 0.9412901546875 0.37125575000000005 0.95108073125 0.36722105833333335 0.9562615671874999 0.3616860708333334 0.9572713187499999 0.35902879791666664 0.9548735875000001 0.34258178125 0.953809828125 0.34076135625 0.9508228187500001 0.3394393854166667 0.9468381796875001 0.3353815104166667 0.9459667453125 0.3335112375 0.94421781875 0.33246728124999997 0.93394651875 0.3318354229166667 0.93149441875 0.3300753708333334 0.9273655812499999 0.32365929791666664 0.9236753999999999 0.32162123125 0.9217582109375 0.3194230979166666 0.9182783578124999 0.31882775416666664 0.9062460078125 0.32254511666666663 0.8994485031250001 0.32520518958333333 0.8943758609374999 0.33011324166666667 0.8929033875 0.3295965270833333 0.890138828125 0.32432410208333334 0.88772879375 0.3228525958333333 0.887524528125 0.3187132854166667 0.886502834375 0.31718140208333334 0.8838826531249999 0.3046848416666667 0.8832636125000001 0.3045458354166667 0.8825845046874999 0.30262571666666666 0.87753004375 0.29944400416666667 0.8764242203125001 0.2973350333333334 0.87477760625 0.2887784 0.8726680921875 0.2866301145833334 0.8692062406250001 0.2875273354166667 0.8688575953125 0.2906121604166667 0.8672288015625 0.29313042500000003 0.8658645234375 0.2919867770833333 0.8634304265624999 0.29171929166666666 0.862516928125 0.289560475 0.8614291062499999 0.28894407083333334 0.8567532375000001 0.2883592541666667 0.852221565625 0.2901326375 0.84648781875 0.29461313958333335 0.843200290625 0.29396794791666664 0.8391614640625 0.29501470416666664 0.8320753796875 0.3025407166666667 0.8299958078125 0.3060741479166667 0.8292865765625 0.3080546416666667 0.8295810343750001 0.31007445 0.8290461234375 0.31051253333333334 0.829466778125 0.313397975 0.8318768125 0.31486948124999997 0.8336437421875 0.3174060041666667 0.83554293125 0.31811157083333336 0.8368831453125001 0.32045923958333333 0.836600628125 0.32262858333333333 0.8356810671874999 0.32316635833333335 0.830049634375 0.32013418125000004 0.8262271953125 0.3199270708333334 0.8176146328125 0.32245866666666667 0.8148318890624999 0.3252760041666667 0.8142308515625001 0.32662956458333336 0.8149880296875001 0.33182336041666666 0.8156070718749999 0.33196236458333334 0.8159015296875 0.333982175 0.81837163125 0.33723479375000004 0.8202886406250001 0.34901525625 0.8241349625 0.3576006770833333 0.8267973890625001 0.36080344999999997 0.8317798390625001 0.3580148979166667 0.8389379328125001 0.3564591541666667 0.8473941734375 0.35696253541666667 0.85149306875 0.3576968895833333 0.8518115906249999 0.358512675 0.8565115234375 0.35789346875 0.8587292328125 0.35941482291666665 0.8591919515625 0.36258880833333335
0 0.4798696515625 0.6288886270833333 0.48318124375 0.62832979375 0.4875867171875 0.6256907791666666 0.4997031984375 0.6225505062500001 0.5028044609375 0.6205489541666667 0.50561126875 0.61652759375 0.509698040625 0.6226551229166667 0.5070835609375 0.6266266395833333 0.5060436828125 0.6331845208333333 0.5082310890625 0.6481888166666666 0.51013615625 0.6557801270833333 0.511584565625 0.6575008604166667 0.513591946875 0.6575794937499999 0.515707521875 0.6570311916666667 0.5205878390625001 0.6521729875 0.5239594984375 0.6533952645833333 0.5236529187500001 0.6567686333333334 0.5223426484375 0.6601026854166666 0.522486846875 0.6624608833333333 0.5219519359375 0.6628989645833333 0.5238570046875 0.670490275 0.5271384734375 0.6738320541666667 0.5311712390625 0.6754818854166668 0.53161595625 0.6771633041666667 0.5365561609375 0.6836685395833333 0.53778818125 0.6866431416666666 0.542259603125 0.69267098125 0.5444773125 0.6941923333333333 0.5458235890625 0.6938434145833334 0.54822168125 0.6911257666666667 0.548696521875 0.6889065750000001 0.5531802484375 0.6799589041666666 0.557074875 0.6765539479166667 0.5587517953125001 0.6716276375 0.5626884875 0.6685112270833333 0.56491831875 0.6646394041666667 0.5647201140625 0.6578035041666667 0.56521295625 0.6570768791666667 0.563890925 0.6466394458333333 0.5674189046875 0.6448267458333333 0.5703638484375 0.6458601708333334 0.57429448125 0.6454403479166667 0.576398115625 0.6407028895833334 0.575875328125 0.63574779375 0.576368171875 0.63502116875 0.5746855531249999 0.6234794041666666 0.573940315625 0.6224747625 0.5744331593750001 0.6217481374999999 0.573742109375 0.6156388666666667 0.5707672234375 0.6089237187500001 0.571542584375 0.6060277479166667 0.5749023015625 0.6030608729166667 0.5780096265625 0.5983627333333333 0.5811950218749999 0.59693826875 0.5841520890624999 0.5925785166666666 0.591899278125 0.5854800604166667 0.5916288828125 0.5822562291666666 0.5929391546875 0.5789221770833334 0.591046028125 0.5755200229166667 0.5881853953125 0.5654813520833333 0.58554703125 0.5610745583333333 0.5824880125 0.5537823229166666 0.5812681140625 0.5454145416666666 0.5780707765625 0.5426498520833333 0.5754022890625 0.5421436687500001 0.5714176484375 0.53808579375 0.5696508984374999 0.5259669395833334 0.5688455953125 0.5231811875 0.56731305625 0.5208833645833333 0.5650953453125 0.5193620104166666 0.5632802890625 0.5192335333333333 0.5591332687499999 0.520907225 0.555959815625 0.52652084375 0.5543008984375 0.53293971875 0.553531596875 0.5331391020833334 0.5518908640625 0.5314682125 0.5504905812499999 0.5273394333333333 0.550983425 0.5266128083333333 0.5508032234375 0.5212694770833334 0.55271453125 0.5165818645833333 0.55362215 0.5118549375 0.5546078390625 0.5104016875 0.5566394640625 0.49969396666666666 0.556218809375 0.496808525 0.552390490625 0.48971567083333334 0.54805720625 0.48874261874999997 0.5400157375 0.4842389354166666 0.5363555 0.48788259166666664 0.5337169562499999 0.49305812916666664 0.5326651390625 0.49542685625 0.5328754671875 0.4968695791666667 0.5316252625 0.5019847395833333 0.527400171875 0.50038475625 0.5238962546875 0.50099343125 0.5234634796875001 0.5035011666666667 0.522177271875 0.5056311979166667 0.5147366609375 0.5093562875 0.5119057921875 0.51458166875 0.5085100687499999 0.5145634145833333 0.50066680625 0.5168956270833334 0.4903532609375 0.52555755625 0.4882255640625 0.5314990333333334 0.4859777296875 0.5338782916666667 0.48460133125000004 0.5381278208333333 0.4859174828125 0.5416795125 0.4882854515625 0.542862475 0.49043703125000004 0.5452993083333334 0.49295525937500007 0.54614388125 0.494445734375 0.5481531604166666 0.50048588125 0.5498816229166666 0.50084646875 0.5509859541666666 0.5047049109375 0.5541781979166667 0.5060210640625 0.5577298875000001 0.5041758828125 0.5615020208333333 0.50071403125 0.5623992416666667 0.492906953125 0.55813425625 0.48595918749999995 0.5611327208333333 0.479450078125 0.56850919375 0.47691366874999996 0.5757543854166667 0.47746052031249997 0.5795054604166666 0.47844014687499997 0.5807487979166667 0.48181180625 0.581971075 0.4844321671875 0.5848853041666667 0.483506546875 0.5881196666666667 0.4818356890625 0.5903493875 0.4797741203125 0.5953753875000001 0.479082890625 0.5988484458333333 0.4809938390625 0.6133255 0.480458928125 0.6137635791666667 0.4805610609375 0.6158332354166667 0.47933492187500004 0.619744375 0.47947912031250006 0.6221025729166667 0.4789442109375 0.6225406562500001 0.47878789062499993 0.6255756333333333 0.4798696515625 0.6288886270833333
0 0.639475121875 0.6434821270833333 0.639155796875 0.6453989979166667 0.6397748390625 0.6455380041666667 0.6407002796875 0.651885975 0.642635471875 0.6555766729166667 0.6434889015625 0.6559543791666667 0.6437412953125 0.6576856458333334 0.64605525625 0.6543909104166666 0.650695121875 0.65199059375 0.6529008890625 0.6493227895833333 0.6542892296875 0.6492624145833333 0.6557376390625 0.65098315 0.656506759375 0.6603660979166667 0.6559057203124999 0.6617196583333332 0.6571798078125 0.6649828062500001 0.660058621875 0.6669317104166667 0.6628593656249999 0.6656069375 0.6639471890624999 0.6662233437499999 0.665864378125 0.668421475 0.668346421875 0.6758632479166666 0.6709006546875 0.6796929541666666 0.6728178453125 0.6818910854166667 0.6766162203125 0.6833022187500001 0.678232890625 0.6861771291666667 0.679555103125 0.6870322333333333 0.682139459375 0.6869613291666667 0.687235984375 0.6904315875000001 0.6901208609375 0.6896839020833333 0.6924588843749999 0.68518514375 0.6933064359375 0.6786771041666667 0.6976520234375 0.6646746479166666 0.7028148562500001 0.6576470958333334 0.7026166515625001 0.6508111979166666 0.70310949375 0.6500845729166667 0.70231025 0.6446022333333333 0.699503625 0.6390412624999999 0.6990829703125 0.6361558208333334 0.6997080718750001 0.6335982416666667 0.7013789312500001 0.63136851875 0.7037228359375 0.6337555062500001 0.709312203125 0.6364991354166667 0.7130084453125 0.6358406145833333 0.71414439375 0.6340489729166666 0.714601234375 0.6303372166666666 0.71424670625 0.6265362958333333 0.7147395515625 0.6258096729166667 0.7132492578125 0.6142180604166666 0.712762475 0.6122480958333333 0.707167225 0.6026187229166666 0.706494178125 0.5980020145833334 0.7074378 0.5962602208333333 0.7106893234375 0.5939202791666667 0.7112062328125 0.59198963125 0.7124683765625 0.591063625 0.715599765625 0.5851614604166666 0.7182502515625 0.5841750791666667 0.7226797890625 0.5803320416666666 0.7220247421875 0.5772079 0.7188094031250001 0.5729506437499999 0.7169223390624999 0.5668519 0.7141157125 0.5612909291666667 0.7125952953125 0.5535999291666667 0.7112791421875 0.5500482375 0.709217934375 0.535909575 0.7031719078124999 0.52729536875 0.702751253125 0.5244099270833333 0.7034244796875 0.5194443000000001 0.704476296875 0.5170755729166667 0.7043561609375 0.5135133520833334 0.7017358 0.510599125 0.696272628125 0.5087211229166667 0.6941691734375001 0.5038762479166666 0.690352796875 0.50097255 0.668109396875 0.49625683125000003 0.66559116875 0.49541225833333336 0.6633133921875001 0.49210979583333336 0.6600679281249999 0.4917531479166667 0.6560230406249999 0.49549649375 0.6549050953125 0.4987807 0.65497104375 0.5074475520833334 0.6544541359375 0.5093782 0.6499224640625 0.5111515833333333 0.6444352296875 0.5104776062499999 0.6361231859375 0.5123324229166667 0.633021921875 0.514333975 0.6305156359375 0.5176785583333333 0.627991346875 0.5195305708333333 0.6213200359375 0.5230562791666666 0.6172870890625 0.5309887791666666 0.614420215625 0.53322903125 0.6132602046875 0.53622469375 0.6118057359375 0.5372005458333333 0.609058996875 0.5430030166666667 0.608367765625 0.5464760770833333 0.6088484890625 0.5511426291666666 0.6083135796875 0.5515807083333333 0.609563603125 0.5560478791666666 0.6114627890625 0.5567534458333333 0.6129953296874999 0.55905126875 0.6164931859375 0.5611391812500001 0.6178093359375 0.5646908729166668 0.6086918078125 0.5733422708333333 0.60727334375 0.5773032583333334 0.608282915625 0.5842283166666667 0.6124418765625 0.5867437791666668 0.6128024640625 0.5878481104166667 0.6105485703125 0.5929239583333333 0.608450996875 0.594964825 0.60906985625 0.6046861645833334 0.608534946875 0.60512424375 0.6106382203125 0.6195514520833334 0.6112572609375 0.6196904583333332 0.61155171875 0.62171026875 0.6110168093749999 0.62214835 0.6115215953125 0.6256108791666667 0.61092055625 0.6269644395833333 0.6109565625 0.6299495708333332 0.6121343953125 0.6380288083333333 0.6149531421875001 0.6381966 0.6223276249999999 0.6353869895833333 0.633404409375 0.62922226875 0.6375574890625 0.6248519874999999 0.6399434609375 0.6275275166666667 0.6386813171875 0.6284535229166667 0.6379900859375 0.6319265854166667 0.639475121875 0.6434821270833333
0 0.21987244687500002 0.25698518958333333 0.2189708890625 0.25901552708333336 0.2164466 0.26086754375 0.2129006171875 0.261187675 0.2070647375 0.2635985208333333 0.20243093281250002 0.26330225 0.1996362484375 0.2619304333333333 0.1907892953125 0.26422333124999997 0.188222940625 0.26578680208333333 0.1864438890625 0.2686434583333333 0.18019929375 0.2723580166666667 0.1775186859375 0.27724501041666666 0.1773202984375 0.27999144375 0.1784140015625 0.28749359166666666 0.17941163124999998 0.29022949583333335 0.1818396671875 0.2931935708333333 0.18450815468749998 0.2936997541666667 0.1862750859375 0.296236275 0.1854756609375 0.3003362708333333 0.181881553125 0.3030644458333333 0.17898455468750002 0.3092053083333333 0.177866609375 0.31248951458333335 0.1782632 0.3165789770833333 0.18096769375 0.32007029374999996 0.1848261359375 0.3232625375 0.18628630625 0.33875476041666663 0.1877947828125 0.3422566041666667 0.1907156625 0.3444940541666667 0.19116038125 0.3461754708333334 0.192566725 0.34760766249999997 0.1936604265625 0.3551098125 0.19677969374999998 0.354600825 0.19950825 0.3568881208333333 0.203889659375 0.3554531270833333 0.214647921875 0.34847261874999996 0.2198348203125 0.34024104374999997 0.2253101140625 0.33672586666666665 0.22993803750000003 0.33013639375000003 0.23368240624999997 0.3270698270833333 0.23533526093749998 0.32334753958333334 0.2441160859375 0.3219701208333333 0.2443745390625 0.32100479583333336 0.25117810625 0.3156481333333333 0.2513944953125 0.31439426666666664 0.254519821875 0.3111886916666667 0.2550367296875 0.30925804375 0.2573506921875 0.30596330833333335 0.2585588296875 0.3005596020833333 0.2583185578125 0.29343515833333333 0.25994735 0.29091689375 0.26462322031249996 0.29150171041666667 0.2655607828125 0.29245650416666663 0.26634202500000004 0.2964462770833334 0.2676642359375 0.2973013791666667 0.27195545625 0.29798588541666665 0.280009046875 0.29709639375 0.2863436515625 0.30084466666666665 0.2912419703125 0.297479025 0.29710797499999997 0.29116756875 0.3009245328125 0.28448893541666664 0.30060013125 0.2767874041666667 0.301050909375 0.2757722354166667 0.3046209546875 0.2742480791666667 0.30740369843750004 0.27143074166666664 0.30918275 0.2685740875 0.3108295453125 0.2675483875 0.312031621875 0.26484126874999997 0.31562572968749997 0.2621130916666667 0.3173206515625 0.25867935000000003 0.31788568437500003 0.25434065833333336 0.31566815625 0.24323697291666668 0.3148387875 0.24165524583333334 0.3123866890625 0.23989519374999999 0.30966419375 0.23491131041666666 0.309970775 0.23153794374999997 0.31085432968750004 0.22801503750000002 0.3131682921875 0.22472030208333335 0.318493325 0.22154351458333332 0.3215345234375 0.21776085208333334 0.32249026718749996 0.21062588125 0.31943124843750004 0.20333364583333333 0.31288025468749997 0.20083923958333333 0.308264453125 0.20203553541666666 0.3072126359375 0.20440426458333333 0.30252464375 0.209212625 0.30245851562500004 0.21012810416666666 0.29880433906250004 0.21107517083333333 0.297590321875 0.20959313333333332 0.29611196875 0.20219067500000001 0.2963524203125 0.19973278749999998 0.30078801718750003 0.19319316041666665 0.3015213140625 0.19000864375 0.30289165156250003 0.18845570208333334 0.30446037812500004 0.18415632708333335 0.306299496875 0.18308078333333333 0.3076518328125 0.180035275 0.3108192265625 0.17711824583333333 0.31476198125 0.17130524375 0.31459371875 0.17015106666666666 0.3152788875 0.16937459583333334 0.312123978125 0.1477337875 0.311102284375 0.14620190416666665 0.307580365625 0.14531801458333332 0.30226139218750003 0.14579821458333334 0.2999354890625 0.14490379375 0.29604692187500004 0.1456121625 0.292909653125 0.14462858125 0.2822897078125 0.14708154583333333 0.28053471874999997 0.14873417708333334 0.2793747078125 0.15172984166666667 0.2766760953125 0.15512426875 0.276285384375 0.15792054791666665 0.2746986578125 0.16072735624999998 0.2741756890625 0.16535459375 0.2723305078125 0.169126725 0.272919425 0.17316634375 0.2718255421875 0.17524652916666666 0.2670655421875 0.17408462291666668 0.26472163593750003 0.1716976375 0.26064074375 0.17245585208333333 0.25806832968750004 0.17671591041666668 0.25428795625 0.1767973458333333 0.25222050625 0.17493760208333334 0.2490832375 0.17395402083333333 0.2471660484375 0.17175588958333332 0.23926877812499997 0.16961040416666667 0.23236307812499998 0.17289741458333333 0.2289072875 0.17109804583333332 0.2246581328125 0.17070208333333334 0.2058102765625 0.17558695208333336 0.1997820703125 0.17804764583333332 0.18927638125 0.1771770875 0.185814528125 0.17807430833333332 0.184065421875 0.18661268333333333 0.1802609859375 0.18789813958333335 0.1772017859375 0.1901882375 0.17687720468749998 0.1920690375 0.17443704531249998 0.19449814166666668 0.17389607499999998 0.19763281041666667 0.17107126718750001 0.20016160625 0.16991125468749999 0.20315726666666667 0.1688414359375 0.20403342916666667 0.1675912328125 0.20914859166666666 0.165878309375 0.21108976875 0.16585424531249998 0.21229379166666668 0.16369054375 0.2152501375 0.1631736375 0.21718078541666666 0.16293318437499998 0.21963867291666667 0.1642974625 0.22078232291666666 0.16474218125 0.22246374166666666 0.18159441875 0.231271725 0.1821473296875 0.23232621041666668 0.18590363906250001 0.2334488 0.1873941140625 0.23545807916666667 0.19392104375000002 0.23915650416666667 0.2026296796875 0.24139115 0.209763709375 0.24103943125 0.213453890625 0.24307749583333335 0.21524488437499997 0.24440999583333334 0.21573166718749998 0.24637995833333332 0.2178832484375 0.24881678958333334 0.2200708328125 0.2542387541666667 0.21987244687500002 0.25698518958333333