0 0.11616774999999999 0.0113123875 0.11531713437499999 0.014277564583333334 0.11566274375 0.017718816666666668 0.116918059375 0.020053802083333336 0.12121306093749999 0.02034726041666667 0.12455231562499999 0.017113962500000003 0.13008064218749998 0.014804314583333334 0.1303802125 0.01361254375 0.1341262265625 0.010436250000000001 0.13553888125 0.0081667125 0.138099665625 0.0069833895833333335 0.13811271875 0.004209272916666667 0.1360438890625 0.0017602833333333334 0.13159360625 0.0008281875 0.11838498593749999 0.00144465 0.116792996875 0.0033806166666666667 0.11616774999999999 0.0113123875
0 0.36496974843749996 0 0.3651809046875 0.00086843125 0.364664903125 0.004805816666666667 0.36318010312500004 0.007990558333333333 0.3630117671875 0.010126033333333334 0.3605932125 0.014722110416666667 0.3597645875 0.022625379166666668 0.3558502375 0.02793715 0.3537772921875 0.03597447916666666 0.3514789765625 0.039045214583333335 0.3506283609375 0.04201039166666667 0.3481747625 0.044442489583333335 0.347168865625 0.04676902916666667 0.34725200312500004 0.04832287083333333 0.3477659484375 0.04962864583333334 0.3522402796875 0.05025567500000001 0.353760121875 0.0492349125 0.3586652609375 0.049613875 0.3625644984375 0.052319377083333334 0.375390409375 0.051340843750000004 0.3871293421875 0.045891847916666666 0.38894875624999997 0.04367931458333333 0.39426065 0.04411528125 0.3988552203125 0.04321696666666666 0.40209828593749997 0.04120394166666667 0.40806841250000003 0.04111527708333333 0.4126038921875 0.03835805416666667 0.42111075624999994 0.03739113125 0.42405425 0.036569877083333334 0.4264838 0.03444284583333333 0.431305796875 0.03326796666666667 0.433125209375 0.031055433333333334 0.435003715625 0.03070180625 0.43727798125 0.027936141666666667 0.44026957187500004 0.02650475 0.44198179687500005 0.023043441666666668 0.4424146609375 0.01755221666666667 0.44096902031249996 0.012414616666666666 0.44130569062499997 0.008143662500000001 0.4438204375 0.002327314583333333 0.444454621875 0.00210775 0.4448263359375 7.75e-7 0.4448269734375 0 0.36496974843749996 0
0 0.270071165625 0.049227475 0.26866056718750003 0.04625385208333333 0.2635781578125 0.040298160416666666 0.2614722265625 0.040928352083333334 0.259628765625 0.04344595416666666 0.2566461125 0.05258955208333334 0.2546714171875 0.05416344583333333 0.2518811484375 0.060866497916666665 0.2498343078125 0.0633556 0.24410948124999998 0.07859211041666667 0.24336399531250003 0.08804921874999999 0.2415906203125 0.09489477708333333 0.24098942031249998 0.10252147916666667 0.2382341953125 0.11138850833333333 0.2367954328125 0.119206275 0.2359537546875 0.12988365625 0.23767491875000002 0.13413455416666667 0.2408087375 0.13611591458333333 0.245917253125 0.13652337916666665 0.2546996390625 0.13466975208333334 0.2597971609375 0.13260817083333334 0.2680085671875 0.12234669791666668 0.269959215625 0.12107786875 0.27076173593749997 0.11872282708333333 0.2723056265625 0.11739699791666666 0.2733596203125 0.11446032083333332 0.27379248437500003 0.10896909791666666 0.2728367390625 0.10544234166666668 0.2713780453125 0.10307885416666666 0.2715223328125 0.10124844375 0.2721565171875 0.10102888125 0.2728168078125 0.09526108958333333 0.27491174375 0.09216185208333334 0.27528345781249997 0.090054875 0.28046617500000004 0.08430397708333334 0.2819159328125 0.07895525833333333 0.2825501171875 0.07873569374999999 0.28291495 0.06367335416666667 0.283358809375 0.06065117291666667 0.28399299375 0.06043161041666667 0.2842815703125 0.05677079375 0.28369548125 0.05638022291666667 0.283804725 0.052385835416666665 0.28189117812500003 0.05057548125 0.2800607703125 0.05031897083333334 0.27587295625 0.05127428541666667 0.272212140625 0.0507612625 0.270071165625 0.049227475
0 0.5083176546875 0.09711168541666666 0.5028855203125 0.0982010625 0.49891207812499994 0.10165392291666667 0.49674499843750003 0.10566836458333334 0.4935259828125 0.10737632291666667 0.49095214531250003 0.1113337625 0.48715803593749996 0.11512019166666666 0.48524243125 0.11855299999999999 0.4771753109375 0.1269840625 0.4754149890625 0.13105550625 0.47218291875 0.13553757916666667 0.46731282500000004 0.13732259375 0.4630748578125 0.14413120208333333 0.46013136406250005 0.14495245625 0.45942503593749995 0.14608722500000001 0.4547102234375 0.14851087916666666 0.4508460296875 0.14796935416666665 0.44450624687499996 0.14492183541666667 0.436729759375 0.14444892291666667 0.4332592671875 0.14673851458333334 0.42993100625 0.15244085833333332 0.42820778437499996 0.15343312083333333 0.4256339484375 0.15739056041666669 0.42416219999999993 0.15780118541666666 0.42118160624999995 0.16170162291666665 0.41370263281249997 0.16528009791666667 0.401786428125 0.16515236458333332 0.398853928125 0.16844266458333335 0.39738218125 0.16885329166666668 0.3946159609375 0.17525127499999998 0.3891336734375 0.18219394583333332 0.3880556296875 0.1854356895833333 0.3874214453125 0.18565525416666664 0.38700163593750003 0.18837236458333334 0.3832185203125 0.19462784166666666 0.37840751875 0.19827176666666665 0.37569145000000004 0.19881645416666668 0.373896084375 0.20072391875 0.36226639843749997 0.20217852916666665 0.3605431765625 0.20317079166666666 0.35817271875 0.20715673125 0.3578600953125 0.21112261666666668 0.3590192171875 0.21467787291666665 0.3607053375 0.21676479166666668 0.36623160625 0.21969830625 0.37172283125 0.22046783958333332 0.379595509375 0.21972048125 0.38309898593749997 0.22483802708333334 0.38405473125 0.22836478333333332 0.38326114843750003 0.23843202916666667 0.38488612187500004 0.24390320000000001 0.3852186765625 0.2501185645833333 0.3857807171875 0.25081420625 0.38456938125 0.25835540208333335 0.3820195921875 0.262007775 0.3811930234375 0.2646678833333333 0.37780567187499997 0.26851131666666667 0.372863434375 0.27121153541666665 0.369272703125 0.2750264666666667 0.367236859375 0.27998461458333335 0.36534324375 0.2883555125 0.364610809375 0.29503850833333334 0.365288975 0.3046951270833333 0.3658510140625 0.30539076875 0.3653700546875 0.3114921291666667 0.3664329859375 0.3162676604166667 0.36878833437499997 0.32029899375 0.36877528125 0.32307310624999996 0.369337321875 0.3237687458333333 0.36750073906249997 0.3392417125 0.368959434375 0.3416052 0.374118103125 0.33615936874999996 0.376009659375 0.33303163125 0.3829987390625 0.32784231041666667 0.38546333125 0.32787925833333337 0.38986757656250004 0.32417833125 0.3902873875 0.32146121875 0.3909215703125 0.32124165416666667 0.39142657812500004 0.31483522708333334 0.390840490625 0.31444465208333333 0.391109134375 0.3006025875 0.39211503125 0.29827604583333334 0.392379559375 0.29492029583333335 0.39301374375 0.29470073333333335 0.394837271875 0.2820018791666667 0.3965975953125 0.2779304354166667 0.3995410890625 0.27710918125 0.402136915625 0.2780898354166667 0.40629862499999997 0.28268274791666664 0.41075990312500005 0.28608388958333336 0.41503085625 0.28668241666666666 0.418680678125 0.2847263958333333 0.42084364062499996 0.29119827291666667 0.42135347031250003 0.30299036874999996 0.42202269687499994 0.30493478125 0.42175816875 0.30829052916666666 0.42309456718750005 0.31742251666666665 0.4241245125 0.3147909104166667 0.4270089140625 0.3121107458333333 0.428493715625 0.30892600416666666 0.4302079984375 0.3002215354166667 0.4308421828125 0.30000197291666664 0.43096242343749996 0.29847663125 0.43338097812500004 0.29388055625000004 0.433921028125 0.28963810416666663 0.43455521093750005 0.2894185395833333 0.435047165625 0.285786225 0.43630453906250005 0.28287805 0.4378154453125 0.27414508125000003 0.4398272421875 0.2694920020833333 0.45108039375000003 0.25194584583333335 0.4574503984375 0.23895881458333335 0.45944914218750005 0.23707985 0.460455040625 0.23475331041666667 0.4677196421875 0.2286772875 0.4694318671875 0.22521598125 0.469600203125 0.22308050416666667 0.472029753125 0.22095347291666664 0.47374197812499996 0.21749216666666668 0.4765542390625 0.21572720625 0.47738080624999996 0.21306709583333333 0.47861618906250003 0.20522082916666667 0.47811735625 0.19589778124999999 0.47753126718749994 0.19550720833333332 0.47747217812500004 0.1936483 0.47409993437500003 0.18947446041666666 0.4702116921875 0.18923800416666667 0.46707787187500005 0.18725664166666667 0.46420858125000003 0.18191953125000002 0.46452120468749997 0.17795364791666665 0.46771822968750004 0.1713076 0.471072596875 0.16005702916666667 0.4727848234375 0.15659572083333334 0.4770688296875 0.15442013333333332 0.4791156703125 0.15193103333333333 0.4848824171875 0.15181386458333332 0.48725081875000004 0.15307108333333333 0.4910889078125 0.15916083749999999 0.48919735 0.16228857291666668 0.48883663125 0.16686459375 0.490426559375 0.1701717875 0.49424265937499995 0.17132344791666665 0.49594183281250004 0.17063625416666667 0.50145710625 0.17110072083333333 0.5047242187500001 0.16878262708333333 0.50901921875 0.16907608541666666 0.510049165625 0.16644447916666666 0.5109739828125 0.15732093958333332 0.5118809265625 0.13277298541666666 0.513234490625 0.12864453958333333 0.513868675 0.12842497708333334 0.5145530125 0.12235211458333332 0.510666828125 0.11687249999999999 0.5107279765625 0.11348825 0.5117579234375 0.11085664166666667 0.5160549828125001 0.10590694166666667 0.5200634640625 0.10461805625000001 0.5201596562499999 0.10339778333333333 0.5217756921875 0.10115674999999999 0.522495071875 0.09724786666666667 0.5220292234375 0.09533195416666666 0.5207498609375001 0.0933020375 0.5179987500000001 0.09168274791666667 0.5175198484375 0.09254094791666666 0.5148278296875 0.09278056875 0.5083176546875 0.09711168541666666
0 0.5336485625 0.028795452083333332 0.5332637953125 0.033676541666666664 0.5326055640625 0.034201175 0.53238913125 0.03694678541666666 0.532951171875 0.03764242708333333 0.5329621671875 0.04011147291666666 0.53526941875 0.044752941666666664 0.5388099953125 0.046791306250000005 0.541799528125 0.050603075000000004 0.5429105546875 0.05476846875 0.5453971375 0.05974350625 0.5527888578125 0.06509751041666666 0.561234571875 0.06751483541666665 0.565232059375 0.06375690625 0.567471284375 0.058827260416666666 0.5690151734375 0.05750142708333333 0.5710970578125 0.05717630625 0.573071753125 0.05560240833333333 0.5755122984375001 0.05594442291666667 0.577642278125 0.05500916458333334 0.5780139921874999 0.052902189583333335 0.5800848796875 0.050108020833333336 0.5816548765625 0.0432339625 0.5822890609375 0.04301439583333333 0.5810467984375001 0.037905297916666664 0.579946765625 0.036208950000000004 0.5801391484375 0.03376840625 0.5795530609374999 0.033377831250000004 0.5806201078125001 0.027667043750000002 0.582918421875 0.024596306249999998 0.5872003703125 0.02766388125 0.5903692328125001 0.03180921875 0.592558303125 0.03273286875 0.5971638703125 0.03430360416666667 0.6010651671875 0.03176594583333334 0.60177149375 0.030631177083333336 0.6023376515625001 0.020840497916666666 0.6043624999999999 0.013413304166666667 0.604482740625 0.011887964583333332 0.5291309265625 0.0013282395833333334 0.5272579203125 0.0029163875 0.5253182671875 0.006654260416666667 0.5240498984374999 0.007093389583333333 0.5231992828124999 0.010058564583333334 0.5226461812500001 0.01707513125 0.523661015625 0.022460797916666667 0.5253711859375 0.024242649999999998 0.531041740625 0.025345752083333332 0.5331586671874999 0.027184608333333336 0.5336485625 0.028795452083333332
0 0.8607818375 0.06291892708333333 0.8696583578125001 0.06508818749999999 0.8819662078125001 0.07329019791666667 0.8903287843750001 0.07415368333333333 0.8973027515625001 0.0769816375 0.902348059375 0.08601651041666666 0.9067261999999999 0.08786381041666667 0.9152900953125 0.09399895625 0.9194518046875 0.09859186875 0.9216408749999999 0.09951551875 0.9246063578125 0.10363235624999999 0.9353373328125001 0.10575306250000001 0.9390812890625 0.107819925 0.9392125234375 0.10876363125 0.9463067296875 0.11006624375 0.9503172718749999 0.10353419999999999 0.9531295312499999 0.10176924166666666 0.9542316203125001 0.09822242916666667 0.9536455328125 0.09783185833333333 0.9503605468749999 0.08472553958333333 0.9472397796875001 0.07997006458333332 0.9472548906249999 0.07195279166666667 0.9466337593749999 0.06939824166666667 0.94454088125 0.06725432083333334 0.9409783140625001 0.060277864583333333 0.94107450625 0.059057591666666666 0.8387750140625 0.04472144583333334 0.838654775 0.04624678541666667 0.8373974015625001 0.049154960416666664 0.828901534375 0.05259092916666666 0.8226799328125001 0.053261231250000006 0.8208845671875 0.05516869791666667 0.8198305734375 0.05810537291666666 0.8209065578124999 0.0601067875 0.8255361718750001 0.061372454166666666 0.8522509265625 0.06419091875 0.8607818375 0.06291892708333333
0 1 0.14381733541666666 0.9996057109375001 0.14344431041666666 0.9962685140625 0.14143445000000002 0.9911840453125 0.14072191666666667 0.9811573390625 0.14270960416666664 0.9764665765625 0.14482818749999998 0.9713319546875001 0.14996895208333333 0.9696066765625 0.156204375 0.9661341265625 0.16373712708333335 0.9657143171874999 0.1664542375 0.9594535562500001 0.17544687916666665 0.9554540109375 0.18444797083333334 0.9543608562499999 0.19570698541666667 0.9535583375 0.19806202708333334 0.9520975843749999 0.2009417 0.9494165609375 0.20365036666666667 0.94833851875 0.20689211041666666 0.9469739593750001 0.20855151041666667 0.946084184375 0.21983902916666667 0.946646225 0.22053466875 0.9465610281249999 0.2242239875 0.9474336343750001 0.22619690208333332 0.9492640421875 0.2264534125 0.9507838843749999 0.22543265 0.9565416953125 0.21760327708333332 0.9567079734374999 0.22071095833333335 0.9594199234375 0.23065259166666668 0.9627811703125 0.23235738541666665 0.9641938265625001 0.23008784999999998 0.9710516703125001 0.22395482083333332 0.9734221296875001 0.21996888333333334 0.974893875 0.21955825416666666 0.9777191875 0.21501918125000002 0.9790116031249999 0.21427498541666665 0.9806516859375 0.21172888125 0.9817778234375 0.20787700208333335 0.9850820375 0.20247972708333334 0.9867351734375 0.19715951041666668 0.9869756531249999 0.19410882916666666 0.9878613109375 0.19330762916666666 0.98934816875 0.18487972916666667 0.990305971875 0.18316332500000002 0.991897959375 0.18122735833333334 0.9979402296875 0.1802234875 1 0.17702584791666667 1 0.14381733541666666
0 0.78276925625 0.5673864270833333 0.783068828125 0.56619465625 0.7856536609375 0.5647062625 0.7882755921875 0.5601386875000001 0.7883848375 0.5561443 0.7873329015625 0.55383781875 0.7873219078125 0.5513687708333334 0.7850387015625 0.5464222354166667 0.779477390625 0.54132474375 0.7768815640625 0.5403440895833334 0.76272819375 0.53990284375 0.7601433609375 0.5413912354166667 0.75895813125 0.54338420625 0.7587176515625 0.5464348875 0.7592796921875 0.547130525 0.7591463984375 0.55142998125 0.7599338078125 0.5570922145833334 0.7606511312500001 0.5584264916666667 0.7604347 0.5611721020833333 0.7571194921875 0.5641003333333334 0.7534937187499999 0.5657512874999999 0.7519848703124999 0.5692410958333334 0.751123259375 0.5697372291666666 0.748464225 0.5773839833333334 0.7461659109375 0.58045471875 0.74448666875 0.5913231666666667 0.748396903125 0.5964977145833333 0.7525476171875 0.5986215812500001 0.7551544375 0.6020712791666667 0.758443540625 0.6046912791666668 0.761949075 0.6045656625 0.76275159375 0.6022106229166667 0.7650849515625 0.6013038645833333 0.7652532875 0.5991683875 0.7664144703125 0.5974804854166667 0.7672279843750001 0.5975944895833333 0.7679411921875 0.6094150875000001 0.7719957125 0.6127592270833334 0.7732029328125 0.6157043479166667 0.7772464578125 0.6165794416666667 0.77908991875 0.6140618395833334 0.781171803125 0.6137367187499999 0.7833979734375001 0.6115811854166666 0.78420049375 0.60922614375 0.7899823515625 0.6010917041666667 0.7912417828125 0.5929403708333333 0.7945940921875 0.5869329583333334 0.7949197671875 0.5801929583333333 0.793988071875 0.5763611333333334 0.79142934375 0.5723013 0.7887022828125 0.5703769416666666 0.78526889375 0.56958735 0.78276925625 0.5673864270833333
0 0.7838868703124999 0.12801872291666666 0.7835392046874999 0.12982062916666667 0.7815164109375 0.13200466458333335 0.77939536875 0.14065212708333333 0.777635046875 0.14472357291666665 0.7761633 0.14513419791666668 0.773889034375 0.14789986666666666 0.770659021875 0.14713877916666668 0.7705277875000001 0.14619507291666667 0.7687695234375 0.14502335624999999 0.7667377937500001 0.13949518541666667 0.762538984375 0.13798145416666668 0.7596044265625 0.14651491458333332 0.7575816343749999 0.14869894583333335 0.7571618250000001 0.15141605625 0.75650359375 0.15194068958333334 0.7561909703125 0.155906575 0.753962740625 0.16330526666666667 0.751891853125 0.16609943333333332 0.7504049953124999 0.17452733541666668 0.7482860125 0.17793164166666667 0.7474724968750001 0.17781763541666665 0.74657584375 0.1761497875 0.747668996875 0.16489077291666668 0.74881918125 0.16073382291666669 0.750938165625 0.15732951875 0.75272459375 0.14770984583333335 0.754388725 0.144858675 0.75648571875 0.13651627708333333 0.757119903125 0.1362967145833333 0.7576008625 0.13019535416666667 0.755507984375 0.12805142916666667 0.7530214015625 0.12307639166666666 0.749756346875 0.12015132499999999 0.7449824453125 0.12071606666666666 0.7429466 0.12567421458333333 0.7424896890625 0.13147050833333332 0.7430517296875 0.13216614791666667 0.743014628125 0.13524532916666668 0.741921475 0.14650434791666667 0.7377666453125 0.15486679791666666 0.7358970796875 0.16293262916666668 0.728317796875 0.17821769583333333 0.7260284203125 0.18900063749999998 0.725142759375 0.18980183750000001 0.7241719046874999 0.19429235416666665 0.7245175125000001 0.19773360833333334 0.7345421625 0.20098907916666667 0.7354388140625 0.202656925 0.735318575 0.20418226666666667 0.7357143374999999 0.20177022500000003 0.7386227890625 0.1987849916666667 0.74104134375 0.19418891666666666 0.74166453125 0.19150030416666666 0.7448464484375 0.19287152916666667 0.74331149375 0.20190956666666665 0.7426532609375001 0.20243419791666667 0.742541959375 0.21167174375 0.7461787281250001 0.2124898375 0.7479960828125 0.21552046249999998 0.7493716390625 0.21633010625000001 0.7521076375 0.22596666875 0.7563675953125 0.22409615 0.759420334375 0.2192805125 0.7604612765625001 0.21911794999999998 0.7702275703125 0.20999969375 0.7711173453125 0.19871217291666668 0.772781475 0.19586100208333335 0.7801271562500001 0.19658197916666667 0.782101853125 0.19500808333333333 0.7839583671875 0.18971636666666666 0.7845836140625 0.18178459791666668 0.7855895125 0.17945805833333334 0.7898735171875 0.17728247083333332 0.7908072734375 0.17587113541666666 0.7913253328125001 0.16669059166666667 0.790476775 0.16441260833333335 0.790513875 0.16133342916666665 0.7899277875 0.16094285416666668 0.7914867890624999 0.15159975 0.7929667671875 0.13021648541666667 0.7923806796874999 0.1298259125 0.7923215890625 0.12796700416666668 0.78987005 0.12515594375 0.7852514296875001 0.12635932083333332 0.7838868703124999 0.12801872291666666
0 0.9462936781250001 0.11284035833333333 0.945348928125 0.11178264791666666 0.9345107640625001 0.10841316875000001 0.93437953125 0.10746946458333334 0.923744746875 0.10412848958333334 0.92001384375 0.09928751041666667 0.914249153125 0.09416151666666667 0.9033999953125 0.08832299583333333 0.8994746515625 0.09116571875 0.89823926875 0.09901198541666667 0.90006761875 0.10451165625 0.9042162749999999 0.11187868541666666 0.9046340265625 0.11440473333333333 0.9029939453125 0.11695083541666666 0.9006124906249999 0.11846773125 0.8969757234375001 0.1176496375 0.895517028125 0.11528615208333333 0.8933760546875 0.11375236458333333 0.8916789390625001 0.1091964 0.8903755265625 0.10747155 0.8878037484375 0.10618583125 0.8876725125 0.10524212499999999 0.8764866843749999 0.10367455416666667 0.87443984375 0.10616365416666666 0.8732656109375 0.11062567083333333 0.871649575 0.11286670416666666 0.8685947796875 0.12292550625000001 0.8631605859375 0.12925803958333332 0.8627998671875 0.13383406041666665 0.8649277874999999 0.13814196250000002 0.8744123859374999 0.14563988541666667 0.8752609437500001 0.14791786875000001 0.8750445125 0.15066348125 0.8738833296875 0.15235138333333334 0.86891704375 0.15535667083333332 0.8665706343749999 0.15903754166666667 0.8660896749999999 0.16513890416666666 0.8667108062500001 0.16769345416666667 0.8677627421875 0.16999993958333331 0.8712071281249999 0.17325857291666666 0.875788646875 0.17513437499999998 0.87591988125 0.17607808125 0.8806566828125 0.17859251874999998 0.8940205875 0.17861469583333334 0.9050621281250001 0.18201267291666667 0.9077300984375001 0.18207812291666667 0.9102908828125 0.18089479791666668 0.9105664062500001 0.18000809583333333 0.9124208625 0.17995953958333333 0.9152812171875 0.17758444166666668 0.9167289171874999 0.17747888333333334 0.9190031828125 0.17471321666666664 0.91975555 0.17821147083333333 0.922003709375 0.18099403125 0.9296840046874999 0.18268721666666668 0.9298152390625001 0.18363092291666666 0.9345760890625 0.18584029166666666 0.9406293546875 0.18730546875 0.9417424406249999 0.18622770208333334 0.9426652000000001 0.18234732083333333 0.945298128125 0.18024879166666666 0.95470164375 0.18094971458333334 0.95705905 0.1797378875 0.9588544156250001 0.17783042083333334 0.9614172578125 0.1714039375 0.965810509375 0.16523396458333334 0.9662543671874999 0.16221178541666664 0.96688855 0.16199222083333334 0.9673324078125001 0.15897004166666667 0.9679665921874999 0.1587504770833333 0.9695956796875 0.15373532916666666 0.9700044953125 0.14854917083333333 0.9682833328125 0.144298275 0.9663697843750001 0.14248791875 0.9609026078125 0.14141331666666668 0.95878568125 0.13957446250000002 0.961372571875 0.13284291041666668 0.96614853125 0.12703500833333334 0.9667126296875 0.12248748749999999 0.96460875625 0.11787451875 0.963029821875 0.11703637291666666 0.960805709375 0.11394874583333332 0.9527186578125001 0.11219855833333334 0.9462936781250001 0.11284035833333333
0 0.3132975203125 0.26255558958333336 0.3069116984375 0.25487504791666665 0.30352640468750003 0.253475325 0.30262975000000003 0.25180747708333334 0.298275659375 0.24965510833333332 0.29676886874999997 0.24790175833333333 0.29716463125 0.24548971458333335 0.29834986093750004 0.24349674583333333 0.3045735203125 0.2375832833333333 0.3049692828125 0.23517123958333333 0.305603465625 0.23495167708333334 0.30586799375 0.23159592708333332 0.30528190624999996 0.23120535416666668 0.3045535875 0.22740203125 0.298957234375 0.22014056458333334 0.29658883281250004 0.21888334375 0.2962782671875 0.21760606875 0.2935512046875 0.21568171249999998 0.285798765625 0.21490373125 0.2777577515625 0.21778656458333331 0.27508978125 0.21772111875 0.2714159109375 0.21998220833333332 0.2632567140625 0.219147225 0.2559460765625 0.220590225 0.2542228546875 0.22158248541666667 0.25236634062499996 0.22687420208333334 0.25337018125 0.22979082291666666 0.2538820671875 0.23633975833333334 0.255675375 0.23967545208333335 0.2559488390625 0.24403190833333335 0.2547856 0.25096297083333335 0.2538518453125 0.25237430625 0.2539659125 0.26657844583333334 0.252577303125 0.26854291458333335 0.252433015625 0.2703733208333333 0.25069674218750004 0.27413969791666665 0.24944624843750002 0.29000323541666667 0.2510712203125 0.2954744083333333 0.2507105015625 0.30005042916666663 0.2468202 0.30505713333333334 0.2467240078125 0.30627740416666666 0.2445699796875 0.30751773125 0.24315732343750002 0.30978726875 0.2415873265625 0.31666132708333333 0.2409290953125 0.31718596041666663 0.24049623125 0.32267718333333334 0.2411173640625 0.32523173541666667 0.24202707031249998 0.32412546666666664 0.2484039546875 0.32409380416666667 0.2520627125 0.32984998541666666 0.2532218359375 0.33340524374999997 0.253291921875 0.33773319999999996 0.25043156718750004 0.34010829375 0.250897415625 0.3420242083333333 0.2543308046875 0.3428137958333333 0.25661812500000003 0.33727401458333334 0.26191902499999997 0.33524093541666666 0.2689651359375 0.33715368333333334 0.2760703390625 0.34092534375 0.2884042953125 0.3435791270833333 0.289900090625 0.34286343124999996 0.289819009375 0.3360664291666666 0.28923292031250003 0.33567585833333335 0.2888873125 0.33223460416666667 0.290026503125 0.32560861041666667 0.2938927578125 0.3209069770833333 0.2950429421875 0.31675002708333333 0.298633675 0.31293509583333334 0.3006695203125 0.30797694999999997 0.3051088078125 0.30644 0.3138300453125 0.30797062291666666 0.3167735375 0.30714936875000004 0.3183895734375 0.30490833333333334 0.3191680453125 0.3028583604166667 0.3211159296875 0.27814784791666664 0.32035256875 0.27218054583333334 0.3186424 0.27039869375 0.31781788906249997 0.2678156416666667 0.31491149687500003 0.26555771666666667 0.3132975203125 0.26255558958333336
0 1 0.32404477083333333 0.999774165625 0.32390421875000003 0.99590996875 0.32336269375 0.9913854843750001 0.32858896249999997 0.99112095625 0.3319447104166667 0.9902352984375 0.3327459104166667 0.9895619546875001 0.34128781874999997 0.9874910671875 0.3440819854166667 0.9802195875 0.33720264375000003 0.975948634375 0.3366041166666667 0.9756731109375 0.33749082083333337 0.9732085187499999 0.3374538729166667 0.972095434375 0.3385316375 0.970538490625 0.3426315833333333 0.9694494515625 0.34340428125 0.9618282484374999 0.34357000625 0.958067125 0.354763575 0.9564751375 0.3566995416666667 0.95564856875 0.35935965 0.9510759875 0.3651960541666667 0.9501381171875 0.37709370833333333 0.950973621875 0.38214580625 0.9520736546874999 0.38384215208333333 0.9586408656250001 0.38661310416666667 0.9624679593750001 0.3902338125 0.9637713703124999 0.39195866041666666 0.964606875 0.39701075625000004 0.9631461234375 0.39989043125 0.9604891468750001 0.40229402708333334 0.9568523796875 0.40147593541666665 0.9540181296875 0.3983028041666667 0.9498433687500001 0.39648400624999997 0.9455724156249999 0.39588547916666667 0.94140865 0.396535725 0.9345508062500001 0.40266875 0.9310672625 0.40773245416666665 0.929092565625 0.4093063520833333 0.9273322437499999 0.4133777979166667 0.92704366875 0.41703861458333336 0.927533565625 0.41864945833333334 0.9327101093750001 0.4286280375 0.9303156015624999 0.43291904583333335 0.924750175 0.4383078729166667 0.9214219140625 0.44401021875 0.9201844734375 0.45709964375 0.9159815484375 0.46607223125 0.912721315625 0.48134569166666663 0.9099069984374999 0.48835381041666664 0.90984585 0.4917380604166667 0.912465725 0.49241364375 0.9251253593750001 0.4883274270833333 0.93292589375 0.48849527291666667 0.933201415625 0.48760856874999997 0.9414568046875 0.48722328125000003 0.944100728125 0.4875937979166666 0.9454281859375 0.48901357916666666 0.9453319953125 0.49023385 0.94303368125 0.4933045875 0.9375884937500001 0.49716807500000004 0.936558546875 0.49979968333333336 0.9336981921874999 0.5021747791666666 0.9322374390625001 0.5050544520833333 0.9318416781250001 0.5074664958333334 0.9286927468749999 0.5135024083333334 0.9278400734375 0.52171074375 0.9271818421875 0.5222353770833333 0.926090746875 0.5282512333333333 0.927177725 0.5327216958333333 0.9289469859375 0.5363624583333333 0.9329293625 0.5406218020833333 0.9332268750000001 0.5446731895833333 0.933788915625 0.54536883125 0.9334151421874999 0.5527189645833332 0.9344430328125 0.5553305166666667 0.9383532656250001 0.5605050645833334 0.9388191140625001 0.5624209770833333 0.938434346875 0.5673020666666667 0.9389963874999999 0.5679977083333333 0.9386466625000001 0.575042775 0.9402365906249999 0.5783499645833333 0.940964909375 0.5821532875000001 0.9426991250000001 0.5836300708333333 0.9511929359375 0.5854372624999999 0.9578453421875001 0.58451889375 0.9625010625 0.5802363333333334 0.9686635734375001 0.5777071208333333 0.9704348906250001 0.576104725 0.9729255875 0.5705934437500001 0.973190115625 0.5672376958333333 0.9751057218750001 0.5638048895833333 0.9774631265625 0.5625930604166667 0.9813032734375 0.56343965625 0.9846315359375 0.5577373104166666 0.9862125265625 0.5533322979166667 0.986969009375 0.5463442333333333 0.986925028125 0.53646805 0.9882785937499999 0.5323396041666667 0.9930655500000001 0.5290007479166666 0.9949090093749999 0.5264831437499999 0.9964178578125 0.5229933354166667 0.99810809375 0.5145939375 1 0.5121413499999999 1 0.32404477083333333
0 0.20112031562500002 0.08397986249999999 0.1960598953125 0.0829622625 0.1947193828125 0.08431659583333334 0.192959059375 0.08838803958333334 0.190446371875 0.08896122916666667 0.1890227203125 0.08876172083333334 0.1873606484375 0.08636973125 0.18539900468749998 0.08516951458333333 0.18158290625 0.08401785208333333 0.178519171875 0.08636444791666667 0.17575295 0.09276243125 0.16961243125 0.10022973541666666 0.1692647640625 0.10203164166666667 0.165206128125 0.10917382083333332 0.1650858875 0.11069916041666666 0.172309271875 0.11818863958333334 0.171684025 0.12612041041666666 0.17362161874999998 0.12762569583333333 0.17817909062499998 0.12980656458333334 0.183849646875 0.13090966875 0.1859906203125 0.13244345416666667 0.20427065625 0.13531363958333334 0.2072622453125 0.13388224791666667 0.20930908593750003 0.13139314791666667 0.20981409375 0.12498671875 0.2113119453125 0.11902786250000001 0.21520224687499998 0.11402116041666667 0.21582749375 0.10608938958333333 0.21524140468750003 0.10569881875 0.21483670625 0.10039865416666666 0.2124222671875 0.0945084125 0.2095639703125 0.09164035 0.208512034375 0.08933386458333333 0.20393051562500003 0.08745806458333334 0.20112031562500002 0.08397986249999999
0 0.6892662625 0.05800607291666667 0.6892772578125 0.06047511875 0.6924571140625 0.06708950416666666 0.6939377999999999 0.07439108124999999 0.696304140625 0.08089146041666666 0.7011130875 0.08249069583333334 0.7071443609375 0.07901777916666666 0.71605798125 0.07810785625 0.7187238953125 0.08341646458333334 0.7211603249999999 0.0942448 0.7268748609375 0.1052240875 0.72820231875 0.10664386875 0.7372231265625 0.10698272083333334 0.7389332953125 0.10876457499999999 0.7410371687499999 0.11337754166666666 0.74741199375 0.11858903750000001 0.7498044421875 0.11954118958333333 0.753942103125 0.12443916875 0.7570147734375 0.12980478125 0.763485790625 0.13379600416666668 0.765338190625 0.13899060625 0.7684479625 0.14127703541666667 0.7699066546875 0.14364052291666668 0.7733400453125 0.14443011249999999 0.7778885796874999 0.13889877708333334 0.7799725203125 0.13333049375 0.7802370484375001 0.12997474583333332 0.7812910421875 0.12703806875 0.7849539171875 0.12230793333333333 0.7853737265625 0.11959082083333333 0.7860079109375 0.11937125833333333 0.7868344781250001 0.11671115 0.787398578125 0.11216362916666665 0.787101065625 0.10811223958333334 0.78795168125 0.10514706458333332 0.79544370625 0.09879447291666667 0.7960930015625001 0.09055763541666666 0.7955069140625 0.09016706458333333 0.795139315625 0.08178772083333333 0.79631355 0.07732570416666666 0.79824015 0.07636194375000001 0.8056820234375 0.07586264999999999 0.8080634765625 0.07434575416666668 0.809524228125 0.07146608125000001 0.8099330437500001 0.066279925 0.8083912109375 0.062362597916666665 0.8083561687499999 0.06019861875 0.8058214890625001 0.05583371458333333 0.804544184375 0.048560637499999997 0.8052395171875 0.044956825 0.8065800296875001 0.043602491666666666 0.8078003015625 0.0437735 0.8130750953125 0.04728864583333334 0.8139717484375 0.04895649583333333 0.8184110375 0.04741954583333333 0.819368840625 0.04570314166666667 0.8196574171875 0.042042325000000005 0.70881601875 0.026509125 0.7083130703125 0.027672393750000003 0.7064586125 0.02772095 0.7021505593749999 0.030201606250000002 0.6965150453125 0.03126247916666667 0.6911770453125 0.03637474166666667 0.6887825390625 0.040665749999999994 0.6871032984375 0.05153419375 0.6876653375 0.05222983541666667 0.687652284375 0.055003947916666664 0.6892662625 0.05800607291666667
0 0.18935063125 0.3506716395833333 0.18890883125 0.34845065833333333 0.1857159203125 0.3446103875 0.18060740625 0.34420292291666665 0.17817785625 0.3463299541666667 0.17609597187499998 0.3466550770833334 0.171667678125 0.3506610729166667 0.170613684375 0.3535977479166667 0.1668546171875 0.35954815625 0.16572847968749999 0.36340003541666666 0.1643639203125 0.36505943750000003 0.16394410937499998 0.3677765479166667 0.15545717812499998 0.3789247229166667 0.1544512796875 0.3812512625 0.1532007859375 0.39711480208333333 0.15860475624999998 0.40681681458333335 0.1593420125 0.41833234375 0.16113531875 0.4216680375 0.1617083546875 0.4248327229166666 0.1635497578125 0.42755827916666667 0.163786121875 0.43499391875 0.1657347125 0.43896825 0.17109264531249999 0.44403723958333335 0.1764045390625 0.4444732041666667 0.17690748750000002 0.44330993333333335 0.1808919234375 0.44232611875 0.19270505625 0.4307187604166666 0.1952898890625 0.42923036666666664 0.1968949296875 0.42452028541666664 0.19876655468749999 0.4112112958333333 0.1964352546875 0.40687489375 0.1953723234375 0.40209936458333334 0.19350687187499999 0.399678875 0.1929338359375 0.3965141875 0.1921684171875 0.39579004791666667 0.19200213906250002 0.39268236458333333 0.1927936640625 0.38785827916666665 0.1937033703125 0.3867520104166667 0.19394385 0.38370132916666666 0.1958484609375 0.37779947708333333 0.195863571875 0.3697822041666667 0.19460825625 0.36744721874999997 0.19361746875000002 0.3617564833333333 0.192362153125 0.3594215 0.19137136562499998 0.3537307645833333 0.18935063125 0.3506716395833333
0 0.47458571562499996 0.20157162291666667 0.4747258875 0.21022753333333333 0.47331323125 0.21249707083333333 0.4739714640625 0.2119724395833333 0.474306078125 0.21294464583333333 0.47593310781250003 0.21317265624999998 0.47671363749999995 0.20587952291666667 0.47737186875 0.20535489166666665 0.477780684375 0.20016873333333332 0.477194596875 0.1997781625 0.4772557453125 0.1963939125 0.47595233437499995 0.1946690625 0.47338055468749995 0.19338334166666668 0.47169237500000005 0.19653958125 0.47159618437499995 0.19775985416666667 0.47458571562499996 0.20157162291666667
0 0.5692653546875001 0.18214548958333332 0.5695910328125 0.17540549166666666 0.5710648375 0.16975170416666666 0.570264375 0.16686358541666665 0.5580396624999999 0.16021541666666667 0.5538278015625 0.1614758 0.550667875 0.16504266458333333 0.5485358375 0.17122108541666667 0.5449210578125 0.17534108541666665 0.5433641140625001 0.17944103125 0.5384569203125 0.18430522708333333 0.535128659375 0.19000757291666667 0.5342629328124999 0.20099002083333334 0.535793771875 0.20243830416666667 0.5360912843750001 0.20648969375 0.5380879703125 0.2098538875 0.5425492484375 0.21325503125 0.5455978703125 0.21892570833333333 0.5467088984374999 0.22309110416666666 0.5470304593749999 0.22683742499999998 0.54554154375 0.24050848541666667 0.5461365687499999 0.24861126041666667 0.5446366578124999 0.259813275 0.5460932953125 0.26741992291666666 0.54361565 0.2701570875 0.5418793734375 0.27392346458333333 0.54258364375 0.27803185625 0.5451073281250001 0.27992771250000004 0.547521765625 0.28581795625 0.5493040796875001 0.2866846041666667 0.5494353140625 0.28762830833333336 0.553909646875 0.2882553375 0.556315146875 0.28643337708333333 0.561543903125 0.2853155 0.567026190625 0.27837282708333333 0.570131140625 0.26246073124999997 0.5723944140625 0.25722601875 0.5760174218749999 0.23213337916666665 0.57946798125 0.2196625375 0.5810750796875 0.20970929583333334 0.5815340484375 0.19866984375 0.58078168125 0.1951715875 0.5768212953125 0.19585033541666666 0.5748837 0.19434505 0.570376384375 0.18631088333333334 0.5692653546875001 0.18214548958333332
0 0.629696996875 0.17981898541666666 0.6296379046875 0.177960075 0.628096071875 0.17404274583333335 0.6281091265625001 0.17126863125 0.6249643109374999 0.16681822500000001 0.6215068734375 0.16633370416666665 0.618335953125 0.167431525 0.614638034375 0.16999768333333334 0.6127224296875 0.17343048958333332 0.607266246875 0.17482493333333335 0.6024421921875 0.18124297083333335 0.6007169125 0.18747839375 0.599831253125 0.1882795916666667 0.596402684375 0.20568852916666666 0.5936715078125 0.2142504875 0.59284288125 0.22215375625 0.5921846484375 0.22267838958333333 0.5911416484375 0.2280841125 0.5891738328125 0.24261337291666668 0.588798003125 0.2552066666666667 0.5894912765625 0.2568460125 0.5905913093749999 0.2585423625 0.5941318859375 0.260580725 0.5966466328125 0.2547643770833333 0.5990040390625 0.25355254791666665 0.6010749265625 0.25075838125 0.6042458468749999 0.24966055833333334 0.6065201124999999 0.24689489166666664 0.608628103125 0.24102153958333333 0.6109985609375 0.2370356 0.612290978125 0.23629140416666666 0.6127348359375 0.23326922291666669 0.6140513000000001 0.23221996041666668 0.612903171875 0.23113375 0.6144120187500001 0.2276439375 0.61870701875 0.22793739791666667 0.622632365625 0.22509467291666668 0.6288539656250001 0.22442437083333333 0.634191965625 0.21931210833333334 0.6355805734375 0.2173476395833333 0.6361797140625 0.21496409791666665 0.6369863515625 0.20212273749999998 0.6366407421875 0.19868148541666666 0.6360546546875 0.1982909145833333 0.6358292859375 0.19332431874999997 0.6345389265625 0.18882535833333333 0.629696996875 0.17981898541666666
0 0.650756778125 0.9038986104166666 0.6472402484375 0.9015551791666667 0.6422629671875 0.9020914208333333 0.63824143125 0.90615441875 0.636481109375 0.9102258645833333 0.6349131703124999 0.9118567624999999 0.6344452640625 0.9151840104166666 0.6286744015625 0.9257874979166666 0.6281212984375 0.9328040625 0.6271744906250001 0.9369895125000001 0.62553440625 0.9395356166666667 0.62510154375 0.9450268416666667 0.628338434375 0.95874329375 0.6308250171875 0.9637183333333332 0.630728825 0.9649386062499999 0.6331082218749999 0.9686648708333333 0.6331192156250001 0.9711339166666666 0.6367168249999999 0.98027435 0.63708648125 0.9834105333333334 0.6400629609374999 0.9899964166666667 0.6450031421875 0.9925393583333334 0.6517146390625 0.9934799000000001 0.654813415625 0.9932972833333333 0.658559428125 0.9901209875 0.659377059375 0.9797486729166667 0.658863115625 0.9784428979166666 0.659521346875 0.9779182666666667 0.6607237453125 0.9626648625 0.66147816875 0.9609199583333333 0.6614802281250001 0.9556767979166667 0.6637496734375 0.9347126062500001 0.6684576046874999 0.9193335875 0.66936043125 0.9052719541666666 0.6676152203125 0.9013261250000001 0.665222771875 0.900373975 0.6600421125 0.9008817145833333 0.6544416421875 0.9041065666666667 0.650756778125 0.9038986104166666
0 0.502071359375 0.16069990625 0.49819616875 0.15768933333333335 0.4949421078125 0.1572333125 0.4923091796875 0.15933184375 0.49214084375 0.16146731875 0.4935995390625 0.16383080625 0.49827724843750004 0.16448633541666666 0.5015203125000001 0.16247331041666666 0.5050849375 0.16420660625 0.50897318125 0.16444306250000001 0.5097035578125 0.16300322708333334 0.50997609375 0.15954588958333332 0.5087959093750001 0.15886633333333336 0.5085203859375 0.1597530375 0.5067490671875 0.16135543541666666 0.502071359375 0.16069990625
0 0.49921511875 0.15258868125 0.4971091875 0.15321887291666667 0.4981370765625 0.155830425 0.4989505921875 0.15594443125 0.500363246875 0.15367489374999999 0.49921511875 0.15258868125
0 0.51796875 0.10416666666666667 0.0015625 0.0020833333333333333
0 0.4613392296875 0.08528473125 0.4607180984375 0.08273018125 0.46018010625 0.08172947291666667 0.4592463515625 0.08314080625 0.45910206249999996 0.08497121666666667 0.459664103125 0.08566685625 0.4613392296875 0.08528473125
0 0.45901273125 0 0.45857295000000003 0.00038502083333333335 0.45588093125 0.0006246395833333333 0.449585128125 0.00745330625 0.4467096625 0.017845675000000002 0.44391939375 0.024548727083333333 0.44101094218750003 0.027533958333333334 0.44008818281249995 0.03141433958333333 0.44116416718749996 0.033415756250000005 0.441067975 0.034636029166666665 0.4431368046875 0.037085018750000004 0.44657913281250006 0.045586814583333336 0.4512657796875 0.053954547916666665 0.453008934375 0.06314353958333334 0.4564402671875 0.06917628958333334 0.45685801875000004 0.0717023375 0.46092559375000003 0.07227236249999999 0.46220495625 0.07430227916666668 0.46255056406249995 0.07774353125000001 0.46405735468750003 0.07949688333333334 0.464319825 0.08138429375 0.463478146875 0.09206167500000001 0.46093935156250004 0.09818309374999999 0.4603141046875 0.10611486249999999 0.458601878125 0.10957617083333333 0.45371873125000006 0.11413530000000001 0.4477486046875 0.11422396666666666 0.442651084375 0.11628554791666666 0.4341050625 0.12557481458333333 0.4326663 0.13339257916666666 0.43322834062500004 0.13408821875000002 0.4332984265625 0.138416175 0.43584615781249997 0.14000696250000003 0.43770061406250005 0.13995840625 0.44070525624999995 0.13575290208333335 0.4446896921875 0.13476908541666666 0.444965215625 0.13388238125 0.44887750625 0.13381377083333332 0.4506488234375 0.13221137291666665 0.455650153125 0.13137006458333333 0.4680473171875 0.12539643541666667 0.4720448046875 0.12163850625 0.473289125 0.12150444583333334 0.47604229374999996 0.11788057708333333 0.47771741875 0.11749845208333333 0.4791060265625 0.11553398333333333 0.48473054531250004 0.1120040625 0.48591577499999994 0.11001109166666666 0.4886558890625 0.1091613375 0.491719621875 0.10681474375 0.4963382421875 0.1056113625 0.50204795625 0.098392125 0.5028023796875 0.09664722083333334 0.5031390515624999 0.09237626666666668 0.5017655546875 0.0863234625 0.5019950390625 0.08080373541666666 0.5014810953125 0.07949796041666667 0.5021152796874999 0.07927839583333333 0.502895809375 0.07198526458333333 0.5082990734374999 0.053002433333333335 0.5086618515625 0.04318325 0.5097529468750001 0.03716739375 0.5114411234375 0.03401115416666667 0.512687503125 0.02863393333333333 0.517332228125 0.021882324999999998 0.5194051734375 0.013844997916666666 0.5224098171875 0.00963949375 0.5228296265625 0.006922383333333334 0.52721731875 0.0010600666666666667 0.5196529234375 0 0.5048025859374999 0 0.5039284609375 0.0014976479166666668 0.502909509375 0.006598302083333333 0.49945207031249994 0.00611378125 0.49817270625 0.0040838624999999995 0.49737948593750003 0 0.45901273125 0
0 0.876905496875 0.6826716020833333 0.875818515625 0.6782011395833333 0.8725294124999999 0.6755811416666667 0.8731416078124999 0.6704234854166666 0.8762664890625 0.6646926416666666 0.8744491343749999 0.6616620145833333 0.8730495312500001 0.6611574375 0.8674600578125 0.6668513354166666 0.8653300765624999 0.6677865958333334 0.8614899312500001 0.6669400020833333 0.854970815625 0.6635589145833334 0.85029310625 0.6629033854166667 0.8474829046875 0.6594251875 0.8456524968749999 0.659168675 0.8449111265625 0.6581394645833334 0.8385342421875001 0.6581711291666666 0.8368110203124999 0.6591633916666667 0.8274555984375 0.6578523333333333 0.8251462890625 0.6584540229166667 0.8226686453125 0.6611911895833333 0.8226555921875001 0.6639653041666667 0.8236113359375 0.6674920583333334 0.8272570421875001 0.6760223541666667 0.8279853609375 0.6798256770833333 0.8276857906249999 0.6810174520833333 0.8211996609375 0.6850435 0.8199422890625 0.6879516750000001 0.8194853765625 0.6937479666666667 0.8237652671875001 0.7020587 0.8220138828125 0.71384235 0.822575921875 0.7145379895833333 0.8225869171875001 0.7170070354166668 0.8260313015625 0.7202656708333334 0.833315834375 0.7243709 0.8374163937500001 0.7323480625 0.8390434234375 0.7325760729166666 0.839318946875 0.73168936875 0.844775128125 0.7302949270833333 0.8465945421875001 0.7280823937500001 0.8486764250000001 0.72775726875 0.8495861328125001 0.7266510020833333 0.85365370625 0.7272210291666668 0.8570280046875001 0.7261517083333333 0.8584406609374999 0.7238821729166667 0.8619111531250001 0.7215925791666666 0.86200734375 0.7203723083333333 0.865549978125 0.7171675104166667 0.8678723421875001 0.7137917083333334 0.877026440625 0.7098311041666666 0.8780082921875 0.7078096333333334 0.8799829875 0.7062357375 0.880391803125 0.7010495791666667 0.8795082015625001 0.6966076208333334 0.8789221140624999 0.6962170458333333 0.878565509375 0.6903067479166667 0.8768683953125 0.6857507833333333 0.876905496875 0.6826716020833333
0 0.2664193453125 0.14772434999999998 0.25615421718750003 0.14751955833333333 0.24892671875 0.1505164 0.23931982187499998 0.14978697500000002 0.2369734109375 0.1534678458333333 0.23574696562500003 0.16902631875 0.2364381828125 0.17590882291666665 0.2360774640625 0.18048484374999998 0.236639503125 0.18118048541666668 0.2363138265625 0.18792048333333333 0.237890703125 0.19400178958333333 0.2376983203125 0.19644233333333333 0.2393473390625 0.20160843541666665 0.24355714375 0.20559121249999998 0.2491054015625 0.21346281666666667 0.2532911578125 0.2177506625 0.2602541296875 0.21810957083333332 0.2688812328125 0.21561730416666666 0.2702938890625 0.21334776875 0.27068965 0.21093572500000002 0.271323834375 0.21071616041666666 0.271540265625 0.20797055 0.273025065625 0.20478580833333335 0.27382964374999996 0.19718760625 0.273580228125 0.19252608125 0.2717278296875 0.18733147916666668 0.2716707953125 0.18022941041666665 0.27466238593750003 0.17879801874999998 0.278683921875 0.17473502083333334 0.27902059375 0.17046406875 0.278292275 0.16666074375 0.27721629062500003 0.16465932916666667 0.27720529531250004 0.16219028333333335 0.27369082499999997 0.15460369375 0.26975654375 0.1497342125 0.2664193453125 0.14772434999999998
0 0.3179888125 0.015228772916666666 0.3026392171875 0.014311447916666666 0.3023636953125 0.015198152083333333 0.282001775 0.012653091666666666 0.2749907078125 0.012904318750000001 0.261950421875 0.011385306250000001 0.2579900359375 0.012064054166666668 0.255595528125 0.0163550625 0.2550795265625 0.020292445833333332 0.25442129375 0.020817079166666665 0.2545264234375 0.027309010416666668 0.26403506875 0.034501866666666665 0.2727192046875 0.039111672916666666 0.27818638125 0.040186275 0.2881388859375 0.04435695208333333 0.2926242109375 0.047453027083333335 0.30378599375 0.04932566458333333 0.3071712875 0.05072539166666667 0.309778109375 0.05417508958333333 0.31194313125 0.05540380833333333 0.31715677656249996 0.06230320625 0.32129649531250004 0.06195802708333333 0.321812496875 0.058020641666666664 0.32244668125 0.057801079166666665 0.3233364546875 0.04651356041666667 0.32545749687500003 0.037866095833333335 0.3256148375 0.033261575 0.3246350453125 0.03003988541666667 0.32123875625 0.0261711125 0.32030705937500004 0.02233928958333333 0.32052349062499996 0.019593677083333334 0.3179888125 0.015228772916666666
0 0.748051471875 0.8669495375 0.747837096875 0.8644519916666666 0.747071678125 0.8637278479166667 0.74613998125 0.859896025 0.7448365703125 0.8581711770833333 0.7438457828125 0.8524804416666666 0.7417900046875 0.8472573375 0.7403553609375 0.8445887833333334 0.7341949078125001 0.8418748333333334 0.7315399890625 0.8390352708333333 0.731074140625 0.8371193604166667 0.7312926296875 0.8291305875 0.7296546046875 0.82643353125 0.7297748453125 0.8249081895833333 0.728543578125 0.8222681375 0.7245852484374999 0.817703725 0.720434534375 0.8155798562500001 0.7158640125 0.8161731041666667 0.713051753125 0.8179380604166667 0.7105631125 0.8182061833333333 0.710287590625 0.8190928854166667 0.7059444921875 0.8194095645833334 0.70206724375 0.8216421520833334 0.700630540625 0.8242167562499999 0.699911159375 0.8281256395833334 0.6995964781249999 0.8373346854166667 0.7016632515625 0.8450268354166667 0.7016021015625 0.8484110854166667 0.702188190625 0.84880165625 0.7016350874999999 0.8558182208333334 0.7002464796875 0.8577826895833333 0.6981405484375001 0.85841288125 0.6951029203125 0.8552112479166667 0.6930952390625 0.8493780083333333 0.685944 0.840973325 0.681135053125 0.8393740916666667 0.6787295531249999 0.8411960520833334 0.678056209375 0.8497379583333333 0.6787735328125 0.8510722354166667 0.6791541828125001 0.8566774666666667 0.6823209890624999 0.8660659645833333 0.6823800796875 0.867924875 0.6806197578125001 0.8719963187499999 0.6790999140625 0.8730170833333334 0.6734733390625001 0.8817901604166667 0.6732417953125001 0.8925530479166667 0.6715295703125 0.8960143541666666 0.669327446875 0.89786481875 0.6689426796875 0.9027459062500001 0.670101803125 0.9063011645833333 0.6690546875 0.92219320625 0.6708108953125 0.9286080812499999 0.6732514390625 0.9289500958333333 0.6789941390625 0.9291379979166667 0.6792696609375 0.92825129375 0.6819857296875 0.92770660625 0.6842119 0.925551075 0.6864030265625 0.9212315645833333 0.6914984890625 0.9244131437499999 0.69046854375 0.92704475 0.690131871875 0.9313157041666666 0.6906939125 0.93201134375 0.6913961234375 0.9413628958333333 0.694516890625 0.94611836875 0.694624078125 0.9473671416666666 0.6959996328125 0.9481767875 0.6982587890625 0.95342839375 0.7014407046875 0.95479961875 0.7015719390624999 0.955743325 0.7057357046875 0.9550930791666666 0.7089155625 0.9617074624999999 0.712825796875 0.9668820104166667 0.7155047625 0.9694165041666667 0.7173111234375 0.9699780833333332 0.7187217203125 0.97295170625 0.721986775 0.9758767729166667 0.7234104265625 0.97607628125 0.726690590625 0.9709840750000001 0.7297694359375 0.96062020625 0.734245825 0.956004075 0.7350483453125001 0.9536490354166667 0.73590995625 0.9531529041666666 0.7374208624999999 0.9444199354166667 0.7418972515625 0.9398038041666666 0.7434541953125 0.9357038562500001 0.7438630109375 0.9305177020833334 0.74317179375 0.9236351958333333 0.741498725 0.9187741625 0.7416189640625 0.9172488229166667 0.74036365 0.9149138354166666 0.7398387109375 0.9111390145833334 0.7380694515624999 0.9074982520833333 0.7332014140625 0.9040401083333334 0.7359435875 0.8979471916666667 0.739484165625 0.89998555625 0.744185921875 0.9003360166666667 0.7452990078124999 0.8992582520833333 0.7543088203125 0.8971280583333333 0.7554459546875 0.8957452250000001 0.75574758125 0.88931029375 0.7535846187499999 0.8828384166666667 0.7535495765625 0.8806744375 0.7500351046875 0.8730878458333333 0.7501553453125 0.87156250625 0.748051471875 0.8669495375