0 0.041087962500000005 0.14670138958333334 0.0408950625 0.15075231458333332 0.0432098765625 0.15393518541666668 0.044367284374999996 0.15306712916666668 0.0451388890625 0.14988425833333335 0.046489196875 0.14814814791666667 0.0509259265625 0.14901620416666667 0.053047839062500005 0.14785879583333333 0.0549768515625 0.14380787083333332 0.057098765625000006 0.14207175833333335 0.061149690624999996 0.14380787083333332 0.064043209375 0.14670138958333334 0.06500771562499999 0.14930555625 0.0684799375 0.15335648124999998 0.0721450625 0.15509259166666667 0.0804398140625 0.16290509166666667 0.08487654375 0.16435185208333333 0.086419753125 0.16695601875000002 0.0895061734375 0.16898148124999998 0.0896990734375 0.1698495375 0.1060956796875 0.1698495375 0.10628857968750001 0.16898148124999998 0.1095679015625 0.16840277708333332 0.108989196875 0.16435185208333333 0.10628857968750001 0.16174768541666668 0.10223765468749998 0.15567129583333333 0.0970293203125 0.144675925 0.09625771562499999 0.14149305625 0.09375 0.13715277708333332 0.08699845625 0.13165509166666667 0.086419753125 0.12905092499999998 0.0827546296875 0.12326388958333333 0.0750385796875 0.11689814791666667 0.07233796249999999 0.113136575 0.071759259375 0.10995370416666667 0.0671296296875 0.10127314791666667 0.054783950000000005 0.09895833333333333 0.0499614203125 0.09924768541666666 0.046489196875 0.10069444375 0.0432098765625 0.105613425 0.03993055625 0.11834490833333335 0.0372299375 0.11950231458333334 0.03607253125 0.12326388958333333 0.0331790125 0.12442129583333333 0.030671296874999997 0.12731481458333332 0.029899690625000003 0.13020833333333334 0.03896605 0.14091435208333333 0.03993055625 0.14496527708333332 0.041087962500000005 0.14670138958333334
0 0 0.18663194375 0.001543209375 0.18663194375 0.002507715625 0.18894675833333335 0.00675154375 0.19357638958333334 0.009452160937499999 0.19502314791666667 0.0106095671875 0.19762731458333332 0.0129243828125 0.199363425 0.015239196875 0.203125 0.019097221875 0.203125 0.02044753125 0.20196759166666667 0.0212191359375 0.199074075 0.02430555625 0.1932870375 0.0279706796875 0.17824074166666665 0.0291280859375 0.17650462916666668 0.031635803125 0.17534722291666668 0.033757715625000004 0.17129629583333333 0.0339506171875 0.16666666666666666 0.0320216046875 0.16145833333333334 0.031828703125 0.15798611041666666 0.0372299375 0.15190972291666668 0.037808642187500005 0.14409722291666668 0.0372299375 0.14351851875000002 0.037037037499999995 0.14033564791666667 0.0343364203125 0.13599537083333332 0.031828703125 0.13454861041666666 0.031635803125 0.13339120416666667 0.027777778125000003 0.12991898125 0.0291280859375 0.12731481458333332 0.037037037499999995 0.12181712916666668 0.0372299375 0.1151620375 0.0343364203125 0.10966435208333333 0.0314429015625 0.10677083333333333 0.0304783953125 0.10214120416666667 0.026620370312500002 0.097511575 0.0192901234375 0.09201388958333333 0.0125385796875 0.09027777708333334 0.011959876562500001 0.08854166666666667 0.0084876546875 0.08738425833333333 0.0071373453125 0.08883101875 0.00675154375 0.08825231458333334 0.00790895 0.0917245375 0.00675154375 0.09548611041666667 0.002507715625 0.09606481458333334 0.0023148140625 0.09895833333333333 0 0.09924768541666666 0 0.13396990833333333 0.0030864203125 0.1348379625 0.004629629687499999 0.136863425 0.0017361109374999999 0.14236111041666666 0 0.14236111041666666 0 0.18663194375
0 0.9239969140625 0 0.9238040125 0.0020254625 0.921875 0.0020254625 0.9207175921875 0.003761575 0.9207175921875 0.010706018749999999 0.919367284375 0.015625 0.9187885796874999 0.015914352083333333 0.9187885796874999 0.019386575 0.9180169749999999 0.021701389583333335 0.9187885796874999 0.024016204166666666 0.9214891968750001 0.026909722916666667 0.9293981484374999 0.029224537499999998 0.9261188265625 0.035011574999999996 0.9261188265625 0.036458333333333336 0.9234182093750001 0.03819444375 0.9226466046875 0.040798610416666665 0.9201388890625 0.04369212916666666 0.919367284375 0.04629629583333333 0.9166666671874999 0.05005787083333334 0.9168595671875 0.05555555625 0.9203317906249999 0.06105324166666667 0.9199459875 0.0760995375 0.9207175921875 0.08101851875 0.9226466046875 0.08506944375 0.9257330250000001 0.0859375 0.9268904328125 0.08333333333333333 0.9332561734375 0.08043981458333334 0.9353780859375 0.07783564791666667 0.9386574078125 0.0760995375 0.938850309375 0.07523148125 0.9459876546875 0.07204861041666667 0.9481095671875 0.06915509166666665 0.9498456796875001 0.06857638958333333 0.9515817906249999 0.066550925 0.96392746875 0.0625 0.9683641968750001 0.06018518541666666 0.9733796296874999 0.05931712916666666 0.9785879625 0.05526620416666667 0.9799382718749999 0.05150462916666666 0.9799382718749999 0.0390625 0.9836033953125 0.03269675833333333 0.9864969140625 0.031828704166666666 0.9874614203125001 0.030671295833333334 0.99209105 0.03125 0.9959490734375 0.030092591666666668 0.9980709875 0.027777777083333333 0.9998070984374999 0.027777777083333333 0.9998070984374999 0 0.9239969140625 0
0 0.8302469140625 0.03153935208333333 0.831597221875 0.03674768541666666 0.8342978390625 0.04137731458333334 0.8369984562499999 0.04340277708333333 0.8385416671874999 0.04803240833333333 0.8435570984374999 0.05005787083333334 0.8416280859375 0.0526620375 0.84085648125 0.0604745375 0.843171296875 0.06365740833333333 0.845100309375 0.06481481458333334 0.8522376546875 0.06539351875 0.8589891968750001 0.06423611041666667 0.8742283953125 0.05381944375 0.875578703125 0.05121527708333333 0.8773148140625 0.05005787083333334 0.8815586421875 0.04398148125 0.8834876546875 0.03587962916666666 0.8834876546875 0.03240740833333333 0.88271605 0.029803241666666664 0.8788580250000001 0.024594908333333332 0.8769290125 0.019386575 0.8782793203124999 0.015335647916666667 0.8734567906249999 0.012731481250000001 0.8441358031249999 0.013020833333333334 0.8283179015625001 0.017361110416666665 0.828125 0.018229166666666668 0.825617284375 0.019097222916666667 0.8258101859375 0.022858795833333334 0.8302469140625 0.03153935208333333
0 0.8263888890625 0 0.8263888890625 0.0017361104166666666 0.8244598765625 0.003761575 0.8244598765625 0.0057870375 0.8279320984374999 0.0098379625 0.8404706796875001 0.010706018749999999 0.8495370375 0.0098379625 0.8566743828125001 0.010995370833333332 0.859375 0.008969908333333334 0.862847221875 0.008391204166666666 0.8651620375 0.0066550916666666664 0.868634259375 0.00694444375 0.8697916671874999 0.008101852083333333 0.8711419749999999 0.00694444375 0.8759645062500001 0.0066550916666666664 0.8788580250000001 0.005208333333333333 0.8777006171874999 0.003761575 0.8711419749999999 0.003761575 0.8668981484374999 0.0020254625 0.8620756171874999 0.004629629166666666 0.8616898140625 0.003761575 0.8578317906249999 0.0031828708333333333 0.85648148125 0.0017361104166666666 0.85648148125 0 0.8263888890625 0
0 0.8553240734375 0.44965277708333334 0.8636188265625 0.44733796249999996 0.8676697531249999 0.44415509166666667 0.8694058640625 0.44039351875 0.8730709875 0.43634259166666667 0.8753858031249999 0.43547453750000004 0.8769290125 0.43315972291666666 0.8782793203124999 0.42824074166666665 0.87982253125 0.42679398125 0.8807870375 0.42679398125 0.8846450625 0.43026620416666667 0.8875385796874999 0.43026620416666667 0.8894675921875 0.42650462916666665 0.8908179015625001 0.425636575 0.891975309375 0.42158564791666664 0.8942901234375 0.417824075 0.8929398140625 0.4163773145833333 0.8908179015625001 0.4157986104166667 0.875578703125 0.4163773145833333 0.8684413578125 0.4157986104166667 0.86709105 0.41550925833333335 0.8668981484374999 0.41464120416666667 0.8624614203125001 0.4157986104166667 0.8597608031249999 0.41869212916666665 0.8566743828125001 0.4241898145833333 0.85165895 0.43084490833333333 0.8478009265625 0.43894675833333335 0.8470293203124999 0.4429976854166667 0.8489583328125001 0.4470486104166667 0.85146605 0.449363425 0.8553240734375 0.44965277708333334
0 0.9045138890625 0.40711805624999997 0.9054783953125 0.40422453750000004 0.9060570984374999 0.39525462916666665 0.9054783953125 0.39265046249999996 0.9054783953125 0.3828125 0.9035493828125001 0.3767361104166667 0.9035493828125001 0.37297453750000004 0.905671296875 0.3695023145833333 0.9074074078125 0.36834490833333333 0.9120370375 0.36805555624999997 0.915509259375 0.3695023145833333 0.9182098765625 0.36776620416666667 0.919367284375 0.36226851875 0.919367284375 0.355324075 0.9182098765625 0.35185185208333336 0.9114583328125001 0.347800925 0.907600309375 0.34693287083333335 0.900848765625 0.347511575 0.8967978390625 0.35098379583333333 0.8948688265625 0.35503472291666666 0.8948688265625 0.35734953750000004 0.894097221875 0.35850694375000003 0.894097221875 0.3695023145833333 0.8929398140625 0.3726851854166667 0.8902391968750001 0.37413194375000003 0.8885030859375 0.3767361104166667 0.8875385796874999 0.37702546249999996 0.8856095671875 0.38136574166666665 0.8854166671874999 0.38483796249999996 0.8848379625 0.3851273145833333 0.884259259375 0.38917824166666665 0.8811728390625 0.39351851875 0.8769290125 0.3967013895833333 0.877507715625 0.40827546249999996 0.8800154328125 0.410011575 0.900848765625 0.4085648145833333 0.9045138890625 0.40711805624999997
0 0.8292824078125 0.3342013895833333 0.8296682093750001 0.33535879583333333 0.8342978390625 0.33535879583333333 0.8356481484374999 0.33246527708333334 0.8368055562500001 0.32609953750000004 0.8364197531249999 0.316261575 0.8348765437500001 0.31394675833333335 0.8279320984374999 0.3148148145833333 0.8254243828125001 0.3203125 0.8211805562500001 0.324074075 0.8211805562500001 0.32783564791666664 0.8229166671874999 0.32870370416666667 0.8248456796875001 0.33159722291666666 0.8292824078125 0.3342013895833333
0 0.8084490734375 0.36255787083333335 0.8084490734375 0.36631944375000003 0.8097993828125001 0.36921296249999996 0.8103780859375 0.37297453750000004 0.8103780859375 0.39149305624999997 0.8128858031249999 0.3967013895833333 0.813078703125 0.39872685208333336 0.8177083328125001 0.40538194375000003 0.8229166671874999 0.40827546249999996 0.8271604937499999 0.40827546249999996 0.831597221875 0.40682870416666667 0.8350694437499999 0.40422453750000004 0.8364197531249999 0.4010416666666667 0.8364197531249999 0.3984375 0.83584105 0.39785879583333333 0.83584105 0.39554398125 0.8364197531249999 0.39496527708333334 0.83584105 0.3932291666666667 0.83584105 0.38859953750000004 0.8364197531249999 0.3880208333333333 0.8369984562499999 0.38425925833333335 0.8375771609375 0.37297453750000004 0.8385416671874999 0.371238425 0.840277778125 0.37297453750000004 0.840277778125 0.38425925833333335 0.84085648125 0.38570601875 0.840277778125 0.39641203750000004 0.8396990734375 0.3967013895833333 0.8396990734375 0.40480324166666665 0.840277778125 0.40509259166666667 0.8404706796875001 0.40682870416666667 0.8422067906249999 0.4079861104166667 0.84375 0.4123263895833333 0.8468364203125001 0.4123263895833333 0.8483796296874999 0.41116898125 0.8510802468750001 0.40625 0.8595679015625001 0.39496527708333334 0.860725309375 0.39091435208333336 0.8616898140625 0.39033564791666664 0.86419753125 0.3851273145833333 0.86419753125 0.38165509166666667 0.8630401234375 0.37991898125 0.8634259265625 0.37818287083333335 0.8663194437499999 0.37789351875 0.8678626546875 0.3767361104166667 0.8726851859375 0.370949075 0.8753858031249999 0.3645833333333333 0.8769290125 0.363136575 0.877507715625 0.36082175833333335 0.8800154328125 0.35734953750000004 0.8823302468750001 0.35127314791666664 0.884259259375 0.3492476854166667 0.8856095671875 0.34317129583333333 0.8875385796874999 0.34085648125 0.8890817906249999 0.33622685208333336 0.890046296875 0.33535879583333333 0.8902391968750001 0.3333333333333333 0.8908179015625001 0.33304398125 0.8910108031249999 0.32783564791666664 0.8915895062500001 0.32725694375000003 0.8915895062500001 0.3203125 0.8898533953125 0.3177083333333333 0.8902391968750001 0.31539351875 0.8908179015625001 0.3151041666666667 0.8908179015625001 0.3023726854166667 0.8894675921875 0.29976851875 0.888117284375 0.292824075 0.8856095671875 0.29224537083333335 0.8821373453125 0.293113425 0.8800154328125 0.29542824166666665 0.8761574078125 0.29716435208333336 0.8726851859375 0.30121527708333334 0.8717206796875001 0.30381944375000003 0.871527778125 0.30960648125 0.8709490734375 0.3098958333333333 0.8707561734375 0.3125 0.869598765625 0.3142361104166667 0.8651620375 0.31336805624999997 0.8595679015625001 0.30555555624999997 0.8541666671874999 0.30150462916666665 0.8489583328125001 0.30034722291666666 0.845100309375 0.3023726854166667 0.8449074078125 0.31105324166666665 0.844328703125 0.31134259166666667 0.844328703125 0.32957175833333335 0.8449074078125 0.3298611104166667 0.8449074078125 0.33275462916666665 0.844328703125 0.33304398125 0.844328703125 0.3385416666666667 0.842399690625 0.34693287083333335 0.8422067906249999 0.35300925833333335 0.8416280859375 0.3532986104166667 0.8416280859375 0.35966435208333336 0.842399690625 0.36053240833333333 0.8429783953125 0.36660879583333333 0.8410493828125001 0.3648726854166667 0.8381558640625 0.3645833333333333 0.8368055562500001 0.363425925 0.8356481484374999 0.35908564791666664 0.8356481484374999 0.34837962916666665 0.8348765437500001 0.34577546249999996 0.8337191359375 0.34461805624999997 0.8296682093750001 0.34375 0.829475309375 0.34288194375000003 0.825617284375 0.3414351854166667 0.8186728390625 0.3414351854166667 0.8177083328125001 0.34027777708333334 0.813850309375 0.3454861104166667 0.813078703125 0.35300925833333335 0.811149690625 0.35590277708333334 0.8109567906249999 0.3576388895833333 0.8084490734375 0.36255787083333335
0 0.0719521609375 0.26620370416666667 0.0731095671875 0.269675925 0.077739196875 0.27546296249999996 0.0779320984375 0.277199075 0.0804398140625 0.27922453750000004 0.0812114203125 0.28182870416666667 0.0821759265625 0.28269675833333335 0.08468364218749999 0.28269675833333335 0.086419753125 0.28616898125 0.095293209375 0.28877314791666664 0.097608025 0.2913773145833333 0.10223765468749998 0.29369212916666665 0.1095679015625 0.29021990833333333 0.11091820937500001 0.28877314791666664 0.11689814843749999 0.28703703750000004 0.1190200625 0.28472222291666666 0.12345679062499999 0.28327546249999996 0.125578703125 0.28067129583333333 0.1348379625 0.277199075 0.1350308640625 0.27633101875 0.13715277812499999 0.2760416666666667 0.13908179062499998 0.27401620416666667 0.1429398140625 0.27314814791666664 0.1456404328125 0.27054398125 0.1481481484375 0.269386575 0.1481481484375 0.26533564791666664 0.1446759265625 0.26128472291666666 0.141203703125 0.2598379625 0.1300154328125 0.2598379625 0.1248070984375 0.26099537083333335 0.1230709875 0.26244212916666665 0.1217206796875 0.2604166666666667 0.121527778125 0.25752314791666664 0.119598765625 0.254050925 0.112847221875 0.25173611041666666 0.1095679015625 0.24884259166666667 0.1082175921875 0.24855324166666665 0.104938271875 0.24508101875000002 0.10011574062499999 0.24305555625 0.098186728125 0.24160879583333333 0.09567901250000001 0.23668981458333332 0.092399690625 0.23466435208333333 0.088348765625 0.23495370416666667 0.0841049375 0.23755787083333332 0.077739196875 0.23929398124999998 0.07561728437500001 0.24247685208333333 0.0738811734375 0.24363425833333335 0.07291666718749999 0.245949075 0.06905864218749999 0.24884259166666667 0.0665509265625 0.25289351875 0.0665509265625 0.25665509166666667 0.07021605 0.26273148125 0.07040895 0.26475694375 0.0719521609375 0.26620370416666667
0 0.171489196875 0.05034722291666667 0.17013888906250002 0.04716435208333333 0.16396605 0.046875 0.16338734531250002 0.05034722291666667 0.16473765468749998 0.05150462916666666 0.1685956796875 0.05179398125 0.171489196875 0.05034722291666667
0 0.1437114203125 0 0.14351851875 0.010416666666666666 0.14756944375 0.02633101875 0.14756944375 0.037326389583333335 0.150848765625 0.03935185208333333 0.1510416671875 0.04021990833333333 0.1585648140625 0.04050925833333333 0.160686728125 0.04137731458333334 0.16512345625 0.040798610416666665 0.1662808640625 0.03935185208333333 0.16936728437499998 0.03877314791666667 0.170524690625 0.03761574166666667 0.17283950625 0.03211805625 0.17283950625 0.029803241666666664 0.1741898140625 0.02575231458333333 0.17669753125 0.02112268541666667 0.180169753125 0.01793981458333333 0.1809413578125 0.015625 0.1813271609375 0.010706018749999999 0.1822916671875 0.009259258333333333 0.1847993828125 0.008969908333333334 0.18672839531250002 0.007523147916666667 0.187885803125 0.0057870375 0.188078703125 0.0026041666666666665 0.188078703125 0 0.1437114203125 0
0 0.45254629687500003 0.22106481458333332 0.45293209843750004 0.230324075 0.454668209375 0.23263888958333334 0.456983025 0.23379629583333333 0.4645061734375 0.22916666666666666 0.4666280859375 0.22627314791666667 0.47067901250000005 0.22540509166666667 0.4720293203125 0.22714120416666667 0.4733796296875 0.23350694375 0.4747299375 0.23553240833333333 0.48032407343749994 0.23611111041666666 0.48456790156249996 0.23379629583333333 0.4918981484375 0.22800925833333335 0.4918981484375 0.22714120416666667 0.49382716093749995 0.22482638958333334 0.49517746875 0.22019675833333335 0.49652777812500004 0.20775462916666668 0.49807098749999995 0.20225694375 0.49864969062500003 0.1953125 0.500385803125 0.1895254625 0.500578703125 0.1854745375 0.49942129687500003 0.17881944375 0.4978780859375 0.17737268541666668 0.49633487656249997 0.1796875 0.49324845625 0.1817129625 0.49266975312500005 0.18315972291666668 0.48668981406249995 0.18692129583333333 0.48668981406249995 0.18778935208333333 0.484375 0.19039351875000002 0.48341049375 0.1895254625 0.4832175921875 0.1854745375 0.48533950625 0.183449075 0.48572530937499997 0.18113425833333335 0.48726851875 0.17824074166666665 0.48726851875 0.16464120416666667 0.48495370312499997 0.16232638958333334 0.48070987656249997 0.1620370375 0.4699074078125 0.16377314791666667 0.46836419687499997 0.16579861041666666 0.454668209375 0.171875 0.4519675921875 0.17708333333333334 0.450617284375 0.183738425 0.44945987656249997 0.18518518541666668 0.4484953703125 0.1895254625 0.4481095671875 0.20572916666666666 0.4519675921875 0.21238425833333335 0.4519675921875 0.2207754625 0.45254629687500003 0.22106481458333332
0 0.4185956796875 0.081886575 0.42148919687499997 0.0859375 0.42592592656250006 0.08738425833333333 0.4299768515625 0.0917245375 0.42746913593749997 0.097511575 0.42766203750000004 0.10792824166666667 0.42920524687499995 0.11197916666666667 0.43074845625 0.11371527708333334 0.43672839531249996 0.1151620375 0.4427083328125 0.11834490833333335 0.44579475312500005 0.11776620416666667 0.4481095671875 0.11487268541666666 0.4513888890625 0.113136575 0.45293209843750004 0.11053240833333335 0.45408950625 0.11024305625 0.4581404328125 0.105324075 0.46392746875 0.10127314791666667 0.46855709843750004 0.09982638958333333 0.472608025 0.09519675833333333 0.4733796296875 0.0917245375 0.4753086421875 0.08854166666666667 0.4753086421875 0.08449074166666667 0.478009259375 0.07870370416666667 0.478009259375 0.07349537083333332 0.4747299375 0.06799768541666666 0.4747299375 0.06684027708333334 0.4791666671875 0.05931712916666666 0.4801311734375 0.052083333333333336 0.4810956796875 0.04918981458333334 0.48070987656249997 0.040798610416666665 0.478009259375 0.0332754625 0.4753086421875 0.03153935208333333 0.4699074078125 0.030381943749999998 0.45351080312500003 0.030671295833333334 0.44733796249999996 0.033854166666666664 0.44521605 0.03761574166666667 0.44155092656250006 0.03964120416666667 0.4407793203125 0.04195601875 0.43885030937499997 0.043113425000000004 0.43730709843750004 0.04918981458333334 0.43614969062500003 0.050925925000000004 0.4353780859375 0.050925925000000004 0.43344907343749994 0.04774305625 0.43016975312500005 0.04542824166666667 0.42862654375 0.045138889583333335 0.4261188265625 0.046875 0.423418209375 0.05005787083333334 0.42322530937499997 0.057291666666666664 0.4168595671875 0.06944444375 0.4166666671875 0.07349537083333332 0.41608796249999996 0.074363425 0.4168595671875 0.07523148125 0.4185956796875 0.081886575
0 0.1356095671875 0.167824075 0.136188271875 0.1698495375 0.13811728437499998 0.171875 0.1394675921875 0.17505787083333332 0.13888888906250002 0.17939814791666667 0.1375385796875 0.18229166666666666 0.1369598765625 0.19241898124999998 0.140046296875 0.19849537083333332 0.141010803125 0.20283564791666667 0.14351851875 0.207175925 0.14756944375 0.206886575 0.15335648125 0.19878472291666668 0.15547839531250002 0.1973379625 0.15605709843749999 0.1953125 0.1581790125 0.19270833333333334 0.16010802500000001 0.18692129583333333 0.1622299375 0.18402777708333332 0.16300154375 0.18113425833333335 0.1660879625 0.17679398124999998 0.171296296875 0.17361111041666666 0.1759259265625 0.17361111041666666 0.1813271609375 0.175925925 0.18576388906250002 0.175636575 0.187885803125 0.17303240833333333 0.19521605 0.16840277708333332 0.1956018515625 0.16145833333333334 0.196759259375 0.15798611041666666 0.1975308640625 0.14670138958333334 0.1981095671875 0.14409722291666668 0.20061728437499998 0.13888888958333334 0.20061728437499998 0.12847222291666666 0.19926697499999999 0.12731481458333332 0.19463734531250002 0.13020833333333334 0.1927083328125 0.13252314791666667 0.1907793203125 0.13715277708333332 0.19039351875 0.13975694375 0.186921296875 0.14149305625 0.18576388906250002 0.14293981458333332 0.1834490734375 0.14322916666666666 0.1834490734375 0.144675925 0.1813271609375 0.14351851875000002 0.1822916671875 0.140625 0.182098765625 0.13715277708333332 0.1784336421875 0.13570601875000002 0.1774691359375 0.13310185208333333 0.1759259265625 0.13165509166666667 0.1707175921875 0.13165509166666667 0.16473765468749998 0.13339120416666667 0.164544753125 0.13425925833333335 0.1541280859375 0.13454861041666666 0.1520061734375 0.13570601875000002 0.141975309375 0.13744212916666668 0.1394675921875 0.13917824166666665 0.1354166671875 0.14785879583333333 0.13348765468749998 0.14959490833333333 0.1315586421875 0.15480324166666665 0.1309799375 0.15769675833333335 0.1315586421875 0.16145833333333334 0.13348765468749998 0.16579861041666666 0.1356095671875 0.167824075
0 0.0489969140625 0.10214120416666667 0.0526620375 0.10214120416666667 0.050347221875 0.1015625 0.0489969140625 0.10214120416666667
0 0 0.07899305625 0.0048225312499999996 0.07986111041666667 0.0133101859375 0.08564814791666667 0.0198688265625 0.08622685208333333 0.0383873453125 0.08275462916666668 0.0574845671875 0.08304398125 0.060956790625 0.08159722291666666 0.0625 0.07783564791666667 0.0625 0.074074075 0.061149690624999996 0.07146990833333335 0.053240740625000005 0.06278935208333333 0.0524691359375 0.060763889583333335 0.05169753125 0.05324074166666667 0.0491898140625 0.052083333333333336 0.0329861109375 0.05150462916666666 0.0320216046875 0.050636574999999996 0.0333719140625 0.04918981458333334 0.036651234375 0.04803240833333333 0.0372299375 0.046875 0.0372299375 0.04224537083333334 0.0339506171875 0.03819444375 0.032600309375 0.03790509166666667 0.029706790625 0.035011574999999996 0.02256944375 0.03153935208333333 0.0179398140625 0.030381943749999998 0.0084876546875 0.030671295833333334 0.0036651234375 0.03414351875 0.001543209375 0.0390625 0 0.0390625 0 0.07899305625
0 0.9166666671874999 0.22569444375 0.9168595671875 0.22771990833333333 0.9220679015625001 0.230324075 0.9270833328125001 0.23090277708333332 0.9284336421875 0.23148148124999998 0.9292052468750001 0.23292824166666665 0.9292052468750001 0.24450231458333332 0.9307484562499999 0.25144675833333335 0.9375 0.25665509166666667 0.94039351875 0.25723379583333333 0.9421296296874999 0.25925925833333335 0.949652778125 0.26099537083333335 0.9533179015625001 0.2578125 0.9567901234375 0.25289351875 0.9627700625 0.25 0.9672067906249999 0.25 0.9699074078125 0.24739583333333334 0.9718364203125001 0.24334490833333333 0.9720293203124999 0.23987268541666668 0.9737654328125 0.23726851875000002 0.9782021609375 0.23871527708333332 0.9799382718749999 0.24131944375 0.9832175921875 0.24305555625 0.9855324078125 0.24305555625 0.9882330250000001 0.24160879583333333 0.9913194437499999 0.238136575 0.9918981484374999 0.23611111041666666 0.9918981484374999 0.230613425 0.9913194437499999 0.23003472291666668 0.990740740625 0.22511574166666665 0.990740740625 0.22048611041666666 0.9874614203125001 0.21238425833333335 0.98726851875 0.20978009166666667 0.9899691359375 0.20572916666666666 0.9899691359375 0.20428240833333333 0.9918981484374999 0.19994212916666668 0.9938271609375 0.18923611041666666 0.9926697531249999 0.18518518541666668 0.990740740625 0.183738425 0.9899691359375 0.1817129625 0.9870756171874999 0.17997685208333333 0.9853395062500001 0.17737268541666668 0.970100309375 0.17071759166666667 0.9697145062500001 0.17158564791666667 0.968171296875 0.171875 0.96392746875 0.17737268541666668 0.9619984562499999 0.18142361041666666 0.9614197531249999 0.1854745375 0.96392746875 0.18865740833333333 0.96392746875 0.19212962916666668 0.9627700625 0.19618055625 0.9600694437499999 0.199363425 0.9587191359375 0.19762731458333332 0.95794753125 0.19473379583333333 0.9562114203125001 0.19357638958333334 0.9546682093750001 0.18981481458333332 0.9527391968750001 0.18807870416666667 0.9513888890625 0.18431712916666668 0.9471450625 0.17708333333333334 0.9432870375 0.17332175833333335 0.9392361109375 0.17332175833333335 0.9373070984374999 0.175636575 0.9347993828125001 0.17708333333333334 0.9328703703125001 0.18055555625 0.9307484562499999 0.18258101875000002 0.9276620375 0.1895254625 0.927276234375 0.19357638958333334 0.9261188265625 0.1973379625 0.9207175921875 0.20457175833333335 0.919367284375 0.21122685208333333 0.9182098765625 0.21238425833333335 0.9168595671875 0.21701388958333334 0.9166666671874999 0.2207754625 0.9160879625 0.22106481458333332 0.9160879625 0.22540509166666667 0.9166666671874999 0.22569444375
0 0.6334876546875 0.2401620375 0.6334876546875 0.24160879583333333 0.6356095671875 0.24479166666666666 0.6363811734375 0.24739583333333334 0.640046296875 0.2526041666666667 0.640239196875 0.25434027708333334 0.641975309375 0.25636574166666665 0.64351851875 0.26070601875 0.64544753125 0.26215277708333334 0.6467978390625 0.26504629583333333 0.648919753125 0.26620370416666667 0.6508487656249999 0.269386575 0.653742284375 0.2708333333333333 0.65528549375 0.27314814791666664 0.6614583328125 0.2757523145833333 0.6666666671875 0.2760416666666667 0.671489196875 0.28038194375000003 0.6739969140625 0.2789351854166667 0.6741898140625 0.27546296249999996 0.67283950625 0.26996527708333334 0.67283950625 0.26533564791666664 0.672260803125 0.26475694375 0.6720679015625 0.261863425 0.67283950625 0.2520254625 0.672260803125 0.25173611041666666 0.6720679015625 0.24913194375 0.671296296875 0.2479745375 0.673225309375 0.24074074166666665 0.669367284375 0.23495370416666667 0.6643518515625 0.2323495375 0.6616512343750001 0.22974537083333332 0.6583719140625 0.22800925833333335 0.6577932093750001 0.22685185208333333 0.6529706796875 0.22540509166666667 0.6477623453125 0.22222222291666668 0.64351851875 0.222511575 0.6408179015625 0.22685185208333333 0.6334876546875 0.2265625 0.63175154375 0.22714120416666667 0.6302083328125 0.22887731458333332 0.6302083328125 0.23350694375 0.6315586421875 0.23524305625 0.6321373453125 0.238136575 0.6334876546875 0.2401620375
0 0.148919753125 0.355324075 0.14949845625 0.3616898145833333 0.1500771609375 0.3619791666666667 0.1500771609375 0.3671875 0.150848765625 0.36921296249999996 0.1510416671875 0.3726851854166667 0.14949845625 0.37615740833333333 0.14949845625 0.37847222291666666 0.1500771609375 0.378761575 0.1502700625 0.38223379583333333 0.1535493828125 0.38773148125 0.1541280859375 0.39351851875 0.156635803125 0.3984375 0.1581790125 0.40740740833333333 0.1595293203125 0.40972222291666666 0.1595293203125 0.41898148125 0.1612654328125 0.43113425833333335 0.1612654328125 0.43605324166666665 0.1620370375 0.43663194375000003 0.16338734531250002 0.441261575 0.16338734531250002 0.4453125 0.16396605 0.44560185208333336 0.16396605 0.44733796249999996 0.16338734531250002 0.4476273145833333 0.16338734531250002 0.45283564791666664 0.16396605 0.453125 0.16415895 0.4554398145833333 0.1660879625 0.4583333333333333 0.1668595671875 0.46180555624999997 0.16936728437499998 0.46585648125 0.17033179062499998 0.47077546249999996 0.17264660468749998 0.47598379583333333 0.1741898140625 0.484375 0.17669753125 0.48784722291666666 0.1768904328125 0.49074074166666665 0.1793981484375 0.49421296249999996 0.18055555625 0.4976851854166667 0.1813271609375 0.5052083333333334 0.18267746875 0.5095486104166667 0.1832561734375 0.5098379625 0.1834490734375 0.5138888895833333 0.18402777812499999 0.5141782416666667 0.1842206796875 0.5211226854166667 0.1894290125 0.5289351854166667 0.1930941359375 0.5298032416666667 0.19598765468749998 0.52835648125 0.20061728437499998 0.5188078708333334 0.20138888906250002 0.5046296291666666 0.2008101859375 0.504050925 0.20061728437499998 0.496238425 0.1994598765625 0.48929398125 0.1994598765625 0.48321759166666667 0.2000385796875 0.480324075 0.20138888906250002 0.47771990833333333 0.202739196875 0.46817129583333333 0.20331790156250001 0.46788194375000003 0.20331790156250001 0.4557291666666667 0.202739196875 0.4554398145833333 0.20138888906250002 0.44849537083333335 0.20061728437499998 0.4476273145833333 0.20061728437499998 0.44560185208333336 0.1981095671875 0.44068287083333335 0.196759259375 0.4348958333333333 0.1907793203125 0.42534722291666666 0.1894290125 0.417824075 0.18672839531250002 0.41116898125 0.18672839531250002 0.4088541666666667 0.1855709875 0.40509259166666667 0.18402777812499999 0.40277777708333334 0.1832561734375 0.39959490833333333 0.178240740625 0.394675925 0.1776620375 0.3929398145833333 0.1776620375 0.39004629583333333 0.182098765625 0.38483796249999996 0.1832561734375 0.3802083333333333 0.1832561734375 0.37442129583333333 0.1815200625 0.37065972291666666 0.180169753125 0.36371527708333334 0.1776620375 0.35734953750000004 0.17669753125 0.35214120416666667 0.1749614203125 0.34953703750000004 0.1741898140625 0.34577546249999996 0.17206790156250001 0.34288194375000003 0.1687885796875 0.34056712916666665 0.16415895 0.3411458333333333 0.1620370375 0.33709490833333333 0.1608796296875 0.33651620416666667 0.16010802500000001 0.3342013895833333 0.1585648140625 0.33304398125 0.1541280859375 0.3333333333333333 0.1521990734375 0.33449074166666665 0.1520061734375 0.33564814791666664 0.14949845625 0.33709490833333333 0.1487268515625 0.33940972291666666 0.1467978390625 0.3414351854166667 0.1467978390625 0.34375 0.1462191359375 0.34461805624999997 0.1464120375 0.3489583333333333 0.148919753125 0.355324075
0 0.8346836421875 0.17303240833333333 0.83584105 0.17505787083333332 0.8323688265625 0.17824074166666665 0.8319830250000001 0.1796875 0.8292824078125 0.18142361041666666 0.8265817906249999 0.18518518541666668 0.8242669749999999 0.19502314791666667 0.8244598765625 0.199363425 0.8279320984374999 0.203125 0.829475309375 0.20341435208333333 0.8342978390625 0.206886575 0.8368055562500001 0.20746527708333332 0.8381558640625 0.21006944375 0.8369984562499999 0.21180555625 0.8366126546875 0.21412037083333332 0.831597221875 0.21990740833333333 0.8296682093750001 0.22337962916666668 0.8296682093750001 0.22482638958333334 0.8277391968750001 0.22945601875000002 0.827546296875 0.23321759166666667 0.8269675921875 0.23350694375 0.8261959875 0.2401620375 0.8263888890625 0.24450231458333332 0.8269675921875 0.245949075 0.8308256171874999 0.24826388958333334 0.84375 0.25115740833333333 0.8503086421875 0.25115740833333333 0.8601466046875 0.24855324166666665 0.86419753125 0.25144675833333335 0.8668981484374999 0.25173611041666666 0.8707561734375 0.24826388958333334 0.8753858031249999 0.2421875 0.8769290125 0.24131944375 0.8802083328125001 0.23553240833333333 0.8825231484374999 0.234375 0.88271605 0.23263888958333334 0.8840663578125 0.23090277708333332 0.884259259375 0.23611111041666666 0.8848379625 0.23900462916666668 0.8854166671874999 0.23929398124999998 0.8856095671875 0.24276620416666667 0.8869598765625 0.2479745375 0.8902391968750001 0.25115740833333333 0.89351851875 0.25 0.9020061734375 0.24160879583333333 0.9023919749999999 0.24045138958333334 0.9066358031249999 0.23726851875000002 0.9095293203124999 0.23003472291666668 0.9128086421875 0.22540509166666667 0.9130015437500001 0.22337962916666668 0.9147376546875 0.21961805625 0.9168595671875 0.20804398124999998 0.919367284375 0.20167824166666665 0.9201388890625 0.19241898124999998 0.9216820984374999 0.19068287083333332 0.9259259265625 0.18923611041666666 0.92669753125 0.18692129583333333 0.932098765625 0.17939814791666667 0.9342206796875001 0.17447916666666666 0.938078703125 0.17158564791666667 0.938850309375 0.16840277708333332 0.9386574078125 0.16464120416666667 0.934027778125 0.15856481458333332 0.932098765625 0.15075231458333332 0.9309413578125 0.14872685208333333 0.92476851875 0.14699074166666665 0.9245756171874999 0.14785879583333333 0.9201388890625 0.14930555625 0.918402778125 0.14670138958333334 0.9201388890625 0.14496527708333332 0.9201388890625 0.14293981458333332 0.9182098765625 0.1385995375 0.9135802468750001 0.136574075 0.91107253125 0.13425925833333335 0.9108796296874999 0.13310185208333333 0.9085648140625 0.13165509166666667 0.8967978390625 0.12731481458333332 0.89544753125 0.12557870416666667 0.89351851875 0.11979166666666667 0.894097221875 0.11689814791666667 0.894097221875 0.11255787083333332 0.89351851875 0.11053240833333335 0.8927469140625 0.109375 0.8908179015625001 0.10879629583333333 0.8836805562500001 0.10966435208333333 0.8794367281250001 0.1151620375 0.8786651234375 0.12326388958333333 0.8796296296874999 0.12991898125 0.8802083328125001 0.13252314791666667 0.8807870375 0.1328125 0.8805941359375 0.13425925833333335 0.8777006171874999 0.13425925833333335 0.877507715625 0.13339120416666667 0.8761574078125 0.1328125 0.8742283953125 0.12905092499999998 0.871527778125 0.12847222291666666 0.8643904328125 0.12905092499999998 0.86419753125 0.12991898125 0.8616898140625 0.13020833333333334 0.860725309375 0.13136574166666667 0.8549382718749999 0.1328125 0.853973765625 0.13425925833333335 0.8508873453125 0.13599537083333332 0.8495370375 0.14091435208333333 0.8479938265625 0.14207175833333335 0.8427854937499999 0.14322916666666666 0.8404706796875001 0.14496527708333332 0.8366126546875 0.14930555625 0.8331404328125 0.15133101875000002 0.8327546296874999 0.152488425 0.8269675921875 0.15682870416666667 0.8236882718749999 0.16116898124999998 0.8215663578125 0.16464120416666667 0.8223379625 0.16840277708333332 0.8279320984374999 0.171875 0.8346836421875 0.17303240833333333
0 0.664544753125 0.052951389583333335 0.6647376546875 0.05381944375 0.6793981484375 0.05555555625 0.6959876546875 0.05439814791666667 0.6959876546875 0.06423611041666667 0.6961805562500001 0.06365740833333333 0.699266975 0.06597222291666667 0.7033179015625 0.06597222291666667 0.706597221875 0.06423611041666667 0.706597221875 0.0604745375 0.70794753125 0.05439814791666667 0.70794753125 0.05179398125 0.7087191359375 0.050636574999999996 0.7092978390625 0.046875 0.7106481484375 0.0448495375 0.71084105 0.04253472291666667 0.711419753125 0.04224537083333334 0.7125771609375 0.03211805625 0.7133487656249999 0.030381943749999998 0.7133487656249999 0.02575231458333333 0.714891975 0.021701389583333335 0.7133487656249999 0.019097222916666667 0.7064043203125 0.017071758333333336 0.6921296296875 0.017361110416666665 0.691936728125 0.018229166666666668 0.6894290125 0.019097222916666667 0.67862654375 0.01851851875 0.6759259265625001 0.019965277083333333 0.6622299375 0.020254629166666666 0.6595293203125 0.021701389583333335 0.658757715625 0.023148147916666664 0.656635803125 0.031828704166666666 0.6541280859375 0.036458333333333336 0.652777778125 0.04195601875 0.65142746875 0.043113425000000004 0.6502700625 0.04629629583333333 0.6500771609375 0.05121527708333333 0.6508487656249999 0.05237268541666666 0.6620370375 0.05179398125 0.664544753125 0.052951389583333335
0 0.671296296875 0 0.671296296875 0.0017361104166666666 0.6687885796875 0.003761575 0.6687885796875 0.00491898125 0.6668595671875 0.007523147916666667 0.6660879625 0.012152777083333333 0.671875 0.015335647916666667 0.684027778125 0.013888889583333335 0.6842206796875 0.013020833333333334 0.7091049375 0.013020833333333334 0.7092978390625 0.013888889583333335 0.7100694437499999 0.013888889583333335 0.7102623453125 0.013020833333333334 0.715277778125 0.012152777083333333 0.717399690625 0.0098379625 0.717399690625 0.00694444375 0.7164351859375 0.003761575 0.7145061734375 0.0017361104166666666 0.7145061734375 0 0.671296296875 0
0 0.7243441359375 0.18142361041666666 0.7282021609375 0.18258101875000002 0.7285879625 0.183449075 0.733989196875 0.183449075 0.734375 0.18258101875000002 0.74112654375 0.1796875 0.74324845625 0.17708333333333334 0.746527778125 0.175636575 0.7478780859375 0.17274305625 0.7501929015625 0.17129629583333333 0.7517361109375 0.16869212916666668 0.7532793203125 0.17245370416666667 0.7532793203125 0.17939814791666667 0.754436728125 0.18460648124999998 0.7546296296875 0.1895254625 0.7552083328125 0.191550925 0.7565586421875 0.19212962916666668 0.7586805562500001 0.19212962916666668 0.7623456796875 0.18692129583333333 0.76658950625 0.183449075 0.7675540125 0.18113425833333335 0.7712191359375 0.17939814791666667 0.77334105 0.17708333333333334 0.7795138890625 0.175925925 0.7831790125 0.17418981458333332 0.7858796296875 0.17100694375 0.7862654328125 0.16898148124999998 0.7897376546875 0.1640625 0.79398148125 0.16464120416666667 0.7976466046875 0.16927083333333334 0.800347221875 0.175636575 0.8038194437499999 0.17418981458333332 0.8063271609375 0.16927083333333334 0.8086419749999999 0.16695601875000002 0.8109567906249999 0.16174768541666668 0.811149690625 0.15856481458333332 0.8123070984374999 0.15480324166666665 0.811921296875 0.15017361041666666 0.8213734562499999 0.1504629625 0.8244598765625 0.14901620416666667 0.8265817906249999 0.14149305625 0.83101851875 0.13396990833333333 0.8337191359375 0.12557870416666667 0.8342978390625 0.11545138958333333 0.8375771609375 0.10677083333333333 0.8375771609375 0.09982638958333333 0.8364197531249999 0.09461805625 0.8385416671874999 0.0917245375 0.8422067906249999 0.09056712916666668 0.8441358031249999 0.08854166666666667 0.84375 0.08449074166666667 0.8420138890625 0.08275462916666668 0.8377700625 0.08072916666666667 0.8339120375 0.07349537083333332 0.8337191359375 0.07060185208333333 0.834490740625 0.06741898125 0.838348765625 0.05931712916666666 0.838348765625 0.052951389583333335 0.8375771609375 0.05237268541666666 0.8364197531249999 0.04716435208333333 0.8356481484374999 0.04542824166666667 0.8323688265625 0.043113425000000004 0.8242669749999999 0.044270833333333336 0.8221450625 0.04195601875 0.821759259375 0.03964120416666667 0.8163580250000001 0.032986110416666665 0.8144290125 0.02893518541666667 0.8123070984374999 0.027199075 0.8117283953125 0.02575231458333333 0.8063271609375 0.022858795833333334 0.8051697531249999 0.018807870833333334 0.8038194437499999 0.018229166666666668 0.7897376546875 0.018229166666666668 0.785108025 0.019097222916666667 0.7843364203125 0.022569443749999998 0.781828703125 0.024305556250000002 0.7810570984375 0.02575231458333333 0.7793209875 0.03153935208333333 0.769097221875 0.028067129166666666 0.7625385796875 0.029513889583333335 0.7606095671875 0.03269675833333333 0.7604166671875 0.03587962916666666 0.7584876546875 0.03935185208333333 0.75790895 0.043113425000000004 0.7552083328125 0.04542824166666667 0.7517361109375 0.052083333333333336 0.7484567906249999 0.052951389583333335 0.7445987656249999 0.049479166666666664 0.737847221875 0.052951389583333335 0.736882715625 0.05497685208333333 0.731867284375 0.06018518541666666 0.7258873453125 0.06944444375 0.725115740625 0.07465277708333334 0.7258873453125 0.08043981458333334 0.72665895 0.081886575 0.72665895 0.08709490833333335 0.728009259375 0.089699075 0.7324459875 0.09375 0.7332175921874999 0.09722222291666666 0.733796296875 0.097511575 0.733989196875 0.10040509166666665 0.735725309375 0.10387731458333334 0.738233025 0.10503472291666666 0.74112654375 0.10821759166666665 0.7413194437499999 0.10966435208333333 0.729938271875 0.1151620375 0.722608025 0.12644675833333333 0.719328703125 0.12905092499999998 0.71875 0.1310763895833333 0.7166280859375 0.13310185208333333 0.7166280859375 0.14091435208333333 0.715277778125 0.1464120375 0.7146990734374999 0.14670138958333334 0.7145061734375 0.15798611041666666 0.71392746875 0.1582754625 0.7135416671875 0.16116898124999998 0.7133487656249999 0.17013888958333334 0.71392746875 0.175636575 0.7160493828125001 0.1796875 0.7243441359375 0.18142361041666666
0 0.5563271609375 0.245949075 0.55574845625 0.246238425 0.555169753125 0.25 0.5530478390625 0.2557870375 0.5538194437499999 0.25694444375 0.5538194437499999 0.26533564791666664 0.5555555562500001 0.26851851875 0.55574845625 0.27199074166666665 0.5572916671875 0.277199075 0.5584490734374999 0.2789351854166667 0.5609567906249999 0.28009259166666667 0.563850309375 0.27633101875 0.5675154328125 0.2751736104166667 0.5723379625 0.2838541666666667 0.5758101859375 0.28703703750000004 0.5800540125 0.28877314791666664 0.5850694437499999 0.29658564791666664 0.5883487656249999 0.29398148125 0.5922067906249999 0.28935185208333336 0.59375 0.28443287083333335 0.596257715625 0.28009259166666667 0.5989583328125 0.277488425 0.6003086421875 0.27459490833333333 0.601080246875 0.2679398145833333 0.5997299375 0.2633101854166667 0.5997299375 0.26128472291666666 0.6018518515625 0.25925925833333335 0.604938271875 0.26099537083333335 0.608796296875 0.26099537083333335 0.6095679015625 0.26070601875 0.61033950625 0.25839120416666667 0.61033950625 0.25665509166666667 0.609760803125 0.25636574166666665 0.609760803125 0.2523148145833333 0.61033950625 0.25173611041666666 0.609760803125 0.25115740833333333 0.6095679015625 0.24247685208333333 0.608989196875 0.24074074166666665 0.6062885796875 0.23611111041666666 0.6008873453125 0.2323495375 0.5997299375 0.22974537083333332 0.5978009265625001 0.22887731458333332 0.596257715625 0.22569444375 0.5916280859375 0.21961805625 0.5910493828125001 0.21730324166666665 0.590277778125 0.21701388958333334 0.590277778125 0.2129629625 0.5875771609375 0.21064814791666667 0.5883487656249999 0.20630787083333332 0.590277778125 0.20399305625 0.592399690625 0.199363425 0.585455246875 0.199074075 0.5808256171874999 0.20167824166666665 0.5779320984375 0.20167824166666665 0.57137345625 0.20457175833333335 0.5682870375 0.20486111041666666 0.565972221875 0.207175925 0.5603780859375 0.2089120375 0.5597993828125001 0.21035879583333333 0.5549768515625 0.21325231458333332 0.55574845625 0.21788194375 0.5563271609375 0.21817129583333333 0.5569058640625 0.2401620375 0.5563271609375 0.245949075
0 0.57021605 0.20138888958333334 0.57040895 0.20052083333333334 0.5738811734375 0.19878472291666668 0.5792824078125001 0.19762731458333332 0.5814043203125 0.19560185208333333 0.5875771609375 0.19386574166666665 0.5945216046875 0.1895254625 0.5968364203125 0.18634259166666667 0.5968364203125 0.17476851875000002 0.5956790125 0.16898148124999998 0.594328703125 0.16695601875000002 0.592399690625 0.16059027708333332 0.5910493828125001 0.14207175833333335 0.5883487656249999 0.13339120416666667 0.5856481484375 0.13194444375 0.581597221875 0.13194444375 0.5773533953125 0.13570601875000002 0.573688271875 0.136863425 0.5696373453125 0.14091435208333333 0.5690586421875 0.14496527708333332 0.57040895 0.15335648124999998 0.57021605 0.16174768541666668 0.5667438265625 0.1660879625 0.5636574078125001 0.16753472291666668 0.5623070984375 0.17129629583333333 0.55767746875 0.17679398124999998 0.5549768515625 0.18489583333333334 0.5518904328125 0.18865740833333333 0.55169753125 0.19878472291666668 0.5530478390625 0.203125 0.5594135796875 0.20341435208333333 0.57021605 0.20138888958333334
0 0.11554783906249999 0.35069444375000003 0.11612654375 0.35098379583333333 0.11709105 0.35734953750000004 0.11824845625 0.359375 0.123649690625 0.363136575 0.1273148140625 0.3645833333333333 0.1290509265625 0.36689814791666664 0.1325231484375 0.36834490833333333 0.140239196875 0.37528935208333336 0.1437114203125 0.3767361104166667 0.14737654375 0.37528935208333336 0.14834105 0.37297453750000004 0.1481481484375 0.36834490833333333 0.14544753125 0.35966435208333336 0.1446759265625 0.35127314791666664 0.1429398140625 0.3489583333333333 0.14158950625 0.34288194375000003 0.1394675921875 0.33940972291666666 0.13811728437499998 0.33304398125 0.136188271875 0.32928240833333333 0.136188271875 0.32783564791666664 0.1315586421875 0.31915509166666667 0.1277006171875 0.31539351875 0.121527778125 0.31539351875 0.1197916671875 0.31712962916666665 0.11766975312500001 0.3220486104166667 0.11226851874999999 0.32899305624999997 0.1116898140625 0.331886575 0.1136188265625 0.3382523145833333 0.11419753125000001 0.3385416666666667 0.11554783906249999 0.35069444375000003
0 0.449266975 0.13946759166666667 0.45505401250000005 0.14293981458333332 0.45717592656250006 0.14670138958333334 0.4573688265625 0.1484375 0.45891203750000004 0.1504629625 0.4637345671875 0.15364583333333334 0.46527777812500004 0.15711805625 0.4654706796875 0.16145833333333334 0.4666280859375 0.16319444375 0.4826388890625 0.16145833333333334 0.48746142031249995 0.15972222291666668 0.48919753125 0.15740740833333333 0.49016203750000004 0.15277777708333332 0.49266975312500005 0.14785879583333333 0.4934413578125 0.144675925 0.494598765625 0.14351851875000002 0.49517746875 0.14091435208333333 0.49594907343749994 0.13310185208333333 0.494598765625 0.12905092499999998 0.49131944375 0.12586805625 0.49016203750000004 0.12644675833333333 0.48894039375 0.12152777708333334 0.49112654375 0.120949075 0.49382716093749995 0.11429398125 0.49382716093749995 0.109375 0.49305555625 0.105324075 0.4918981484375 0.1035879625 0.4918981484375 0.10214120416666667 0.4893904328125 0.09982638958333333 0.488233025 0.09722222291666666 0.48070987656249997 0.09201388958333333 0.47665895 0.0917245375 0.471257715625 0.09722222291666666 0.46971450625 0.09982638958333333 0.45659722187499996 0.10677083333333333 0.44733796249999996 0.11863425833333333 0.4471450625 0.12065972291666666 0.44540895 0.12413194375 0.44540895 0.13396990833333333 0.449266975 0.13946759166666667
0 0.690007715625 0.22945601875000002 0.690007715625 0.2421875 0.6886574078125001 0.25 0.688078703125 0.25028935208333336 0.688078703125 0.2554976854166667 0.688850309375 0.25665509166666667 0.6956018515625 0.25665509166666667 0.70987654375 0.2552083333333333 0.7100694437499999 0.26388888958333334 0.7150848765625 0.26533564791666664 0.7164351859375 0.2679398145833333 0.7160493828125001 0.27633101875 0.7166280859375 0.28067129583333333 0.717399690625 0.28269675833333335 0.719135803125 0.28443287083333335 0.719328703125 0.28616898125 0.7220293203125 0.29224537083333335 0.7224151234375 0.30324074166666665 0.7233796296875 0.30815972291666666 0.7258873453125 0.31307870416666667 0.7278163578125 0.31452546249999996 0.7326388890625 0.31452546249999996 0.742669753125 0.30815972291666666 0.7438271609375 0.3064236104166667 0.7463348765625 0.30526620416666667 0.7488425921874999 0.30266203750000004 0.7555941359375 0.300925925 0.75771605 0.29658564791666664 0.7584876546875 0.28964120416666667 0.7604166671875 0.28703703750000004 0.7606095671875 0.285300925 0.7623456796875 0.28327546249999996 0.765625 0.2760416666666667 0.7687114203125 0.27633101875 0.77237654375 0.27980324166666665 0.7793209875 0.28153935208333336 0.7804783953125 0.2786458333333333 0.7810570984375 0.27228009166666667 0.7831790125 0.2682291666666667 0.7845293203125 0.26273148125 0.7872299375 0.25925925833333335 0.788580246875 0.25289351875 0.790509259375 0.24855324166666665 0.7935956796875 0.2442129625 0.794367284375 0.23611111041666666 0.7966820984375 0.23379629583333333 0.8038194437499999 0.23408564791666667 0.8063271609375 0.230613425 0.8043981484374999 0.21151620416666667 0.79976851875 0.20341435208333333 0.797260803125 0.20254629583333333 0.798225309375 0.1973379625 0.8088348765625 0.19791666666666666 0.8142361109375 0.199363425 0.8184799375 0.19849537083333332 0.82021605 0.19270833333333334 0.8196373453125 0.1854745375 0.82040895 0.18229166666666666 0.82040895 0.17881944375 0.8184799375 0.171875 0.8144290125 0.16521990833333333 0.8103780859375 0.16666666666666666 0.8088348765625 0.17013888958333334 0.8063271609375 0.171875 0.8043981484374999 0.17621527708333332 0.8009259265625 0.17737268541666668 0.7984182093750001 0.17621527708333332 0.7970679015625 0.17245370416666667 0.7941743828125001 0.16753472291666668 0.7897376546875 0.16724537083333332 0.7862654328125 0.171875 0.785108025 0.17476851875000002 0.781828703125 0.17708333333333334 0.7793209875 0.18055555625 0.7758487656249999 0.1817129625 0.773919753125 0.1854745375 0.769097221875 0.18460648124999998 0.7683256171874999 0.18518518541666668 0.7629243828125001 0.19068287083333332 0.7613811734375 0.191261575 0.7555941359375 0.199363425 0.75482253125 0.199363425 0.7540509265625001 0.19704861041666666 0.753858025 0.19097222291666668 0.7532793203125 0.19039351875000002 0.7519290125 0.18084490833333333 0.7492283953125 0.17795138958333334 0.7445987656249999 0.17824074166666665 0.7434413578125 0.17997685208333333 0.7399691359375 0.1817129625 0.738233025 0.18402777708333332 0.7332175921874999 0.1854745375 0.733024690625 0.18634259166666667 0.7307098765625 0.1875 0.7274305562500001 0.1875 0.7237654328125 0.18518518541666668 0.7208719140625 0.18518518541666668 0.7133487656249999 0.18113425833333335 0.7100694437499999 0.18055555625 0.7029320984375 0.1817129625 0.701774690625 0.183738425 0.6988811734375 0.1854745375 0.6981095671875 0.18778935208333333 0.6959876546875 0.18981481458333332 0.6940586421875 0.19386574166666665 0.6927083328125 0.19502314791666667 0.691358025 0.199074075 0.6905864203125 0.20949074166666665 0.690007715625 0.21006944375 0.690007715625 0.22482638958333334 0.6905864203125 0.22511574166666665 0.6905864203125 0.22916666666666666 0.690007715625 0.22945601875000002
0 0.4035493828125 0.16869212916666668 0.4041280859375 0.17158564791666667 0.40682870312499997 0.175925925 0.40682870312499997 0.18807870416666667 0.4074074078125 0.18836805625 0.4083719140625 0.19502314791666667 0.4074074078125 0.203125 0.40760030937499997 0.20572916666666666 0.408757715625 0.206886575 0.4114583328125 0.207175925 0.41628086406250003 0.20457175833333335 0.42206790156249996 0.20457175833333335 0.42322530937499997 0.20486111041666666 0.423418209375 0.20572916666666666 0.4293981484375 0.206886575 0.432098765625 0.20572916666666666 0.4322916671875 0.20486111041666666 0.435956790625 0.20399305625 0.43788580312500003 0.199074075 0.43942901250000005 0.1973379625 0.4396219140625 0.1953125 0.441358025 0.19270833333333334 0.4421296296875 0.1895254625 0.4479166671875 0.18055555625 0.44868827187500004 0.17737268541666668 0.4498456796875 0.17621527708333332 0.450617284375 0.17332175833333335 0.45331790156249996 0.16898148124999998 0.45447530937499997 0.16550925833333335 0.45408950625 0.15914351875000002 0.45331790156249996 0.15798611041666666 0.45331790156249996 0.15538194375 0.45273919687499997 0.15509259166666667 0.45273919687499997 0.152199075 0.45331790156249996 0.15190972291666668 0.45331790156249996 0.14988425833333335 0.45447530937499997 0.14785879583333333 0.45408950625 0.14525462916666668 0.4471450625 0.13802083333333334 0.446759259375 0.13599537083333332 0.4459876546875 0.13541666666666666 0.44521605 0.1307870375 0.44328703750000004 0.12789351875 0.4386574078125 0.12876157500000002 0.43846450625 0.12991898125 0.4357638890625 0.13252314791666667 0.42881944375 0.13252314791666667 0.42669753125 0.13339120416666667 0.424382715625 0.13570601875000002 0.4168595671875 0.1385995375 0.4074074078125 0.1385995375 0.40489969062500003 0.14033564791666667 0.4029706796875 0.14583333333333334 0.4029706796875 0.15451388958333334 0.40393518593750005 0.15769675833333335 0.4041280859375 0.16116898124999998 0.4035493828125 0.16869212916666668
0 0.42418981406249995 0.28472222291666666 0.42418981406249995 0.2864583333333333 0.42534722187499996 0.28790509166666667 0.42862654375 0.28935185208333336 0.4293981484375 0.29108796249999996 0.43267746875 0.292824075 0.4322916671875 0.30381944375000003 0.4332561734375 0.3046875 0.4342206796875 0.30815972291666666 0.4353780859375 0.31047453750000004 0.43672839531249996 0.31134259166666667 0.43942901250000005 0.31741898125 0.44328703750000004 0.32146990833333333 0.4471450625 0.32146990833333333 0.4513888890625 0.3151041666666667 0.45273919687499997 0.31134259166666667 0.45601851875 0.30758101875 0.45871913593749997 0.2986111104166667 0.45929783906250005 0.29340277708333334 0.4606481484375 0.29108796249999996 0.4606481484375 0.28848379583333333 0.4573688265625 0.28327546249999996 0.45351080312500003 0.28009259166666667 0.4513888890625 0.27546296249999996 0.4471450625 0.27430555624999997 0.44193672812499996 0.27459490833333333 0.4357638890625 0.27054398125 0.42862654375 0.269675925 0.42534722187499996 0.27256944375000003 0.42418981406249995 0.27633101875 0.42418981406249995 0.27806712916666665 0.423418209375 0.2789351854166667 0.423418209375 0.2838541666666667 0.42418981406249995 0.28472222291666666
0 0 0 0 0.03269675833333333 0.0055941359375 0.03356481458333334 0.0133101859375 0.030671295833333334 0.020061728125 0.030671295833333334 0.027777778125000003 0.033854166666666664 0.032600309375 0.03790509166666667 0.0368441359375 0.0390625 0.0383873453125 0.04137731458333334 0.0408950625 0.04224537083333334 0.042631173437499996 0.04398148125 0.0457175921875 0.0448495375 0.0543981484375 0.0448495375 0.057098765625000006 0.04195601875 0.05729166718749999 0.0390625 0.056327160937499995 0.03616898125 0.056327160937499995 0.025173610416666665 0.055169753125 0.023726852083333336 0.053819443749999994 0.019675925 0.053819443749999994 0.017650462500000002 0.0549768515625 0.015335647916666667 0.057098765625000006 0.014178241666666667 0.058641975 0.012152777083333333 0.0582561734375 0.007523147916666667 0.054591049999999995 0.0014467583333333332 0.054591049999999995 0 0 0
0 0.48128857968750005 0.07725694375 0.48726851875 0.08651620416666667 0.49517746875 0.0957754625 0.500578703125 0.109375 0.5017361109375 0.11053240833333335 0.504436728125 0.11111111041666667 0.50887345625 0.11111111041666667 0.512152778125 0.109375 0.51466049375 0.10677083333333333 0.5179398140625 0.10590277708333334 0.523919753125 0.10214120416666667 0.523919753125 0.0995370375 0.5258487656249999 0.0957754625 0.5252700625 0.0917245375 0.527391975 0.09027777708333334 0.5285493828125001 0.08767361041666667 0.5304783953125 0.08564814791666667 0.53125 0.08072916666666667 0.5304783953125 0.07783564791666667 0.5260416671875 0.07667824166666667 0.52237654375 0.0723379625 0.5214120375 0.06741898125 0.5250771609375 0.06365740833333333 0.5297067906249999 0.06192129583333333 0.5331790125 0.05700231458333334 0.53896605 0.043113425000000004 0.5399305562500001 0.03790509166666667 0.540509259375 0.037326389583333335 0.540509259375 0.03240740833333333 0.5397376546875 0.03125 0.5397376546875 0.029803241666666664 0.5372299375 0.027488425 0.5331790125 0.02575231458333333 0.527777778125 0.02575231458333333 0.5217978390625 0.027199075 0.5158179015625 0.03674768541666666 0.5129243828125001 0.03819444375 0.50790895 0.03790509166666667 0.5052083328125 0.035011574999999996 0.5030864203125 0.03414351875 0.498456790625 0.03269675833333333 0.4947916671875 0.03269675833333333 0.49170524687499995 0.035300925000000004 0.4890046296875 0.0390625 0.48668981406249995 0.03964120416666667 0.48398919687499997 0.04369212916666666 0.48379629687500003 0.04629629583333333 0.4832175921875 0.04658564791666667 0.481867284375 0.052083333333333336 0.481867284375 0.05526620416666667 0.48128857968750005 0.05555555625 0.48070987656249997 0.0682870375 0.48070987656249997 0.074363425 0.48128857968750005 0.07523148125 0.48128857968750005 0.07725694375
0 0.529899690625 0.09143518541666666 0.5297067906249999 0.09519675833333333 0.5291280859375 0.09548611041666667 0.5289351859375 0.1035879625 0.527777778125 0.10503472291666666 0.527777778125 0.10619212916666668 0.5285493828125001 0.109375 0.5297067906249999 0.11082175833333333 0.531828703125 0.1229745375 0.5345293203125 0.1270254625 0.5374228390625 0.12876157500000002 0.5383873453125 0.1310763895833333 0.540509259375 0.13252314791666667 0.5416666671875 0.13512731458333332 0.5426311734375 0.14004629583333333 0.5418595671875 0.14756944375 0.5426311734375 0.14814814791666667 0.5470679015625 0.14785879583333333 0.5491898140625 0.14293981458333332 0.553240740625 0.13715277708333332 0.555169753125 0.13599537083333332 0.5569058640625 0.13310185208333333 0.5597993828125001 0.13136574166666667 0.5636574078125001 0.12615740833333333 0.5655864203125 0.125 0.5682870375 0.12152777708333334 0.5711805562500001 0.1151620375 0.573688271875 0.11429398125 0.5796682093750001 0.10503472291666666 0.581983025 0.10387731458333334 0.5831404328125 0.10127314791666667 0.5856481484375 0.09982638958333333 0.5871913578125 0.09722222291666666 0.5895061734375 0.09548611041666667 0.590277778125 0.09288194375 0.5929783953125 0.08883101875 0.5929783953125 0.08362268541666666 0.5918209875 0.08246527708333334 0.5866126546875 0.08043981458333334 0.586419753125 0.07957175833333333 0.5765817906249999 0.07754629583333333 0.57523148125 0.0760995375 0.5744598765625 0.07262731458333334 0.5731095671875 0.07002314791666667 0.5682870375 0.0682870375 0.5642361109375 0.06799768541666666 0.5563271609375 0.06018518541666666 0.551311728125 0.058449074999999996 0.550347221875 0.057291666666666664 0.5435956796875 0.05613425833333333 0.5410879625 0.05758101875 0.539544753125 0.05960648125 0.5378086421875 0.06018518541666666 0.5366512343750001 0.0625 0.533757715625 0.06539351875 0.5324074078125001 0.07002314791666667 0.5324074078125001 0.07725694375 0.531828703125 0.07754629583333333 0.531635803125 0.0839120375 0.529899690625 0.09143518541666666
0 0.5922067906249999 0.14699074166666665 0.5922067906249999 0.14814814791666667 0.5916280859375 0.1484375 0.5916280859375 0.15190972291666668 0.5922067906249999 0.152199075 0.592399690625 0.15769675833333335 0.594328703125 0.16724537083333332 0.5954861109375 0.16898148124999998 0.596257715625 0.17245370416666667 0.596257715625 0.17679398124999998 0.5968364203125 0.17708333333333334 0.5970293203125 0.17910879583333333 0.5970293203125 0.18663194375 0.598186728125 0.18923611041666666 0.598186728125 0.1932870375 0.596257715625 0.19589120416666667 0.596257715625 0.19762731458333332 0.5954861109375 0.199074075 0.5958719140625 0.20138888958333334 0.5968364203125 0.20254629583333333 0.5968364203125 0.20486111041666666 0.5958719140625 0.20630787083333332 0.5922067906249999 0.20659722291666668 0.5929783953125 0.20775462916666668 0.593171296875 0.21122685208333333 0.595100309375 0.21932870416666667 0.5983796296875 0.22395833333333334 0.602044753125 0.22540509166666667 0.6057098765625 0.22916666666666666 0.608989196875 0.23090277708333332 0.620563271875 0.230613425 0.6267361109375 0.2285879625 0.6388888890625 0.22771990833333333 0.6390817906249999 0.22685185208333333 0.64158950625 0.22598379583333333 0.644483025 0.22019675833333335 0.648919753125 0.21585648124999998 0.6502700625 0.2129629625 0.6521990734374999 0.21122685208333333 0.6529706796875 0.20659722291666668 0.6535493828125001 0.20601851875000002 0.6535493828125001 0.199363425 0.652777778125 0.19820601875000002 0.6520061734375 0.19299768541666668 0.64949845625 0.18894675833333335 0.6481481484375 0.17910879583333333 0.64158950625 0.17216435208333333 0.641975309375 0.16898148124999998 0.644097221875 0.16348379583333333 0.64351851875 0.15769675833333335 0.6408179015625 0.15393518541666668 0.6394675921874999 0.15393518541666668 0.6356095671875 0.15133101875000002 0.6304012343750001 0.1504629625 0.6267361109375 0.14785879583333333 0.6242283953125 0.14293981458333332 0.6242283953125 0.14149305625 0.621527778125 0.13744212916666668 0.613811728125 0.1310763895833333 0.6116898140625 0.12557870416666667 0.61033950625 0.11631944375 0.608989196875 0.11400462916666668 0.6057098765625 0.11371527708333334 0.6043595671875 0.11545138958333333 0.6041666671875 0.11747685208333333 0.6022376546875 0.120949075 0.6008873453125 0.121238425 0.5993441359375 0.1229745375 0.5983796296875 0.12239583333333333 0.5968364203125 0.11545138958333333 0.5956790125 0.11284722291666666 0.59085648125 0.11168981458333334 0.5883487656249999 0.11284722291666666 0.5877700625 0.11400462916666668 0.5877700625 0.1270254625 0.5914351859375 0.14207175833333335 0.5916280859375 0.14670138958333334 0.5922067906249999 0.14699074166666665
0 0.78915895 0.019386575 0.7991898140625 0.019386575 0.796489196875 0.018229166666666668 0.78915895 0.019386575
0 0.719328703125 0 0.718171296875 0.008969908333333334 0.720100309375 0.012152777083333333 0.7268518515625 0.013020833333333334 0.7272376546875 0.013888889583333335 0.733989196875 0.012442129166666668 0.74209105 0.012152777083333333 0.74228395 0.01851851875 0.72646605 0.017361110416666665 0.7262731484375 0.018229166666666668 0.7199074078125001 0.01851851875 0.7160493828125001 0.020254629166666666 0.7146990734374999 0.021701389583333335 0.71392746875 0.026041666666666668 0.7125771609375 0.028645833333333332 0.7118055562500001 0.03761574166666667 0.7081404328125 0.0526620375 0.70794753125 0.05700231458333334 0.7087191359375 0.05931712916666666 0.7100694437499999 0.060763889583333335 0.7137345671875 0.06105324166666667 0.71971450625 0.058449074999999996 0.7239583328125 0.05526620416666667 0.7258873453125 0.05237268541666666 0.728009259375 0.05121527708333333 0.7301311734375 0.048611110416666665 0.7376543203125 0.04629629583333333 0.7413194437499999 0.04340277708333333 0.7457561734375 0.042824074999999996 0.7459490734374999 0.04976851875 0.746527778125 0.05034722291666667 0.7480709875 0.05121527708333333 0.7515432093750001 0.05005787083333334 0.7565586421875 0.04137731458333334 0.761188271875 0.029224537499999998 0.7640817906249999 0.024016204166666666 0.7658179015625 0.022569443749999998 0.7658179015625 0.021412037499999998 0.7671682093750001 0.019386575 0.7671682093750001 0.014467591666666666 0.7706404328125 0.011574075 0.781635803125 0.008101852083333333 0.7845293203125 0.005208333333333333 0.785108025 0.00289351875 0.7866512343750001 0.0017361104166666666 0.7866512343750001 0 0.719328703125 0
0 0.87210648125 0.07378472291666666 0.8728780859375 0.07841435208333333 0.8734567906249999 0.07870370416666667 0.875578703125 0.0859375 0.87789351875 0.08709490833333335 0.8821373453125 0.09143518541666666 0.8807870375 0.09866898125 0.8802083328125001 0.09895833333333333 0.8809799375 0.1035879625 0.8856095671875 0.105324075 0.8944830250000001 0.10474537083333332 0.8962191359375 0.10677083333333333 0.8967978390625 0.11024305625 0.8962191359375 0.11111111041666667 0.89544753125 0.1192129625 0.8956404328125 0.12152777708333334 0.8975694437499999 0.12557870416666667 0.8993055562500001 0.1270254625 0.9079861109375 0.12876157500000002 0.9081790125 0.12962962916666668 0.9108796296874999 0.1310763895833333 0.9147376546875 0.13165509166666667 0.9174382718749999 0.13310185208333333 0.9176311734375 0.13396990833333333 0.92476851875 0.13715277708333332 0.9288194437499999 0.136863425 0.9301697531249999 0.13396990833333333 0.9309413578125 0.1229745375 0.92959105 0.12037037083333332 0.9286265437500001 0.11603009166666665 0.9313271609375 0.11371527708333334 0.9359567906249999 0.11371527708333334 0.9384645062500001 0.1151620375 0.9405864203125001 0.11950231458333334 0.9425154328125 0.13136574166666667 0.9440586421875 0.13310185208333333 0.94540895 0.13628472291666668 0.9494598765625 0.13946759166666667 0.95601851875 0.14004629583333333 0.958526234375 0.13802083333333334 0.9685570984374999 0.13396990833333333 0.969328703125 0.12876157500000002 0.9668209875 0.11950231458333334 0.9672067906249999 0.11805555625 0.9685570984374999 0.11660879583333333 0.97646605 0.11631944375 0.9774305562500001 0.1151620375 0.9845679015625001 0.11429398125 0.9859182093750001 0.113136575 0.98726851875 0.105613425 0.9938271609375 0.09837962916666668 0.9959490734375 0.08564814791666667 0.9961419749999999 0.07494212916666668 0.994598765625 0.06944444375 0.9932484562499999 0.06886574166666667 0.9888117281250001 0.06394675833333334 0.9884259265625 0.05758101875 0.98726851875 0.05555555625 0.9845679015625001 0.05410879583333333 0.981867284375 0.05410879583333333 0.97665895 0.05584490833333333 0.9745370375 0.058449074999999996 0.972222221875 0.05960648125 0.969328703125 0.06018518541666666 0.9677854937499999 0.0625 0.9650848765625 0.06423611041666667 0.9529320984374999 0.066550925 0.9481095671875 0.06973379583333333 0.9444444437499999 0.07349537083333332 0.9322916671874999 0.07957175833333333 0.9301697531249999 0.08130787083333332 0.9286265437500001 0.08506944375 0.9261188265625 0.08680555625 0.9257330250000001 0.08825231458333334 0.9214891968750001 0.09201388958333333 0.9174382718749999 0.082175925 0.9174382718749999 0.07754629583333333 0.9187885796874999 0.07175925833333333 0.919367284375 0.06278935208333333 0.9160879625 0.05410879583333333 0.9160879625 0.05034722291666667 0.9166666671874999 0.04976851875 0.9168595671875 0.04745370416666667 0.9201388890625 0.043113425000000004 0.9214891968750001 0.03848379583333333 0.9236111109375 0.035011574999999996 0.9263117281250001 0.0332754625 0.9274691359375 0.029224537499999998 0.925347221875 0.02835648125 0.9176311734375 0.028645833333333332 0.9135802468750001 0.026909722916666667 0.9118441359375 0.025173610416666665 0.9060570984374999 0.02575231458333333 0.903742284375 0.02835648125 0.900848765625 0.029513889583333335 0.8991126546875 0.03211805625 0.8967978390625 0.032986110416666665 0.8962191359375 0.03761574166666667 0.8973765437500001 0.043113425000000004 0.8962191359375 0.044270833333333336 0.8944830250000001 0.045138889583333335 0.8869598765625 0.045138889583333335 0.88290895 0.046875 0.8769290125 0.052083333333333336 0.8748070984374999 0.05555555625 0.8728780859375 0.05613425833333333 0.8705632718749999 0.05902777708333333 0.8676697531249999 0.06018518541666666 0.8643904328125 0.06394675833333334 0.8643904328125 0.066261575 0.8651620375 0.0682870375 0.8680555562500001 0.06973379583333333 0.87210648125 0.07378472291666666
0 0.154899690625 0.20254629583333333 0.154899690625 0.206886575 0.156828703125 0.21440972291666668 0.157600309375 0.21527777708333332 0.1593364203125 0.21527777708333332 0.16107253125 0.2129629625 0.165509259375 0.21383101875000002 0.1685956796875 0.2167245375 0.1685956796875 0.22019675833333335 0.16512345625 0.222511575 0.1612654328125 0.22222222291666668 0.1595293203125 0.22337962916666668 0.1595293203125 0.230613425 0.1614583328125 0.23292824166666665 0.1614583328125 0.23379629583333333 0.17110339531250002 0.23871527708333332 0.1745756171875 0.24276620416666667 0.1813271609375 0.24450231458333332 0.18576388906250002 0.24450231458333332 0.186149690625 0.23524305625 0.18672839531250002 0.23466435208333333 0.18672839531250002 0.22974537083333332 0.18730709843749999 0.22771990833333333 0.18672839531250002 0.18923611041666666 0.186149690625 0.18865740833333333 0.18595679062499998 0.18460648124999998 0.180169753125 0.17737268541666668 0.1759259265625 0.17476851875000002 0.1699459875 0.17505787083333332 0.1676311734375 0.17708333333333334 0.166473765625 0.17997685208333333 0.16415895 0.1817129625 0.16396605 0.18402777708333332 0.1614583328125 0.18865740833333333 0.1599151234375 0.19415509166666667 0.154899690625 0.20254629583333333
0 0.1973379625 0.2167245375 0.1994598765625 0.22019675833333335 0.1994598765625 0.22395833333333334 0.1979166671875 0.23003472291666668 0.1973379625 0.230324075 0.1965663578125 0.23784722291666668 0.19598765468749998 0.24045138958333334 0.19540895 0.24074074166666665 0.19425154375 0.27401620416666667 0.1932870375 0.28269675833333335 0.1927083328125 0.2829861104166667 0.1927083328125 0.29224537083333335 0.1932870375 0.29253472291666666 0.1927083328125 0.30266203750000004 0.1932870375 0.3029513895833333 0.1934799375 0.30671296249999996 0.19618055625 0.30931712916666665 0.1998456796875 0.31047453750000004 0.21180555625 0.31047453750000004 0.22723765468749998 0.31192129583333333 0.23109567968750003 0.30671296249999996 0.23186728437499998 0.30266203750000004 0.2332175921875 0.29976851875 0.2332175921875 0.29745370416666667 0.2384259265625 0.2864583333333333 0.23919753125 0.27835648125 0.23996913593750002 0.27777777708333334 0.240740740625 0.2751736104166667 0.2438271609375 0.27256944375000003 0.2438271609375 0.26707175833333335 0.242669753125 0.2633101854166667 0.242669753125 0.26099537083333335 0.24209105000000003 0.2604166666666667 0.24131944375 0.25318287083333335 0.23996913593750002 0.25 0.23996913593750002 0.24652777708333332 0.2393904328125 0.245949075 0.23919753125 0.24160879583333333 0.23996913593750002 0.23784722291666668 0.24209105000000003 0.23408564791666667 0.2480709875 0.230613425 0.2557870375 0.23090277708333332 0.25771605000000003 0.23177083333333334 0.259259259375 0.23177083333333334 0.2604166671875 0.230613425 0.2600308640625 0.22598379583333333 0.2606095671875 0.21701388958333334 0.2619598765625 0.21383101875000002 0.263117284375 0.20775462916666668 0.2638888890625 0.206886575 0.2638888890625 0.19386574166666665 0.2633101859375 0.1932870375 0.263117284375 0.18836805625 0.2623456796875 0.1854745375 0.2600308640625 0.18200231458333332 0.2606095671875 0.17216435208333333 0.2619598765625 0.167824075 0.25790894999999997 0.160300925 0.2557870375 0.1582754625 0.2532793203125 0.15798611041666666 0.252507715625 0.15625 0.252507715625 0.1542245375 0.2546296296875 0.15306712916666668 0.2565586421875 0.1484375 0.2552083328125 0.136863425 0.253858025 0.13541666666666666 0.2530864203125 0.1328125 0.24402006250000002 0.12586805625 0.242669753125 0.12355324166666667 0.2384259265625 0.12008101875 0.22955246875 0.11863425833333333 0.22743055625 0.1171875 0.2237654328125 0.1171875 0.22125771562500002 0.11950231458333334 0.2199074078125 0.12210648125 0.2199074078125 0.12962962916666668 0.219135803125 0.13136574166666667 0.2175925921875 0.13252314791666667 0.2092978390625 0.13310185208333333 0.20833333281250002 0.13425925833333335 0.2038966046875 0.13599537083333332 0.2019675921875 0.14033564791666667 0.2019675921875 0.152488425 0.20061728437499998 0.15798611041666666 0.20061728437499998 0.16174768541666668 0.2038966046875 0.17013888958333334 0.2038966046875 0.17447916666666666 0.20061728437499998 0.18605324166666665 0.1994598765625 0.18836805625 0.19618055625 0.191261575 0.19598765468749998 0.19560185208333333 0.19540895 0.19589120416666667 0.19540895 0.20746527708333332 0.19598765468749998 0.20775462916666668 0.19598765468749998 0.21151620416666667 0.1973379625 0.2167245375
0 0.19521605 0.5245949083333333 0.19598765468749998 0.5269097229166666 0.19598765468749998 0.5219907416666667 0.19521605 0.5245949083333333
0 0.0852623453125 0.4898726854166667 0.08699845625 0.49276620416666667 0.089313271875 0.49421296249999996 0.0916280859375 0.4973958333333333 0.0939429015625 0.49855324166666665 0.0949074078125 0.5005787041666667 0.10069444375 0.5066550916666667 0.1033950625 0.5130208333333334 0.1051311734375 0.519386575 0.1070601859375 0.5228587958333333 0.108989196875 0.52430555625 0.1197916671875 0.5228587958333333 0.12345679062499999 0.5190972229166666 0.12673611093749998 0.5190972229166666 0.1282793203125 0.5228587958333333 0.1354166671875 0.5260416666666666 0.1356095671875 0.5269097229166666 0.1429398140625 0.5269097229166666 0.1467978390625 0.5231481479166666 0.1481481484375 0.5231481479166666 0.151813271875 0.5245949083333333 0.1541280859375 0.527199075 0.1624228390625 0.5300925916666667 0.16473765468749998 0.5324074083333333 0.167438271875 0.5335648145833333 0.16936728437499998 0.5364583333333334 0.17341820937500002 0.5373263895833333 0.1761188265625 0.5364583333333334 0.1774691359375 0.5329861104166667 0.1774691359375 0.5280671291666666 0.17881944375 0.5257523145833333 0.182098765625 0.52430555625 0.18402777812499999 0.5219907416666667 0.18402777812499999 0.5112847229166666 0.1832561734375 0.5083912041666667 0.1813271609375 0.50491898125 0.1813271609375 0.50289351875 0.180169753125 0.5005787041666667 0.180169753125 0.49797453750000004 0.1784336421875 0.49537037083333335 0.1774691359375 0.4904513895833333 0.1759259265625 0.488425925 0.1741898140625 0.48408564791666664 0.17283950625 0.47598379583333333 0.171489196875 0.47366898125 0.16936728437499998 0.46556712916666665 0.1682098765625 0.4626736104166667 0.16338734531250002 0.45659722291666666 0.1628086421875 0.45370370416666667 0.1628086421875 0.44473379583333333 0.1620370375 0.44241898125 0.156635803125 0.4351851854166667 0.15335648125 0.433449075 0.1512345671875 0.43084490833333333 0.147955246875 0.42939814791666664 0.14756944375 0.42824074166666665 0.14448302500000001 0.42679398125 0.13811728437499998 0.42679398125 0.13194444375 0.43055555624999997 0.125385803125 0.43113425833333335 0.1197916671875 0.43431712916666665 0.11554783906249999 0.44039351875 0.114776234375 0.44473379583333333 0.114776234375 0.449363425 0.11342592656249999 0.4513888895833333 0.1082175921875 0.45457175833333335 0.10648148125000001 0.457175925 0.10127314843749999 0.46151620416666667 0.0970293203125 0.46296296249999996 0.0939429015625 0.46932870416666667 0.0916280859375 0.47077546249999996 0.08468364218749999 0.4788773145833333 0.0812114203125 0.48090277708333334 0.079475309375 0.48350694375000003 0.07908950625 0.48524305624999997 0.079668209375 0.488136575 0.081597221875 0.4895833333333333 0.0852623453125 0.4898726854166667