0 0.0043836578125 0 0.002367175 0.0014025250000000002 0 0.0016654979166666668 0 0.0031206166666666664 0.0018411359374999998 0.006311360416666667 0.0097317203125 0.012272089583333333 0.0142030515625 0.017882187499999997 0.01630720625 0.024544179166666666 0.014992109375000002 0.025946704166666668 0.0131509734375 0.025946704166666668 0.0097317203125 0.022791022916666667 0.00210415625 0.02103786875 0 0.021914445833333334 0 0.06650303958333333 0.001052078125 0.06837307083333334 0 0.06872370208333334 0 0.142800375 0.0028932140625000003 0.14305750416666668 0.009994739062499999 0.1377980375 0.0215675953125 0.13534361875 0.027617043749999997 0.13534361875 0.029458179687500002 0.13604488125 0.0307732765625 0.13884992916666666 0.030247239062499997 0.14340813541666667 0.031036296875 0.14796633958333333 0.033403471875 0.15147265000000001 0.035507628125 0.15883590416666668 0.0391899 0.16164095416666668 0.047080484374999995 0.15813464166666666 0.05786428125 0.15042075833333335 0.0615465546875 0.15042075833333335 0.0641767484375 0.15568022499999998 0.0652288265625 0.16374473958333333 0.0686480796875 0.17005610000000002 0.072593371875 0.17075736249999998 0.077064703125 0.16760168333333333 0.08048395625 0.16760168333333333 0.08416622812499999 0.16935483958333333 0.0881115203125 0.16619915833333332 0.0917937921875 0.15813464166666666 0.09363492968750001 0.14586255208333335 0.09705418125000001 0.13884992916666666 0.09784324062500001 0.13183730624999998 0.0996843765625 0.12903225833333334 0.1009994734375 0.12377279166666666 0.10494476562499999 0.11816269375 0.10520778593749999 0.11605890625 0.10915307656249999 0.11115007083333334 0.1175697 0.10483871041666666 0.1265123625 0.10238429166666667 0.1328248296875 0.09852735 0.1336138875 0.09396914375000001 0.1433456078125 0.08274894791666668 0.143871646875 0.07924263749999999 0.1491320359375 0.06942496458333333 0.1504471328125 0.06837307083333334 0.1504471328125 0.06030855625 0.1412414515625 0.045932679166666664 0.1407154125 0.034011220833333335 0.1412414515625 0.029102383333333332 0.143871646875 0.022791022916666667 0.144134665625 0.01963534375 0.150710153125 0.010869564583333333 0.154392425 0.0021037875000000004 0.1528143078125 0 0.13897948437500002 0 0.1383482375 0.0021037875000000004 0.1354550234375 0.005960729166666666 0.1336138875 0.005259466666666667 0.1328248296875 0.0028050500000000003 0.13357297343750002 0 0.0043836578125 0
0 0.013940031250000002 0.6297335208333333 0.012624934374999999 0.6377980375 0.0107837984375 0.6430575041666666 0.0084166234375 0.6465638145833333 0.00447133125 0.6612903229166667 0.00447133125 0.6728611499999999 0.0057864281250000005 0.6795231416666667 0.007890584374999999 0.6812762979166667 0.0097317203125 0.6858345020833333 0.010257759375 0.69039270625 0.012887953125 0.6984572229166666 0.0207785375 0.71037868125 0.024460809375 0.70897615625 0.0349815890625 0.6995091166666667 0.0373487640625 0.6949509125 0.03892688125 0.6893408125 0.03892688125 0.67531556875 0.040504996875 0.6690042083333334 0.041557075 0.6430575041666666 0.03892688125 0.6374474062500001 0.0376117828125 0.631486675 0.0376117828125 0.6157082749999999 0.0360336671875 0.6093969145833333 0.03235139375 0.6048387104166667 0.027354023437500003 0.6048387104166667 0.023145712500000002 0.6086956520833334 0.013940031250000002 0.6297335208333333
0 0.659126775 0.04803646666666667 0.663861125 0.04312762916666667 0.6633350874999999 0.042426366666666666 0.6546554437500001 0.042426366666666666 0.653077328125 0.04312762916666667 0.6528143078124999 0.046633941666666665 0.6543924249999999 0.04803646666666667 0.659126775 0.04803646666666667
0 0.7294406453125 0 0.72830089375 0.004558204166666666 0.7285639140625 0.023141654166666668 0.7309310890625 0.037868162500000004 0.7322461859375 0.03997195 0.7335612828125 0.047335204166666665 0.7351394 0.04908835833333333 0.73987375 0.04978962083333334 0.7414518671875 0.051192145833333334 0.743293003125 0.05399719583333333 0.7446081015625 0.06346423541666667 0.75092056875 0.07012622708333334 0.7553918984375 0.078541375 0.761441346875 0.08380084166666667 0.76512361875 0.08906030833333332 0.76933193125 0.09221598958333334 0.7735402421875001 0.09186535833333333 0.779852709375 0.08765778333333334 0.7840610203125 0.08169705416666666 0.7906365078125 0.06732117708333334 0.7932667015625 0.048737727083333335 0.7998421890625 0.039621318749999995 0.79957916875 0.028050491666666667 0.796159915625 0.02103786875 0.7964229359375 0.01753155625 0.8127301421875 0.014375877083333332 0.8172014734375 0.010168302083333334 0.8174644921875001 0.008415147916666667 0.8211467656250001 0.00315568125 0.8269331937500001 0 0.7294406453125 0
0 0.06917411875 0.5056100979166667 0.06549184687500001 0.5052594666666667 0.0618095734375 0.50245441875 0.05733824375 0.4957924270833333 0.052866912499999995 0.49474053333333334 0.044976328125 0.49018232916666665 0.042609153125 0.4877279104166667 0.0384008421875 0.48632538541666664 0.0284061015625 0.4779102375 0.024460809375 0.47755960833333333 0.023145712500000002 0.48106591875 0.024460809375 0.48492286041666666 0.032088375 0.4905329583333333 0.039452918749999996 0.49333800833333336 0.0515518140625 0.50280505 0.053918990624999996 0.5133239833333333 0.056286165624999995 0.51612903125 0.0652288265625 0.51893408125 0.0697001578125 0.5231416541666667 0.07627564375 0.5319074333333333 0.0870594421875 0.5403225812500001 0.091004734375 0.541374475 0.0920568125 0.5403225812500001 0.0920568125 0.5336605895833333 0.08837453906250001 0.5280504916666666 0.07390846875 0.51612903125 0.0694371390625 0.5105189333333333 0.06996317656249999 0.5066619916666667 0.06917411875 0.5056100979166667
0 0.035507628125 0.5518934083333333 0.0318253546875 0.5543478270833333 0.029984218750000003 0.5585553999999999 0.028932140625 0.5641654979166667 0.029721199999999996 0.5760869562500001 0.031299315625000004 0.5823983166666667 0.035507628125 0.5883590458333334 0.047080484374999995 0.5936185125000001 0.05076275625 0.59326788125 0.0536559703125 0.5915147270833334 0.056286165624999995 0.5834502104166667 0.056286165624999995 0.5743338 0.0549710671875 0.5687237020833333 0.053918990624999996 0.5543478270833333 0.052077853125 0.5515427770833334 0.0455023671875 0.5504908833333333 0.035507628125 0.5518934083333333
0 0.9602840609375001 0.10308555416666666 0.95633876875 0.10273492291666667 0.952656496875 0.10483871041666666 0.9521304578124999 0.10974754583333332 0.9529195156249999 0.112903225 0.9473961078125 0.11605890625 0.9487112046874999 0.12657783958333332 0.9510783796875 0.13043478333333333 0.9523934765625001 0.13955119166666666 0.9555497109375001 0.14866760208333335 0.9587059437500001 0.1549789625 0.96528143125 0.16023842916666667 0.96554445 0.16935483958333333 0.9681746453125 0.17356241249999999 0.971067859375 0.17601683125 0.9784324046874999 0.17636746041666665 0.9857969484375 0.17321178125 0.9907943187500001 0.16830294583333333 0.9913203578124999 0.16444600208333335 0.9944765906249999 0.16023842916666667 0.9957916890625 0.15673211874999998 0.996317728125 0.15217391249999998 0.9973698046875 0.15112201875 0.9986849031249999 0.14551192083333334 0.9986849031249999 0.13113604583333333 0.99526565 0.1136044875 0.9957916890625 0.10904628333333334 0.9936875328125 0.09992987291666666 0.9863229875 0.0950210375 0.968700684375 0.094319775 0.9671225671875 0.09467040624999999 0.9602840609375001 0.10308555416666666
0 0.0544450296875 0.5725806458333333 0.0536559703125 0.5722300145833333 0.05312993125 0.57468443125 0.053918990624999996 0.5838008416666667 0.054708048437500004 0.5816970541666666 0.0544450296875 0.5725806458333333
0 0.0510257765625 0.5585553999999999 0.049710678125000005 0.55820476875 0.0512887953125 0.5557503500000001 0.0510257765625 0.5536465645833334 0.047080484374999995 0.5532959333333333 0.0452393484375 0.5543478270833333 0.048132562499999997 0.55610098125 0.050499737499999996 0.5631136041666667 0.0510257765625 0.5585553999999999
0 0 0.6065918645833333 0.0031562328124999997 0.6107994395833334 0.0063124671874999995 0.6178120625 0.0113098375 0.6192145854166667 0.015255128125 0.61746143125 0.0249868484375 0.6030855541666666 0.029721199999999996 0.59852735 0.031036296875 0.5950210375 0.029721199999999996 0.5922159895833333 0.029984218750000003 0.5799439 0.029458179687500002 0.5750350625 0.027354023437500003 0.5680224395833334 0.0257759078125 0.5511921458333333 0.023145712500000002 0.5459326791666667 0.0192004203125 0.5424263666666668 0.0168332453125 0.5420757354166666 0.013413992187500001 0.5392706875 0.0097317203125 0.5378681625 0 0.5380808395833333 0 0.6065918645833333
0 0.973435034375 0.38604488125 0.97238295625 0.39446002708333333 0.971067859375 0.3958625520833333 0.971067859375 0.40007012708333334 0.9747501312500001 0.40007012708333334 0.9765912671875 0.39691444583333335 0.9784324046874999 0.3962131833333334 0.9802735406249999 0.3937587666666667 0.982903734375 0.38779803749999997 0.9855339296875 0.38464235625 0.9855339296875 0.37973352083333334 0.9818516562499999 0.3744740541666667 0.9776433453125 0.37412342291666667 0.9747501312500001 0.3751753145833333 0.9736980531249999 0.37762973333333333 0.973435034375 0.38604488125
0 0.9779063656250001 0.35203366041666667 0.97711730625 0.3544880791666667 0.9773803265625001 0.3590462833333333 0.9794844812499999 0.362903225 0.9857969484375 0.368513325 0.989479221875 0.3678120625 0.9915833765625001 0.365708275 0.99526565 0.36430575 0.9973698046875 0.3618513333333333 0.9986849031249999 0.35729312708333333 0.9986849031249999 0.3509817666666667 0.9973698046875 0.34852735 0.989479221875 0.3387096770833333 0.9855339296875 0.3394109395833333 0.9839558125 0.3425666208333333 0.9815886375 0.34467040625 0.9779063656250001 0.35203366041666667
0 0.9376643874999999 0.3544880791666667 0.9374013671875 0.362903225 0.9324039984375 0.3688639541666667 0.91241451875 0.3828892 0.90768016875 0.38464235625 0.9037348765625 0.38955119166666663 0.90110468125 0.39691444583333335 0.8992635453125001 0.405680225 0.899526565625 0.4105890604166667 0.901893740625 0.4119915854166667 0.904523934375 0.4105890604166667 0.9061020515625 0.40322580625 0.91004734375 0.3990182333333333 0.9116254609375 0.39796633958333333 0.9163598109375 0.39831697083333334 0.920305103125 0.40182328125000005 0.9231983171874999 0.40918653541666666 0.9263545499999999 0.4133941104166666 0.931877959375 0.40988779791666663 0.94266175625 0.40988779791666663 0.9434508156250001 0.42180925625000004 0.94450289375 0.42531556875000004 0.9471330874999999 0.4281206166666667 0.952656496875 0.42917251041666665 0.9600210421875 0.424263675 0.9615991578124999 0.42180925625000004 0.9618621781250001 0.41725105208333335 0.9631772749999999 0.4133941104166666 0.9631772749999999 0.4105890604166667 0.962125196875 0.4081346416666667 0.962125196875 0.39200561041666665 0.96291425625 0.39025245416666665 0.9631772749999999 0.37833099583333335 0.96291425625 0.362903225 0.96554445 0.35343618541666666 0.96528143125 0.34291725208333335 0.9642293531250001 0.3387096770833333 0.96291425625 0.3383590458333333 0.9542346140625 0.34011220208333337 0.9484481859375 0.3436185125 0.9376643874999999 0.3544880791666667
0 0.8824303 0.13604488125 0.87795896875 0.12973352083333334 0.8742766968750001 0.12692847083333333 0.8713834828125 0.12622720833333334 0.8690163078124999 0.12833099583333332 0.867701209375 0.13253856875 0.8658600734374999 0.134291725 0.8487638078125 0.13709677499999998 0.83850605 0.1500701270833333 0.8308784843750001 0.1535764375 0.8287743296875 0.16023842916666667 0.8206207265625001 0.1721598875 0.8135192 0.17706872291666667 0.806417675 0.18618513333333334 0.80852183125 0.19039270625 0.82035770625 0.19530154375 0.8358758546875 0.19635343541666667 0.8398211468750001 0.19565217291666667 0.8448185171875 0.19249649375000003 0.8527091 0.19249649375000003 0.860862703125 0.19565217291666667 0.8726985796875001 0.19635343541666667 0.8824303 0.19950911666666665 0.8982114671874999 0.20161290416666666 0.9005786421875 0.20091164166666667 0.9029458187499999 0.19740532916666667 0.9032088375 0.18197756041666666 0.9095213046874999 0.17356241249999999 0.9097843234375 0.1669004208333333 0.9074171484375 0.16058906041666668 0.89637033125 0.14796633958333333 0.8950552343749999 0.14516128958333332 0.890583903125 0.14375876666666668 0.8824303 0.13604488125
0 0.8200946874999999 0.3583450208333333 0.8122041031249999 0.35729312708333333 0.8095739078124999 0.35518934166666666 0.8090478703124999 0.3404628333333333 0.8051025781250001 0.33485273541666666 0.8011572859375 0.3338008416666666 0.79484481875 0.33625526041666665 0.7945817984375 0.33765778333333335 0.795896896875 0.3394109395833333 0.7998421890625 0.3513323979166667 0.79957916875 0.35308555416666665 0.7974750125 0.35553997291666667 0.7974750125 0.36009817708333336 0.8003682265625001 0.3772791020833333 0.8051025781250001 0.38674614375 0.8082588109375 0.39936886458333337 0.8227248812499999 0.41830294583333333 0.8287743296875 0.41830294583333333 0.8356128359375001 0.41304347916666667 0.8392951078124999 0.40427769999999996 0.8379800109375 0.3958625520833333 0.8406102046875 0.38955119166666663 0.8398211468750001 0.38464235625 0.835349815625 0.3772791020833333 0.8316675437500001 0.37342216041666665 0.8295633875 0.3664095375 0.8248290375 0.36044880833333337 0.8200946874999999 0.3583450208333333
0 0.423987375 0.16549789583333335 0.42372435625 0.16830294583333333 0.4247764328125 0.17180925625 0.427143609375 0.17356241249999999 0.4324039984375 0.18162692916666667 0.43319305625000004 0.18583450208333332 0.4352972125 0.18793828958333333 0.4397685421875 0.19950911666666665 0.4431877953125 0.20511921458333332 0.4473961078125 0.21704067291666668 0.4476591265625 0.22089761666666666 0.4497632828125 0.22650771458333332 0.4513414 0.23492286041666668 0.45554971093749996 0.24684431875 0.45923198281250005 0.24474053333333332 0.46028406093749996 0.23842917291666668 0.45923198281250005 0.2279102375 0.45791688593749996 0.22545582083333335 0.45765386562500004 0.22265077083333334 0.45949500312499997 0.22089761666666666 0.46317727499999994 0.21984572291666668 0.46317727499999994 0.21633941041666666 0.46054708125 0.214235625 0.45712782812499997 0.20897615625 0.45528669062500005 0.20126227291666668 0.45397159374999996 0.19915848541666667 0.4521304578125 0.18758765833333332 0.4500263015625 0.18022440416666669 0.4484481859375 0.16725105208333335 0.446081009375 0.16549789583333335 0.43424513437499995 0.16444600208333335 0.42977380312499996 0.16199158541666667 0.42609153125 0.16199158541666667 0.423987375 0.16549789583333335
0 0.9855339296875 0.16444600208333335 0.9842188328124999 0.16725105208333335 0.9850078906249999 0.16830294583333333 0.9863229875 0.16760168333333333 0.9863229875 0.16444600208333335 0.9855339296875 0.16444600208333335
0 0.8568422640625 0 0.8548132562499999 0.00315568125 0.8542872171875 0.01683029375 0.8516570218749999 0.028751754166666664 0.851394003125 0.035764374999999994 0.8519200421875001 0.037868162500000004 0.8556023140625 0.0406732125 0.8645449765625 0.04347826041666667 0.867701209375 0.04628331041666667 0.874539715625 0.04803646666666667 0.8824303 0.051893408333333335 0.8897948453125 0.04628331041666667 0.8924250390624999 0.04277699791666667 0.8932140984375 0.0392706875 0.8961073125000001 0.03751753125 0.8971593890625 0.03436185208333333 0.8982114671874999 0.034712483333333335 0.901893740625 0.038569425000000004 0.901893740625 0.046633941666666665 0.8992635453125001 0.04803646666666667 0.8926880593750001 0.0585554 0.89163598125 0.06346423541666667 0.89163598125 0.06907433333333332 0.8918990000000001 0.07152875208333334 0.8942661749999999 0.0750350625 0.8992635453125001 0.08835904583333334 0.9008416625000001 0.09011220208333334 0.9047869546875 0.08976157083333333 0.9084692265625 0.08800841458333333 0.91241451875 0.08870967708333333 0.9231983171874999 0.10238429166666667 0.9310889 0.10448807916666666 0.934245134375 0.10904628333333334 0.9408206203124999 0.11325385625 0.9455549703124999 0.11430575 0.94687006875 0.11255259375 0.9473961078125 0.10939691458333334 0.9505523406249999 0.10659186458333333 0.9534455546875 0.10098176666666667 0.9600210421875 0.09852735 0.9679116249999999 0.08976157083333333 0.9692267234375 0.07889200625000001 0.9729089953125 0.07468443124999999 0.9758022093750001 0.07293127708333333 0.9779063656250001 0.06767180833333333 0.9807995796875 0.06451612916666667 0.991846396875 0.06171107916666666 0.997632825 0.05469845625 1 0.0549509125 1 0 0.8568422640625 0
0 0.04129405625 0.6497194958333333 0.040504996875 0.6535764375 0.040241978125 0.6658485270833334 0.0386638609375 0.67531556875 0.0391899 0.6872370270833333 0.0431351921875 0.6854838708333334 0.047080484374999995 0.6795231416666667 0.049447659375 0.6711079937500001 0.049973698437500005 0.65182328125 0.052340873437500005 0.6416549791666667 0.0536559703125 0.6395511916666667 0.054708048437500004 0.6241234229166667 0.058653340624999994 0.61746143125 0.05760126249999999 0.6090462833333333 0.0544450296875 0.6065918645833333 0.044713309374999996 0.6086956520833334 0.03892688125 0.6157082749999999 0.03892688125 0.63394109375 0.04129405625 0.6497194958333333
0 0 0.4979876833333333 0.0073645453125 0.4915848520833333 0.0113098375 0.4821178125 0.0113098375 0.4779102375 0.0073645453125 0.47475455833333335 0.006838506249999999 0.47124824583333336 0.0028932140625000003 0.46598877916666664 0 0.46736625833333334 0 0.4979876833333333
0 0.6112572328125 0.17636746041666665 0.6104681750000001 0.1721598875 0.6104681750000001 0.15883590416666668 0.6120462921875001 0.152875175 0.6115202531249999 0.14621318333333333 0.6028406109375 0.134291725 0.599947396875 0.12798036458333334 0.5994213578124999 0.12447405416666667 0.5973172015625 0.12342216041666668 0.595476065625 0.12061711041666667 0.5825881109375 0.1171108 0.5762756437500001 0.11746143125 0.5697001578124999 0.12131837291666667 0.5649658078125 0.12798036458333334 0.5602314578125 0.13253856875 0.5547080484375 0.14130434791666666 0.5533929515625 0.14516128958333332 0.5528669125000001 0.15392706874999998 0.5507627562499999 0.16164095416666668 0.5510257765625 0.18057503541666667 0.5533929515625 0.18232819166666667 0.55970541875 0.18162692916666667 0.561020515625 0.18267882291666665 0.561283534375 0.18688639583333336 0.5599684375 0.19705469791666666 0.5604944765625001 0.211430575 0.5625986328125 0.21493688541666664 0.5694371390625 0.21669004166666667 0.570489215625 0.21809256666666668 0.57364545 0.230014025 0.5773277218749999 0.23387096875 0.5825881109375 0.23562412291666668 0.5886375593750001 0.24228611458333335 0.5917937921875 0.24859747499999998 0.5936349296875 0.25525946666666666 0.595739084375 0.25736325416666667 0.6091530765625001 0.24123422083333335 0.6115202531249999 0.23632538541666664 0.6157285640625 0.22089761666666666 0.6157285640625 0.20757363333333334 0.6125723296875 0.19740532916666667 0.6091530765625001 0.1907433375 0.6088900578125 0.18723702708333334 0.6091530765625001 0.18267882291666665 0.6112572328125 0.17636746041666665
0 0.6102051546875 0.28786816249999997 0.6065228828125 0.28786816249999997 0.5973172015625 0.29277699791666667 0.59468700625 0.2987377270833333 0.5936349296875 0.3110098166666667 0.5949500265625 0.3183730708333333 0.5996843765625 0.325736325 0.600210415625 0.3380084145833333 0.6015255125000001 0.3418653583333333 0.6104681750000001 0.344319775 0.61073119375 0.33590462916666664 0.6120462921875001 0.328541375 0.61493950625 0.32538569375000004 0.61967385625 0.32328190833333337 0.62230405 0.32047685833333334 0.6312467125000001 0.30610098125 0.6341399265625001 0.2948807854166667 0.6365071015625 0.29102384374999996 0.6365071015625 0.28155680208333334 0.6325618093750001 0.27664796666666663 0.6249342453125 0.27559607291666666 0.61730668125 0.2791023833333333 0.6133613890625 0.2829593270833334 0.6102051546875 0.28786816249999997
0 0.26985796875 0.5627629729166667 0.267227775 0.5648667604166667 0.266175696875 0.5676718083333333 0.2632824828125 0.5873071520833334 0.2632824828125 0.59326788125 0.26433456093749996 0.59817671875 0.275118359375 0.6009817666666667 0.27906365 0.5978260875 0.2803787484375 0.5936185125000001 0.28485007812499996 0.5890603083333333 0.2903734875 0.5880084145833333 0.2932667015625 0.5862552604166668 0.29484481875 0.5830995791666667 0.2964229359375 0.5760869562500001 0.3011572859375 0.5666199166666667 0.3011572859375 0.55820476875 0.29747501249999997 0.5490883583333334 0.2827459234375 0.5382187937499999 0.27906365 0.5392706875 0.27485533906250004 0.5448807854166666 0.26985796875 0.5627629729166667
0 0.32719621249999997 0 0.32719621249999997 0.00245441875 0.3243029984375 0.012272089583333333 0.3240399796875 0.017180925 0.32667017343750004 0.01858345 0.3369279328125 0.014726508333333332 0.360862703125 0.014375877083333332 0.3634928984375 0.013323983333333334 0.37795896875 0.006311360416666667 0.3840084171875 0.00175315625 0.3851773921875 0 0.32719621249999997 0
0 0.2203810859375 0 0.2230405046875 0.004558204166666666 0.22987901093750002 0.013323983333333334 0.23145712812500002 0.01753155625 0.2343503421875 0.018934081250000002 0.235928459375 0.017882187499999997 0.240662809375 0.004558204166666666 0.2438190421875 0.0010518937500000002 0.24671225625 0.00035063125000000004 0.249868490625 0.0038569416666666668 0.2514466078125 0.012622720833333333 0.2540768015625 0.017180925 0.2572330359375 0.019985975 0.259337190625 0.026297335416666668 0.26696475468749997 0.03506311458333333 0.267227775 0.037868162500000004 0.2701209890625 0.04417952291666667 0.27485533906250004 0.051192145833333334 0.277748553125 0.05329593333333334 0.2816938453125 0.054347827083333335 0.2856391375 0.05329593333333334 0.2872172546875 0.051192145833333334 0.2895844296875 0.04453015416666666 0.29484481875 0.035764374999999994 0.29484481875 0.024193547916666665 0.3011572859375 0.02033660625 0.30378747968750003 0.01612903125 0.3040505 0.012973352083333334 0.30273540312499997 0.010869564583333333 0.3024723828125 0.008415147916666667 0.29724827187499997 0 0.2203810859375 0
0 0.2104155703125 0.23772791041666666 0.2114676484375 0.23632538541666664 0.2114676484375 0.23387096875 0.205944240625 0.2279102375 0.2025249875 0.22650771458333332 0.1904260921875 0.2279102375 0.1791162546875 0.22650771458333332 0.1643871640625 0.22650771458333332 0.15886375625 0.22475455833333333 0.1551814828125 0.22230013958333333 0.1517622296875 0.22194950833333332 0.1472909 0.2251051895833333 0.1425565484375 0.22580645208333333 0.1386112578125 0.22826086875 0.13440294531250002 0.23702664791666667 0.13440294531250002 0.24053295833333335 0.1362440828125 0.24474053333333332 0.1459758015625 0.25701262291666666 0.15255128906249998 0.2577138854166667 0.155444503125 0.26016830208333336 0.1551814828125 0.26332398333333334 0.153077328125 0.267180925 0.153077328125 0.27103786874999997 0.15649658125000002 0.27769986041666667 0.16254602812500002 0.2822580645833333 0.16596528125 0.28330995833333333 0.1680694375 0.28611500625 0.1712256703125 0.28751753125 0.171751709375 0.28892005625 0.1754339828125 0.28962131875 0.1767490796875 0.29277699791666667 0.1791162546875 0.2941795229166667 0.183061546875 0.2990883583333333 0.1864808 0.2997896208333334 0.1904260921875 0.3064516125 0.1941083640625 0.3092566625 0.19805365625 0.30469845624999997 0.2009468703125 0.29838709583333334 0.20725933749999997 0.2976858354166667 0.2101525515625 0.29628331041666667 0.21278274531250002 0.29102384374999996 0.213045765625 0.28190743333333335 0.21593897968750003 0.2780504916666667 0.21883219375000001 0.2791023833333333 0.2264597578125 0.28611500625 0.22856391406249998 0.285764375 0.2311941078125 0.2826086958333333 0.2311941078125 0.2784011229166667 0.23250920625 0.27594670416666667 0.23303524531250003 0.2678821875 0.23224618593750002 0.2643758770833333 0.22277748593750002 0.25245441875 0.2190952125 0.2507012625 0.2172540765625 0.24719495 0.2114676484375 0.24228611458333335 0.2104155703125 0.23772791041666666