0 0.5973920406250001 0.6105074583333334 0.590511159375 0.6152117416666666 0.5898014218750001 0.6167824916666667 0.5894838499999999 0.6248620187499999 0.590015746875 0.6278158041666667 0.5939555140625 0.6374890979166667 0.5940947046875 0.6394432333333333 0.595323634375 0.6411494520833333 0.5960328296874999 0.6450878333333333 0.5968690546875 0.6457944041666667 0.5973374375 0.6503640958333333 0.6008469296875 0.6544981541666667 0.6052561640625 0.6577228749999999 0.6091716093749999 0.65702426875 0.6098686437499999 0.6557767 0.6110102796875 0.6432177958333334 0.6137105796875 0.6294715291666667 0.6130140875000001 0.6252099666666666 0.6118740765624999 0.62124148125 0.6090489140625001 0.6161830375 0.6061856421875 0.6120941354166667 0.6040823796875 0.6106508895833334 0.5973920406250001 0.6105074583333334
0 1 0.034252345833333336 0.938615265625 0.029962962500000002 0.9367561375 0.032749670833333334 0.933094209375 0.032493785416666664 0.9289003828125001 0.02928411666666667 0.9115869999999999 0.028074308333333336 0.9114396656249999 0.02838808125 0.9098423515625 0.03605411458333333 0.9080174671875 0.03851914791666667 0.9075861109375 0.04399817291666666 0.90579879375 0.051002793750000004 0.903999315625 0.0528214625 0.9014265859374999 0.057826787500000004 0.8971560015625 0.06206533333333333 0.895850853125 0.06229820416666666 0.8935062328125 0.06699539791666667 0.8933537984375001 0.07087357291666667 0.8957730109375 0.08076468125 0.8913881 0.08791185625 0.8906397125 0.09596127916666666 0.8933759531250001 0.10328199166666667 0.8937675781250001 0.1152999 0.8951992125 0.11734435208333333 0.8981895140624999 0.11820144166666666 0.8983668125 0.1191860375 0.9058049953125 0.11678917708333333 0.9133321000000001 0.11213005 0.9178937671874999 0.11147659791666667 0.9212265046875 0.10911693125 0.930641465625 0.10588599583333333 0.9338333875 0.11809957916666666 0.9352269140624999 0.12111357291666666 0.9353534 0.12339089375 0.9373550406250001 0.12741958750000001 0.9371136859375 0.13356002708333334 0.93620124375 0.13479254375000002 0.9342106812500001 0.14696806041666666 0.93230958125 0.15137217916666668 0.9311944328124999 0.15226646041666667 0.9337406734375 0.15892576041666664 0.933296071875 0.17023709791666666 0.9340306734375 0.17352911666666668 0.9393142390625 0.17649086666666666 0.9549760203125001 0.17369644166666667 0.9620971734375001 0.17386997708333332 0.9677618265625 0.16713629375 0.9685985921875 0.16233373541666665 0.970905103125 0.15860608125 0.975656771875 0.15861404583333333 0.9783808546874999 0.16074880833333335 0.9829044140625 0.16106490208333335 0.9860725531250001 0.15739745833333335 0.9877582484375 0.15297828541666667 0.98872204375 0.14494391666666667 0.9880885234375001 0.14457557708333332 0.9880255515625 0.14068235416666666 0.9861509390625001 0.13342185 0.9865822953125001 0.12794282291666667 0.9891042140625 0.12423022291666667 0.99523725 0.12206623125 1 0.12259300416666667 1 0.034252345833333336
0 0.4488431015625 0.021016495833333333 0.44433278749999994 0.014868089583333332 0.44053166718750003 0.01265806875 0.435564590625 0.01263505 0.43116751875 0.014596277083333333 0.4280374875 0.017294179166666666 0.41962388749999996 0.017030329166666667 0.4092081078125 0.01824691875 0.40631888906249997 0.020313508333333334 0.40065477656250004 0.0215380625 0.3988425953125 0.0236799125 0.398791784375 0.0249726375 0.3962444609375 0.0293316 0.3957749953125 0.03578017083333333 0.3942666 0.041183935416666664 0.3941395703125 0.04441574791666667 0.3932144265625 0.04597144375 0.392757121875 0.0576059625 0.3933779375 0.05829748125 0.39331388125 0.06542251666666667 0.395036059375 0.07656119374999999 0.3976585171875 0.08128140625000001 0.40210585937500004 0.08353658333333333 0.4022831578125 0.08452118125 0.4125338015625 0.08750594375000001 0.421200375 0.09232443333333333 0.427852603125 0.09343741041666667 0.43311130468750003 0.09153638958333334 0.43493619062500005 0.08907135625 0.4371156703125 0.08857551666666666 0.43847162968750003 0.08704992291666666 0.4389913671875 0.08481776041666667 0.4414497703125 0.08272106666666666 0.4444792640625 0.07159035 0.4465195546875 0.06914037083333334 0.450119053125 0.059993902083333335 0.45286908124999997 0.05597317083333333 0.45620181718749997 0.053613504166666666 0.45724128906250006 0.049149175 0.45660776875 0.04878083958333333 0.4566337171875 0.042625345833333335 0.4559626296875 0.03771742291666667 0.45221286406249994 0.02870554375 0.4520863765625 0.026428225000000003 0.45041392656249996 0.02501508541666667 0.4488431015625 0.021016495833333333
0 0.18212114375 0.35528958958333334 0.177192175 0.35429703125 0.1725542890625 0.35688956875 0.17160373906249998 0.3590916270833333 0.170057778125 0.35995580625 0.16631963125 0.36163900833333334 0.161770665625 0.36196927916666666 0.1595149671875 0.36440420625 0.15733548749999998 0.3649000479166667 0.1547881625 0.3692590104166667 0.15278597968750002 0.3707394479166667 0.14988297343749998 0.38414748125000003 0.14869052656249998 0.3979991083333333 0.149324046875 0.39836744583333333 0.149425128125 0.40129112708333337 0.15366868125 0.4142263354166667 0.158584946875 0.415542075 0.1732834734375 0.41527289166666664 0.179188940625 0.4079078979166667 0.18492926875 0.40474426041666667 0.18509440625 0.40054290416666666 0.1865901 0.3954623208333333 0.18697064531250002 0.39127601875 0.1885928234375 0.3884727541666667 0.19604370937499999 0.38575271250000004 0.19690588281250002 0.38030378958333333 0.1963612828125 0.37767318541666667 0.1948788359375 0.37692145833333335 0.191420153125 0.37149467708333334 0.1887601296875 0.36223487916666663 0.185909559375 0.35782279375 0.18212114375 0.35528958958333334
0 0.25181705 0.04937783125 0.2512597484375 0.047070408333333334 0.25260300468749997 0.045867995833333335 0.2534524734375 0.040742254166666665 0.2529840921875 0.03617256458333333 0.24884107812499998 0.03167016875 0.24669970624999998 0.031196466666666665 0.22558976406250003 0.02972136666666667 0.2188232078125 0.03151702083333333 0.21726454374999998 0.03270438125 0.216211828125 0.043001018749999995 0.21469072968749997 0.04872796458333333 0.20955851406249998 0.05290630416666667 0.2034387234375 0.049237985416666664 0.2001070703125 0.040579391666666666 0.19847272968750002 0.038196708333333336 0.18924831250000002 0.03657992708333333 0.1867269375 0.03478339791666667 0.183939340625 0.03426453958333333 0.1837620421875 0.03327994166666667 0.16632673125 0.03173754791666667 0.163006696875 0.03377403333333333 0.16035775000000002 0.04071844583333333 0.160864240625 0.04431859375 0.16000206875 0.049767516666666664 0.160330178125 0.06340132708333333 0.161634784375 0.06867758958333334 0.164384271875 0.07016598958333334 0.16539779375000002 0.07185715833333334 0.1641931859375 0.0805228375 0.1651680578125 0.08869267708333334 0.1674105125 0.09209005833333334 0.167942409375 0.09504384583333333 0.167586728125 0.10409291666666666 0.16820754531249998 0.10478443541666667 0.168283221875 0.10835447916666667 0.17029756406250002 0.11205999166666666 0.171360815625 0.12347669375 0.173501646875 0.129459525 0.17693492500000002 0.13553266875 0.1796971125 0.1366978875 0.182928228125 0.13692366875 0.18425878125 0.13604443958333334 0.18746503125 0.13140745208333335 0.1918891328125 0.11227247083333333 0.1937394234375 0.109161075 0.193891859375 0.10528290416666668 0.19978462187499998 0.09824109166666667 0.20354817500000003 0.09591152916666666 0.20560116874999998 0.09313836666666667 0.211075278125 0.0912524 0.21132879375 0.09029790833333333 0.21563694687499999 0.09059895 0.21581424531249999 0.09158354583333334 0.22132592187500003 0.09423716458333334 0.22294755937500002 0.09694303124999999 0.23101872031249998 0.10042363750000001 0.23489605781249998 0.100694575 0.23627742343749997 0.09852262083333334 0.23667067187500002 0.09401313541666667 0.237329596875 0.09373511041666666 0.2371787875 0.08108589375 0.23783771250000002 0.08080786875 0.23826907031250003 0.07532884166666666 0.240702609375 0.06836937916666666 0.2429202 0.06690399375 0.24806457499999998 0.06791160416666667 0.2501043265625 0.07097075625 0.2587454921875 0.07643560625 0.26128011406249996 0.07239982291666666 0.26144579375 0.06268933958333334 0.2603057828125 0.05872085416666666 0.2579998140625 0.056939375 0.2559854703125 0.0532338625 0.2528178703125 0.05139217708333333 0.25181705 0.04937783125
0 0.6001495968749999 0.78764166875 0.5927754703125 0.78291349375 0.5887594859374999 0.7751792875 0.5813599515625001 0.7710974749999999 0.57553124375 0.77101425 0.575277728125 0.7719687416666667 0.5735544671875 0.771848325 0.5715522843749999 0.7733287625 0.571387146875 0.7775301166666666 0.5721725609375 0.7795294125000001 0.590391115625 0.8051076229166667 0.5917211296875 0.8097375229166667 0.5927854640625 0.8101359645833334 0.594571696875 0.81414960625 0.597473078125 0.8172689645833333 0.59743496875 0.8182385062499999 0.6032382703125 0.81896809375 0.6072553390625 0.8156840375000001 0.608294809375 0.8112197125 0.6082318375 0.8073264854166666 0.6070283125 0.8049739083333333 0.606901825 0.8026965875 0.6050647796875 0.7999756708333333 0.6049636984375 0.7970519875 0.6001495968749999 0.78764166875
0 0.291349371875 0 0.2839044109375 0.007870725 0.279114090625 0.014341433333333332 0.277288665625 0.022315595833333333 0.27424701093750004 0.028260360416666668 0.2739426828125 0.030507575000000002 0.2719023921875 0.03295755416666667 0.270253725 0.04742544583333333 0.26955668906249997 0.0486730125 0.2714440046875 0.05561033541666667 0.2765878390625 0.06212707708333333 0.2787038046875 0.06324713958333333 0.2856465765625 0.07345434375 0.29303340625 0.07785933541666666 0.29798778125 0.07820553333333334 0.30287918281250004 0.07465850625 0.30464109375000004 0.06830024791666665 0.30671949375 0.06488072708333333 0.3083295109375 0.056891510416666666 0.3099008796875 0.05538096875 0.313093884375 0.05657629375 0.318289071875 0.05629117916666667 0.318580696875 0.05436714583333333 0.319239621875 0.05408912083333333 0.3195826 0.04536323125 0.31894908125 0.04499489375 0.31906340625 0.04208626458333333 0.3182652921875 0.04041015208333333 0.3179239390625 0.032608647916666664 0.315136884375 0.02658066041666667 0.30937223281250004 0.019372402083333334 0.309778184375 0.0145397375 0.313668765625 0.0089783625 0.314860671875 0.0006358625 0.3146780109375 0 0.291349371875 0
0 0.9287218875000001 0.5558833125 0.9277464734375 0.5532226041666667 0.92366643125 0.5526134354166667 0.9197128765624999 0.5542815854166666 0.9159360812499999 0.5624434604166667 0.9107663 0.5620822104166667 0.9085492500000001 0.5580384645833333 0.9041146109374999 0.5554601062500001 0.8997302421875 0.5570981520833332 0.8961693953125 0.5597659479166667 0.88899743125 0.5608851354166667 0.8873498453125 0.5643347645833334 0.885967396875 0.5775249791666667 0.8867147015624999 0.5804938166666667 0.88943878125 0.58262858125 0.890857715625 0.5849962104166667 0.8915542078125 0.589257775 0.8929731390625 0.5916254062499999 0.8942777468750001 0.5969016666666668 0.8961020890625001 0.5999457666666667 0.9026902609375 0.6081837770833334 0.9065421921875 0.6091010770833333 0.9103692593750001 0.60515560625 0.913639021875 0.5989027145833333 0.9165155390624999 0.5971593041666666 0.9185685328125001 0.5943861416666666 0.922065865625 0.5933342520833332 0.9272102421874999 0.5943418604166666 0.9309356859375001 0.5929818416666667 0.9312908249999999 0.5894419000000001 0.9327357046874999 0.5856540416666667 0.9329013843749999 0.5759435583333333 0.9317105625 0.5732677958333333 0.9254134734375 0.5686148812499999 0.92603483125 0.5637972687499999 0.9283413421875 0.5600696166666667 0.9287218875000001 0.5558833125
0 0.7283418421875 0.15850805208333335 0.7388587046875 0.16021514791666666 0.7440411890624999 0.16025321458333333 0.744940928125 0.15934387916666667 0.7455490421875 0.16035857916666665 0.7462460765625 0.15911101249999998 0.7476904156249999 0.16083228125 0.7481847453125 0.15924647916666668 0.7496290828125 0.16096775000000002 0.750541525 0.15973523125 0.7497053 0.1590286625 0.7414353796875 0.15877485416666665 0.740325409375 0.15999356666666667 0.7402863953125001 0.15869456666666668 0.738934921875 0.15827606041666667 0.7283418421875 0.15850805208333335
0 0.731482709375 0.04562754375 0.729557284375 0.0396597625 0.7285829546875 0.025980795833333334 0.726302390625 0.023552954166666664 0.72374290625 0.022725966666666667 0.7055724515625 0.023400683333333335 0.7037983796875 0.024572989583333333 0.7036586484375 0.02812798125 0.702315390625 0.02933039375 0.7019983609375 0.031900791666666664 0.6972969609375 0.03610923333333334 0.6927098875000001 0.037409045833333335 0.6840808796875 0.03713014583333333 0.6813943671875 0.039534968749999996 0.678555959375 0.04030883541666667 0.6760340421875 0.044021437499999996 0.6740318578125 0.045501875000000004 0.6737148265624999 0.04807227083333333 0.6730431984374999 0.04867347708333333 0.6728526546875 0.05352119375 0.6772994546875 0.06128550208333334 0.669353696875 0.071100475 0.6681369265625 0.07458020625 0.6667936703125 0.07578261874999999 0.6659950125 0.07961563541666666 0.6694663984375 0.0847192375 0.6738756296874999 0.08794395833333332 0.67525645625 0.09128113333333333 0.6750913171875 0.09548248958333333 0.671796146875 0.10238174166666666 0.671491278125 0.11013808958333333 0.673556434375 0.11255087708333332 0.6819070593750001 0.10892150208333334 0.6839473515625001 0.10647152083333333 0.692437165625 0.10479628333333334 0.6926906828125 0.10384179166666667 0.6978604640625 0.10420303958333334 0.6982531703125 0.1052026875 0.7044237734375 0.10757828541666667 0.7065905515625001 0.10740562291666667 0.709454365625 0.10598539374999999 0.7121789875 0.10261102708333333 0.7178425578125001 0.10689560625 0.7174620125 0.11108190625 0.7165241640625 0.11296078541666667 0.7120000625 0.11815382291666668 0.7129119640625 0.1224304375 0.7161049687500001 0.1236257625 0.7244174859375 0.12096592916666667 0.72933429375 0.1167725375 0.7300440312500001 0.1152017875 0.7331359546875 0.11347342916666667 0.7354297625 0.11006895833333334 0.7369630203125 0.1095279625 0.738357090625 0.10703282500000001 0.7396373734374999 0.10193718958333334 0.7405371125 0.10102785208333334 0.742998225 0.07138550625 0.74365715 0.07110748125000001 0.74406364375 0.060765685416666666 0.742062003125 0.05673699375 0.7380454765625 0.054511918750000006 0.7349795 0.05008478125 0.733497053125 0.04933305625 0.731482709375 0.04562754375
0 0.6616487531249999 0.0802841375 0.655186525 0.07983257708333333 0.650105121875 0.08271818958333334 0.6475704999999999 0.08675397291666667 0.6449220953125 0.08818925416666666 0.6393087953125 0.08812108125 0.6377374265625 0.08963162291666667 0.637077959375 0.09541877708333332 0.6337446828125 0.10328757499999999 0.6306892421875 0.12057378125 0.619537775 0.1295166125 0.6173837 0.12936609166666665 0.6172063999999999 0.12838149583333333 0.614228803125 0.12720122291666666 0.61141634375 0.12181959791666667 0.60741251875 0.11927134166666667 0.6034849140625 0.11478399791666667 0.6000765015625 0.11357362291666666 0.5983278359375 0.11409956874999999 0.5960340265624999 0.11750403958333333 0.5957037515625 0.12590674791666667 0.5973883625 0.1325058375 0.5970448421875 0.14674085833333333 0.5976656593749999 0.147432375 0.596765378125 0.15385084166666668 0.5973861953124999 0.15454236041666666 0.5975878156250001 0.16589885416666666 0.6013762328125 0.16843205833333333 0.6046835625 0.16671875208333334 0.6089790125000001 0.167342975 0.612983378125 0.1643821 0.61468123125 0.16514887708333334 0.615631240625 0.16845594791666668 0.6151866390625 0.17976728749999998 0.617162875 0.18444234375 0.617795853125 0.19031981041666668 0.6216975109375 0.20096264583333331 0.625878634375 0.20449549791666666 0.6260559328124999 0.20548009374999998 0.631174903125 0.20713406666666667 0.63882849375 0.20475225833333335 0.6445301734375 0.20806729375 0.6505361796875 0.2091351125 0.6539191859375 0.21099185208333332 0.6540964859375 0.21197644583333333 0.6642709124999999 0.2169003 0.6679836515625001 0.2158634583333333 0.6702520546875 0.21310535 0.67055638125 0.21085813333333334 0.6712153078124999 0.21058011041666666 0.67292640625 0.20551457708333334 0.672419915625 0.20191442916666666 0.6730539765625 0.19677363541666668 0.6749042671875001 0.19366223958333334 0.6769202359375 0.18084036250000002 0.6785424156250001 0.17803709583333335 0.679125665625 0.17418902708333334 0.6768075359375 0.1672216 0.676795375 0.16203565 0.6822446203125 0.15528691458333332 0.6840700453124999 0.14731275208333333 0.682195434375 0.14005224791666665 0.6806246078125 0.13605366041666667 0.678774859375 0.13365592291666667 0.6786610750000001 0.131055425 0.673960759375 0.12424560416666666 0.6738088671875 0.12261464583333333 0.6705020765625 0.11881882291666666 0.6703755890624999 0.11654150208333333 0.6678674578125 0.10891266041666667 0.6689958500000001 0.10218606666666667 0.6720248 0.09656448333333333 0.6735961671874999 0.09505394375 0.6743694203125 0.09186728958333333 0.6724942656249999 0.09011591458333333 0.672342371875 0.08848495833333334 0.670087215625 0.08541075625 0.6663242046875 0.0822311875 0.6616487531249999 0.0802841375
0 0.792048721875 0.06541501666666667 0.794569015625 0.07822980624999999 0.7981547265625 0.08042477916666665 0.8037553234375 0.08081613124999999 0.8082021234375001 0.08858043958333334 0.8106853921875 0.09134651458333334 0.8158551734374999 0.09170776458333334 0.8193525062499999 0.09065587291666667 0.8221660484375001 0.0850192375 0.8222422671875 0.08308015 0.8248912140625 0.07613573958333333 0.8280974625 0.07149875 0.8307585718749999 0.06974028958333332 0.8379189171875 0.05792602291666667 0.84525601875 0.052605481249999995 0.8511101328124999 0.052042341666666665 0.8587885875 0.054523302083333336 0.8625394375000001 0.052516918749999995 0.8663792078125001 0.04824826875 0.8708392515625001 0.05018026666666667 0.8731198140625 0.052608108333333334 0.8825215312499999 0.05520948541666667 0.8854229109375 0.058328841666666666 0.889224028125 0.06053886666666666 0.8935575859375 0.060193543749999995 0.8955470671875 0.05903628958333333 0.9023141640624999 0.05173150208333333 0.9043677000000001 0.04344921041666667 0.9064079921875001 0.040999231250000004 0.9068393484374999 0.035520204166666666 0.9074982734375 0.03524218125 0.9077904406249999 0.027809014583333333 0.797559978125 0.0201064375 0.799224478125 0.025731916666666667 0.7887065328125 0.03504308333333333 0.7820786265625 0.044302006250000005 0.7802404968750001 0.05259935 0.779910221875 0.06100205833333334 0.7804167140625 0.06460220625 0.7818610515625 0.06632347708333333 0.784864053125 0.06685738541666668 0.7873097546875 0.06508387291666666 0.792048721875 0.06541501666666667
0 0.874557053125 0.3842308375 0.874481378125 0.38066079375 0.8690972718750001 0.36926623333333336 0.8690470031249999 0.365049825 0.8670707656250001 0.36037477083333336 0.8658291328125 0.3589917354166667 0.8594558265625001 0.35627790416666666 0.8584295984375 0.35490992083333334 0.8532471140625001 0.35487185416666667 0.850484925 0.3537066333333333 0.848875990625 0.3506775875 0.8483319328125001 0.34253785208333337 0.8471538125 0.3395389104166667 0.837777503125 0.3362911708333333 0.8332417828124999 0.3307891291666667 0.8311004093750001 0.3303154291666666 0.8282493000000001 0.331412475 0.8241433109375 0.33695879791666666 0.8219511265625 0.33777782083333335 0.8196446171874999 0.34150547291666666 0.8188465 0.33982935833333333 0.81770703125 0.33035174375 0.8156545796874999 0.32761577708333334 0.81201805625 0.3267135291666667 0.8095723546875 0.32848704166666665 0.8046179796875 0.32814084583333336 0.800651725 0.330132175 0.7987887312499999 0.33356675 0.79408733125 0.33777519375 0.7886259234375 0.33933797916666664 0.7857113 0.34205093333333336 0.7797936734375 0.344229975 0.7805028671875001 0.3481683583333333 0.7811363874999999 0.34853669583333335 0.7822631531249999 0.3583374916666667 0.7850629109375 0.36404229583333336 0.78493588125 0.36727410833333335 0.7855566984375 0.36796562708333336 0.7847199328125 0.3727681854166667 0.783832896875 0.37335434166666664 0.7797771765625 0.38311707083333335 0.7839577578125 0.39215905208333335 0.784349921875 0.39866782916666665 0.78367829375 0.39926903541666664 0.783500453125 0.4037935708333333 0.780345015625 0.40713783333333337 0.7789001343749999 0.41092569375000004 0.7783671546875001 0.41899016875 0.7808879906249999 0.42629582916666664 0.7825604390625001 0.42770897083333337 0.7862223687500001 0.42796485416666663 0.7933821703125 0.42165971666666663 0.7976903234375 0.42196075833333335 0.79851384375 0.4229905104166667 0.8005154843750001 0.4270192020833333 0.8006789984375 0.43934524166666666 0.8019079281250001 0.4410514583333333 0.8033390218750001 0.4486050375 0.8058852625 0.4552643375 0.806784459375 0.4598641333333333 0.8100277359374999 0.4652758625 0.8209373046874999 0.4679826041666667 0.8257773531250001 0.47123743124999995 0.832036875 0.47135075833333334 0.8338363515625 0.46953208750000003 0.8352939359375 0.46542104791666666 0.833609325 0.45882195625000005 0.8351066421875 0.43721398125 0.8396556078125 0.4368837104166667 0.8435832140624999 0.44137105416666667 0.8467762203125 0.44256637708333335 0.8526176296875001 0.4423264208333333 0.8551268437499999 0.438937 0.855330090625 0.43376610416666667 0.8576366015625 0.4300384520833333 0.8629588187499999 0.42652152708333335 0.8675585953124999 0.4248985333333334 0.87748113125 0.4142494854166667 0.8786979 0.41076975416666667 0.879813046875 0.40987547291666665 0.8800671046874999 0.40341185 0.87971250625 0.40144266041666665 0.8782808718749999 0.39939820833333334 0.8771286984375 0.390243775 0.876292475 0.38953720416666665 0.874557053125 0.3842308375
0 0.5766743765625 0.09897560208333332 0.576928434375 0.09251198125 0.5750908484374999 0.09530019583333332 0.5719989234375 0.09702855208333333 0.5730886640625 0.09678063333333334 0.5736840765625 0.09811851249999999 0.5766743765625 0.09897560208333332
0 0.47704066406249995 0 0.47655608593750004 0.008369904166666666 0.47853232187500006 0.013044960416666666 0.47824015624999994 0.020478122916666668 0.478860971875 0.02116964166666667 0.48695808281249997 0.01849475625 0.4988563109375 0.018029895833333334 0.5050655625 0.013926816666666668 0.511350490625 0.013393783333333333 0.5138088953125 0.0112970875 0.5156713453124999 0.013371641666666666 0.5155443171874999 0.016603454166666667 0.5139094359375 0.0197299 0.5126042875000001 0.019962768750000002 0.50966425625 0.02332208541666667 0.504164740625 0.0258544125 0.50346770625 0.02710198125 0.4982217078125 0.02867981875 0.4935203078125 0.0328882625 0.4889708 0.038727660416666664 0.48770321875 0.043500116666666665 0.48714429218750005 0.05772008333333333 0.487650240625 0.0668293625 0.491970553125 0.07231635208333334 0.49646870625000006 0.07327880833333333 0.49996604062500005 0.07222691458333334 0.5007895609374999 0.07325666875 0.5015749734375 0.0752559625 0.50187821875 0.08402700625 0.5054633875000001 0.09173110833333334 0.510924253125 0.09567745416666668 0.5110888484375 0.09698523125 0.5135975234375 0.09910494166666667 0.5187916265625 0.10983808958333333 0.520261371875 0.11091299583333333 0.5208186734375 0.11322042083333334 0.527457659375 0.12016570833333334 0.5309163406249999 0.12559248958333333 0.5324871671875 0.12959107708333334 0.5337669093749999 0.13000457083333333 0.536554503125 0.13052342916666668 0.5396337250000001 0.12911825208333333 0.543360253125 0.11673997083333335 0.5463637968749999 0.11176475208333334 0.5473778609375 0.10794678541666666 0.5493927484375 0.10614316666666666 0.5533087359375 0.09993543125 0.5536892812499999 0.09574912708333333 0.55434820625 0.09547110416666667 0.5544625328125 0.09256247291666667 0.5553876765625 0.09100677708333334 0.5565160671875 0.08428018125 0.556162553125 0.07129273125 0.5581917671875 0.05263853958333333 0.5570136484375 0.04963959791666666 0.5576223031249999 0.04514516875 0.5625518140625 0.04062859791666666 0.5632742546875 0.03873466666666667 0.5686975515625 0.038141425 0.5716248796875 0.03510529166666666 0.5905669609374999 0.0477713125 0.5897307359374999 0.04706474166666667 0.589806953125 0.04512565416666667 0.5913402125 0.04458465833333333 0.591848328125 0.0316574125 0.5910502109375 0.0299813 0.5889469484375 0.028538054166666667 0.5877185593750001 0.02132270625 0.5871358515625 0.019661645833333335 0.5858688109375 0.018924970833333332 0.585108803125 0.016279314583333333 0.5844944359375 0.005218047916666666 0.5098197265625 0 0.47704066406249995 0
0 0.63759149375 0.02740023125 0.6360333703125 0.023078458333333333 0.63211846875 0.018267935416666665 0.623375678125 0.015388535416666667 0.623198378125 0.014403939583333332 0.6206134875 0.014223314583333334 0.6201445640625 0.015162754166666665 0.6138342296875 0.01634215 0.606928484375 0.016183664583333333 0.6050527875 0.019941422916666666 0.6005286875 0.025134460416666667 0.5994765140625 0.029921968750000003 0.5969800015625 0.03298820625 0.5958770171875 0.0390684375 0.5949645734375 0.040300954166666667 0.5939129421875 0.039579333333333334 0.5940405125 0.03083839166666667 0.5934959125 0.0282077875 0.592064278125 0.026163335416666666 0.5849817749999999 0.019511125 0.5765808796874999 0.01892409583333333 0.575237621875 0.020126508333333334 0.572893003125 0.02482370416666667 0.5715619078125 0.03121206458333333 0.5694581015625 0.03527795 0.5691537734375001 0.03752516666666667 0.56621374375 0.04088448125 0.565985090625 0.04670173958333333 0.5645529125000001 0.050166420833333336 0.5597371859375 0.05728349375 0.557278784375 0.0593801875 0.5557449828125 0.06543031666666667 0.5555925484375 0.0693084875 0.55669445 0.07424651666666666 0.5587087937499999 0.07795202916666667 0.56021610625 0.083566525 0.5671461718749999 0.09409690624999999 0.5685142953125 0.0977572625 0.5727335250000001 0.10032057291666667 0.5740386749999999 0.10008770416666667 0.57711789375 0.09868252708333333 0.578347365625 0.0948796125 0.5801468453124999 0.09306094375 0.5846958109375 0.09273067500000001 0.5869636703125 0.09548169583333334 0.5877109734375 0.09845053333333334 0.590396946875 0.10155483958333332 0.5913596578125 0.10453872916666666 0.5962251125 0.10714719375 0.60019136875 0.1051558625 0.6044735734375 0.11161239583333334 0.6052335796875 0.11425805416666666 0.609414703125 0.11779090625 0.6099974109375 0.11945196666666667 0.616332609375 0.12313533958333332 0.6164972046874999 0.12444311458333333 0.618372359375 0.12619448958333332 0.6224651046874999 0.12648047708333332 0.6255443234375 0.1250753 0.6293586875 0.1214530125 0.63170330625 0.11675581666666666 0.63186844375 0.1125544625 0.631234925 0.112186125 0.630728434375 0.10858597708333333 0.630893571875 0.104384625 0.633782790625 0.10231803333333334 0.6363301140625001 0.09795907083333333 0.635659028125 0.09305114583333333 0.6390933890625 0.08810602916666667 0.64407316875 0.08780586458333332 0.6463669750000001 0.08440139166666666 0.6474953671875 0.07767479791666668 0.646861846875 0.07730646041666667 0.646786171875 0.07373641666666667 0.6461526515625 0.07336807916666667 0.64494966875 0.06550636875 0.6426691046874999 0.06307852916666666 0.6415545 0.05846368125 0.6448999390625 0.05578083125 0.647738346875 0.05500696666666667 0.6497786375 0.05255698541666667 0.650108371875 0.04966340833333334 0.6507672984374999 0.04938538333333333 0.6511737921874999 0.03904358958333333 0.6505402703125001 0.038675252083333334 0.6496410734375 0.03407545625 0.6463469875000001 0.02995645208333333 0.642533165625 0.028069608333333333 0.63759149375 0.02740023125
0 0.94598483125 0.248576175 0.9459218593750001 0.24468295208333332 0.9438948125 0.24130062083333334 0.9370531234374999 0.2340171 0.9288803390625 0.23312193958333335 0.9244202937500001 0.23118994166666665 0.9236221765625 0.22951382916666668 0.920872690625 0.22802542916666668 0.913966946875 0.22786694166666666 0.9108115078125 0.23121120625 0.9070855218749999 0.23808035833333333 0.9056909125000001 0.246084625 0.9011541078124999 0.25160084375 0.8968586593750001 0.25097662083333333 0.89323538125 0.2442420625 0.8926786203124999 0.23642550833333334 0.8869642390625 0.23343365416666667 0.8787533453125 0.23350803958333335 0.867259984375 0.24015849791666666 0.864776175 0.24290155416666667 0.8608480265624999 0.24392334375000002 0.8543725546875001 0.24930409166666667 0.852471453125 0.25370821041666664 0.8488089828125001 0.25896145625 0.8467427437499999 0.2675669291666667 0.8464505765625001 0.27500009375 0.8488703296875 0.27938207291666667 0.8537865953124999 0.2806978125 0.8545339000000001 0.28366664999999996 0.8542163281249999 0.2917461791666666 0.85550823125 0.2973456208333333 0.85754798125 0.3004047729166667 0.859384484375 0.30863481875 0.8614623437500001 0.31072442708333337 0.862209646875 0.31369326458333335 0.8643002078125 0.3154596895833333 0.8640461500000001 0.32192331041666666 0.8633364125 0.3234940604166667 0.85583525625 0.3219976958333334 0.8544538890625001 0.32416965 0.8540479390625 0.32900231458333334 0.8533636078125 0.3299267020833333 0.8561887703125001 0.33498514791666667 0.856137959375 0.3362778708333333 0.8577850015624999 0.33833737291666666 0.8672629359374999 0.33899966458333336 0.8742703031250001 0.3365727 0.87745060625 0.3380912041666667 0.87823601875 0.34009049999999996 0.8779819609375 0.3465541208333333 0.8787292640625 0.3495229583333333 0.8815544281250001 0.35458140208333333 0.883315796875 0.3537322770833333 0.8871931328124999 0.35400321458333334 0.890158028125 0.3555066666666667 0.8916907453125 0.3604747979166667 0.8919812859375 0.369569025 0.8927539953125001 0.37189150000000004 0.8958834875000001 0.37470273125000003 0.9038789734374999 0.37461329375 0.9052349328125 0.3730877 0.9066925156250001 0.3689766583333334 0.9084792921875 0.3674811708333333 0.9121539234375 0.36741387291666666 0.9165134281249999 0.36091306041666665 0.9187437218750001 0.35912449375000005 0.9243951312500001 0.3582231229166667 0.9271705640624999 0.35355603125 0.9316819625000001 0.348686175 0.936205521875 0.34900226666666667 0.9395631234374999 0.35150536666666665 0.939740421875 0.3524899625 0.9455564265625 0.35289636874999997 0.94602535 0.3519569270833333 0.94862294375 0.3518143729166667 0.9519181140624999 0.3449151166666667 0.9520705484375 0.34103694375 0.9535535375 0.3362795395833333 0.9551646390625 0.31727206458333335 0.95453111875 0.3169037270833333 0.953277325 0.3103347416666667 0.9526438046875001 0.30996640416666665 0.9512127109374999 0.30241282291666666 0.9515175812500001 0.29465647708333337 0.9502383796875 0.28873385208333335 0.95063216875 0.27871523958333333 0.9486051234374999 0.27533290833333335 0.9504808171875 0.2715751520833333 0.9503924390625 0.2683282895833334 0.9482262031250001 0.26299182083333333 0.943322640625 0.2613529 0.94166289375 0.2596165770833333 0.9437037281249999 0.2516574645833333 0.94598483125 0.248576175
0 0.44350625781249997 0.17327993749999998 0.44140353593750004 0.1663275625 0.4383883703125 0.16060770625 0.43228128281249995 0.15661620416666666 0.432103984375 0.1556316083333333 0.42659230781249996 0.1529779875 0.42116955 0.1480621 0.417140321875 0.14616020624999998 0.41550598125000004 0.14377752083333334 0.40898078125000004 0.13943273541666665 0.404457221875 0.13911664166666665 0.3999966359375 0.142693775 0.3992487890625 0.14523406666666666 0.3974493125 0.1470527375 0.3966633578125 0.15056257291666666 0.394204953125 0.15265926875 0.389641659375 0.16984010833333332 0.388574615625 0.19698732083333334 0.3901581453125 0.20066272916666666 0.3965949671875 0.20176065 0.39598631093750003 0.20625508333333334 0.3927546546875 0.21153843125000002 0.39233600156250004 0.21669427708333336 0.3931214140625 0.21869357291666666 0.39669442187500004 0.221211725 0.39811335468750003 0.22357935625 0.39939255625 0.22950198125 0.40449882343750004 0.23147913541666665 0.40904778906250006 0.23114886458333334 0.41037834218749997 0.23026963541666667 0.410885375 0.22836065208333334 0.4122159296875 0.2274814208333333 0.41501677031249995 0.22216796666666666 0.42044060937500005 0.21606559583333332 0.429386646875 0.21377410000000002 0.4373694296875 0.21400784375 0.4395997234375 0.21221927708333332 0.43991675468749997 0.20964887916666666 0.4412600109375 0.20844646875 0.4410070359375 0.20389182916666665 0.44536600000000004 0.20290014583333335 0.448736303125 0.20508006666666667 0.44986415312499994 0.2038626 0.45013091406249994 0.19707579791666668 0.4486744140625 0.19016857916666666 0.4478508921875 0.18913882708333332 0.44795251562500005 0.18655337916666664 0.44614141875 0.17767697083333334 0.44350625781249997 0.17327993749999998
0 0.9217655734375001 0.6834043729166667 0.9197633890624999 0.6848848083333333 0.919712578125 0.6861775333333333 0.9181158046875 0.6883344375 0.9180014796875 0.6912430666666667 0.91653119375 0.6956772875 0.9134138640625 0.6980520104166666 0.9075089390625 0.6999078708333334 0.9043535 0.7032521333333333 0.9063678453125 0.7069576458333333 0.9086738125 0.7087391249999999 0.9102700453124999 0.7120913520833334 0.9119678999999999 0.71285813125 0.9133614265625001 0.7158721250000001 0.9156800984375 0.7173304208333333 0.9170736249999999 0.7203444145833333 0.92063393125 0.7231857479166667 0.9251061375 0.7303036958333333 0.9290845546875 0.7334983145833333 0.9304034906249999 0.7219240041666667 0.931062415625 0.7216459791666666 0.9313418796875 0.7145359958333334 0.9328248671875 0.7097785895833333 0.9330154109375 0.7049308750000001 0.9318245890625001 0.7022551145833333 0.931964321875 0.6987001229166666 0.9313308015624999 0.6983317854166666 0.9313816140625001 0.6970390604166667 0.9352467875 0.6921240479166666 0.9353992218749999 0.688245875 0.9310413421874999 0.6782192979166666 0.9289380796875 0.6767760541666666 0.9261250765625 0.6769035583333333 0.922969640625 0.6802478208333333 0.9217655734375001 0.6834043729166667
0 0.5321060796875 0.13928651041666665 0.5319541875 0.13765555208333333 0.5311179609375001 0.13694898333333333 0.5312322875000001 0.13404035416666668 0.5305987671875 0.13367201666666664 0.5305484984375 0.12945561041666667 0.529370378125 0.12645666875 0.5268998125000001 0.12336741458333332 0.52572169375 0.12036847291666668 0.5240111375 0.119924875 0.5182337828125 0.11303979583333333 0.5138250921874999 0.10430594375 0.510733709375 0.10052517083333333 0.505412034375 0.09853296458333333 0.5023587609375 0.09378264583333333 0.5010790187499999 0.09336915625 0.49945738281249996 0.09066328958333333 0.49544085468750004 0.0884382125 0.4930211015625 0.08405623541666667 0.48742104687500004 0.07815575208333334 0.48467210156249996 0.07115822083333333 0.48479913124999996 0.06792641041666667 0.4834564140625 0.06361969166666666 0.48359614687499997 0.0600647 0.47871853125 0.052270285416666666 0.474194971875 0.05195419166666667 0.4686319421875 0.05610242708333334 0.46275242343749995 0.05731192708333333 0.4602813171875 0.059731804166666666 0.457442909375 0.06050567083333334 0.4565431703125 0.061415006249999994 0.45660614375 0.06530823125 0.4554655921875 0.06684887708333333 0.45414773906250006 0.06740492499999999 0.45252556093749996 0.07020819166666666 0.4487874140625 0.07189139166666667 0.4468482046875 0.07726505416666667 0.445530353125 0.07782110416666667 0.444136284375 0.08031623958333332 0.4438319578125 0.08256345625 0.43983975312499995 0.09071027916666667 0.4378110796875 0.10385533958333333 0.4382408125 0.11490370416666668 0.4403186703125 0.11699331041666668 0.45020201249999997 0.11833206875 0.45252068593750006 0.11979036458333334 0.4460573734375 0.1303570625 0.4447643859375 0.13577588124999998 0.442407065625 0.14079625833333334 0.4423054421875 0.14338170625 0.4442943796875 0.14773358125 0.44851361093750003 0.15029688958333332 0.4500717328125 0.15461866041666666 0.44692845625000005 0.163148875 0.44581276875000003 0.1695522875 0.4460911484375 0.1734605625 0.44818116718749995 0.18073611875 0.44824414062500006 0.18462934583333332 0.45079038125000004 0.19128864375000001 0.4508787609375 0.19453550625 0.45209498750000005 0.19656490416666667 0.45451420000000003 0.20645601458333335 0.4553117734375 0.21364125833333333 0.45793423125 0.21836146875 0.46008830781250004 0.21851198958333334 0.461482375 0.21601685416666666 0.46321833906250004 0.2158140895833333 0.4650178171875 0.21399541875 0.46596836875000003 0.21179335833333335 0.46857866406250004 0.21132762291666665 0.470213546875 0.20820117500000002 0.47267194999999995 0.20610447916666666 0.4759798234375 0.19888204166666668 0.4813782578125 0.19342603333333336 0.484179096875 0.18811257916666665 0.48781507812499997 0.19452395833333333 0.4899432078125 0.20082997083333334 0.49427622343750005 0.20599377916666667 0.49848275 0.20888026666666668 0.50794798125 0.20986573958333335 0.5128631640625 0.22219973958333333 0.5231005640624999 0.23101681666666665 0.5242913859375 0.23369257916666666 0.531906325 0.23778944375 0.53229903125 0.23878909166666668 0.538545853125 0.2392256 0.5418785890625 0.23686593125 0.5453637609374999 0.23062809166666665 0.5464921515625 0.22390149583333332 0.549546509375 0.21763355208333335 0.5508019296875 0.20767514583333335 0.5564163125 0.19672505833333334 0.556733884375 0.18864553125 0.5576463265625 0.18741301458333334 0.56196718125 0.187390875 0.5657180312500001 0.18538449166666665 0.56666858125 0.1831824333333333 0.5666691234375001 0.17767330208333335 0.5627293546875001 0.16800001041666668 0.5529989890625 0.15727395208333333 0.5477032625 0.14912625000000002 0.536679909375 0.14381901041666667 0.5321060796875 0.13928651041666665
0 0.511158809375 0.28754252708333333 0.509017434375 0.287068825 0.5088401359375 0.28608423125000004 0.5060398390625 0.28588855416666664 0.5057863203124999 0.28684304375 0.49824705625 0.2863162229166667 0.49559919218750004 0.28224237291666665 0.492532675 0.28332437083333334 0.48869290468750004 0.28759301875 0.4832304140625 0.30017406458333334 0.4714211078125 0.29837666041666666 0.46851972656249996 0.2952573 0.46838053593750006 0.29330316458333333 0.4677089078125 0.29390436875 0.468317021875 0.29491906874999996 0.46764539374999997 0.295520275 0.467150521875 0.30261520625 0.465566453125 0.30444892916666666 0.4638304875 0.30465169375 0.4626645296875 0.3068387 0.4613074859375 0.31938255416666667 0.46063585781249994 0.3199837604166667 0.4597736859375 0.3254326833333333 0.4564150015625 0.33394784375 0.45417200625 0.3360595895833333 0.45294253281249997 0.33986250208333335 0.451611978125 0.3407417333333333 0.4491530328125 0.34834756041666665 0.448416265625 0.3670920604166667 0.4494043828125 0.36942958958333333 0.45134305 0.36956505833333336 0.45372523749999993 0.36940744791666663 0.45598093593750005 0.3669725208333333 0.45812230937500004 0.3674462229166667 0.4592369140625 0.37206107083333334 0.459160696875 0.37400015625 0.45848906874999995 0.3746013625 0.4582096046875 0.3817113458333333 0.45883042031250004 0.38240286458333334 0.45945069531250005 0.38860351249999997 0.46046421875 0.39029467916666666 0.47175325 0.39983337916666667 0.475402475 0.4004124458333333 0.47759466093749997 0.3995934208333333 0.4820425453125 0.3963394708333333 0.48551501249999995 0.39042481041666666 0.4855785265625 0.3888089041666667 0.48780882031250006 0.3870203395833334 0.4888609953125 0.38223283124999996 0.4895199203125 0.38195480624999995 0.4908261515625 0.37070367708333335 0.49244832968749996 0.3679004125 0.50063381875 0.36847238958333334 0.5050181874999999 0.36683434375 0.5080090312500001 0.3621823041666667 0.5101260812499999 0.35228410625 0.51244529375 0.34823327291666667 0.515170459375 0.33934977499999996 0.5162983078125001 0.3381323125 0.5174902140625 0.3297898125 0.5163247984375 0.32646768958333333 0.51586911875 0.32157481666666665 0.518885365625 0.31627641458333333 0.51944429375 0.30205644583333335 0.51865888125 0.30005715208333333 0.5163529125 0.298275675 0.5132869359375001 0.29384853958333335 0.5125777406250001 0.28991015833333333 0.511158809375 0.28754252708333333
0 0.382017809375 0.1275025125 0.3775831703125 0.12492415208333334 0.3734777234375 0.12496134375 0.36968876562499997 0.12793726875 0.3659760234375 0.12897411041666668 0.3534696828125 0.12842427291666667 0.34962991250000003 0.13269292291666665 0.3481850328125 0.13648078125 0.3459293328125 0.13891571041666667 0.3394279140625 0.15045195416666665 0.338780065625 0.16693418958333334 0.34095900625 0.17194747708333333 0.3472433921875 0.17692357291666666 0.3513228921875 0.183041875 0.352184521875 0.18310208333333333 0.356390509375 0.19149770208333333 0.358493771875 0.19294094791666666 0.3651714078125 0.19340756041666665 0.368225221875 0.19264874583333333 0.371583365625 0.18964271666666666 0.3750934015625 0.18826764375000002 0.3803272390625 0.18150385625 0.3817467140625 0.17836235833333333 0.38572567343749997 0.17604784583333333 0.388931921875 0.17141085833333333 0.39108708281250004 0.16054311875000002 0.393533325 0.15326047291666667 0.39393981718750004 0.14291867916666667 0.38964491093750003 0.13678532708333335 0.387959759375 0.13569536875 0.386160821875 0.13200490833333334 0.3834367421875 0.12987014375 0.382017809375 0.1275025125
0 0.26988395781249996 0 0.2690412875 0.006832133333333334 0.27039670625 0.01081566875 0.2770616390625 0.011605464583333334 0.281509521875 0.0083515125 0.2873768796875 0.0019560645833333334 0.2899302921875 0 0.26988395781249996 0