0 0.783758840625 0.12880686041666667 0.7843820859374999 0.13405354583333334 0.7850768718750001 0.13424296458333332 0.78433676875 0.12801252708333333 0.783758840625 0.12880686041666667
0 0.4522670921875 0.4999958875 0.456935846875 0.49968223125000005 0.46048133125 0.4955720583333333 0.4658536171875 0.49174839375 0.46491000624999995 0.4875777958333333 0.46260702968749995 0.4870557041666667 0.45985172343749997 0.48461227291666664 0.456635346875 0.48394693125 0.45600335937500003 0.48239967291666663 0.4531463015625 0.4809861625 0.45114858281250003 0.4773743125 0.4461141484375 0.4727230375 0.441417565625 0.45959681874999997 0.43559533124999994 0.4520866125 0.43398714375 0.45175394166666666 0.43166906093749996 0.4492181791666667 0.425532825 0.4484971625 0.425197353125 0.447559575 0.41480573906249996 0.4487456375 0.41272137343750004 0.44817738125 0.40948114843749994 0.44919779374999996 0.40876251249999995 0.4506941291666667 0.410853240625 0.4569754875 0.41159334375 0.46320592499999996 0.41228813124999997 0.46339534375 0.4136753265625 0.47318671041666666 0.4159155046875 0.4750666375 0.416406784375 0.47731589583333334 0.42007549062500005 0.47990258125 0.42144121874999996 0.4819671729166667 0.4231726296875 0.48899669791666667 0.4335944546875 0.49183798333333334 0.44210283125 0.4974363541666667 0.44619365625 0.49791703125000003 0.44908966718750004 0.49965846041666667 0.451713009375 0.49910446458333335 0.4522670921875 0.4999958875
0 0.4704868609375 0 0.46115788281250003 0.0019700854166666668 0.4614016703125 0.005280039583333334 0.4607847875 0.0057464583333333335 0.4606353375 0.010147887500000001 0.45889280625 0.016230320833333332 0.457875271875 0.026529514583333334 0.4533122515625 0.04093888333333333 0.453584921875 0.04323430833333333 0.4466322765625 0.060165174999999994 0.4466624859375 0.06419252291666667 0.4497683671875 0.06958721458333333 0.45037650781250005 0.072820225 0.4529132015625 0.07530982083333333 0.4589604078125 0.08848696041666666 0.459233078125 0.09078238541666667 0.463806440625 0.09721175 0.46599017812500004 0.10616261458333334 0.46751171874999997 0.10953887916666667 0.46846407343749996 0.11001005000000001 0.4711629390625 0.11952441875 0.47455023281250003 0.12351510416666667 0.4764223484375 0.12984262916666667 0.4846493109375 0.13684500625 0.485179546875 0.13942218125 0.4859132875 0.13993951666666668 0.48645862656250005 0.1445303666666667 0.48915113125 0.14833163333333335 0.49642574218749996 0.15486283750000002 0.5002590015624999 0.15506176458333334 0.5088866171875 0.15223136041666668 0.51557931875 0.14443126875 0.5164386609375 0.14223293125 0.515815415625 0.13698624583333335 0.5125688296875001 0.13229355833333334 0.5100082875 0.13148971666666667 0.4983829046875 0.13360861041666666 0.49320776562499996 0.12965933541666666 0.49042224843750004 0.12318855833333334 0.487554846875 0.10093631666666666 0.48682110625 0.10041898125 0.48420014531250005 0.09156044583333332 0.4844664515625 0.08814277083333333 0.48652060625000004 0.08468368125 0.48796662187499995 0.07799158125 0.4859800296875 0.061267775000000003 0.4852462875 0.060750435416666665 0.4845991953125 0.05718950625 0.4824456671875 0.0522659875 0.48193927968750006 0.04800305625 0.482534696875 0.03980986458333333 0.486049971875 0.03167234791666666 0.4858249984375 0.026005414583333334 0.48424939843750003 0.020287560416666666 0.483219140625 0.019160554166666666 0.4827127546875 0.014897622916666665 0.48197901249999997 0.014380285416666666 0.48004673750000004 0 0.4704868609375 0
0 0.7838367468749999 0.12946269583333334 0.7844687343750001 0.13100995416666666 0.7844925796875 0.12932419791666666 0.7838367468749999 0.12946269583333334
0 0.7261581890625 0.12685288541666667 0.7315606828125001 0.12705656458333334 0.7352230265624999 0.12393014583333332 0.736420221875 0.11325686666666666 0.7346498578125 0.10589942291666667 0.7300916015625 0.10148373125 0.73038175625 0.09638029791666666 0.7323731109375 0.09427904791666666 0.733013840625 0.092126875 0.732156878125 0.08491268541666666 0.72563985625 0.0772130625 0.72566370625 0.07552730833333333 0.7262265296875 0.0727193 0.7325511687499999 0.06936680416666667 0.739282821875 0.061894631250000005 0.7406811421875 0.05857403958333333 0.7401747546874999 0.05431111041666667 0.7360537203125 0.04980308541666667 0.7296297078125 0.04477297291666667 0.724688284375 0.042791204166666666 0.7192794265625 0.03687442083333334 0.716859590625 0.03536857916666667 0.7153293078125 0.035691741666666665 0.708902915625 0.04007415833333334 0.7074656453125 0.04306682916666667 0.704420184375 0.04572683125 0.7034201343750001 0.04862717083333334 0.7000781546875 0.05067750208333333 0.6951971515625 0.056750425 0.6817449703125 0.05858281666666666 0.6656996578125 0.06499654791666667 0.6596389453125 0.07434389583333334 0.6586778484375 0.07757215416666667 0.6564678828125 0.07971957291666666 0.65556084375 0.08528941875 0.6539049609375 0.08832825833333334 0.6535368984375001 0.09277585625000001 0.65409734375 0.09938037708333333 0.6534804609375 0.09984679375000001 0.6546879984375 0.11001224583333333 0.6580991390625 0.11231717708333333 0.6663976468749999 0.11426228749999999 0.6709471625 0.12237740416666668 0.6731483859375 0.12392941666666667 0.6736786203125 0.12650659166666667 0.6780031609375 0.12895477708333333 0.6843429046875 0.12761595416666666 0.690628590625 0.12393554166666668 0.6982020999999999 0.12166388541666667 0.7055657390625 0.11573896874999999 0.7099379765625 0.11481564166666666 0.7118037296875 0.11543006458333332 0.7203272125 0.12304210833333333 0.7240976703124999 0.12459887083333333 0.7261581890625 0.12685288541666667
0 0.2141948453125 0.6275848791666667 0.2198572859375 0.61865778125 0.24330519375 0.60664705 0.2448680671875 0.6009387041666667 0.2446192453125 0.5969575229166666 0.24592455468750002 0.590967425 0.24541816718749998 0.58670449375 0.24268670937499998 0.5825753083333333 0.2387866671875 0.5686085895833333 0.23444702187500002 0.56414673125 0.23225454218750002 0.55889529375 0.2302719296875 0.5572971166666666 0.22739102187500002 0.5575693604166666 0.22705555156249999 0.5566317729166667 0.21846688906249997 0.5597900979166667 0.2126963328125 0.5640340104166667 0.20039525 0.5831027916666667 0.2004882609375 0.5857723 0.199589965625 0.5876427208333334 0.2001742578125 0.5925614874999999 0.20514589062500002 0.5985706000000001 0.2056371734375 0.6008198583333333 0.2050981953125 0.6019421125 0.20035153593750002 0.6015999333333333 0.195293253125 0.5986344104166667 0.1937629703125 0.598957575 0.190942484375 0.6072845104166666 0.188115634375 0.6098983458333334 0.1866155609375 0.61424885625 0.183609053125 0.6172367729166666 0.180515896875 0.6232682854166666 0.180162940625 0.6297295541666668 0.178468103125 0.6324404770833334 0.17928611249999998 0.6393267479166667 0.1816041953125 0.6418625124999999 0.18205652187500002 0.6437838520833333 0.183859475 0.6457561125000001 0.1879503 0.6462367895833334 0.1908637984375 0.6405793625 0.19369064687499998 0.6379655291666667 0.1962837796875 0.6333841875 0.19644833281250001 0.6309964291666667 0.19896355937500002 0.6257592541666667 0.1988077484375 0.6244475833333334 0.20090085625 0.6213164104166666 0.20455445625 0.6218894208333333 0.20706730312500002 0.626064775 0.2098226078125 0.6285082041666666 0.2141948453125 0.6275848791666667
0 0.302269275 0.8049572208333333 0.3028774140625 0.8081902333333333 0.3038687203125 0.8089893229166666 0.305953084375 0.8095575791666667 0.3073188140625 0.8116221708333333 0.31140963906249997 0.81210285 0.313509109375 0.8146847791666667 0.31507834375 0.8146895333333333 0.31798946250000004 0.8184446354166667 0.32168201406249997 0.8193455645833333 0.32848282968750003 0.8162286541666667 0.32858458281249997 0.8151987333333334 0.333510903125 0.8151668291666667 0.334409196875 0.8132964083333333 0.33405226093749996 0.8046320479166666 0.33331851874999996 0.8041147104166666 0.332671428125 0.80055378125 0.330931275 0.7972236833333334 0.3285114390625 0.7957178395833334 0.32689688906250003 0.7896720666666667 0.32571081875 0.7872333916666666 0.3235095953125 0.7856813791666667 0.32076303125 0.7795385208333333 0.32084968125 0.7764949270833333 0.32268522499999996 0.7730820041666667 0.32781505 0.7709902625 0.3290726640625 0.7683716729166666 0.3325943 0.7659472562499999 0.3330402671875 0.7621554958333333 0.332354221875 0.7582666499999999 0.3283198359375 0.7507150333333333 0.3279931078125 0.74607801875 0.326495415625 0.7410159979166667 0.3215865828125 0.7336490479166666 0.3182771953125 0.7303141958333333 0.316357384375 0.7273581812500001 0.31527306718750003 0.7238895854166666 0.3111909859375 0.7197094791666667 0.30603094999999997 0.7177738770833333 0.2979033578125 0.7191541145833333 0.2966783359375 0.7163875187500001 0.294656771875 0.714461425 0.2945009609375 0.7131497541666667 0.29307243125000004 0.7124429979166667 0.2832348984375 0.7145204791666667 0.2803301421875 0.7164784791666666 0.2792132359375 0.7183950666666666 0.2745961578125 0.7304628416666666 0.2710896265625 0.73490093125 0.2680052125 0.7372330145833333 0.2678947171875 0.7419623625 0.2670353734375 0.7441607 0.26299860625 0.7460216145833333 0.262896853125 0.74705153125 0.257329803125 0.7492356104166666 0.25527565 0.7526946979166667 0.25532970625 0.7550362895833334 0.2542517515625 0.75728079375 0.255219209375 0.7597656354166666 0.2565070328125 0.76117439375 0.26408690468749996 0.7646158395833333 0.2663811390625 0.7688373583333333 0.2680282796875 0.7694979479166667 0.2699870453125 0.7727818791666666 0.272844103125 0.7741953895833333 0.278330865625 0.7807680083333334 0.28973525625 0.7881078083333333 0.2966441859375 0.7896740791666667 0.29892967656249997 0.797595025 0.3006157703125 0.7985835312499999 0.30157448593749997 0.8047678041666667 0.302269275 0.8049572208333333
0 0.2287560515625 0.7784637145833333 0.23103518125 0.7806715604166666 0.23625801875 0.781249325 0.239881409375 0.7777949895833333 0.2411716125 0.7697912187499999 0.2430850609375 0.76703413125 0.24842077499999998 0.7534700187500001 0.250849353125 0.7512764333333333 0.2535831921875 0.7459930895833333 0.255771690625 0.7361188979166666 0.25976950625 0.73393006875 0.26770869531249997 0.7366233458333333 0.2739013703125 0.730273425 0.27659625625 0.7246621624999999 0.2774643421875 0.7187643958333333 0.27659227343750004 0.7095365333333333 0.27689753437500003 0.706446775 0.27919415000000003 0.7012557625 0.278172634375 0.6964293291666667 0.2697747546875 0.6861016104166667 0.2707207453125 0.6808596791666666 0.27241558125 0.6781487583333334 0.2736191375 0.6731885791666666 0.2728853953125 0.6726712416666667 0.2724569140625 0.6690641479166667 0.2643317046875 0.6610318520833334 0.25378427812500004 0.6609062437500001 0.2534488078125 0.65996865625 0.2513644421875 0.6594004000000001 0.2475009734375 0.6551741291666667 0.245269540625 0.6495947729166667 0.24491896406250002 0.6466435125000001 0.24180434062499997 0.64494825 0.23580006718750002 0.6472246583333334 0.2316138515625 0.653487 0.22966781093750002 0.6616292708333333 0.2303363703125 0.672916975 0.22590133437499998 0.6751981375 0.22109425312500003 0.6668012666666667 0.218557559375 0.6643116708333333 0.216293534375 0.6641174958333332 0.2152632765625 0.6629904916666667 0.20637809687500003 0.66553914375 0.2020988703125 0.6691319791666667 0.195888709375 0.68288075625 0.1938647640625 0.6903671916666667 0.19387986875000002 0.6923808645833333 0.19326298749999998 0.69284728125 0.19382343124999998 0.6994518020833334 0.19297919218749998 0.7036638145833333 0.1868644234375 0.7106695708333334 0.1852236453125 0.7157220833333333 0.1864073328125 0.7275732895833333 0.18579045 0.7280397041666667 0.185563096875 0.7317853020833333 0.1872229609375 0.7438720916666667 0.1893915953125 0.7508092854166667 0.1918893359375 0.7529709645833333 0.1956836421875 0.7528419729166667 0.201687915625 0.7505655645833333 0.2038199765625 0.7477623104166666 0.208449778125 0.7471207354166667 0.21175916562500002 0.7504555875 0.2107026796875 0.7604268666666666 0.21152068750000003 0.7673131395833334 0.21368932031250001 0.7742503333333333 0.22261981562500002 0.7777426979166666 0.2287560515625 0.7784637145833333
0 0.16407231093750002 0.6301022687500001 0.168539940625 0.6224359208333333 0.1684469296875 0.6197664125000001 0.1698214015625 0.6181315770833333 0.1710337 0.60947196875 0.17370473749999998 0.6055464645833334 0.174728634375 0.60096036875 0.1762199640625 0.6003092875 0.177181059375 0.5970810291666666 0.1768932859375 0.59277193125 0.17757296875 0.5909476770833333 0.181687640625 0.5897426020833334 0.1829516171875 0.5928371125 0.18647961562499998 0.5961257999999999 0.187479665625 0.5932254604166667 0.187386653125 0.59055595 0.189518715625 0.5877526958333333 0.1898001265625 0.5863486937500001 0.18722448125 0.5835311791666666 0.186328565625 0.57598906875 0.18623555625 0.5733195625 0.1868134859375 0.572525225 0.1852378875 0.5668073729166667 0.178439453125 0.5605117520833333 0.1686734640625 0.5575319708333333 0.16565185 0.5585062145833334 0.16305871875 0.5630875583333333 0.16196565937500002 0.5633183895833334 0.161684246875 0.5647223916666667 0.15889635 0.5676641458333334 0.1539398203125 0.5636687041666666 0.149450725 0.5636082770833333 0.1459290875 0.56603269375 0.1450697453125 0.5682310312500001 0.14228185 0.5711727833333333 0.1351455640625 0.57335210625 0.13188149062500001 0.5760582729166667 0.125619653125 0.5780529291666666 0.1255179015625 0.57908285 0.11899849843750002 0.5807957583333334 0.11239244531249999 0.5855522562500001 0.1114464546875 0.5907941854166666 0.1128336515625 0.6005855541666667 0.113528440625 0.6007749708333333 0.11413657968749999 0.6040079833333334 0.1157209203125 0.6060264104166666 0.12038093125 0.6094121833333334 0.1225193546875 0.6123220291666667 0.124406575 0.6206632270833333 0.12354723281249999 0.6228615645833333 0.12086109062499999 0.6247733979166666 0.10391111875 0.6273444479166667 0.09711030312499999 0.6304613583333333 0.09515790156250001 0.6328905291666668 0.0934153703125 0.6389729604166666 0.0895646234375 0.6461728875 0.0862592171875 0.6579636666666667 0.08346257812499999 0.6646048479166667 0.0833131296875 0.6690062791666667 0.085514353125 0.6705582895833333 0.093118071875 0.6723139770833334 0.10033862499999999 0.67650359375 0.103258484375 0.6765592666666667 0.11139481874999999 0.6714796020833333 0.116752 0.6656422645833333 0.11818927187499999 0.6626495916666666 0.124756371875 0.657565175 0.126810525 0.6541060854166666 0.132916553125 0.6507997562500001 0.1334165765625 0.6493495874999999 0.1411935921875 0.6450180916666667 0.1462693609375 0.6405847583333333 0.1549987296875 0.63672443125 0.16407231093750002 0.6301022687500001
0 0.7814105890625 0.21468328958333333 0.7828128890625 0.22648832708333336 0.7845768890625 0.22813267083333333 0.7879729249999999 0.22842392916666665 0.7901677859375 0.2242628375 0.792377753125 0.22211542083333333 0.7931202374999999 0.21893333125 0.7970011921875 0.21576074583333332 0.7990163953125 0.2119737375 0.7981745375 0.20677321875 0.7989321281249999 0.20560480208333332 0.798503646875 0.20199770625 0.793765728125 0.19795609791666668 0.7843654203125 0.19994124791666668 0.78135016875 0.20662859583333332 0.782027471875 0.21421687083333335 0.7814105890625 0.21468328958333333
0 0.79937649375 0.17727488333333333 0.8028655390624999 0.18023565000000003 0.8048632578125 0.18384749791666666 0.8076185625000001 0.18629092916666667 0.8117872921875 0.18742744166666667 0.813075115625 0.18883619999999998 0.81368325625 0.1920692125 0.8186938421875001 0.19840624375000002 0.8189665125 0.20070166874999998 0.8181222734375 0.20491367916666667 0.8152715765625 0.20921326875000001 0.8057695140625001 0.21222833958333334 0.8022868296875 0.21498067083333333 0.8024815937499999 0.21662026041666668 0.8018647109374999 0.21708667916666666 0.8034617765625001 0.23053130625 0.8050461171875 0.23254973333333334 0.8089549015624999 0.242817025 0.813309653125 0.24929255416666668 0.8179005015625 0.2483230625 0.8218832109375 0.24412056041666666 0.8241082828125 0.24398681458333332 0.8283310703125 0.24746491875 0.8305084453125 0.25070268333333334 0.83207768125 0.25070743749999996 0.8348329874999999 0.25315086875 0.836761540625 0.25240745416666666 0.8393546734375 0.2478261125 0.8399174984375 0.24501810416666667 0.8396233609375001 0.23499590625 0.842671203125 0.22292337708333332 0.8482795859375001 0.21165468958333333 0.8527146234374999 0.209373525 0.85530775625 0.20479218333333332 0.85305485625 0.19148605416666667 0.8582323781250001 0.1860228 0.8599423187499999 0.18532555208333334 0.8643860999999999 0.17934496041666667 0.86502683125 0.1771927875 0.864544290625 0.17124410208333335 0.865122221875 0.17044976666666667 0.8645768828125 0.16585891875 0.8649990015625001 0.16375291250000001 0.8661938125 0.1624921625 0.869472990625 0.16179966666666665 0.8757260875 0.1635044375 0.8822844421875 0.16211944791666666 0.8896631875000001 0.15820820624999998 0.8930918140624999 0.15311428125 0.8943820171875 0.14511051041666667 0.8995293296875 0.13561990833333332 0.9004514734375 0.13206373333333332 0.9006247703125 0.12597655 0.8970363499999999 0.11463317083333333 0.89112746875 0.11016655833333333 0.8828917609375001 0.1068636125 0.870391934375 0.109167175 0.8671366031250001 0.10817391250000001 0.8650371328125 0.10559198333333333 0.8648034156250001 0.10362447708333335 0.8671779359375 0.09908930208333334 0.877000365625 0.09499814583333334 0.8818813703125 0.08892522291666666 0.8826628062499999 0.08607104791666667 0.88731009375 0.07803061875 0.8877322124999999 0.0759246125 0.886141509375 0.06819308333333333 0.882933875 0.0638283125 0.8802954281250001 0.0623686375 0.8763930046875 0.05781444583333333 0.8739731703125001 0.05630860208333333 0.8613413781249999 0.055614737500000004 0.8556185171875 0.05648714166666667 0.8552830468750001 0.05554955625 0.8521056234375 0.055212129166666665 0.8430646312500001 0.056449112499999995 0.8401988296875 0.05873502916666666 0.8385429437499999 0.06177386666666666 0.8359975078125 0.06298369791666666 0.8324194328125 0.07247905416666667 0.8299908531250001 0.0746726375 0.824047 0.0850037375 0.8257370765625 0.101117875 0.824674228125 0.10537605416666666 0.8186373640625 0.11303764583333333 0.8135941859375 0.11208579791666667 0.8120098453125 0.11006737083333333 0.8083172921875 0.10916644166666667 0.8054451281249999 0.10573925833333334 0.8038091093749999 0.0919667125 0.80187419375 0.086997025 0.800625321875 0.08591618541666667 0.7954024875 0.08533842083333334 0.7871731421875 0.087748575 0.7857986703125001 0.08938341041666667 0.7849544328125 0.09359542291666667 0.7841578921875 0.09443592291666666 0.7842119484375 0.09677751458333334 0.7827508296875 0.10145594166666667 0.7829845453125001 0.10342344791666667 0.7812658609375001 0.10782012291666666 0.7819042109375001 0.11508048124999999 0.7812873265625 0.11554689583333334 0.781847771875 0.12215141874999999 0.781222146875 0.12631726458333334 0.7834186078125 0.14669433333333334 0.7840657015625 0.15025526041666665 0.7859227109375 0.1545691125 0.7901542421875 0.15434778958333334 0.7977579609375 0.15610347916666667 0.8116573640625001 0.15552122083333333 0.8118333874999999 0.15951777291666666 0.7952816875 0.161668575 0.7923769328125 0.16362657291666668 0.792212378125 0.16601433125 0.7902687203125 0.1647440708333333 0.788558778125 0.16544131875 0.7927275093749999 0.16657783333333331 0.7946862718750001 0.16986176458333332 0.7971840125 0.17202344375 0.79937649375 0.17727488333333333
0 0.5349609859375 0.00386388125 0.5333679046875 0.00554488125 0.536686034375 0.005180304166666667 0.5365691765625 0.004196552083333333 0.5349609859375 0.00386388125
0 0.0452251671875 0.19367488125 0.045958909375 0.19419221875 0.045287968750000004 0.19231704375 0.0452251671875 0.19367488125
0 0.048721590625 0.18510916041666667 0.0492794203125 0.1844151125 0.0489829015625 0.18380544375 0.048721590625 0.18510916041666667
0 0.0486735015625 0.18516899166666667 0.0478898421875 0.184036275 0.0473119140625 0.18483060833333334 0.04830321875 0.18562969791666667 0.0486735015625 0.18516899166666667
0 0.0346681765625 0.13875985208333336 0.035510034375 0.14396037083333332 0.038780468750000005 0.14696730416666667 0.0438085421875 0.14590547916666669 0.045455682812499995 0.14656606875 0.046563846874999995 0.14834891041666667 0.0469986890625 0.15766910833333334 0.046381807812499995 0.15813552291666666 0.0471998171875 0.16502179791666668 0.053303462499999996 0.1711279979166667 0.056855309374999996 0.17273092708333332 0.058517556250000005 0.17540518958333334 0.060383309375000006 0.1760196125 0.062779296875 0.17921121041666668 0.0644264390625 0.1798718 0.0663462484375 0.18282781458333333 0.0692033078125 0.18424132708333335 0.071380684375 0.18747909166666668 0.0739022734375 0.18795501458333333 0.077469225 0.19157161874999998 0.09146038281249999 0.18861697708333333 0.095146575 0.18380480208333333 0.097036175 0.18273347083333333 0.0994583921875 0.17482678541666666 0.1029498203125 0.16837502291666664 0.10638480937499999 0.16899420208333332 0.11395831875 0.16672254583333332 0.1161921328125 0.16288937083333332 0.118140553125 0.14533457291666665 0.11993714375 0.14159373333333333 0.1238483078125 0.14244849375 0.1259088265625 0.14470250625 0.1293827671875 0.1456496 0.13170084843750002 0.1481853625 0.1374777671875 0.14965454791666666 0.1405709234375 0.1436230375 0.1436076421875 0.14466246458333334 0.15215735156250002 0.14117622500000002 0.15375043593749999 0.13949522291666666 0.15425920312500002 0.134345625 0.15527435625 0.13345895625 0.155103440625 0.13013361458333333 0.1556813703125 0.12933927916666665 0.15470755 0.12114133541666666 0.15520121250000002 0.11397806458333333 0.151920434375 0.09013239791666666 0.14642730937499998 0.07784667916666667 0.1454924421875 0.06997665416666667 0.1451180171875 0.06871115 0.007064634375000001 0.09786516041666667 0.0082821046875 0.09962491666666667 0.0106820734375 0.11794214791666667 0.0122274609375 0.11963265625000001 0.014911223437500001 0.12713335416666666 0.017331059375 0.12863919583333333 0.025880768749999998 0.12515295625 0.0302442625 0.12792905833333335 0.0339368171875 0.1288299875 0.03519205 0.13562392708333335 0.0346681765625 0.13875985208333336
0 0 0.3765333666666667 0.003550671875 0.3786150208333333 0.0145440640625 0.37494887083333334 0.023061184374999998 0.37684781250000005 0.0236152671875 0.37773923125 0.0283619265625 0.3780814125 0.0379029421875 0.3753942604166667 0.041322825 0.37399976250000005 0.0416431921875 0.3729236791666667 0.0475457125 0.37167718749999995 0.048099793749999994 0.37256860833333333 0.0547360546875 0.37183945625 0.0567512578125 0.3680524479166667 0.0548640359375 0.3597112520833334 0.05032962656249999 0.3536098041666667 0.0469685625 0.3385208333333333 0.0460162078125 0.33804966249999996 0.0443627046875 0.3316759729166667 0.0439191203125 0.32605520416666667 0.0420382609375 0.3234271083333333 0.041492921875 0.3188362604166667 0.0384562046875 0.31779683333333336 0.0369736171875 0.31474848541666667 0.034592734375 0.31357056041666664 0.0319391828125 0.3100972104166667 0.0318851234375 0.30775561875 0.034783515625 0.30008451875000003 0.034277129687500005 0.2958215875 0.02948515625 0.28943838958333334 0.0190633296875 0.28659710625 0.0157928953125 0.28359017291666666 0.015286509374999998 0.27932724166666667 0.0168493828125 0.27361889375000004 0.0160313734375 0.2667326208333333 0.013299915625 0.2626034354166667 0.009771915624999999 0.25931475 0.004354315625 0.2570973979166667 0.0040188453125 0.2561598104166667 0 0.2555295166666667 0 0.3765333666666667
0 0.5350152078125 0.3759636145833333 0.5312837015625 0.37473477083333334 0.5303075015625 0.37594935625 0.529367871875 0.38690438541666666 0.5272032203125 0.39509282291666664 0.5279433234375001 0.40132326041666666 0.5287160171874999 0.40216851666666664 0.5355708906250001 0.4013931958333333 0.53778085625 0.3992457770833333 0.5380082109375001 0.39550018333333337 0.5350152078125 0.3759636145833333
0 0.5693380890624999 0.42720435625 0.5716410656249999 0.42772644791666664 0.5789220375 0.4399707520833333 0.58005405 0.44006783958333334 0.5821145671875 0.44232185 0.588843840625 0.44426220625 0.5935817578125 0.44830381458333335 0.5949236375 0.4520541604166667 0.5956184265625 0.45224358125 0.597232978125 0.4582893520833334 0.6023453187500001 0.46359646458333337 0.6063971890625 0.463749225 0.6178906078125 0.4586329041666667 0.6227930781250001 0.46028675208333336 0.6256652421875 0.4637139375 0.629693265625 0.46555245208333335 0.63416725625 0.46359920833333335 0.6348946343749999 0.45840344375 0.6346243453125 0.4466954895833333 0.6352022765625 0.4459011541666667 0.634596515625 0.43325561458333334 0.631155165625 0.4269233375 0.627073084375 0.42274323125 0.62787836875 0.41820330208333334 0.630735428125 0.41961681458333333 0.6315860265625 0.42111790208333333 0.6532890203124999 0.4246021333333333 0.65739495 0.42709648333333333 0.6607909859375 0.42738774375 0.663983515625 0.42973884166666665 0.6662864921875 0.43026093125000003 0.6685743656249999 0.42876935 0.6663930078125 0.41040595416666664 0.66660525625 0.4046466875 0.66549709375 0.40286384374999995 0.6637895312500001 0.39414856249999997 0.664923925 0.3848331208333333 0.6637617015624999 0.38070868750000003 0.654309715625 0.37093971875 0.6543184578125001 0.3672402895833333 0.6602384640625 0.35859494375 0.659732078125 0.3543320145833333 0.65384704375 0.34817964791666667 0.6534336671875 0.346586225 0.6513103499999999 0.34569004999999997 0.6480009609375 0.3423551979166667 0.63876520625 0.3419525916666667 0.6240705171875 0.34841724375 0.62004249375 0.34657872916666665 0.6174906953125 0.34207545833333336 0.6170232609374999 0.3381404458333333 0.6203111812500001 0.3337485229166666 0.6271358453125 0.32894585625 0.6291899984375 0.32548676666666665 0.6336250375 0.32320560416666666 0.6365146875 0.31923393125000005 0.6412311374999999 0.3155487645833333 0.6418718671875 0.31339659375 0.6411707171875001 0.30749407500000003 0.6358397640625 0.30223312708333333 0.633497834375 0.3013831208333333 0.6308832343749999 0.2982376875 0.62671450625 0.297101175 0.626379034375 0.2961635875 0.6216562234375 0.2941356520833333 0.6175653984375 0.293654975 0.6134117734375 0.29453213333333333 0.6060266671875 0.29273027916666666 0.6016154765625 0.29332568541666665 0.5949704734375 0.29775426666666666 0.593634953125 0.29971702083333335 0.589416146875 0.31136454583333334 0.587026521875 0.31388604791666663 0.5855026 0.31992231250000003 0.58637466875 0.329150175 0.5886450546875001 0.33505745 0.5884240609375 0.34451614583333334 0.5809022296874999 0.35854192291666664 0.5784736500000001 0.36073550625 0.57467934375 0.36086449791666664 0.5727746375 0.35992215624999996 0.57037865 0.35673055833333334 0.5688809578125 0.3516685375 0.5680629500000001 0.34478226458333333 0.5653942921875 0.3392952416666667 0.5577603640625 0.33351220625 0.5508903859375 0.3322738520833333 0.5461198765625 0.3336174291666667 0.5421133203124999 0.3395056875 0.5417842109375 0.34428120208333335 0.5445562234375 0.37327646249999996 0.5471294890625 0.38550650833333333 0.5487917359375001 0.38818077083333336 0.5536791015625 0.38782094791666666 0.55694079375 0.3945273083333333 0.5571355578125 0.39616689791666665 0.5555337312499999 0.40154732708333335 0.5528086359375 0.40313124375 0.5516527765625 0.40471991041666666 0.55144926875 0.40677975 0.5521504187499999 0.41268227083333336 0.554109184375 0.41596620208333335 0.554951040625 0.4211667208333333 0.561444215625 0.43055209791666665 0.566151921875 0.43056635833333334 0.5693380890624999 0.42720435625
0 0.160773309375 0.7400456833333333 0.1659118765625 0.7342545125 0.1715806796875 0.7310405145833333 0.171682434375 0.7300105958333333 0.1741110125 0.7278170104166667 0.1776716015625 0.7257205125 0.1793274875 0.7226816729166666 0.181256040625 0.7219382604166668 0.1845829125 0.7178742541666666 0.186825471875 0.7103416541666667 0.1882778484375 0.7093626541666667 0.19282338125 0.70235214375 0.19367 0.6887276041666667 0.195116015625 0.6820355020833334 0.19645153437500001 0.68007275 0.1967178421875 0.6766550729166667 0.1953672171875 0.6766041541666666 0.194406121875 0.6798324104166666 0.1898303796875 0.682815575 0.1875576109375 0.68632083125 0.181748103125 0.6902368291666666 0.1734646984375 0.6903053916666667 0.1707396046875 0.6918893083333334 0.1670923640625 0.6970293979166667 0.1583932046875 0.7049170687499999 0.1579710875 0.7070230729166667 0.155261096875 0.7106206625 0.1525423640625 0.7179176770833333 0.150814934375 0.7260137833333334 0.149479415625 0.7279765354166667 0.1492910140625 0.7320500479166667 0.15009391875 0.7369226479166666 0.152795165625 0.7370244895833333 0.154738825 0.7382947479166667 0.1544574125 0.7396987520833334 0.15119333906250002 0.7424049187499999 0.1505915625 0.7448850083333334 0.14795947812500002 0.74913843125 0.14699838125 0.7523666895833333 0.148223403125 0.7551332833333333 0.1529009015625 0.7511202 0.15451783125000002 0.7477534416666667 0.157203975 0.7458416104166666 0.157665046875 0.7440635208333333 0.1593360359375 0.74303835625 0.160773309375 0.7400456833333333
0 0.74788285 0 0.7474334390624999 0.0003397916666666667 0.74816718125 0.0008571291666666667 0.7493055546875 0.006667316666666667 0.751521884375 0.010232999999999999 0.752091071875 0.01313809375 0.7547446234375 0.01661144375 0.7575627296875 0.017697037500000002 0.765666471875 0.018002556250000003 0.7660019421875 0.01894014583333333 0.7696165921875 0.0191852375 0.774558015625 0.021167006250000002 0.7814367359375 0.01870593125 0.7858717734375 0.01642476875 0.7878631281249999 0.014323516666666668 0.79091733125 0.0079640875 0.7911295828125 0.00220481875 0.7917075109375 0.0014104854166666666 0.791477203125 0 0.74788285 0
0 0 0.43650929375 0.002302621875 0.4360230291666667 0.0012723640625 0.4348960229166667 0 0.43575368124999997 0 0.43650929375
0 0.003631778125 0.42834717499999997 0.00502135625 0.42872601250000003 0.005482428125 0.4269479270833333 0.0048504390625 0.42540066875 0.0040149453125 0.4259132541666667 0.003631778125 0.42834717499999997
0 0 0.2445581875 0.0023112828125 0.24744452916666668 0.0065189671874999995 0.24890896041666669 0.0087980953125 0.25111680416666665 0.0185879328125 0.25241083333333336 0.02064845 0.25466484375 0.018851859375 0.25840568541666664 0.021362324999999998 0.2719935666666667 0.0206047359375 0.27316198541666664 0.020697746875 0.27583149375 0.0189250046875 0.27788657916666665 0.0192755796875 0.2808378375 0.0242018984375 0.2808059333333333 0.02545076875 0.2818867729166667 0.02679265 0.28563712291666665 0.0324765578125 0.28443679791666665 0.036980759375 0.28651089999999996 0.0391104375 0.2931201729166667 0.0398417984375 0.3030500395833334 0.0420493859375 0.3103151520833333 0.042594725 0.31490599999999996 0.0432895109375 0.3150954208333333 0.043601134375 0.3177187604166667 0.0463325921875 0.3218479479166667 0.0472913078125 0.32803221875 0.0494058828125 0.33262782291666665 0.052832128125 0.33694642708333333 0.05447927031250001 0.33760701666666665 0.058297425 0.33579226874999996 0.0618039578125 0.33135418125 0.06359180625000001 0.33131276666666665 0.067002946875 0.33361769999999996 0.06909129375 0.3493115875 0.06978608124999999 0.34950100624999997 0.07005875 0.35179643125000004 0.07146343125 0.35418893958333336 0.07626415 0.3568727125 0.0815648921875 0.3581063104166667 0.08796505624999999 0.36482218125 0.090813371875 0.36993511875 0.097183325 0.37262364375 0.10263113593749999 0.37886834375 0.10523063125000001 0.3800001 0.11077145156249998 0.38891431041666663 0.11418895468750001 0.3969323416666667 0.11629080624999999 0.39010174375 0.1153797859375 0.3805459625 0.11595771562499999 0.3797516270833333 0.1155292359375 0.37614453124999997 0.1168194390625 0.36814076041666666 0.119451525 0.3638873354166667 0.12025680937500001 0.35934740833333334 0.11959461093749998 0.3537728041666667 0.1178393546875 0.34842903333333336 0.1171858984375 0.33915500416666666 0.1189435375 0.33508624583333335 0.127984528125 0.33384926458333336 0.135064375 0.3387408791666667 0.13905344687500001 0.34025147499999997 0.1436053421875 0.3389540645833333 0.1441443203125 0.33783181458333333 0.1438954984375 0.3338506333333333 0.146503734375 0.3312829666666667 0.15540163906249999 0.3401605166666667 0.1601244515625 0.34218844791666664 0.164059465625 0.34135745416666663 0.166886315625 0.3387436208333333 0.17507670625 0.33600555000000004 0.18031702968750002 0.32918445625000003 0.181239171875 0.32562828125000004 0.18095139843750002 0.32131918541666665 0.181529328125 0.32052484791666663 0.1805944609375 0.3126548229166667 0.17547575625 0.30163460833333333 0.17508622812500002 0.29835543333333336 0.1712855609375 0.2927713229166667 0.1658918078125 0.28886821458333334 0.163573725 0.28633244999999996 0.162348703125 0.28356585625 0.15804800937500002 0.27943191666666667 0.148680290625 0.27603188333333334 0.1463622078125 0.27349611874999996 0.14616744375 0.27185653125000003 0.147721575 0.26984761249999994 0.147972778125 0.2644162625 0.142189496875 0.257233975 0.1398475671875 0.25638396875 0.1372719203125 0.2535664541666667 0.133797978125 0.2526193583333333 0.130566496875 0.24994034166666665 0.12369651875000001 0.2487019895833333 0.11294558437499999 0.25063621875000003 0.10498890937500001 0.25534179791666667 0.1028330015625 0.25983080625 0.0980775984375 0.26318805625 0.0847987140625 0.25893326041666664 0.08009975 0.25521957291666664 0.078164834375 0.25024988541666665 0.07823637812499999 0.24519262083333335 0.079416084375 0.24191819583333332 0.0876454296875 0.23950804166666667 0.0892385140625 0.23782703958333334 0.1004354140625 0.23210104999999998 0.10115405 0.2306047125 0.103480875 0.22944104791666667 0.10285762968750001 0.22419436458333333 0.100836065625 0.22226826875 0.0931655640625 0.2067447875 0.088077071875 0.19975191875 0.0834949671875 0.19702198333333334 0.07352546875 0.19610203958333333 0.0676642828125 0.18826391875 0.06661891875 0.1851232375 0.063231625 0.18113255208333331 0.056798871875000004 0.17980186458333333 0.0512946234375 0.18062810625 0.044673465625 0.18337093124999998 0.043337946875 0.18533368541666664 0.043110592187500005 0.18907927916666667 0.045402446875 0.20271332708333334 0.0451512421875 0.20814467708333334 0.04367501875 0.21080942916666665 0.0395062890625 0.20967291666666668 0.0354329484375 0.20179338333333333 0.035043420312500004 0.19851420416666665 0.035606246875000004 0.19570619791666666 0.0346864828125 0.18984984375 0.0339527421875 0.18933250833333334 0.0331736859375 0.18277415208333334 0.031020157812499997 0.17785063125 0.0245810421875 0.17080684375 0.0236525359375 0.16864992083333333 0.0187349609375 0.16498239583333335 0.0147458890625 0.1634717979166667 0.013637726562499999 0.16168895625 0.0058217578125 0.16569253541666665 0 0.1671718625 0 0.20912223333333332 0.0002515453125 0.21123982708333333 0 0.21152663333333335 0 0.2445581875