0 0.3184799375 0.8657407416666667 0.3209876546875 0.8706597229166667 0.324266975 0.8729745375 0.32908950625 0.8726851854166667 0.33101851875 0.8715277770833333 0.3337191359375 0.8666087958333333 0.3342978390625 0.86429398125 0.3362268515625 0.8637152770833333 0.3381558640625 0.8654513895833333 0.3385416671875 0.8723958333333334 0.3395061734375 0.8738425916666667 0.3396990734375 0.8761574083333333 0.3416280859375 0.8784722229166667 0.3454861109375 0.8787615750000001 0.3470293203125 0.8802083333333334 0.3576388890625 0.8822337958333333 0.3626543203125 0.8825231479166666 0.3649691359375 0.8813657416666667 0.36612654375 0.87991898125 0.3668981484375 0.8738425916666667 0.3703703703125 0.8634259249999999 0.3703703703125 0.8521412041666667 0.37152777812500004 0.8498263895833333 0.37364969062500003 0.8483796291666666 0.37577160468750004 0.8454861104166667 0.37577160468750004 0.8414351854166667 0.37345679062500003 0.8336226854166667 0.367669753125 0.8272569437499999 0.3694058640625 0.8237847229166667 0.3726851859375 0.8220486104166667 0.3769290125 0.8162615750000001 0.37770061718750003 0.8127893520833334 0.3769290125 0.8061342583333333 0.374421296875 0.8041087958333333 0.37422839531249996 0.8026620375 0.37229938281249997 0.8000578708333334 0.3709490734375 0.7965856479166666 0.36709105000000003 0.79195601875 0.3659336421875 0.7893518520833334 0.36284722187499996 0.7867476854166667 0.3582175921875 0.7879050916666667 0.3522376546875 0.7936921291666666 0.3497299375 0.7890625 0.3489583328125 0.7832754625 0.33892746875 0.7838541666666666 0.3339120375 0.7925347229166667 0.333526234375 0.8026620375 0.33294753125 0.8046875 0.33159722187499996 0.8061342583333333 0.3302469140625 0.80960648125 0.3283179015625 0.8116319437499999 0.325617284375 0.8191550916666667 0.3250385796875 0.8194444437499999 0.3250385796875 0.8246527770833333 0.3269675921875 0.828125 0.3269675921875 0.83101851875 0.3260030859375 0.8321759249999999 0.324266975 0.8324652770833333 0.3196373453125 0.8370949083333333 0.3184799375 0.84085648125 0.318865740625 0.8515625 0.3171296296875 0.8585069437499999 0.3171296296875 0.8611111104166667 0.3184799375 0.8657407416666667
0 0.8522376546875 0.050636574999999996 0.8533950625 0.052083333333333336 0.8535879625 0.0546875 0.8543595671875 0.05584490833333333 0.8543595671875 0.06481481458333334 0.8551311734375 0.06741898125 0.8541666671874999 0.07349537083333332 0.8535879625 0.07378472291666666 0.853009259375 0.089699075 0.8535879625 0.09461805625 0.8541666671874999 0.09490740833333335 0.8560956796875001 0.10271990833333335 0.8562885796874999 0.10619212916666668 0.8589891968750001 0.109375 0.8632330250000001 0.109375 0.8663194437499999 0.10763888958333333 0.8711419749999999 0.10127314791666667 0.8742283953125 0.09895833333333333 0.875578703125 0.09635416666666667 0.8757716046875 0.09403935208333333 0.8753858031249999 0.082175925 0.8742283953125 0.07349537083333332 0.873649690625 0.07320601875 0.8722993828125001 0.06857638958333333 0.871527778125 0.06799768541666666 0.8717206796875001 0.06510416666666667 0.8734567906249999 0.06192129583333333 0.8742283953125 0.0567129625 0.873649690625 0.05613425833333333 0.8730709875 0.046875 0.8722993828125001 0.024305556250000002 0.8717206796875001 0.024016204166666666 0.871527778125 0.020833333333333332 0.8703703703125001 0.017361110416666665 0.869598765625 0.015914352083333333 0.8688271609375 0.018807870833333334 0.8651620375 0.0234375 0.8634259265625 0.03125 0.8624614203125001 0.03240740833333333 0.8584104937499999 0.03125 0.8560956796875001 0.028645833333333332 0.8543595671875 0.032986110416666665 0.8543595671875 0.03790509166666667 0.8549382718749999 0.04021990833333333 0.8522376546875 0.0448495375 0.8522376546875 0.050636574999999996
0 0.8807870375 0.052951389583333335 0.8815586421875 0.060763889583333335 0.88290895 0.06423611041666667 0.88290895 0.0682870375 0.8821373453125 0.07002314791666667 0.8821373453125 0.08072916666666667 0.88271605 0.08101851875 0.88290895 0.08680555625 0.8834876546875 0.08709490833333335 0.8846450625 0.09461805625 0.8848379625 0.10474537083333332 0.8854166671874999 0.10503472291666666 0.8861882718749999 0.113136575 0.8875385796874999 0.11689814791666667 0.8894675921875 0.11950231458333334 0.8910108031249999 0.12586805625 0.8933256171874999 0.1310763895833333 0.8952546296874999 0.13165509166666667 0.902777778125 0.13773148124999998 0.90914351875 0.14120370416666667 0.9122299375 0.14496527708333332 0.9137731484374999 0.14554398124999998 0.9147376546875 0.14756944375 0.918402778125 0.14930555625 0.9195601859375 0.14756944375 0.9195601859375 0.14554398124999998 0.9201388890625 0.14496527708333332 0.919367284375 0.136863425 0.9201388890625 0.12731481458333332 0.9220679015625001 0.12268518541666666 0.9222608031249999 0.12065972291666666 0.9220679015625001 0.11400462916666668 0.9214891968750001 0.113425925 0.9207175921875 0.10792824166666667 0.9207175921875 0.1015625 0.9220679015625001 0.09693287083333332 0.9220679015625001 0.0917245375 0.9214891968750001 0.09114583333333333 0.9214891968750001 0.08275462916666668 0.9220679015625001 0.082175925 0.9222608031249999 0.0760995375 0.9220679015625001 0.06452546249999999 0.9201388890625 0.05960648125 0.919367284375 0.0546875 0.9158950625 0.04716435208333333 0.9128086421875 0.042824074999999996 0.9101080250000001 0.04050925833333333 0.905671296875 0.030671295833333334 0.902777778125 0.027777777083333333 0.8981481484374999 0.01851851875 0.8890817906249999 0.01851851875 0.8863811734375 0.015625 0.8834876546875 0.010706018749999999 0.8802083328125001 0.010706018749999999 0.8782793203124999 0.015625 0.8782793203124999 0.02835648125 0.8800154328125 0.04253472291666667 0.8802083328125001 0.0526620375 0.8807870375 0.052951389583333335
0 0.8653549375 0.34259259166666667 0.8663194437499999 0.34519675833333335 0.8676697531249999 0.3460648145833333 0.8688271609375 0.34866898125 0.8697916671874999 0.3616898145833333 0.871527778125 0.3648726854166667 0.8728780859375 0.3726851854166667 0.873649690625 0.3732638895833333 0.876350309375 0.38136574166666665 0.8800154328125 0.38223379583333333 0.8834876546875 0.38165509166666667 0.8875385796874999 0.37702546249999996 0.893132715625 0.37702546249999996 0.8937114203125001 0.37789351875 0.89544753125 0.37702546249999996 0.8962191359375 0.37442129583333333 0.8962191359375 0.3697916666666667 0.8956404328125 0.36921296249999996 0.8962191359375 0.36834490833333333 0.8962191359375 0.3654513895833333 0.8956404328125 0.3648726854166667 0.8950617281250001 0.35214120416666667 0.8908179015625001 0.33391203750000004 0.8873456796875001 0.33304398125 0.8863811734375 0.33738425833333335 0.8869598765625 0.34172453750000004 0.8834876546875 0.34432870416666667 0.8800154328125 0.3382523145833333 0.8757716046875 0.33680555624999997 0.8726851859375 0.33246527708333334 0.86709105 0.33159722291666666 0.8636188265625 0.33449074166666665 0.862847221875 0.33796296249999996 0.8636188265625 0.33883101875 0.8636188265625 0.3411458333333333 0.8653549375 0.34259259166666667
0 0.871527778125 0.30555555624999997 0.871527778125 0.31047453750000004 0.8728780859375 0.31278935208333336 0.8728780859375 0.31394675833333335 0.8746141968750001 0.3148148145833333 0.875578703125 0.3179976854166667 0.87789351875 0.31915509166666667 0.8790509265625 0.32175925833333335 0.8815586421875 0.324074075 0.8834876546875 0.32841435208333336 0.8856095671875 0.32928240833333333 0.8869598765625 0.33130787083333335 0.88773148125 0.33101851875 0.8896604937499999 0.328125 0.8896604937499999 0.32667824166666665 0.8894675921875 0.32060185208333336 0.8888888890625 0.31539351875 0.888117284375 0.3142361104166667 0.8869598765625 0.30034722291666666 0.8834876546875 0.29484953750000004 0.880401234375 0.29340277708333334 0.8773148140625 0.29542824166666665 0.8734567906249999 0.29571759166666667 0.8722993828125001 0.296875 0.871527778125 0.30179398125 0.8709490734375 0.3020833333333333 0.8709490734375 0.30526620416666667 0.871527778125 0.30555555624999997
0 0.9000771609375 0.34027777708333334 0.9000771609375 0.34577546249999996 0.90142746875 0.3532986104166667 0.90142746875 0.359375 0.902777778125 0.36255787083333335 0.902777778125 0.3671875 0.9041280859375 0.37297453750000004 0.9047067906249999 0.3732638895833333 0.907600309375 0.40190972291666666 0.912615740625 0.40827546249999996 0.9151234562499999 0.410011575 0.9182098765625 0.41521990833333333 0.9234182093750001 0.4201388895833333 0.925347221875 0.42158564791666664 0.92978395 0.42274305624999997 0.9322916671874999 0.42505787083333335 0.9351851859375 0.42621527708333334 0.9378858031249999 0.42534722291666666 0.938078703125 0.4163773145833333 0.9373070984374999 0.40625 0.9359567906249999 0.39959490833333333 0.9351851859375 0.39901620416666667 0.9347993828125001 0.39728009166666667 0.9353780859375 0.39641203750000004 0.942901234375 0.39699074166666665 0.9459876546875 0.3961226854166667 0.9479166671874999 0.394386575 0.9481095671875 0.39207175833333335 0.9486882718749999 0.39149305624999997 0.9481095671875 0.38368055624999997 0.9492669749999999 0.38194444375000003 0.9598765437500001 0.38136574166666665 0.9650848765625 0.3767361104166667 0.9654706796875001 0.375 0.9679783953125 0.371238425 0.9679783953125 0.36921296249999996 0.9691358031249999 0.36603009166666667 0.9726080250000001 0.363136575 0.9753086421875 0.35908564791666664 0.97646605 0.35358796249999996 0.9753086421875 0.3463541666666667 0.9726080250000001 0.34317129583333333 0.9706790125 0.33738425833333335 0.9695216046875 0.33680555624999997 0.9679783953125 0.33391203750000004 0.9635416671874999 0.33130787083333335 0.9619984562499999 0.32060185208333336 0.95794753125 0.31684027708333334 0.95794753125 0.31539351875 0.95601851875 0.31134259166666667 0.9425154328125 0.30815972291666666 0.9413580250000001 0.30671296249999996 0.938850309375 0.30613425833333335 0.936921296875 0.30439814791666664 0.9367283953125 0.3029513895833333 0.934027778125 0.300636575 0.9305555562500001 0.28819444375000003 0.9280478390625 0.2864583333333333 0.9257330250000001 0.28327546249999996 0.9214891968750001 0.28240740833333333 0.9147376546875 0.29195601875 0.9114583328125001 0.29195601875 0.9081790125 0.28761574166666665 0.904899690625 0.28616898125 0.900848765625 0.28761574166666665 0.8994984562499999 0.28877314791666664 0.8979552468750001 0.292824075 0.8975694437499999 0.29803240833333333 0.8975694437499999 0.3151041666666667 0.8993055562500001 0.32899305624999997 0.8994984562499999 0.339988425 0.9000771609375 0.34027777708333334
0 0 0.2167245375 0.001543209375 0.2167245375 0.002507715625 0.21875 0.003858025 0.21961805625 0.0084876546875 0.21961805625 0.0123456796875 0.2167245375 0.014081790625000002 0.2129629625 0.015625 0.21238425833333335 0.0189043203125 0.214699075 0.021797839062499998 0.21932870416666667 0.025270062500000003 0.2207754625 0.0324074078125 0.21961805625 0.047453703125 0.22019675833333335 0.050540123437499994 0.21932870416666667 0.051504629687500005 0.21817129583333333 0.0518904328125 0.2089120375 0.051311728125 0.203125 0.047839506250000004 0.19704861041666666 0.0451388890625 0.19589120416666667 0.045910493749999996 0.19502314791666667 0.056327160937499995 0.1932870375 0.0592206796875 0.19097222291666668 0.0636574078125 0.18923611041666666 0.06828703750000001 0.18200231458333332 0.06770833281250001 0.17881944375 0.066358025 0.17708333333333334 0.06057098749999999 0.17332175833333335 0.055555556250000006 0.17274305625 0.0526620375 0.17100694375 0.0524691359375 0.16927083333333334 0.05169753125 0.16840277708333332 0.0524691359375 0.16637731458333332 0.0524691359375 0.15393518541666668 0.0509259265625 0.15133101875000002 0.047839506250000004 0.15133101875000002 0.0476466046875 0.152199075 0.0449459875 0.15277777708333332 0.0383873453125 0.16116898124999998 0.0362654328125 0.16521990833333333 0.035108025 0.16348379583333333 0.032600309375 0.1620370375 0.03125 0.1582754625 0.029706790625 0.15769675833333335 0.028935185937500003 0.15538194375 0.027777778125000003 0.15451388958333334 0.027006173437499996 0.14988425833333335 0.0250771609375 0.14785879583333333 0.02430555625 0.14554398124999998 0.018518518749999997 0.14149305625 0.0133101859375 0.14033564791666667 0.0106095671875 0.13512731458333332 0.010223765625 0.13310185208333333 0.0065586421875 0.13310185208333333 0.002507715625 0.136574075 0.002507715625 0.14033564791666667 0.0030864203125 0.140625 0.0036651234375 0.14380787083333332 0.0036651234375 0.14785879583333333 0.001543209375 0.15133101875000002 0 0.15133101875000002 0 0.2167245375
0 0.35898919687499997 0.00491898125 0.35898919687499997 0.0057870375 0.3595679015625 0.00491898125 0.35898919687499997 0.00491898125
0 0.22839506250000002 0 0.22839506250000002 0.0017361104166666666 0.22723765468749998 0.00289351875 0.22472993749999998 0.0031828708333333333 0.2237654328125 0.00491898125 0.22010030937499997 0.005208333333333333 0.21932870312500002 0.008101852083333333 0.21277006250000002 0.015914352083333333 0.21180555625 0.019386575 0.208526234375 0.024305556250000002 0.202739196875 0.029513889583333335 0.20254629687499998 0.03211805625 0.2019675921875 0.03240740833333333 0.2019675921875 0.036458333333333336 0.202739196875 0.03761574166666667 0.20293209843749999 0.041666666666666664 0.2062114203125 0.05555555625 0.206983025 0.05584490833333333 0.2081404328125 0.058449074999999996 0.213348765625 0.0625 0.2164351859375 0.06307870416666667 0.21971450625000002 0.06539351875 0.2218364203125 0.06973379583333333 0.22202932031249997 0.07175925833333333 0.22395833281250002 0.074363425 0.227044753125 0.07523148125 0.22723765468749998 0.0760995375 0.2312885796875 0.07667824166666667 0.23379629687499998 0.0760995375 0.23611111093749998 0.07349537083333332 0.239776234375 0.07378472291666666 0.24189814843750002 0.07986111041666667 0.24479166718749998 0.08506944375 0.2540509265625 0.07928240833333335 0.2596450625 0.07725694375 0.263117284375 0.074363425 0.2644675921875 0.06915509166666665 0.2644675921875 0.05439814791666667 0.265046296875 0.05121527708333333 0.2714120375 0.05179398125 0.2714120375 0.06365740833333333 0.274884259375 0.06712962916666668 0.275848765625 0.06915509166666665 0.2766203703125 0.06712962916666668 0.27970679062500003 0.06481481458333334 0.28260030937499997 0.06105324166666667 0.28607253125 0.06018518541666666 0.2887731484375 0.06105324166666667 0.2926311734375 0.06597222291666667 0.2957175921875 0.06770833333333333 0.30034722187499996 0.06770833333333333 0.305169753125 0.06481481458333334 0.3082561734375 0.05526620416666667 0.3082561734375 0.04658564791666667 0.3059413578125 0.03819444375 0.3034336421875 0.033854166666666664 0.2991898140625 0.029224537499999998 0.2991898140625 0.02575231458333333 0.2999614203125 0.024594908333333332 0.30555555624999997 0.021990741666666664 0.3072916671875 0.019965277083333333 0.3125 0.023726852083333336 0.3180941359375 0.024305556250000002 0.3231095671875 0.019386575 0.323688271875 0.016782408333333332 0.32523148125 0.01475694375 0.32773919687499997 0.014178241666666667 0.32947530937499997 0.012731481250000001 0.33101851875 0.009259258333333333 0.33101851875 0.007523147916666667 0.3304398140625 0.00694444375 0.32947530937499997 0 0.2849151234375 0 0.28472222187499996 0.0020254625 0.280671296875 0.0020254625 0.28047839531249996 0 0.22839506250000002 0
0 0.1911651234375 0.3460648145833333 0.1915509265625 0.359375 0.1927083328125 0.35995370416666667 0.20293209843749999 0.35474537083333335 0.2077546296875 0.3538773145833333 0.21122685156249998 0.35474537083333335 0.2137345671875 0.35648148125 0.21585648124999998 0.359375 0.2166280859375 0.363136575 0.21932870312500002 0.3671875 0.2228009265625 0.3695023145833333 0.22472993749999998 0.3695023145833333 0.228009259375 0.3671875 0.22839506250000002 0.3654513895833333 0.23109567968750003 0.36226851875 0.234375 0.3654513895833333 0.23572530937499997 0.3697916666666667 0.2374614203125 0.3723958333333333 0.2405478390625 0.3723958333333333 0.2449845671875 0.36805555624999997 0.2469135796875 0.3689236104166667 0.2478780859375 0.370949075 0.2517361109375 0.37384259166666667 0.25347222187499996 0.3726851854166667 0.26292438281249997 0.37152777708333334 0.26658950625 0.36689814791666664 0.2679398140625 0.36053240833333333 0.2698688265625 0.35734953750000004 0.2717978390625 0.34953703750000004 0.2712191359375 0.34056712916666665 0.27044753125 0.339699075 0.2696759265625 0.33622685208333336 0.26851851875 0.33478009166666667 0.26909722187499996 0.3336226854166667 0.285686728125 0.32378472291666666 0.29012345625 0.32320601875 0.2912808640625 0.32146990833333333 0.290509259375 0.31712962916666665 0.2872299375 0.3142361104166667 0.2864583328125 0.30671296249999996 0.2853009265625 0.30353009166666667 0.285108025 0.2991898145833333 0.2843364203125 0.29658564791666664 0.2845293203125 0.29021990833333333 0.285108025 0.28964120416666667 0.2853009265625 0.2873263895833333 0.285108025 0.28240740833333333 0.2831790125 0.2789351854166667 0.28086419687499997 0.277488425 0.2791280859375 0.2751736104166667 0.2731481484375 0.2711226854166667 0.2702546296875 0.27054398125 0.26523919687499997 0.2711226854166667 0.2635030859375 0.27401620416666667 0.2613811734375 0.27546296249999996 0.2609953703125 0.277199075 0.2571373453125 0.28211805624999997 0.2565586421875 0.28703703750000004 0.25482253125 0.29050925833333335 0.24942129687499998 0.292824075 0.248456790625 0.29398148125 0.24402006250000002 0.29398148125 0.243634259375 0.293113425 0.2370756171875 0.29050925833333335 0.23495370312500002 0.28848379583333333 0.22743055625 0.28819444375000003 0.22550154375 0.2873263895833333 0.22357253125 0.28472222291666666 0.2206790125 0.2835648145833333 0.21277006250000002 0.285011575 0.21103394999999997 0.28616898125 0.2081404328125 0.28616898125 0.202739196875 0.28211805624999997 0.1994598765625 0.28240740833333333 0.2000385796875 0.28616898125 0.19598765468749998 0.28877314791666664 0.19598765468749998 0.29224537083333335 0.1973379625 0.29600694375000003 0.1973379625 0.29774305624999997 0.1979166671875 0.29803240833333333 0.1979166671875 0.30005787083333335 0.1969521609375 0.30121527708333334 0.1927083328125 0.3020833333333333 0.19135802500000001 0.3046875 0.19000771562500002 0.30555555624999997 0.186921296875 0.31134259166666667 0.1847993828125 0.31915509166666667 0.1847993828125 0.324363425 0.1886574078125 0.33159722291666666 0.1886574078125 0.33940972291666666 0.1911651234375 0.3460648145833333
0 0.7584876546875 0.5060763895833333 0.7615740734374999 0.5066550916666667 0.7654320984375 0.5104166666666666 0.766975309375 0.5109953708333334 0.76851851875 0.5153356479166666 0.7683256171874999 0.5240162041666667 0.765239196875 0.527199075 0.7606095671875 0.5280671291666666 0.7584876546875 0.5298032416666667 0.7584876546875 0.5315393520833334 0.7571373453125 0.53414351875 0.7559799375 0.5396412041666667 0.7557870375 0.5448495375 0.7552083328125 0.5451388895833333 0.7552083328125 0.5486111104166667 0.75675154375 0.5529513895833333 0.75790895 0.5543981479166666 0.7615740734374999 0.5561342583333333 0.7623456796875 0.5581597229166667 0.7623456796875 0.5636574083333333 0.7613811734375 0.5659722229166667 0.7606095671875 0.5763888895833333 0.7598379625 0.5775462958333333 0.7604166671875 0.5784143520833334 0.7606095671875 0.5821759249999999 0.763117284375 0.5853587958333333 0.7663966046875 0.5868055562500001 0.7671682093750001 0.5879629625 0.7671682093750001 0.5902777770833333 0.7677469140625 0.5905671291666666 0.7677469140625 0.5943287041666667 0.7671682093750001 0.5946180562500001 0.766010803125 0.6006944437499999 0.76658950625 0.60648148125 0.7654320984375 0.6163194437499999 0.7654320984375 0.6273148145833333 0.769097221875 0.6287615750000001 0.7741126546875 0.6264467583333333 0.7760416671875 0.6238425916666667 0.777777778125 0.6232638895833333 0.7793209875 0.6215277770833333 0.7831790125 0.6209490750000001 0.78607253125 0.6183449083333333 0.7887731484375 0.6183449083333333 0.79205246875 0.6197916666666666 0.794367284375 0.6226851854166667 0.7945601859375 0.6270254625 0.796489196875 0.6368634249999999 0.7991898140625 0.6403356479166666 0.80169753125 0.6420717583333333 0.8055555562500001 0.6501736104166667 0.8057484562499999 0.6539351854166667 0.807098765625 0.6565393520833334 0.80960648125 0.6582754625 0.8117283953125 0.6579861104166667 0.8144290125 0.6542245375 0.815007715625 0.6504629625 0.8165509265625 0.6472800916666667 0.8175154328125 0.6458333333333334 0.8186728390625 0.6461226854166667 0.8231095671875 0.6504629625 0.8238811734375 0.6565393520833334 0.825617284375 0.6597222229166667 0.825617284375 0.66116898125 0.827546296875 0.6637731479166666 0.8277391968750001 0.6660879625 0.829475309375 0.6684027770833333 0.8296682093750001 0.6704282416666667 0.8323688265625 0.6762152770833333 0.8348765437500001 0.6776620375 0.83584105 0.6802662041666667 0.838348765625 0.6814236104166667 0.8416280859375 0.6791087958333333 0.844328703125 0.6750578708333334 0.8456790125 0.6710069437499999 0.8456790125 0.6681134249999999 0.8468364203125001 0.6634837958333333 0.849151234375 0.6608796291666666 0.8553240734375 0.6582754625 0.8560956796875001 0.6571180562500001 0.8557098765625 0.6475694437499999 0.8543595671875 0.6446759249999999 0.853009259375 0.6380208333333334 0.8478009265625 0.62991898125 0.8483796296874999 0.6270254625 0.8493441359375 0.6264467583333333 0.8560956796875001 0.6276041666666666 0.8624614203125001 0.6322337958333333 0.8651620375 0.6316550916666667 0.8663194437499999 0.6304976854166667 0.8668981484374999 0.6197916666666666 0.8682484562499999 0.6166087958333333 0.8684413578125 0.6128472229166667 0.8676697531249999 0.6096643520833334 0.86419753125 0.6032986104166667 0.86419753125 0.5949074083333333 0.862847221875 0.5914351854166667 0.8609182093750001 0.5905671291666666 0.8595679015625001 0.5882523145833333 0.8551311734375 0.5865162041666667 0.853009259375 0.5844907416666667 0.8582175921875 0.5601851854166667 0.865740740625 0.5619212958333333 0.8663194437499999 0.5627893520833334 0.8667052468750001 0.5619212958333333 0.87017746875 0.5610532416666667 0.8786651234375 0.5555555562500001 0.8811728390625 0.5549768520833334 0.8836805562500001 0.5520833333333334 0.89351851875 0.5465856479166666 0.89351851875 0.5422453708333334 0.8929398140625 0.54195601875 0.8927469140625 0.5384837958333333 0.8908179015625001 0.5318287041666667 0.8823302468750001 0.5182291666666666 0.8817515437500001 0.5153356479166666 0.8823302468750001 0.511863425 0.8815586421875 0.5081018520833334 0.8802083328125001 0.50694444375 0.8734567906249999 0.5057870375 0.8709490734375 0.5031828708333334 0.869598765625 0.49855324166666665 0.8688271609375 0.49797453750000004 0.8688271609375 0.4939236104166667 0.869598765625 0.49276620416666667 0.8697916671874999 0.49016203750000004 0.869598765625 0.4861111104166667 0.86709105 0.48321759166666667 0.8661265437500001 0.48090277708333334 0.8595679015625001 0.4791666666666667 0.8478009265625 0.47945601875 0.8458719140625 0.480613425 0.8439429015625001 0.484375 0.8420138890625 0.4861111104166667 0.8385416671874999 0.484375 0.8375771609375 0.480613425 0.8396990734375 0.47858796249999996 0.8410493828125001 0.47453703750000004 0.8416280859375 0.46527777708333334 0.8416280859375 0.46006944375000003 0.8410493828125001 0.4583333333333333 0.8396990734375 0.45601851875 0.8377700625 0.4554398145833333 0.8375771609375 0.45457175833333335 0.834490740625 0.45399305624999997 0.8296682093750001 0.4513888895833333 0.829475309375 0.4505208333333333 0.8258101859375 0.449074075 0.8157793203124999 0.449074075 0.8136574078125 0.4505208333333333 0.8126929015625001 0.45283564791666664 0.8080632718749999 0.45630787083333335 0.8065200625 0.45630787083333335 0.8038194437499999 0.45399305624999997 0.7999614203125 0.45428240833333333 0.796875 0.45283564791666664 0.796296296875 0.4554398145833333 0.793402778125 0.4609375 0.7897376546875 0.4626736104166667 0.7897376546875 0.46730324166666665 0.7868441359375 0.47164351875 0.7853009265625001 0.46903935208333336 0.783757715625 0.46296296249999996 0.781828703125 0.46151620416666667 0.7793209875 0.45746527708333334 0.7743055562500001 0.45428240833333333 0.7696759265625001 0.45457175833333335 0.7679398140625 0.45630787083333335 0.7677469140625 0.4583333333333333 0.7671682093750001 0.4586226854166667 0.766975309375 0.4661458333333333 0.7658179015625 0.46817129583333333 0.7636959875 0.46932870416666667 0.7584876546875 0.46990740833333333 0.756365740625 0.472511575 0.7557870375 0.47598379583333333 0.7552083328125 0.47627314791666664 0.754436728125 0.48466435208333336 0.7532793203125 0.4895833333333333 0.7530864203125 0.49652777708333334 0.754436728125 0.5020254625 0.7557870375 0.5026041666666666 0.7584876546875 0.5060763895833333
0 0.3726851859375 0.02633101875 0.3728780859375 0.03674768541666666 0.37210648125 0.04137731458333334 0.37017746875 0.04571759166666667 0.3690200625 0.046875 0.36824845625 0.05121527708333333 0.3688271609375 0.05150462916666666 0.3688271609375 0.05381944375 0.37152777812500004 0.05960648125 0.37152777812500004 0.0723379625 0.3728780859375 0.07783564791666667 0.37635030937499997 0.08043981458333334 0.380401234375 0.08043981458333334 0.382330246875 0.07783564791666667 0.386766975 0.07667824166666667 0.3962191359375 0.07725694375 0.3981481484375 0.07204861041666667 0.39834105000000003 0.06857638958333333 0.3981481484375 0.06163194375 0.3962191359375 0.0546875 0.3962191359375 0.04774305625 0.398919753125 0.03877314791666667 0.3981481484375 0.021412037499999998 0.39756944375000003 0.020833333333333332 0.39756944375000003 0.018807870833333334 0.3946759265625 0.01475694375 0.38715277812500004 0.0135995375 0.384259259375 0.011284722916666667 0.3811728390625 0.010416666666666666 0.3771219140625 0.0078125 0.3728780859375 0.008391204166666666 0.3709490734375 0.011284722916666667 0.3709490734375 0.01793981458333333 0.37152777812500004 0.018229166666666668 0.37152777812500004 0.022569443749999998 0.3726851859375 0.02633101875
0 0.313078703125 0.10879629583333333 0.313078703125 0.12210648125 0.3157793203125 0.12731481458333332 0.32040894999999997 0.13020833333333334 0.3215663578125 0.1328125 0.3223379625 0.14091435208333333 0.3229166671875 0.14120370416666667 0.3234953703125 0.14496527708333332 0.33082561718750003 0.15306712916666668 0.3339120375 0.15480324166666665 0.341242284375 0.15451388958333334 0.3456790125 0.15335648124999998 0.3468364203125 0.152199075 0.3489583328125 0.14756944375 0.3497299375 0.14033564791666667 0.3557098765625 0.13396990833333333 0.356867284375 0.12991898125 0.356867284375 0.12731481458333332 0.3582175921875 0.12355324166666667 0.36033950625 0.12065972291666666 0.36091820937499997 0.11776620416666667 0.36072530937499997 0.11226851875 0.35898919687499997 0.10763888958333333 0.3576388890625 0.09722222291666666 0.3560956796875 0.09375 0.3503086421875 0.08738425833333333 0.3489583328125 0.08680555625 0.3449074078125 0.08622685208333333 0.3385416671875 0.08709490833333335 0.33699845625 0.08564814791666667 0.33506944375000003 0.08130787083333332 0.32966820937499997 0.07899305625 0.324266975 0.07899305625 0.31925154375 0.08130787083333332 0.3175154328125 0.08333333333333333 0.3155864203125 0.09027777708333334 0.3146219140625 0.0917245375 0.315007715625 0.09548611041666667 0.31385030937499997 0.10098379583333333 0.3136574078125 0.10850694375 0.313078703125 0.10879629583333333
0 0.0058834875 0.21701388958333334 0.00675154375 0.21614583333333334 0.0071373453125 0.21701388958333334 0.0084876546875 0.2167245375 0.0052083328125 0.214699075 0.0040509265624999995 0.21585648124999998 0.003858025 0.2167245375 0.004629629687499999 0.21701388958333334 0.0057870375 0.21556712916666668 0.0058834875 0.21701388958333334
0 0.0202546296875 0.14236111041666666 0.023919753125000002 0.14525462916666668 0.025270062500000003 0.14756944375 0.028742284375 0.14959490833333333 0.031057098437500003 0.1542245375 0.031828703125 0.160011575 0.0324074078125 0.160300925 0.0324074078125 0.1620370375 0.033757715625000004 0.16435185208333333 0.033757715625000004 0.16550925833333335 0.0353009265625 0.16724537083333332 0.037808642187500005 0.16724537083333332 0.042438271875 0.15653935208333333 0.044367284374999996 0.15393518541666668 0.0451388890625 0.15075231458333332 0.0470679015625 0.1484375 0.0488040125 0.14236111041666666 0.0501543203125 0.14033564791666667 0.051504629687500005 0.13975694375 0.05362654375 0.13541666666666666 0.054591049999999995 0.12789351875 0.0559413578125 0.12326388958333333 0.0582561734375 0.11863425833333333 0.058641975 0.11545138958333333 0.057870370312499995 0.11255787083333332 0.055169753125 0.10908564791666667 0.055169753125 0.10821759166666665 0.053047839062500005 0.10648148125 0.05169753125 0.10416666666666667 0.0495756171875 0.10300925833333333 0.0489969140625 0.1015625 0.045331790625 0.09982638958333333 0.042438271875 0.09606481458333334 0.0345293203125 0.0957754625 0.030671296874999997 0.097511575 0.027777778125000003 0.10098379583333333 0.026813271875 0.10387731458333334 0.02353395 0.10792824166666667 0.0206404328125 0.10995370416666667 0.017168209375 0.11545138958333333 0.016975309375 0.11747685208333333 0.014081790625000002 0.12065972291666666 0.0113811734375 0.1267361104166667 0.0113811734375 0.13223379583333333 0.0125385796875 0.136863425 0.0144675921875 0.13975694375 0.0202546296875 0.14236111041666666
0 0.5808256171874999 0.5639467583333333 0.5842978390625 0.5821759249999999 0.58487654375 0.5824652770833333 0.58584105 0.5862268520833334 0.58699845625 0.5870949083333333 0.5877700625 0.59085648125 0.5896990734374999 0.5949074083333333 0.590277778125 0.5957754625 0.5949074078125001 0.5972222229166667 0.6018518515625 0.5957754625 0.6018518515625 0.5949074083333333 0.6022376546875 0.5951967583333333 0.601080246875 0.5931712958333333 0.6003086421875 0.5894097229166667 0.60050154375 0.5850694437499999 0.60146605 0.5813078708333334 0.6024305562500001 0.5798611104166667 0.6062885796875 0.5813078708333334 0.6095679015625 0.5789930562500001 0.6116898140625 0.57523148125 0.6116898140625 0.5694444437499999 0.6124614203125 0.5671296291666666 0.61419753125 0.56539351875 0.61419753125 0.5619212958333333 0.6116898140625 0.55758101875 0.6114969140625 0.5538194437499999 0.6095679015625 0.5477430562500001 0.6057098765625 0.5442708333333334 0.6018518515625 0.5436921291666666 0.5989583328125 0.5387731479166666 0.5945216046875 0.5370370375 0.5922067906249999 0.5347222229166667 0.5883487656249999 0.5332754625 0.5839120375 0.5332754625 0.5769675921874999 0.5376157416666667 0.5744598765625 0.5428240750000001 0.573688271875 0.5483217583333333 0.573688271875 0.5546875 0.574266975 0.5570023145833333 0.5758101859375 0.5598958333333334 0.5808256171874999 0.5639467583333333
0 0.5655864203125 0.8084490750000001 0.5657793203125 0.8179976854166667 0.5671296296875 0.8220486104166667 0.5700231484375 0.82523148125 0.57040895 0.8269675916666667 0.5761959875 0.8318865750000001 0.5827546296875 0.83304398125 0.5881558640625 0.8356481479166666 0.5949074078125001 0.8370949083333333 0.5987654328125 0.8370949083333333 0.60165895 0.8359375 0.6057098765625 0.8318865750000001 0.606867284375 0.8287037041666667 0.6082175921874999 0.8211805562500001 0.6095679015625 0.8191550916666667 0.6114969140625 0.8130787041666667 0.61226851875 0.8020833333333334 0.61419753125 0.7951388895833333 0.6168981484375 0.7905092583333333 0.6180555562500001 0.7864583333333334 0.6168981484375 0.7818287041666667 0.61419753125 0.77835648125 0.6126543203125 0.7743055562500001 0.606867284375 0.7725694437499999 0.60648148125 0.7717013895833333 0.5999228390625 0.7740162041666667 0.57040895 0.7740162041666667 0.5665509265625001 0.7754629625 0.5655864203125 0.7789351854166667 0.566358025 0.7902199083333333 0.563850309375 0.7977430562500001 0.5636574078125001 0.8041087958333333 0.5655864203125 0.8084490750000001
0 0 0.60445601875 0.001543209375 0.60445601875 0.0032793203125000003 0.6087962958333333 0.0057870375 0.6102430562500001 0.009259259374999999 0.6090856479166666 0.0113811734375 0.6059027770833333 0.0158179015625 0.6027199083333333 0.018518518749999997 0.5989583333333334 0.0231481484375 0.5850694437499999 0.0231481484375 0.5827546291666666 0.0250771609375 0.57523148125 0.028549382812500003 0.5671296291666666 0.0291280859375 0.5604745375 0.031057098437500003 0.5532407416666667 0.0368441359375 0.5474537041666667 0.037808642187500005 0.5454282416666667 0.038580246875 0.54195601875 0.03915895 0.5300925916666667 0.040509259375 0.5248842583333333 0.042631173437499996 0.52054398125 0.043981481249999996 0.5199652770833334 0.045331790625 0.5167824083333333 0.0470679015625 0.5153356479166666 0.048225309375 0.5121527770833334 0.0524691359375 0.5054976854166667 0.0526620375 0.504050925 0.055169753125 0.5011574083333333 0.0553626546875 0.49971064791666664 0.061728395312499997 0.49131944375000003 0.06442901250000001 0.48582175833333335 0.066358025 0.4782986104166667 0.0721450625 0.46846064791666664 0.0744598765625 0.4661458333333333 0.07561728437500001 0.46296296249999996 0.077546296875 0.46064814791666664 0.08294753125 0.449074075 0.08506944375 0.44589120416666667 0.086419753125 0.441261575 0.086419753125 0.43634259166666667 0.08506944375 0.43402777708333334 0.08101851875 0.43431712916666665 0.07889660468750001 0.43634259166666667 0.0769675921875 0.43634259166666667 0.07638888906249999 0.4351851854166667 0.076581790625 0.43258101875 0.077739196875 0.4296875 0.07735339531249999 0.4241898145833333 0.074652778125 0.421875 0.06925154375 0.42100694375000003 0.06442901250000001 0.41840277708333334 0.0597993828125 0.42042824166666665 0.053047839062500005 0.42766203750000004 0.052276234374999994 0.43026620416666667 0.050347221875 0.43258101875 0.049768518750000004 0.4351851854166667 0.050347221875 0.4427083333333333 0.0495756171875 0.4470486104166667 0.046489196875 0.45196759166666667 0.046296296875 0.45370370416666667 0.0437885796875 0.4586226854166667 0.0432098765625 0.46122685208333336 0.043016975 0.4704861104166667 0.0418595671875 0.4748263895833333 0.040509259375 0.4765625 0.03896605 0.48148148125 0.0364583328125 0.4861111104166667 0.0362654328125 0.488136575 0.0343364203125 0.49276620416666667 0.0333719140625 0.49334490833333333 0.0324074078125 0.495949075 0.028549382812500003 0.5014467583333333 0.025848765625 0.504050925 0.024884259375000002 0.5063657416666667 0.02256944375 0.5078125 0.02044753125 0.511863425 0.0212191359375 0.5153356479166666 0.0231481484375 0.51649305625 0.027777778125000003 0.515625 0.0331790125 0.5109953708333334 0.0349151234375 0.5121527770833334 0.0362654328125 0.51475694375 0.035686728125 0.5190972229166666 0.033757715625000004 0.5234375 0.031057098437500003 0.527199075 0.02353395 0.5332754625 0.02256944375 0.5332754625 0.0202546296875 0.5367476854166667 0.017168209375 0.5393518520833334 0.0163966046875 0.5410879625 0.0144675921875 0.5422453708333334 0.0098379625 0.5474537041666667 0.008294753125 0.5506365750000001 0.0071373453125 0.5512152770833333 0.0032793203125000003 0.5613425916666667 0.0030864203125 0.5671296291666666 0.002507715625 0.56741898125 0.0040509265624999995 0.5708912041666667 0.0036651234375 0.5740740750000001 0.001543209375 0.5792824083333333 0 0.5792824083333333 0 0.60445601875
0 0.37152777812500004 0.09693287083333332 0.37152777812500004 0.09895833333333333 0.3728780859375 0.1035879625 0.3761574078125 0.10908564791666667 0.3844521609375 0.11487268541666666 0.39023919687499997 0.12384259166666665 0.39544753125 0.1270254625 0.40046296249999996 0.12876157500000002 0.40065586406250003 0.12962962916666668 0.4045138890625 0.13020833333333334 0.4079861109375 0.125 0.41203703750000004 0.1229745375 0.41396605 0.1192129625 0.41415895 0.11284722291666666 0.4122299375 0.10821759166666665 0.410108025 0.10503472291666666 0.40277777812500004 0.09809027708333334 0.40277777812500004 0.09143518541666666 0.40142746875 0.08449074166666667 0.39737654375 0.07667824166666667 0.39409722187499996 0.07523148125 0.39023919687499997 0.07552083333333333 0.390046296875 0.07638888958333333 0.3856095671875 0.07696759166666665 0.3825231484375 0.07870370416666667 0.37364969062500003 0.07957175833333333 0.3709490734375 0.08420138958333333 0.37017746875 0.09259259166666665 0.3707561734375 0.09288194375 0.3709490734375 0.09664351875 0.37152777812500004 0.09693287083333332
0 0.3728780859375 0.012152777083333333 0.37345679062500003 0.012442129166666668 0.37345679062500003 0.011574075 0.3728780859375 0.012152777083333333
0 0.943865740625 0 0.9436728390625 0.0020254625 0.9421296296874999 0.002314814583333333 0.940007715625 0.00491898125 0.938850309375 0.008969908333333334 0.9405864203125001 0.012442129166666668 0.9407793203124999 0.014178241666666667 0.9421296296874999 0.015914352083333333 0.9427083328125001 0.01851851875 0.9446373453125 0.021412037499999998 0.94540895 0.024016204166666666 0.947723765625 0.025462962500000002 0.950617284375 0.02893518541666667 0.9515817906249999 0.04021990833333333 0.9511959875 0.043113425000000004 0.9486882718749999 0.05034722291666667 0.9488811734375 0.05381944375 0.9552469140625 0.058738425000000004 0.95601851875 0.060763889583333335 0.95601851875 0.06423611041666667 0.9552469140625 0.06886574166666667 0.9546682093750001 0.06915509166666665 0.954475309375 0.07378472291666666 0.9529320984374999 0.07783564791666667 0.95601851875 0.08449074166666667 0.9552469140625 0.10503472291666666 0.9546682093750001 0.105324075 0.9540895062500001 0.11284722291666666 0.9546682093750001 0.12008101875 0.956597221875 0.12152777708333334 0.95794753125 0.11892361041666667 0.9614197531249999 0.11631944375 0.9619984562499999 0.11487268541666666 0.9679783953125 0.11197916666666667 0.968171296875 0.11111111041666667 0.9706790125 0.11053240833333335 0.9747299375 0.10590277708333334 0.9745370375 0.10127314791666667 0.9706790125 0.08622685208333333 0.9706790125 0.08101851875 0.9699074078125 0.0801504625 0.9699074078125 0.078125 0.9679783953125 0.0723379625 0.9679783953125 0.07089120416666667 0.9726080250000001 0.06770833333333333 0.97646605 0.07638888958333333 0.9797453703125001 0.08159722291666666 0.981867284375 0.08362268541666666 0.9839891968750001 0.09114583333333333 0.9866898140625 0.09259259166666665 0.9915123453125 0.09259259166666665 0.9998070984374999 0.089699075 0.9998070984374999 0.024016204166666666 0.9978780859375 0.023726852083333336 0.9972993828125001 0.020833333333333332 0.9938271609375 0.015335647916666667 0.9930555562500001 0.011574075 0.9918981484374999 0.009548610416666665 0.987847221875 0.0078125 0.98148148125 0.007233795833333333 0.978973765625 0.005208333333333333 0.9760802468750001 0.004629629166666666 0.9758873453125 0.003761575 0.9679783953125 0.0020254625 0.9618055562500001 0.0020254625 0.9614197531249999 0 0.943865740625 0
0 0.7112268515625 0.7881944437499999 0.71199845625 0.7928240750000001 0.7133487656249999 0.7948495375 0.7164351859375 0.7965856479166666 0.715277778125 0.8032407416666667 0.7127700625 0.8067129625 0.7125771609375 0.8101851854166667 0.717399690625 0.81741898125 0.717399690625 0.8208912041666667 0.719328703125 0.8298611104166667 0.720100309375 0.8315972229166667 0.722608025 0.83304398125 0.7239583328125 0.8359375 0.7272376546875 0.8376736104166667 0.734375 0.8365162041666667 0.7364969140625 0.8405671291666666 0.7374614203125 0.8443287041666667 0.7405478390625 0.84866898125 0.7430555562500001 0.8501157416666667 0.7447916671875 0.8541666666666666 0.7484567906249999 0.8556134249999999 0.751350309375 0.8530092583333333 0.7523148140625 0.8530092583333333 0.7550154328125 0.8553240750000001 0.7584876546875 0.8553240750000001 0.761766975 0.8530092583333333 0.7658179015625 0.8521412041666667 0.769097221875 0.8498263895833333 0.77044753125 0.8460648145833333 0.77044753125 0.8278356479166666 0.7714120375 0.8255208333333334 0.7737268515625 0.8237847229166667 0.7785493828125001 0.8220486104166667 0.7810570984375 0.8191550916666667 0.7843364203125 0.8177083333333334 0.785108025 0.8156828708333334 0.7866512343750001 0.8142361104166667 0.7870370375 0.8101851854166667 0.785108025 0.8032407416666667 0.7878086421875 0.7980324083333333 0.790509259375 0.7948495375 0.7912808640625 0.7890625 0.7897376546875 0.7798032416666667 0.7872299375 0.7737268520833334 0.7870370375 0.7717013895833333 0.785108025 0.7693865750000001 0.7824074078125001 0.7630208333333334 0.7804783953125 0.7566550916666667 0.7785493828125001 0.7534722229166667 0.7758487656249999 0.7511574083333333 0.7725694437499999 0.7494212958333333 0.76851851875 0.7494212958333333 0.7633101859375 0.7537615750000001 0.7625385796875 0.7554976854166667 0.7623456796875 0.7589699083333333 0.7596450625 0.7641782416666667 0.758294753125 0.7653356479166666 0.753858025 0.76070601875 0.7530864203125 0.7578125 0.748649690625 0.7502893520833334 0.748649690625 0.7491319437499999 0.746527778125 0.74508101875 0.7457561734375 0.7384259249999999 0.7445987656249999 0.7346643520833334 0.7438271609375 0.7340856479166666 0.742669753125 0.7300347229166667 0.7390046296875 0.7256944437499999 0.733989196875 0.7256944437499999 0.7272376546875 0.7300347229166667 0.7218364203125 0.7439236104166667 0.719328703125 0.7476851854166667 0.7185570984375 0.7511574083333333 0.7170138890625 0.7531828708333334 0.71392746875 0.7537615750000001 0.7137345671875 0.7546296291666666 0.7092978390625 0.7566550916666667 0.7081404328125 0.7612847229166667 0.7073688265625 0.7786458333333334 0.70794753125 0.7789351854166667 0.7092978390625 0.7844328708333334 0.7112268515625 0.7881944437499999
0 0.5723379625 0 0.5723379625 0.0014467583333333332 0.5696373453125 0.003761575 0.5665509265625001 0.009548610416666665 0.566358025 0.01475694375 0.5675154328125 0.01851851875 0.5700231484375 0.02112268541666667 0.57040895 0.022569443749999998 0.5754243828125001 0.025173610416666665 0.577546296875 0.027488425 0.5783179015625 0.030671295833333334 0.578510803125 0.03790509166666667 0.5796682093750001 0.04224537083333334 0.58101851875 0.044270833333333336 0.5831404328125 0.04571759166666667 0.5875771609375 0.046875 0.5929783953125 0.04658564791666667 0.5956790125 0.04600694375 0.59857253125 0.04195601875 0.6003086421875 0.040798610416666665 0.6041666671875 0.029224537499999998 0.6051311734375 0.021701389583333335 0.6078317906249999 0.016493056250000002 0.6095679015625 0.015335647916666667 0.610725309375 0.018229166666666668 0.6124614203125 0.019965277083333333 0.617669753125 0.019386575 0.6207561734375 0.010416666666666666 0.621141975 0 0.5723379625 0
0 0.1348379625 0.41290509166666667 0.1348379625 0.41521990833333333 0.140239196875 0.417824075 0.1442901234375 0.41521990833333333 0.1442901234375 0.40769675833333335 0.141975309375 0.40567129583333333 0.14081790156250001 0.39930555624999997 0.1375385796875 0.4001736104166667 0.1373456796875 0.4045138895833333 0.13368055625 0.40567129583333333 0.13348765468749998 0.40827546249999996 0.13580246875 0.410011575 0.1363811734375 0.4114583333333333 0.1348379625 0.41290509166666667
0 0.0665509265625 0.4166666666666667 0.06925154375 0.41898148125 0.079475309375 0.42129629583333333 0.0821759265625 0.42274305624999997 0.083526234375 0.42621527708333334 0.0881558640625 0.4320023145833333 0.0896990734375 0.43605324166666665 0.0896990734375 0.43865740833333333 0.090277778125 0.43894675833333335 0.0904706796875 0.44097222291666666 0.092206790625 0.44473379583333333 0.0935570984375 0.45283564791666664 0.09567901250000001 0.45370370416666667 0.1111111109375 0.4427083333333333 0.113811728125 0.43894675833333335 0.11554783906249999 0.43258101875 0.1207561734375 0.421875 0.1217206796875 0.41493055624999997 0.1242283953125 0.4123263895833333 0.12577160468749998 0.40769675833333335 0.125385803125 0.4001736104166667 0.1261574078125 0.39930555624999997 0.131365740625 0.39901620416666667 0.1354166671875 0.4001736104166667 0.1359953703125 0.39699074166666665 0.1452546296875 0.39496527708333334 0.1462191359375 0.3958333333333333 0.1467978390625 0.40277777708333334 0.14756944375 0.40422453750000004 0.1467978390625 0.40125868124999997 0.14756944375 0.40113802083333333 0.1467978390625 0.3997395833333333 0.14756944375 0.39959490833333333 0.1467978390625 0.3982204854166667 0.14756944375 0.39805179375 0.1467978390625 0.3967013895833333 0.14756944375 0.3965083916666667 0.1481481484375 0.39265046249999996 0.148919753125 0.39178240833333333 0.1500771609375 0.38599537083333335 0.150848765625 0.3854166666666667 0.1520061734375 0.3810763895833333 0.1520061734375 0.3767361104166667 0.14911265468749998 0.3726851854166667 0.1510416671875 0.3697916666666667 0.15451388906250002 0.3697916666666667 0.156635803125 0.36689814791666664 0.1574074078125 0.36255787083333335 0.15547839531250002 0.35792824166666665 0.15547839531250002 0.35619212916666665 0.15374228437499998 0.35098379583333333 0.1487268515625 0.3492476854166667 0.1462191359375 0.3454861104166667 0.140239196875 0.34230324166666665 0.13966049375 0.34375 0.1363811734375 0.3454861104166667 0.136188271875 0.3489583333333333 0.13348765468749998 0.35127314791666664 0.13290895 0.35734953750000004 0.13213734531250002 0.35821759166666667 0.129436728125 0.36689814791666664 0.12789351875 0.36776620416666667 0.12577160468749998 0.36747685208333336 0.1228780859375 0.36400462916666665 0.1222993828125 0.36082175833333335 0.121527778125 0.35995370416666667 0.119598765625 0.34837962916666665 0.1190200625 0.347800925 0.11882716093750001 0.34230324166666665 0.11766975312500001 0.33738425833333335 0.1136188265625 0.33246527708333334 0.1095679015625 0.3307291666666667 0.1057098765625 0.3304398145833333 0.10358796249999999 0.3342013895833333 0.1033950625 0.33680555624999997 0.10185185156250001 0.339988425 0.097222221875 0.34403935208333336 0.093171296875 0.34577546249999996 0.0916280859375 0.347511575 0.0914351859375 0.3492476854166667 0.089313271875 0.3532986104166667 0.087384259375 0.35474537083333335 0.0804398140625 0.35503472291666666 0.0758101859375 0.3567708333333333 0.07040895 0.36255787083333335 0.07040895 0.36400462916666665 0.0696373453125 0.3648726854166667 0.0696373453125 0.37152777708333334 0.07021605 0.37181712916666665 0.0696373453125 0.37789351875 0.06500771562499999 0.386863425 0.06442901250000001 0.39033564791666664 0.0657793203125 0.39785879583333333 0.0657793203125 0.41261574166666665 0.0665509265625 0.4166666666666667
0 0.6116898140625 0.46238425833333335 0.6149691359375 0.4670138895833333 0.6155478390625 0.46990740833333333 0.61612654375 0.47019675833333335 0.6163194437499999 0.47540509166666667 0.61824845625 0.480324075 0.62017746875 0.48148148125 0.6232638890625 0.4817708333333333 0.6265432093750001 0.484375 0.6280864203125 0.4866898145833333 0.6282793203125 0.49189814791666664 0.6290509265625001 0.49652777708333334 0.6300154328125 0.4982638895833333 0.6302083328125 0.5023148145833333 0.6354166671875 0.5026041666666666 0.640046296875 0.50694444375 0.6437114203125 0.5153356479166666 0.6481481484375 0.515625 0.6508487656249999 0.5109953708333334 0.6521990734374999 0.5066550916666667 0.6547067906249999 0.5052083333333334 0.6550925921874999 0.504050925 0.6593364203125 0.5020254625 0.66415895 0.49363425833333335 0.671489196875 0.49016203750000004 0.675733025 0.4895833333333333 0.67669753125 0.48755787083333335 0.6759259265625001 0.480324075 0.6776620375 0.47627314791666664 0.6788194437499999 0.47569444375000003 0.6819058640625 0.47858796249999996 0.6894290125 0.4788773145833333 0.6927083328125 0.47627314791666664 0.696759259375 0.47453703750000004 0.6979166671875 0.47193287083333335 0.70023148125 0.46990740833333333 0.70794753125 0.46903935208333336 0.7081404328125 0.46817129583333333 0.7133487656249999 0.46672453750000004 0.715277778125 0.4586226854166667 0.719328703125 0.45283564791666664 0.720100309375 0.4476273145833333 0.7206790125 0.4470486104166667 0.7208719140625 0.44039351875 0.7239583328125 0.43315972291666666 0.7233796296875 0.42881944375000003 0.7220293203125 0.42679398125 0.7179783953125 0.42303240833333333 0.7135416671875 0.42042824166666665 0.7092978390625 0.42245370416666667 0.7073688265625 0.4166666666666667 0.7089120375 0.41521990833333333 0.7106481484375 0.40769675833333335 0.711419753125 0.40711805624999997 0.7121913578125 0.4045138895833333 0.7145061734375 0.40190972291666666 0.715277778125 0.39930555624999997 0.7172067906249999 0.3888888895833333 0.717399690625 0.3804976854166667 0.71084105 0.37818287083333335 0.7087191359375 0.37644675833333335 0.7087191359375 0.35908564791666664 0.707561728125 0.3576388895833333 0.706983025 0.35503472291666666 0.702739196875 0.3541666666666667 0.6994598765625 0.355324075 0.6977237656249999 0.35792824166666665 0.6930941359375 0.36082175833333335 0.6894290125 0.35908564791666664 0.6853780859375 0.35908564791666664 0.6813271609375 0.36082175833333335 0.6809413578125 0.3619791666666667 0.6780478390625 0.36429398125 0.6761188265625 0.36834490833333333 0.67476851875 0.38671875 0.6685956796875 0.3854166666666667 0.6685956796875 0.3767361104166667 0.6666666671875 0.36921296249999996 0.6647376546875 0.36660879583333333 0.6599151234375 0.363425925 0.6581790125 0.359375 0.656635803125 0.3576388895833333 0.6547067906249999 0.35214120416666667 0.6500771609375 0.34953703750000004 0.6481481484375 0.3463541666666667 0.6456404328125 0.34432870416666667 0.6442901234375 0.3414351854166667 0.64351851875 0.3414351854166667 0.640239196875 0.34432870416666667 0.6379243828125001 0.35040509166666667 0.6363811734375 0.35098379583333333 0.6352237656249999 0.3532986104166667 0.63290895 0.35503472291666666 0.6309799375 0.3616898145833333 0.6300154328125 0.363136575 0.6282793203125 0.36371527708333334 0.626350309375 0.36660879583333333 0.6248070984375 0.38396990833333333 0.6238425921874999 0.38599537083333335 0.61824845625 0.390625 0.6174768515625 0.3961226854166667 0.617669753125 0.4010416666666667 0.616705246875 0.4039351854166667 0.6168981484375 0.40769675833333335 0.6199845671875 0.4088541666666667 0.621527778125 0.4117476854166667 0.621527778125 0.41608796249999996 0.6222993828125001 0.418113425 0.625 0.42071759166666667 0.629436728125 0.42274305624999997 0.63271605 0.42621527708333334 0.6344521609375 0.42679398125 0.6363811734375 0.43026620416666667 0.638117284375 0.43171296249999996 0.638117284375 0.43547453750000004 0.637152778125 0.43663194375000003 0.63580246875 0.43663194375000003 0.6302083328125 0.43431712916666665 0.6190200625 0.43431712916666665 0.6109182093750001 0.43836805624999997 0.608989196875 0.441261575 0.608989196875 0.449363425 0.61033950625 0.45659722291666666 0.6116898140625 0.45949074166666665 0.6116898140625 0.46238425833333335
0 0.4720293203125 0.11950231458333334 0.47183642031249995 0.12239583333333333 0.471257715625 0.16290509166666667 0.47010030937499997 0.167824075 0.4704861109375 0.17418981458333332 0.4739583328125 0.17361111041666666 0.47492283906250005 0.171875 0.4772376546875 0.17013888958333334 0.47743055625 0.16898148124999998 0.4826388890625 0.16579861041666666 0.4832175921875 0.16464120416666667 0.48572530937499997 0.16435185208333333 0.48842592656250006 0.16550925833333335 0.4886188265625 0.16464120416666667 0.4918981484375 0.16464120416666667 0.49324845625 0.16290509166666667 0.49768518593750005 0.16145833333333334 0.500578703125 0.15451388958333334 0.500578703125 0.14670138958333334 0.5030864203125 0.14236111041666666 0.5138888890625 0.13425925833333335 0.5138888890625 0.13339120416666667 0.5183256171874999 0.12760416666666666 0.52449845625 0.1229745375 0.5252700625 0.11284722291666666 0.527777778125 0.10821759166666665 0.5291280859375 0.1015625 0.53125 0.09837962916666668 0.5324074078125001 0.09461805625 0.5324074078125001 0.09143518541666666 0.5304783953125 0.08738425833333333 0.5289351859375 0.0859375 0.527391975 0.078125 0.52642746875 0.07667824166666667 0.52449845625 0.07638888958333333 0.5243055562500001 0.07552083333333333 0.5217978390625 0.07552083333333333 0.5216049375 0.07638888958333333 0.5140817906249999 0.07783564791666667 0.5129243828125001 0.07899305625 0.5098379625 0.07957175833333333 0.5096450625 0.08043981458333334 0.5052083328125 0.08130787083333332 0.49961419687499997 0.0859375 0.49305555625 0.08767361041666667 0.4895833328125 0.089988425 0.4870756171875 0.09056712916666668 0.4832175921875 0.09317129583333333 0.4816743828125 0.09548611041666667 0.47858796249999996 0.09722222291666666 0.4733796296875 0.10445601875 0.4720293203125 0.105324075 0.47241512343750003 0.109375 0.4737654328125 0.11111111041666667 0.4739583328125 0.11574074166666667 0.4720293203125 0.11950231458333334
0 0.0144675921875 0.331886575 0.011766975 0.33796296249999996 0.011766975 0.3420138895833333 0.0154320984375 0.34490740833333333 0.0250771609375 0.34490740833333333 0.0304783953125 0.34375 0.035108025 0.339699075 0.0364583328125 0.33680555624999997 0.037808642187500005 0.3359375 0.038580246875 0.3333333333333333 0.040509259375 0.33130787083333335 0.0412808640625 0.32783564791666664 0.043402778125 0.3255208333333333 0.0449459875 0.32754629583333333 0.0457175921875 0.33130787083333335 0.046296296875 0.33159722291666666 0.046489196875 0.34317129583333333 0.049768518750000004 0.35098379583333333 0.0511188265625 0.3576388895833333 0.0518904328125 0.35908564791666664 0.053819443749999994 0.36024305624999997 0.0584490734375 0.35734953750000004 0.060185185937499996 0.35503472291666666 0.063078703125 0.3532986104166667 0.0646219140625 0.35098379583333333 0.0675154328125 0.3492476854166667 0.07021605 0.34230324166666665 0.07561728437500001 0.33564814791666664 0.07561728437500001 0.3342013895833333 0.0769675921875 0.33101851875 0.079668209375 0.32841435208333336 0.0812114203125 0.32754629583333333 0.08468364218749999 0.32783564791666664 0.0910493828125 0.33101851875 0.09567901250000001 0.32928240833333333 0.097608025 0.324074075 0.10030864218749999 0.32146990833333333 0.10146605 0.31452546249999996 0.10146605 0.30960648125 0.10088734531250002 0.30671296249999996 0.0993441359375 0.30439814791666664 0.0960648140625 0.30266203750000004 0.092399690625 0.3029513895833333 0.0916280859375 0.30381944375000003 0.0914351859375 0.3029513895833333 0.0891203703125 0.30179398125 0.0891203703125 0.29832175833333335 0.0916280859375 0.28964120416666667 0.0970293203125 0.28472222291666666 0.10358796249999999 0.28327546249999996 0.112847221875 0.28269675833333335 0.11766975312500001 0.277488425 0.11824845625 0.27546296249999996 0.12017746874999999 0.27314814791666664 0.1203703703125 0.26533564791666664 0.119598765625 0.26244212916666665 0.11689814843749999 0.25810185208333336 0.112847221875 0.2557870375 0.1095679015625 0.25115740833333333 0.106867284375 0.2442129625 0.10358796249999999 0.2421875 0.10300925937500001 0.24074074166666665 0.10088734531250002 0.23900462916666668 0.0997299375 0.23697916666666666 0.09953703750000001 0.23495370416666667 0.09567901250000001 0.2285879625 0.08854166718749999 0.22974537083333332 0.086419753125 0.23119212916666668 0.0852623453125 0.234375 0.07908950625 0.23958333333333334 0.072723765625 0.25 0.07118055625 0.25086805625 0.0680941359375 0.25491898125 0.06346450625 0.25694444375 0.053819443749999994 0.25723379583333333 0.0511188265625 0.25839120416666667 0.050347221875 0.261863425 0.05169753125 0.2635995375 0.0553626546875 0.26533564791666664 0.057098765625000006 0.26880787083333335 0.057098765625000006 0.2734375 0.054783950000000005 0.277488425 0.0499614203125 0.277488425 0.044367284374999996 0.26707175833333335 0.03993055625 0.265625 0.035686728125 0.26707175833333335 0.02449845625 0.27546296249999996 0.02430555625 0.277199075 0.02256944375 0.27922453750000004 0.02237654375 0.28819444375000003 0.0208333328125 0.2913773145833333 0.019097221875 0.29224537083333335 0.0175540125 0.29542824166666665 0.0154320984375 0.29716435208333336 0.015046296875 0.29976851875 0.0144675921875 0.30005787083333335 0.0144675921875 0.30671296249999996 0.0163966046875 0.3107638895833333 0.01658950625 0.32233796249999996 0.0144675921875 0.331886575
0 0.6915509265625001 0 0.691358025 0.0020254625 0.6834490734374999 0.003761575 0.6832561734375 0.004629629166666666 0.6819058640625 0.005208333333333333 0.679205246875 0.005497685416666666 0.675733025 0.008391204166666666 0.671875 0.008391204166666666 0.6707175921874999 0.010127314583333333 0.6703317906249999 0.013020833333333334 0.671489196875 0.019386575 0.673225309375 0.0234375 0.6741898140625 0.03211805625 0.6761188265625 0.03587962916666666 0.6803626546875 0.03790509166666667 0.6820987656249999 0.04050925833333333 0.6857638890625 0.04224537083333334 0.6907793203125 0.046875 0.6940586421875 0.05324074166666667 0.6946373453125 0.0567129625 0.69521605 0.05700231458333334 0.69521605 0.06423611041666667 0.6946373453125 0.06452546249999999 0.6940586421875 0.06770833333333333 0.69039351875 0.0723379625 0.687885803125 0.07349537083333332 0.6842206796875 0.07349537083333332 0.67959105 0.07146990833333335 0.67476851875 0.066550925 0.6707175921874999 0.06452546249999999 0.6685956796875 0.06163194375 0.6608796296875 0.06336805625 0.657600309375 0.06568287083333334 0.654899690625 0.07175925833333333 0.6529706796875 0.07378472291666666 0.651813271875 0.07638888958333333 0.64949845625 0.07783564791666667 0.644097221875 0.08506944375 0.6427469140625 0.08883101875 0.640239196875 0.09288194375 0.640239196875 0.09403935208333333 0.6394675921874999 0.09461805625 0.6383101859375 0.09837962916666668 0.638117284375 0.10387731458333334 0.6388888890625 0.10590277708333334 0.640239196875 0.10792824166666667 0.643132715625 0.10908564791666667 0.6448688265625 0.11111111041666667 0.6446759265625001 0.11574074166666667 0.6429398140625 0.11863425833333333 0.6427469140625 0.1229745375 0.6421682093750001 0.12326388958333333 0.64158950625 0.12789351875 0.64158950625 0.14901620416666667 0.6421682093750001 0.14988425833333335 0.6421682093750001 0.1542245375 0.644097221875 0.15740740833333333 0.65721450625 0.15885416666666666 0.6612654328125 0.160011575 0.6622299375 0.16145833333333334 0.6658950625 0.16290509166666667 0.671489196875 0.16290509166666667 0.67669753125 0.16145833333333334 0.679205246875 0.15885416666666666 0.6847993828125001 0.15625 0.6867283953125 0.15393518541666668 0.6894290125 0.15943287083333332 0.687885803125 0.16174768541666668 0.6847993828125001 0.16377314791666667 0.683063271875 0.16724537083333332 0.68074845625 0.16869212916666668 0.67959105 0.171875 0.67862654375 0.18402777708333332 0.6780478390625 0.18431712916666668 0.6772762343750001 0.18894675833333335 0.6734182093750001 0.1953125 0.6734182093750001 0.20428240833333333 0.6739969140625 0.20457175833333335 0.6741898140625 0.20746527708333332 0.6761188265625 0.21209490833333333 0.6776620375 0.22019675833333335 0.6788194437499999 0.22193287083333332 0.6820987656249999 0.22424768541666668 0.69540895 0.2129629625 0.6994598765625 0.21383101875000002 0.7011959875 0.21730324166666665 0.7019675921874999 0.22222222291666668 0.7011959875 0.23177083333333334 0.7015817906249999 0.24045138958333334 0.7052469140625 0.24826388958333334 0.7058256171874999 0.25144675833333335 0.70794753125 0.2526041666666667 0.7150848765625 0.2523148145833333 0.717399690625 0.254050925 0.720100309375 0.25954861041666666 0.72646605 0.26128472291666666 0.729938271875 0.26273148125 0.7307098765625 0.26388888958333334 0.733989196875 0.26475694375 0.73533950625 0.26244212916666665 0.73533950625 0.25839120416666667 0.734760803125 0.2578125 0.7345679015625 0.25462962916666665 0.7332175921874999 0.25173611041666666 0.7326388890625 0.24681712916666668 0.7320601859375 0.246238425 0.7310956796875 0.23408564791666667 0.731867284375 0.23090277708333332 0.7345679015625 0.22771990833333333 0.7401620375 0.214988425 0.7430555562500001 0.21122685208333333 0.7440200625 0.20457175833333335 0.74517746875 0.20167824166666665 0.7467206796875 0.20023148124999998 0.749614196875 0.19994212916666668 0.7515432093750001 0.20023148124999998 0.7542438265625 0.20225694375 0.756365740625 0.20543981458333332 0.75790895 0.21064814791666667 0.7596450625 0.2129629625 0.7598379625 0.21556712916666668 0.7619598765625 0.21961805625 0.763117284375 0.22048611041666666 0.7640817906249999 0.22366898124999998 0.765239196875 0.22540509166666667 0.769483025 0.22627314791666667 0.77237654375 0.22366898124999998 0.7810570984375 0.206886575 0.7804783953125 0.19473379583333333 0.779899690625 0.19415509166666667 0.7797067906249999 0.19097222291666668 0.777391975 0.18258101875000002 0.7793209875 0.17708333333333334 0.7831790125 0.175636575 0.7910879625 0.17939814791666667 0.798225309375 0.18026620416666667 0.800347221875 0.18200231458333332 0.8030478390625 0.18258101875000002 0.8144290125 0.18142361041666666 0.8180941359375 0.18258101875000002 0.82040895 0.18489583333333334 0.8234953703125001 0.18605324166666665 0.8323688265625 0.18518518541666668 0.8348765437500001 0.18402777708333332 0.8364197531249999 0.18026620416666667 0.8364197531249999 0.1776620375 0.8375771609375 0.17303240833333333 0.8377700625 0.16145833333333334 0.840277778125 0.15567129583333333 0.8395061734375 0.14814814791666667 0.8369984562499999 0.13831018541666668 0.8369984562499999 0.13310185208333333 0.8385416671874999 0.1270254625 0.838348765625 0.1171875 0.8356481484374999 0.10966435208333333 0.8312114203125001 0.10648148125 0.8296682093750001 0.10387731458333334 0.8285108031249999 0.09982638958333333 0.829475309375 0.0957754625 0.83101851875 0.09432870416666667 0.8312114203125001 0.09317129583333333 0.8350694437499999 0.09143518541666666 0.838348765625 0.0859375 0.8391203703125001 0.08246527708333334 0.8391203703125001 0.07783564791666667 0.838348765625 0.07378472291666666 0.8339120375 0.06770833333333333 0.8337191359375 0.06510416666666667 0.8317901234375 0.06018518541666666 0.8248456796875001 0.05613425833333333 0.82021605 0.05555555625 0.8177083328125001 0.052083333333333336 0.8146219140625 0.050925925000000004 0.811149690625 0.05121527708333333 0.8038194437499999 0.05613425833333333 0.79976851875 0.04398148125 0.8051697531249999 0.03790509166666667 0.8072916671874999 0.033854166666666664 0.8097993828125001 0.03211805625 0.81539351875 0.025462962500000002 0.8184799375 0.023726852083333336 0.8211805562500001 0.019965277083333333 0.8231095671875 0.019386575 0.8236882718749999 0.01793981458333333 0.8236882718749999 0.015046295833333334 0.8209876546875 0.012152777083333333 0.8177083328125001 0.005208333333333333 0.8146219140625 0.00491898125 0.8136574078125 0.003761575 0.8005401234375 0.0020254625 0.800347221875 0 0.7598379625 0 0.7596450625 0.0020254625 0.7581018515625 0.0020254625 0.75790895 0 0.7546296296875 0 0.754436728125 0.0020254625 0.7472993828125001 0.0031828708333333333 0.7449845671875 0.00491898125 0.74324845625 0.0017361104166666666 0.74324845625 0 0.7228009265625001 0 0.722608025 0.0020254625 0.719328703125 0.0020254625 0.719135803125 0 0.6915509265625001 0
0 0.65142746875 0.6481481479166666 0.65335648125 0.6461226854166667 0.6570216046875 0.6446759249999999 0.6612654328125 0.6452546291666666 0.6631944437499999 0.6467013895833333 0.66415895 0.6495949083333333 0.66415895 0.6574074083333333 0.6633873453125 0.65914351875 0.6633873453125 0.6626157416666667 0.6647376546875 0.6640625 0.6649305562500001 0.6655092583333333 0.6716820984375 0.6666666666666666 0.6749614203125 0.6692708333333334 0.67669753125 0.6730324083333333 0.67669753125 0.6822916666666666 0.6776620375 0.6889467583333333 0.679205246875 0.69039351875 0.68074845625 0.6953125 0.684027778125 0.7010995375 0.6842206796875 0.7025462958333333 0.686149690625 0.7048611104166667 0.690007715625 0.7074652770833333 0.6930941359375 0.7077546291666666 0.6956018515625 0.70601851875 0.70216049375 0.6984953708333334 0.7100694437499999 0.70023148125 0.7118055562500001 0.6979166666666666 0.7145061734375 0.6889467583333333 0.7168209875 0.6860532416666667 0.719135803125 0.6869212958333333 0.7237654328125 0.6906828708333334 0.7272376546875 0.6895254625 0.7291666671875 0.6854745375 0.7293595671875 0.6822916666666666 0.731867284375 0.6750578708333334 0.7326388890625 0.6542245375 0.733796296875 0.6501736104166667 0.7359182093750001 0.6490162041666667 0.741705246875 0.6490162041666667 0.7484567906249999 0.6527777770833333 0.7519290125 0.6524884249999999 0.7552083328125 0.6484375 0.758294753125 0.6469907416666667 0.7596450625 0.6432291666666666 0.7596450625 0.6362847229166667 0.7606095671875 0.6293402770833333 0.763117284375 0.6223958333333334 0.7633101859375 0.6157407416666667 0.762152778125 0.6114004625 0.7604166671875 0.6087962958333333 0.7540509265625001 0.6047453708333334 0.7507716046875 0.5989583333333334 0.7519290125 0.5954861104166667 0.7540509265625001 0.5923032416666667 0.759259259375 0.5879629625 0.7596450625 0.5839120375 0.75771605 0.58101851875 0.7565586421875 0.5772569437499999 0.75289351875 0.5734953708333334 0.7472993828125001 0.5717592583333333 0.7445987656249999 0.5714699083333333 0.7390046296875 0.5734953708333334 0.733989196875 0.5740740750000001 0.7320601859375 0.57320601875 0.7301311734375 0.5685763895833333 0.7307098765625 0.5656828708333334 0.7332175921874999 0.5619212958333333 0.7399691359375 0.5601851854166667 0.7445987656249999 0.5572916666666666 0.7467206796875 0.5549768520833334 0.7482638890625 0.5546875 0.7492283953125 0.5532407416666667 0.75 0.5506365750000001 0.7498070984375 0.546875 0.746527778125 0.5379050916666667 0.7459490734374999 0.5289351854166667 0.7438271609375 0.5248842583333333 0.7424768515625 0.52430555625 0.73919753125 0.5199652770833334 0.737847221875 0.5159143520833334 0.7361111109375 0.5135995375 0.735725309375 0.5112847229166666 0.7345679015625 0.5101273145833333 0.7312885796875 0.5092592583333333 0.7258873453125 0.5101273145833333 0.722608025 0.5112847229166666 0.72164351875 0.5130208333333334 0.7172067906249999 0.5159143520833334 0.7154706796875 0.5153356479166666 0.71392746875 0.51070601875 0.7133487656249999 0.5063657416666667 0.7100694437499999 0.49884259166666667 0.7092978390625 0.49884259166666667 0.7077546296875 0.50086805625 0.7029320984375 0.5020254625 0.6988811734375 0.49942129583333333 0.6927083328125 0.4921875 0.688850309375 0.4945023145833333 0.6863425921874999 0.5023148145833333 0.6815200625 0.5002893520833334 0.6793981484375 0.496238425 0.6751543203125 0.49305555624999997 0.6668595671875 0.49305555624999997 0.6633873453125 0.496238425 0.660686728125 0.50086805625 0.657600309375 0.5026041666666666 0.6564429015625 0.5052083333333334 0.6541280859375 0.5075231479166666 0.6539351859375 0.5089699083333333 0.6521990734374999 0.5112847229166666 0.65142746875 0.51475694375 0.6502700625 0.5153356479166666 0.6464120375 0.5208333333333334 0.6467978390625 0.527488425 0.6491126546875 0.5309606479166666 0.6508487656249999 0.5364583333333334 0.6535493828125001 0.5381944437499999 0.6541280859375 0.5396412041666667 0.658757715625 0.5442708333333334 0.6599151234375 0.546875 0.6595293203125 0.5503472229166667 0.6585648140625 0.5512152770833333 0.6541280859375 0.55179398125 0.6520061734375 0.5546875 0.6500771609375 0.5555555562500001 0.6467978390625 0.5590277770833333 0.6456404328125 0.5607638895833333 0.64544753125 0.5627893520833334 0.644097221875 0.5639467583333333 0.6433256171874999 0.5677083333333334 0.644097221875 0.5726273145833333 0.6475694437499999 0.5749421291666666 0.6493055562500001 0.578125 0.6475694437499999 0.5818865750000001 0.6437114203125 0.5839120375 0.641010803125 0.5902777770833333 0.6394675921874999 0.5923032416666667 0.6386959875 0.5957754625 0.6363811734375 0.5983796291666666 0.6363811734375 0.6018518520833334 0.638117284375 0.6050347229166667 0.6386959875 0.609375 0.638117284375 0.6102430562500001 0.638117284375 0.61226851875 0.6348379625 0.6180555562500001 0.6334876546875 0.6267361104166667 0.6321373453125 0.6296296291666666 0.631365740625 0.6351273145833333 0.6302083328125 0.6365740750000001 0.6296296296875 0.6440972229166667 0.63175154375 0.6467013895833333 0.634259259375 0.6481481479166666 0.65142746875 0.6481481479166666
0 0.6300154328125 0.4973958333333333 0.6309799375 0.496238425 0.6302083328125 0.49160879583333333 0.6296296296875 0.49334490833333333 0.6302083328125 0.50086805625 0.6309799375 0.4982638895833333 0.6300154328125 0.4973958333333333
0 0.0237268515625 0 0.02353395 0.0020254625 0.016203703125 0.003761575 0.00790895 0.003761575 0.00771605 0.004629629166666666 0.004629629687499999 0.005497685416666666 0.004436728125 0.008101852083333333 0.0032793203125000003 0.011284722916666667 0.0030864203125 0.015625 0.002507715625 0.015914352083333333 0.002507715625 0.023726852083333336 0.0017361109374999999 0.025173610416666665 0 0.025173610416666665 0 0.13223379583333333 0.0019290125 0.13223379583333333 0.0050154328125 0.12991898125 0.00771605 0.12615740833333333 0.0084876546875 0.12384259166666665 0.012731481250000001 0.12152777708333334 0.0144675921875 0.11863425833333333 0.01658950625 0.11747685208333333 0.0206404328125 0.10908564791666667 0.0250771609375 0.10619212916666668 0.0291280859375 0.09982638958333333 0.0358796296875 0.09403935208333333 0.037037037499999995 0.0917245375 0.037037037499999995 0.08362268541666666 0.0358796296875 0.07870370416666667 0.0358796296875 0.074074075 0.035108025 0.0723379625 0.035108025 0.06741898125 0.0343364203125 0.06539351875 0.032600309375 0.06394675833333334 0.0324074078125 0.06105324166666667 0.031057098437500003 0.05700231458333334 0.027777778125000003 0.05439814791666667 0.024691357812500002 0.05005787083333334 0.0256558640625 0.04918981458333334 0.0293209875 0.04976851875 0.0324074078125 0.05324074166666667 0.0343364203125 0.05700231458333334 0.0345293203125 0.05931712916666666 0.0368441359375 0.0604745375 0.0383873453125 0.06394675833333334 0.041473765625 0.06539351875 0.0432098765625 0.06799768541666666 0.0466820984375 0.06973379583333333 0.0491898140625 0.07320601875 0.057098765625000006 0.07841435208333333 0.061149690624999996 0.07899305625 0.0625 0.07754629583333333 0.0636574078125 0.07465277708333334 0.063850309375 0.06597222291666667 0.06442901250000001 0.06539351875 0.0636574078125 0.06221064791666667 0.0636574078125 0.0526620375 0.0623070984375 0.044270833333333336 0.060956790625 0.03964120416666667 0.059027778125 0.037326389583333335 0.057098765625000006 0.0332754625 0.057098765625000006 0.030671295833333334 0.0582561734375 0.027777777083333333 0.059027778125 0.022569443749999998 0.057098765625000006 0.017361110416666665 0.05362654375 0.011284722916666667 0.0488040125 0.00694444375 0.0418595671875 0.004629629166666666 0.0416666671875 0.003761575 0.0339506171875 0.0020254625 0.033757715625000004 0 0.0237268515625 0
0 0.7671682093750001 0.23611111041666666 0.76851851875 0.24305555625 0.7725694437499999 0.25144675833333335 0.7725694437499999 0.25607638958333334 0.7717978390625 0.25694444375 0.7706404328125 0.261574075 0.7710262343750001 0.269675925 0.77044753125 0.2711226854166667 0.77044753125 0.277199075 0.7714120375 0.2789351854166667 0.7717978390625 0.2829861104166667 0.7775848765625 0.28443287083333335 0.7791280859375 0.28587962916666665 0.782600309375 0.28587962916666665 0.7862654328125 0.28327546249999996 0.794367284375 0.28327546249999996 0.796296296875 0.28472222291666666 0.7984182093750001 0.292824075 0.8009259265625 0.2986111104166667 0.8024691359375 0.30787037083333335 0.8042052468750001 0.3107638895833333 0.8055555562500001 0.3151041666666667 0.8057484562499999 0.32060185208333336 0.8063271609375 0.32089120416666667 0.8069058640625 0.32609953750000004 0.8103780859375 0.33304398125 0.813078703125 0.33506944375000003 0.813078703125 0.33680555624999997 0.813850309375 0.33796296249999996 0.8144290125 0.33796296249999996 0.815972221875 0.33449074166666665 0.8248456796875001 0.33246527708333334 0.8277391968750001 0.3298611104166667 0.8348765437500001 0.32783564791666664 0.8375771609375 0.32465277708333334 0.83892746875 0.3185763895833333 0.8391203703125001 0.3098958333333333 0.838348765625 0.3046875 0.8375771609375 0.30381944375000003 0.8371913578125 0.29629629583333333 0.840277778125 0.2913773145833333 0.840277778125 0.28964120416666667 0.8410493828125001 0.28848379583333333 0.844328703125 0.2757523145833333 0.844328703125 0.2708333333333333 0.8435570984374999 0.26707175833333335 0.840277778125 0.261863425 0.8377700625 0.2554976854166667 0.8377700625 0.24855324166666665 0.838348765625 0.2479745375 0.838348765625 0.24479166666666666 0.840277778125 0.23871527708333332 0.840277778125 0.22945601875000002 0.8395061734375 0.22424768541666668 0.838348765625 0.22106481458333332 0.8356481484374999 0.21730324166666665 0.8285108031249999 0.21325231458333332 0.8277391968750001 0.21209490833333333 0.827546296875 0.2089120375 0.8263888890625 0.20601851875000002 0.821759259375 0.19849537083333332 0.8194444437499999 0.19618055625 0.8190586421875 0.19473379583333333 0.8177083328125001 0.19415509166666667 0.8140432093750001 0.1895254625 0.8051697531249999 0.1854745375 0.800347221875 0.18460648124999998 0.7986111109375 0.183738425 0.7970679015625 0.18142361041666666 0.7932098765625 0.1817129625 0.7918595671875 0.1854745375 0.7918595671875 0.19270833333333334 0.7926311734375 0.20052083333333334 0.7935956796875 0.20254629583333333 0.7935956796875 0.20601851875000002 0.7918595671875 0.2089120375 0.7916666671875 0.21354166666666666 0.79012345625 0.21643518541666668 0.78915895 0.21614583333333334 0.7872299375 0.21325231458333332 0.7864583328125 0.21006944375 0.7854938265625 0.21151620416666667 0.781635803125 0.21180555625 0.7791280859375 0.21325231458333332 0.7771990734374999 0.21759259166666667 0.77449845625 0.2207754625 0.7731481484375 0.22424768541666668 0.7714120375 0.22569444375 0.769483025 0.22945601875000002 0.76466049375 0.22945601875000002 0.763117284375 0.22771990833333333 0.7623456796875 0.22540509166666667 0.7606095671875 0.2285879625 0.7604166671875 0.23090277708333332 0.761766975 0.23408564791666667 0.765625 0.234375 0.7671682093750001 0.23611111041666666
0 0.14448302500000001 0.222511575 0.14756944375 0.22771990833333333 0.15721450625 0.23090277708333332 0.16493055625 0.23466435208333333 0.1695601859375 0.23553240833333333 0.1793981484375 0.23495370416666667 0.18055555625 0.23697916666666666 0.18074845625 0.26099537083333335 0.1813271609375 0.26128472291666666 0.18267746875 0.26851851875 0.1847993828125 0.27314814791666664 0.1894290125 0.2734375 0.19618055625 0.26533564791666664 0.198688271875 0.2635995375 0.20293209843749999 0.25462962916666665 0.2052469140625 0.25462962916666665 0.2071759265625 0.25607638958333334 0.2073688265625 0.2601273145833333 0.2054398140625 0.26446759166666667 0.2052469140625 0.26649305625 0.204668209375 0.26678240833333333 0.2038966046875 0.27372685208333336 0.204668209375 0.277199075 0.206597221875 0.2795138895833333 0.2081404328125 0.2829861104166667 0.20987654375 0.28414351875 0.2137345671875 0.28414351875 0.2206790125 0.277488425 0.223186728125 0.28269675833333335 0.22723765468749998 0.28703703750000004 0.238233025 0.28877314791666664 0.23996913593750002 0.29108796249999996 0.244598765625 0.293113425 0.2478780859375 0.29195601875 0.25289351875 0.2916666666666667 0.2550154328125 0.29021990833333333 0.2565586421875 0.28790509166666667 0.25771605000000003 0.28269675833333335 0.25771605000000003 0.2751736104166667 0.2604166671875 0.2734375 0.2625385796875 0.2682291666666667 0.26273148125 0.26533564791666664 0.2606095671875 0.25954861041666666 0.2606095671875 0.25462962916666665 0.2625385796875 0.25115740833333333 0.2667824078125 0.24826388958333334 0.2677469140625 0.245949075 0.2677469140625 0.24305555625 0.26658950625 0.2401620375 0.2596450625 0.23466435208333333 0.25790894999999997 0.2323495375 0.257330246875 0.23003472291666668 0.2581018515625 0.2265625 0.2623456796875 0.22598379583333333 0.27256944375000003 0.23148148124999998 0.276813271875 0.23090277708333332 0.29417438281249997 0.23582175833333335 0.2957175921875 0.238136575 0.29822530937499997 0.23929398124999998 0.29976851875 0.24189814791666667 0.307098765625 0.246238425 0.3142361109375 0.2520254625 0.316358025 0.25115740833333333 0.317901234375 0.2479745375 0.3177083328125 0.24363425833333335 0.3165509265625 0.24103009166666667 0.316358025 0.23466435208333333 0.3157793203125 0.23408564791666667 0.3157793203125 0.22569444375 0.31520061718750003 0.22395833333333334 0.316358025 0.2207754625 0.316358025 0.2167245375 0.3144290125 0.21180555625 0.31114969062500003 0.20659722291666668 0.31114969062500003 0.20196759166666667 0.311921296875 0.199363425 0.31172839531249996 0.19241898124999998 0.307098765625 0.18663194375 0.3018904328125 0.18518518541666668 0.2999614203125 0.18229166666666666 0.305169753125 0.17621527708333332 0.307098765625 0.17216435208333333 0.3063271609375 0.16927083333333334 0.30381944375000003 0.16464120416666667 0.3026620375 0.16435185208333333 0.29976851875 0.16116898124999998 0.2945601859375 0.1582754625 0.2870370375 0.15653935208333333 0.2824074078125 0.1582754625 0.27854938281249997 0.14901620416666667 0.28163580312500003 0.14496527708333332 0.2824074078125 0.14207175833333335 0.2878086421875 0.13310185208333333 0.28896605000000003 0.1270254625 0.2878086421875 0.12326388958333333 0.283757715625 0.120949075 0.2831790125 0.11950231458333334 0.280671296875 0.11747685208333333 0.2791280859375 0.11371527708333334 0.2760416671875 0.11168981458333334 0.2717978390625 0.11111111041666667 0.26639660468750004 0.11284722291666666 0.2623456796875 0.11226851875 0.25771605000000003 0.109375 0.2550154328125 0.105613425 0.25289351875 0.10503472291666666 0.24903549374999998 0.105613425 0.2469135796875 0.10821759166666665 0.24131944375 0.11255787083333332 0.24016203749999998 0.11400462916666668 0.23919753125 0.1192129625 0.23765432031249997 0.12210648125 0.234375 0.12065972291666666 0.23070987656250003 0.11545138958333333 0.22839506250000002 0.11400462916666668 0.22010030937499997 0.11371527708333334 0.2160493828125 0.10966435208333333 0.212384259375 0.10821759166666665 0.2092978390625 0.10821759166666665 0.2071759265625 0.109375 0.2010030859375 0.10850694375 0.19598765468749998 0.109375 0.19232253125 0.113425925 0.1875 0.11545138958333333 0.1847993828125 0.11805555625 0.1815200625 0.11950231458333334 0.18074845625 0.12152777708333334 0.17881944375 0.12355324166666667 0.1780478390625 0.12760416666666666 0.17862654375 0.12789351875 0.17881944375 0.13541666666666666 0.1813271609375 0.14091435208333333 0.18267746875 0.15104166666666666 0.172453703125 0.14785879583333333 0.16705246875 0.14930555625 0.16338734531250002 0.14930555625 0.1603009265625 0.15075231458333332 0.1583719140625 0.15393518541666668 0.157600309375 0.15682870416666667 0.1595293203125 0.16840277708333332 0.1585648140625 0.17013888958333334 0.156635803125 0.17129629583333333 0.15142746875 0.171875 0.1456404328125 0.17708333333333334 0.1429398140625 0.1817129625 0.141975309375 0.18634259166666667 0.1394675921875 0.19097222291666668 0.1394675921875 0.19241898124999998 0.1363811734375 0.199363425 0.1356095671875 0.203125 0.13368055625 0.20630787083333332 0.13348765468749998 0.21267361041666666 0.1348379625 0.21614583333333334 0.13908179062499998 0.21961805625 0.14448302500000001 0.222511575
0 0.8796296296874999 0.37991898125 0.8817515437500001 0.37991898125 0.8802083328125001 0.37962962916666665 0.8796296296874999 0.37991898125
0 0.8929398140625 0.3697916666666667 0.894097221875 0.371238425 0.8942901234375 0.36226851875 0.8939043203124999 0.36024305624999997 0.8929398140625 0.36082175833333335 0.8921682093750001 0.3619791666666667 0.8921682093750001 0.36574074166666665 0.8927469140625 0.36631944375000003 0.8929398140625 0.3697916666666667
0 0.7511574078125001 0.40133101875 0.7511574078125001 0.40306712916666665 0.7532793203125 0.4079861104166667 0.7532793203125 0.4123263895833333 0.754436728125 0.41464120416666667 0.7546296296875 0.41753472291666666 0.7571373453125 0.42071759166666667 0.766010803125 0.4236111104166667 0.7698688265625 0.42621527708333334 0.77237654375 0.42679398125 0.773919753125 0.4279513895833333 0.7750771609375 0.43026620416666667 0.776813271875 0.43055555624999997 0.7804783953125 0.43460648125 0.7870370375 0.43460648125 0.7907021609375 0.43634259166666667 0.7976466046875 0.44415509166666667 0.7988040125 0.44444444375000003 0.800347221875 0.4470486104166667 0.8063271609375 0.45167824166666665 0.8109567906249999 0.45283564791666664 0.8136574078125 0.45109953750000004 0.813850309375 0.45023148125 0.8169367281250001 0.44878472291666666 0.82021605 0.44994212916666665 0.828125 0.449363425 0.8323688265625 0.45254629583333333 0.837384259375 0.45428240833333333 0.8422067906249999 0.45949074166666665 0.8429783953125 0.4626736104166667 0.842399690625 0.4704861104166667 0.8454861109375 0.47771990833333333 0.8487654328125 0.4788773145833333 0.8591820984374999 0.47771990833333333 0.8634259265625 0.4788773145833333 0.8682484562499999 0.48379629583333333 0.8709490734375 0.49131944375000003 0.874421296875 0.49305555624999997 0.8767361109375 0.49652777708333334 0.88290895 0.5020254625 0.8846450625 0.5020254625 0.8869598765625 0.49913194375000003 0.8869598765625 0.49131944375000003 0.8875385796874999 0.4895833333333333 0.8890817906249999 0.488425925 0.8944830250000001 0.48755787083333335 0.8956404328125 0.4861111104166667 0.8975694437499999 0.48553240833333333 0.9002700625 0.47974537083333335 0.9029706796875001 0.47627314791666664 0.9054783953125 0.47453703750000004 0.9060570984374999 0.4713541666666667 0.9054783953125 0.4635416666666667 0.9029706796875001 0.45775462916666665 0.900848765625 0.449074075 0.8989197531249999 0.44473379583333333 0.8971836421875 0.4435763895833333 0.8904320984374999 0.44212962916666665 0.8888888890625 0.4392361104166667 0.8888888890625 0.43663194375000003 0.8869598765625 0.43113425833333335 0.8728780859375 0.43113425833333335 0.8711419749999999 0.42997685208333336 0.8705632718749999 0.42853009166666667 0.8707561734375 0.42505787083333335 0.8734567906249999 0.41435185208333336 0.87017746875 0.410300925 0.8667052468750001 0.40972222291666666 0.862847221875 0.40769675833333335 0.8543595671875 0.4079861104166667 0.8503086421875 0.394675925 0.853009259375 0.3932291666666667 0.8532021609375 0.3923611104166667 0.8557098765625 0.39178240833333333 0.858796296875 0.3888888895833333 0.86419753125 0.3802083333333333 0.8643904328125 0.3773148145833333 0.8649691359375 0.37702546249999996 0.86419753125 0.36863425833333335 0.8649691359375 0.3671875 0.865740740625 0.35214120416666667 0.8640046296874999 0.34664351875 0.8582175921875 0.34375 0.8576388890625 0.34259259166666667 0.8493441359375 0.33709490833333333 0.8416280859375 0.33506944375000003 0.8377700625 0.3385416666666667 0.8354552468750001 0.34577546249999996 0.8339120375 0.34577546249999996 0.8331404328125 0.34461805624999997 0.8321759265625 0.33506944375000003 0.8312114203125001 0.33391203750000004 0.8277391968750001 0.3333333333333333 0.8209876546875 0.33738425833333335 0.8196373453125 0.33883101875 0.8182870375 0.34519675833333335 0.8163580250000001 0.347800925 0.8155864203125001 0.35300925833333335 0.8146219140625 0.35503472291666666 0.8142361109375 0.37181712916666665 0.809992284375 0.37702546249999996 0.8065200625 0.37789351875 0.8051697531249999 0.37644675833333335 0.8036265437500001 0.3723958333333333 0.8024691359375 0.36689814791666664 0.8026620375 0.35966435208333336 0.8038194437499999 0.3515625 0.8051697531249999 0.3492476854166667 0.8059413578125 0.34519675833333335 0.8059413578125 0.3414351854166667 0.8051697531249999 0.33796296249999996 0.8026620375 0.33564814791666664 0.8011188265625 0.33101851875 0.800347221875 0.3255208333333333 0.79783950625 0.3220486104166667 0.79783950625 0.32089120416666667 0.7951388890625 0.31915509166666667 0.7883873453125 0.31944444375000003 0.7862654328125 0.32175925833333335 0.7829861109375 0.32349537083333335 0.7814429015625 0.3255208333333333 0.7750771609375 0.32957175833333335 0.77334105 0.33304398125 0.7725694437499999 0.34172453750000004 0.7717978390625 0.34317129583333333 0.7696759265625001 0.34519675833333335 0.765046296875 0.34577546249999996 0.7625385796875 0.34953703750000004 0.7619598765625 0.3532986104166667 0.763117284375 0.36024305624999997 0.7625385796875 0.36053240833333333 0.7619598765625 0.37008101875 0.7633101859375 0.37528935208333336 0.766010803125 0.37962962916666665 0.7658179015625 0.38368055624999997 0.763117284375 0.3845486104166667 0.753858025 0.3845486104166667 0.7511574078125001 0.3851273145833333 0.748649690625 0.386863425 0.7478780859375 0.39207175833333335 0.7484567906249999 0.3923611104166667 0.74903549375 0.39756944375000003 0.7511574078125001 0.40133101875