0 0.769244328125 0.7595418770833333 0.7663030203125001 0.76359988125 0.757232940625 0.7602241979166667 0.7520866125000001 0.7613549187499999 0.7431661984375 0.7684826666666668 0.73464545 0.7777803875 0.73386585 0.7851765833333334 0.7384973765625 0.7919106916666667 0.7485400328125 0.7979827187499999 0.7529933828125001 0.80342639375 0.7588474875 0.80452338125 0.7682975015625 0.7983329020833333 0.7704975875 0.79832615625 0.7763851390625 0.7931441770833333 0.777217915625 0.7912051520833334 0.7753062078124999 0.7795335 0.776447096875 0.7776522104166667 0.7780309609375 0.7775299916666667 0.7810588921875 0.7726501854166667 0.7812705140625 0.76766165625 0.7801197609375 0.7636748770833334 0.777390075 0.7627443520833334 0.7764608109375 0.7596371104166667 0.7738177453125 0.7578847854166667 0.769244328125 0.7595418770833333
0 0.4079544984375 0.1898599 0.4030729703125 0.19145925625 0.3837535453125 0.18993410833333335 0.36724549687499997 0.18558365625 0.36447743125 0.1879980625 0.36246045625 0.19222927708333334 0.360193478125 0.20479395833333333 0.3610794328125 0.20831209791666666 0.3727975078125 0.21637414166666666 0.38113129843750004 0.22673511875000002 0.3851515375 0.23628778958333332 0.38515646875 0.23922182291666666 0.3882090640625 0.2490121875 0.39151659375 0.25340311666666665 0.4014627625 0.25442887708333334 0.4165218109375 0.2606028833333333 0.426949334375 0.2600427791666667 0.43182592968750005 0.25550938958333336 0.43293722187499994 0.2360239 0.43138186718749993 0.22693311875 0.43430837968749997 0.2140730125 0.43395202343749995 0.21149214166666666 0.42865603124999996 0.202119425 0.419354596875 0.19199613958333334 0.41481955781249996 0.19030829791666667 0.4079544984375 0.1898599
0 0.937351871875 0.30037591875 0.93227736875 0.29188273958333333 0.9258454203125 0.28732534583333336 0.9223262671875 0.28792294583333333 0.9152062750000001 0.2928739791666667 0.9065358609375 0.29166826458333334 0.8967146937500001 0.28647577500000004 0.8885157703125 0.27781613125 0.8808996234375 0.27555092708333334 0.8769424265625 0.27732349166666664 0.87540680625 0.27996884375 0.8750603171875 0.2832560416666666 0.8794851546875 0.2979127166666667 0.8790087312500001 0.3024326104166667 0.8772949328124999 0.3037875291666667 0.872389825 0.3175339166666667 0.8683076281250001 0.3234732125 0.8603066140625 0.32784013958333336 0.8539810187500001 0.3341970791666667 0.8475638703125 0.3384417875 0.84457925 0.34291069375000005 0.843279915625 0.35523768125 0.8474733984375 0.36314675416666664 0.8520764140624999 0.37909386250000005 0.8518598578125 0.3811483625 0.8546427203125001 0.38753605625 0.8635828671875 0.39214443958333334 0.8718585484375 0.39411421458333334 0.874636478125 0.397567875 0.8784686718750001 0.39996204375000005 0.895458078125 0.40272663541666665 0.915032434375 0.39885235 0.9174923890625 0.39638020625 0.9192878765625 0.39126945416666664 0.9210449859375001 0.38950363958333334 0.9315541984375001 0.3851877020833333 0.9368787046874999 0.38534741875 0.943560653125 0.38157134583333335 0.9473347390625 0.3755743145833333 0.95026618125 0.36564824166666665 0.9522584937499999 0.34674685833333335 0.9517239625 0.34287555416666665 0.9476604125 0.3337337833333333 0.9432986171875 0.33040234375 0.9433221968750001 0.3182553083333334 0.9421665109375 0.3113344979166667 0.937351871875 0.30037591875
0 0.4676638640625 0.1629182875 0.46193969218750003 0.1605886 0.459831159375 0.16270758124999998 0.4583437828125 0.16787606875 0.454473209375 0.16882683125 0.45341401093749994 0.16695228958333336 0.45353901093750004 0.16278555416666668 0.4505779703125 0.15510742708333333 0.44546508906250004 0.14995918125 0.44176775937499996 0.14926634583333334 0.44104025 0.13530250625 0.4393697625 0.13624652291666667 0.4411318046875 0.13741473958333333 0.440563828125 0.13982239999999999 0.43955287343749994 0.14047099166666666 0.43912431874999996 0.13857508958333334 0.439687740625 0.14217232708333333 0.4342480984375 0.15204740833333333 0.43237092187500004 0.16091399166666667 0.42987259062499994 0.16673106875 0.42354206406249995 0.17015397708333332 0.422800840625 0.1742052375 0.42007608750000003 0.17620874583333332 0.41948453125 0.19076344166666667 0.4272454109375 0.20059804583333335 0.43046138437500003 0.20287674375 0.43447669062500005 0.20949537916666666 0.43876666093749994 0.22245072083333334 0.44162243281249997 0.24603171458333334 0.44440529531250006 0.2524194083333333 0.4483290453125 0.25692581249999996 0.4524644203125 0.25644368125 0.4609901015625 0.25007999583333335 0.463541609375 0.24972008541666665 0.46964571718750003 0.24248360833333335 0.47404973593750005 0.21858694791666666 0.47974431093750003 0.20331243333333332 0.4792865359375 0.1927512625 0.481919734375 0.18863552083333335 0.48978588125 0.18256725833333334 0.4902623046875 0.1780473645833333 0.489289728125 0.17535102083333334 0.48267466875 0.16656916041666667 0.478977340625 0.16587632500000002 0.47594447500000003 0.16782209791666666 0.47119288125000003 0.1681887520833333 0.4676638640625 0.1629182875
0 0.44544042343749995 0.1352890125 0.44460271406249996 0.13429400416666668 0.44266742812500004 0.1347693875 0.44544042343749995 0.1352890125
0 0.26022584375 0 0.2607625890625 0.0034710270833333335 0.2584720328125 0.028182739583333335 0.25966609687500003 0.03175861666666666 0.2595844078125 0.035514449999999996 0.26073516093750004 0.039501229166666665 0.26518851250000003 0.044944902083333335 0.272145125 0.04750553333333333 0.27526954375 0.047671995833333335 0.27768618749999996 0.045610750000000005 0.29256212656249997 0.04756028958333333 0.29449248125 0.044150875 0.30231531875 0.03849351458333334 0.30437560625 0.03385139791666667 0.30453898437500004 0.026339733333333334 0.3035565421875 0.017775325 0.3018811234375 0.015785308333333335 0.2969214203125 0 0.26022584375 0
0 0.2691654390625 0.054908475 0.2598305609375 0.051064152083333335 0.23831598125000003 0.0524797875 0.23462358437500003 0.054720985416666666 0.23282316406249998 0.056897702083333335 0.23152382968750002 0.06922469166666666 0.22318619375 0.08274687916666666 0.22092414843750002 0.09824559375 0.22394823125 0.11724895625000001 0.22655785 0.12528024791666667 0.2266543375 0.13032651458333333 0.2300484890625 0.13389564583333333 0.2464984296875 0.12985489791666666 0.25147644375 0.1333018125 0.25478397343750003 0.13769274166666667 0.26042152343749997 0.14084422916666667 0.27490273125 0.14355783125 0.27749755 0.14278702083333333 0.2788116828125 0.13926213333333332 0.28162305781249997 0.136436825 0.2832836796875 0.12962473958333334 0.2875922984375 0.1274990125 0.29180442812499996 0.12032701875 0.2928921390625 0.1129885625 0.290725496875 0.10671634166666667 0.2886356140625 0.09375425625 0.2866471484375 0.08877247083333333 0.28721019375 0.083430775 0.2824821796875 0.07165039791666666 0.277277740625 0.06438991458333333 0.27682983125 0.0596968125 0.2728677015625 0.05853533958333333 0.2691654390625 0.054908475
0 0.1480734578125 0.1604360875 0.134473271875 0.15830659375 0.1293170765625 0.15356924583333334 0.128301190625 0.15128380208333334 0.12614441406250002 0.15087964791666666 0.12182593125 0.14713730833333333 0.1118167203125 0.13478631458333332 0.10507666093750001 0.13017118541666667 0.1000504015625 0.12420113958333333 0.091153565625 0.11918185625 0.08353741875000001 0.11691665208333334 0.0784344015625 0.11763647083333333 0.0742655828125 0.12439756666666667 0.07313456093750001 0.13214692083333335 0.0698467625 0.13949212708333333 0.06903865000000001 0.15610131875000002 0.06127885625 0.17308391458333333 0.0597048578125 0.17907420000000002 0.05814565625 0.1938665875 0.059123165624999995 0.19949696041666665 0.065300178125 0.20945378541666668 0.0766284546875 0.22121392499999998 0.080562071875 0.23158839583333332 0.0828104015625 0.23410478333333332 0.086421109375 0.23561941666666666 0.0957658546875 0.24533180416666667 0.10948225781250001 0.2642437 0.11806604999999999 0.2662712125 0.13566181093750002 0.26328320833333335 0.144317425 0.25568682083333333 0.1574697 0.25312321041666663 0.164941115625 0.2478190125 0.16637531562500002 0.23719335833333333 0.1663605171875 0.22839125833333332 0.1695134484375 0.21934472083333334 0.1722853609375 0.19304714583333332 0.1715244078125 0.18536227291666665 0.167903834375 0.17797957083333332 0.1626127734375 0.1715408875 0.1508513875 0.16388974583333335 0.1480734578125 0.1604360875
0 0.5766745953125 0.59230478125 0.5728621328125 0.6016467458333333 0.57005075625 0.6044720541666667 0.5649910499999999 0.604780975 0.5613419640624999 0.6066112729166666 0.5551945484374999 0.61425865 0.5521046593750001 0.6346304229166667 0.5543579234375 0.6400808437500001 0.5574006515625001 0.6440031395833333 0.56022189375 0.6470458979166666 0.5638326 0.6485605333333333 0.5680979078124999 0.6468457041666666 0.571304015625 0.6432563354166666 0.579006784375 0.6446997395833333 0.5825643171875 0.6407572041666667 0.5834305390625001 0.6325392145833334 0.5824963390625 0.6264979375 0.5835928328125 0.5982103479166666 0.5822639015625 0.5929331333333334 0.5803669921875 0.5900635833333333 0.5766745953125 0.59230478125
0 0.719053159375 0.32357879375000004 0.7132571640625 0.33087300625 0.7078175234375 0.3407480895833333 0.7073893453125 0.34779111875 0.7180630203125 0.36278071875 0.7219385265625 0.3647639875 0.725236190625 0.36328685208333333 0.7435583734375 0.3474454875 0.747813815625 0.33986259583333334 0.74807368125 0.33739719791666667 0.7518093890624999 0.3347450979166667 0.7527189234375 0.32611620625 0.7513033703125 0.32166079374999995 0.747292996875 0.31797618958333335 0.7413955828125001 0.3172901 0.72608653125 0.31944956041666667 0.719053159375 0.32357879375000004
0 0.9571223578125 0.6225325166666666 0.9578301328125001 0.6247602229166667 0.958749534375 0.6219993979166667 0.9578252015625001 0.6218261895833332 0.9571223578125 0.6225325166666666
0 0.9388325343749999 0.6052777125 0.9348704046874999 0.6041162416666667 0.9250157921875 0.6052027166666666 0.9183387765625 0.6119128208333334 0.9150509781249999 0.619258025 0.9117779796875001 0.6354053270833333 0.9118744671875 0.6404515958333333 0.918629325 0.653868825 0.9245799187499999 0.66001208125 0.9332119531249999 0.6645627291666667 0.93963896875 0.6661860875 0.9455314515625 0.66393814375 0.9532627343750001 0.6561685479166666 0.9546536234375 0.64595379375 0.9540324671875 0.6429042875000001 0.9499206750000001 0.6312393833333334 0.9457271921875 0.6233303104166666 0.9426411515625001 0.6198189145833334 0.9426696625 0.6106059145833334 0.9388325343749999 0.6052777125
0 0.758511175 0.10721841875 0.774489625 0.1106316 0.7792510859374999 0.11613301041666667 0.7871802765625 0.12138998541666667 0.8066395 0.1275505 0.8112227843750001 0.131761475 0.813789090625 0.14020366666666667 0.819691440625 0.14382378750000002 0.8350969781250001 0.14671059583333335 0.84675694375 0.14638143958333333 0.8538818703125 0.14436443958333334 0.8601641546875 0.13841839791666669 0.8641213499999999 0.13664583333333333 0.8737594078124999 0.13761385833333334 0.8845964625 0.14509178958333332 0.8881539921874999 0.14114925833333333 0.8887652812500001 0.13833069583333335 0.8891934593749999 0.13128766666666666 0.8916386140625001 0.12001342083333334 0.8940157937500001 0.09447991041666667 0.8933513281250001 0.09184130416666667 0.8949538406249999 0.07663801666666667 0.8937115312499999 0.07053900416666667 0.892764371875 0.06868545833333334 0.7660187984375 0.04493488541666667 0.7659754875 0.045345785416666666 0.7686667953125 0.04962124375 0.7682769953124999 0.05331933958333333 0.7631887765625 0.06284125833333333 0.7631120203124999 0.069531125 0.7608784875 0.0758168375 0.759622465625 0.08773292708333333 0.7562480453125 0.09589993125 0.7550737125 0.10406018541666667 0.758511175 0.10721841875
0 0.583117003125 0.49839547083333335 0.5791164953125 0.5005789354166666 0.5779756093749999 0.5024602229166667 0.569887971875 0.5076489479166667 0.5655025984375001 0.5164645416666667 0.565112796875 0.5201626375 0.5668896375 0.5301329541666667 0.5662065265625 0.5425754166666666 0.5799229312499999 0.5614873104166667 0.5839716828125 0.5618269833333334 0.5945143390625 0.5512320791666667 0.6104681249999999 0.53997509375 0.6138907890625 0.5343312250000001 0.6141024125000001 0.52934269375 0.6128650359375001 0.5261777145833333 0.6084116859375001 0.5207340395833333 0.598893696875 0.5126652520833334 0.5905982859375001 0.49895934166666667 0.583117003125 0.49839547083333335
0 0.5004709984375 0.3613941 0.5009622203124999 0.3656763041666667 0.50387995 0.37376533125000005 0.50785194375 0.38079486874999996 0.509570675 0.3823739854166667 0.513576115625 0.38312455625 0.5145870703125001 0.3824759645833333 0.51545329375 0.3742579729166666 0.51337820625 0.3700979875 0.5131468531250001 0.36335038333333336 0.507927615625 0.34728780000000004 0.507787815625 0.3426524333333333 0.503474265625 0.34184412708333334 0.502116821875 0.3457799125 0.5004709984375 0.3613941
0 0.5559671500000001 0.3148072791666667 0.54553469375 0.31243335 0.542371896875 0.31561182083333333 0.54078803125 0.3157340375 0.540446475 0.32195526875 0.5373269890625 0.3247228395833333 0.5357815031250001 0.321500125 0.53529028125 0.31721792083333333 0.5343659484375001 0.31704471250000005 0.5324789062499999 0.32004322916666667 0.5219313156250001 0.32770409791666666 0.5157307203125 0.32989430625 0.513627121875 0.33494731875 0.513641921875 0.3437494208333333 0.5186879140625 0.3614556020833334 0.52012813125 0.38058118125 0.523012415625 0.3949491770833333 0.5252223671875 0.40081049583333334 0.530734915625 0.40812871458333333 0.5398532406250001 0.4140275333333333 0.5422748140625 0.41490032083333334 0.546540121875 0.4131854958333333 0.5522445625 0.40377905 0.5544397156249999 0.40083826875 0.555012625 0.40136464166666663 0.552937540625 0.39720465624999995 0.552532940625 0.39210065 0.5587817796875 0.392433575 0.558560290625 0.3915540416666667 0.5631337078125 0.38989694999999996 0.5673507718749999 0.3856589875 0.5683567921875 0.38207636250000004 0.5662767734374999 0.37498234375 0.5670563734375 0.36758615 0.5682405734375 0.3652939625 0.573511903125 0.3599965104166667 0.5826587375 0.35668232916666665 0.59224855 0.35512721875 0.595324725 0.35277054583333334 0.5972353484374999 0.33762499583333333 0.5899026468749999 0.32074736249999997 0.5847897640624999 0.3155991125 0.563751609375 0.31249485208333333 0.5590000125000001 0.31286150625 0.5559671500000001 0.3148072791666667
0 0.18800888437500002 0 0.1888241953125 0.006332258333333333 0.190682725 0.012546741666666666 0.1937254546875 0.0164690375 0.194876209375 0.020455816666666668 0.20043700156250002 0.030297166666666667 0.2025071546875 0.03152311875 0.21159696718749998 0.0466349375 0.2160070046875 0.0524895125 0.22239564218750002 0.05745780625 0.22486052812500001 0.05791969583333333 0.2281965703125 0.053097625 0.2327266765625 0.05185143541666667 0.2417918234375 0.05229308541666667 0.24891675000000002 0.05027608333333333 0.25866994062500004 0.04120930833333333 0.261138675 0.01778803125 0.26055096718750004 0.008459558333333334 0.2614426515625 0 0.18800888437500002 0
0 0.7919816921875 0.2815156354166667 0.7914087796875 0.2809892645833333 0.7885924734375 0.28088053749999997 0.7919816921875 0.2815156354166667
0 0.7784248171875 0.27897524375 0.7775437937499999 0.27839113541666666 0.7771490625 0.27915519791666665 0.7784248171875 0.27897524375
0 0.87421875 0.23645833333333333 0.0015625 0.0020833333333333333
0 0.8506039390625 0.15757770833333332 0.8408211515625 0.14904028541666667 0.8200911046874999 0.14599375833333333 0.8162155984374999 0.14401048958333332 0.8100150046874999 0.14620069791666665 0.8065490296875 0.15225546666666664 0.8005748562500001 0.15825924375 0.79574650625 0.16531576666666667 0.79250201875 0.17225006874999998 0.7787099421875 0.18684524166666666 0.7766063421875 0.19189825625 0.778652915625 0.2052712416666667 0.784574996875 0.22062749791666666 0.7848496625 0.22696419999999998 0.787632525 0.23335189375 0.7884515890625 0.24942796875 0.7905699859374999 0.25317705416666664 0.7906182296875001 0.2557001875 0.79374758125 0.2588006854166667 0.802186640625 0.25325879583333333 0.81309551875 0.25111283125 0.8177791375 0.23648690625000002 0.821206734375 0.2337770729166667 0.8268059062500001 0.24027349166666667 0.8342488093749999 0.24418229374999997 0.8352597640624999 0.24353370208333333 0.837276740625 0.23930248958333333 0.834840365625 0.22962759791666668 0.83593794375 0.22815721041666667 0.8399433828125 0.22890777916666666 0.8445069359374999 0.22138262083333335 0.8479345328125 0.21867278541666665 0.8493785968750001 0.2139152 0.8560989265625001 0.20679419583333333 0.8580342125 0.2063188125 0.8582074578125001 0.20467521458333332 0.8610621437500001 0.20143900625000002 0.8635889890625 0.18640893125 0.8678877406250001 0.17841513750000002 0.8676563859374999 0.17166753333333334 0.8638192578125 0.1663393333333333 0.86166248125 0.16593517916666667 0.8591493515625 0.16295015625 0.857603865625 0.15972743958333335 0.8506039390625 0.15757770833333332
0 0.9296269953125 0.7045354645833334 0.9156753875 0.7027591333333334 0.9130805671875001 0.7035299416666666 0.905878884375 0.7122368083333334 0.9038865734374999 0.7311381916666666 0.9021393296875001 0.7387720770833333 0.9017544609374999 0.74540420625 0.9033964359375 0.7536731895833333 0.908071275 0.7599964 0.9241511453125 0.77138988125 0.9309827609375001 0.7781172458333334 0.9362639546875 0.7786878625 0.9390753296875 0.7758625541666666 0.9389640437500001 0.7620141854166668 0.9410243312500001 0.7573720708333334 0.9439075296875 0.7449228645833333 0.9455966640625 0.7288977791666666 0.9447057765625001 0.7224456041666667 0.9432951562499999 0.720924225 0.9409070265624999 0.71377246875 0.9350863671875 0.7063965145833334 0.9296269953125 0.7045354645833334
0 0.8635467609375 0.21363703125000003 0.8597529453125 0.20789792916666666 0.85759616875 0.20749377500000002 0.8493785968750001 0.2139152 0.8458309343750001 0.2237258 0.8402081828125001 0.22937641666666667 0.8373732281249999 0.24434875625 0.8344801640625 0.2509298958333333 0.8334357625000001 0.25785745416666667 0.8303212109375 0.26355905625 0.8262971218749999 0.27788955416666666 0.8205976156249999 0.29023003541666664 0.8182007046875001 0.3040274125 0.8163136609375 0.30702592916666666 0.8148361515625 0.31806248125000003 0.8129057968750001 0.3214719 0.8121695078125001 0.32845719166666665 0.8101092187500001 0.33309930625 0.8100324625 0.33978917291666666 0.8128153265625 0.34617686458333335 0.8173887437499999 0.3445197729166667 0.8175619875000001 0.34287617708333334 0.822655140625 0.3362882895833333 0.8276468703125 0.3217201020833333 0.834193953125 0.3162426958333333 0.8455063453125 0.29238353333333333 0.8640450859375 0.2744876729166667 0.868830125 0.2678420479166667 0.8690466812500001 0.26578755 0.8768212734375 0.25760705625 0.8779040531250001 0.24733456666666667 0.8774994546875 0.24223056041666666 0.876262078125 0.23906558541666667 0.8745570609375 0.21947136666666667 0.8726601515624999 0.21660181458333333 0.8703251984374999 0.21490722708333332 0.8635467609375 0.21363703125000003
0 0.6565514515624999 0.7049033604166667 0.655728540625 0.7127104541666667 0.6602400015625001 0.7265453291666667 0.659373778125 0.7347633229166667 0.659951621875 0.7382237270833334 0.6697157640625 0.7618422187499999 0.6736778921875 0.7630036874999999 0.6778034 0.7566534937499999 0.6802003109375 0.7428561145833333 0.6839212203125 0.7314019166666667 0.6860582640625 0.7200699354166668 0.6864381984375 0.7105037729166667 0.6795967187499999 0.6979083416666667 0.6694191968750001 0.6901349791666667 0.6642679359375 0.6883316666666667 0.662640759375 0.6888647833333333 0.6565514515624999 0.7049033604166667
0 0.8082943874999999 0.6931126354166667 0.8054298359375001 0.6904807770833333 0.801116284375 0.6896724708333333 0.7863516296874999 0.7015713 0.779722859375 0.7108045374999999 0.7787700140625 0.71984433125 0.780715165625 0.7252370145833333 0.7806767875 0.7285819479166666 0.778091834375 0.7352208229166667 0.77471248125 0.74045379375 0.7741927484375 0.7453845895833333 0.7776833875 0.7539999875 0.7816937609375 0.7576845916666667 0.7928389250000001 0.7652202604166667 0.801466028125 0.766836875 0.8053749796874999 0.7625411791666666 0.8110695546875 0.7472666645833334 0.8206209890625 0.7490564854166667 0.822421409375 0.7468797687500001 0.8243468296875 0.7405363187499999 0.8246352109374999 0.7288579229166667 0.8223287703125 0.7179503354166666 0.822140725 0.7107918333333333 0.8174127109375 0.6990114541666668 0.81344565 0.6949159500000001 0.8082943874999999 0.6931126354166667
0 0.6324329890625 0.12591348125 0.61825989375 0.12325761666666667 0.6106103 0.12727137916666667 0.5972562671875 0.14069158958333333 0.5912771625000001 0.14376133333333332 0.58798443125 0.14817250416666666 0.5868967203125 0.15551096041666668 0.5888901171875001 0.16342677916666667 0.5891894468750001 0.18443364791666667 0.590205334375 0.18671909166666667 0.593291375 0.1902304875 0.5988806796875 0.19085883958333336 0.6114019359375 0.17937765625 0.618025775 0.16721038333333332 0.623788325 0.1661951375 0.6333682734375 0.15877195833333332 0.6424136875 0.147477475 0.64416093125 0.13984359166666666 0.6441943765625 0.133564625 0.6435299109375 0.13092601666666667 0.6391297375 0.1309395125 0.6354855859375 0.13570384375 0.635302475 0.131479375 0.6324329890625 0.12591348125
0 0.7133743640625 0.6099593520833333 0.7073037046875 0.6109168625 0.7062061265625 0.6123872520833333 0.7051902390625 0.6101018083333333 0.705223684375 0.6038228416666667 0.7038130640625 0.6023014624999999 0.7002072890625 0.6037208625 0.6987347109375001 0.61769145 0.7015559515625001 0.6207342104166667 0.7000301984374999 0.6292476291666667 0.7034342140625001 0.6386848270833333 0.7050142312500001 0.6624457770833333 0.7069741828125 0.6766405624999999 0.7105799578124999 0.6752211604166667 0.7123754453125 0.6701104125 0.7233512140625 0.6554065125 0.72448716875 0.6505911895833333 0.7266823234374999 0.6476504104166667 0.7271538125 0.64019648125 0.7234849953125 0.6302906458333334 0.7230754625 0.6222526083333333 0.719936246875 0.6132840458333334 0.7167635828125001 0.61059445 0.7133743640625 0.6099593520833333
0 0.4590992359375 0 0.45774078593749995 0.018593522916666667 0.4581886953125 0.023286627083333334 0.4625121109375 0.029963 0.46511186562500006 0.032126225 0.46850108281249997 0.03276132291666666 0.47144732500000003 0.03163735 0.476420409375 0.03215022916666667 0.47945327187500003 0.030204458333333333 0.48486440000000003 0.029542375 0.4933566359375 0.029457654166666666 0.508189265625 0.031818089583333334 0.5132391046875 0.025641104166666664 0.517797725 0.0151819125 0.5190537468749999 0.003265822916666667 0.5202712968750001 0 0.4590992359375 0
0 0.7779834140624999 0.43518534375 0.7673393374999999 0.4377999479166667 0.763868428125 0.44092068125 0.7560220109375 0.45872507500000004 0.75384165625 0.47046795625000004 0.7516081234375 0.47675366874999997 0.750048921875 0.49154605625 0.7504968328125 0.4962391583333333 0.75182083125 0.49858233958333337 0.7493806109375 0.5127906166666667 0.7531892250000001 0.52733181875 0.7536036890625 0.5383038895833334 0.756473175 0.5438697833333334 0.7659812968749999 0.5460705041666666 0.774160490625 0.5429940145833334 0.783447125 0.5443152 0.7969892 0.5380534916666666 0.7986065124999999 0.5316523083333333 0.8008449765625001 0.5283006291666666 0.8043926406249999 0.5184900270833334 0.8054469078125001 0.5174305354166667 0.8087928156249999 0.5184765333333333 0.8105499249999999 0.51671071875 0.8104918140624999 0.5083195166666666 0.8080987515625001 0.4982337270833333 0.8089216625000001 0.4904266354166667 0.811376684375 0.48502045625 0.81241615 0.4751588666666667 0.81147701875 0.46618355833333336 0.813932040625 0.46077737916666667 0.8147116406249999 0.4533811875 0.8103399796874999 0.4441816791666667 0.8033351218749999 0.4390979145833333 0.79598870625 0.44023537916666666 0.7893835124999999 0.4373215833333333 0.7779834140624999 0.43518534375
0 0.6887616078125001 0.7838478645833333 0.684756165625 0.78309729375 0.6751515546875 0.7758503020833333 0.6714542265625 0.77515746875 0.6727831578125001 0.7804346833333333 0.67243666875 0.7837218791666667 0.6610129890625001 0.7937326729166667 0.661860565625 0.8005957479166667 0.66042143125 0.80828736875 0.6608693421875 0.8129804729166668 0.66356065 0.81725593125 0.66642026875 0.8169537583333334 0.6706855765624999 0.8152389291666666 0.6750758828125 0.8093573708333334 0.676842859375 0.8134596208333333 0.6765446140625 0.8192699520833333 0.680208496875 0.8262417520833334 0.6833811609375 0.82893135 0.6907758203125 0.83031701875 0.6979873671875 0.8274782166666667 0.70520385 0.8275734520833333 0.7094691578125001 0.8258586229166667 0.71350804375 0.8203302270833334 0.7139844656250001 0.8158103333333333 0.7119143125 0.81458438125 0.7081204953125 0.8088452770833333 0.7081923171875 0.7992213770833333 0.70464356875 0.7822147770833333 0.7023036828125 0.7775861541666667 0.6996173078125001 0.7762447312499999 0.69636295625 0.7773109666666667 0.6913997375000001 0.7826661541666666 0.6887616078125001 0.7838478645833333
0 0.25934969531249996 0.18380198541666667 0.2599127390625 0.17846029166666666 0.261756471875 0.175872675 0.261486740625 0.17247000625 0.24645620156249998 0.157083 0.234261703125 0.15354085208333332 0.22581277812499997 0.15321467291666666 0.2181001453125 0.14590320208333332 0.20991108593750002 0.14311162708333333 0.2026946046875 0.14301639166666666 0.19627745624999998 0.1472611 0.189195840625 0.1488672 0.18739541875000001 0.15104391875 0.191810390625 0.159832525 0.19767436249999998 0.16679758125 0.1928026984375 0.17426500208333331 0.1912720109375 0.1798443875 0.1891930765625 0.19956756875 0.1890878078125 0.21547043541666666 0.199453371875 0.2304023 0.2062082296875 0.24381952916666666 0.2137476203125 0.2527745979166667 0.21674210624999998 0.25417376041666667 0.21952003593749997 0.25762742083333334 0.2234821640625 0.25878888958333335 0.2269629390625 0.26153622083333333 0.23096837812499998 0.2622867916666667 0.23703410625000002 0.25839525 0.244861878125 0.2556719229166667 0.24864089531250003 0.2526089229166667 0.25369073593749997 0.24643193541666666 0.2547833796875 0.24202751249999999 0.257200021875 0.23996626875 0.26186499531249996 0.2404214125 0.26551408125 0.2385911125 0.269596278125 0.23265181666666665 0.2701346578125 0.21263995416666667 0.2696286375 0.19955565 0.2685211953125 0.19515797083333333 0.2638896671875 0.1884238625 0.2606303828125 0.18655606458333332 0.25934969531249996 0.18380198541666667
0 0.33608220625 0 0.3360518234375 0.0045898250000000005 0.34087139375 0.0184824375 0.3484540953125 0.027026608333333334 0.34986965 0.03148202083333333 0.3495231609375 0.034769218750000004 0.3523060234375 0.0411569125 0.354742396875 0.050831802083333336 0.3601683234375 0.05897181875 0.3624265203125 0.06735627291666665 0.36216665312499996 0.06982167083333332 0.36428505 0.07357075625000001 0.367760890625 0.07338405625000001 0.37412979687500003 0.06661621458333333 0.3782218578125 0.06654498541666667 0.3825304765625 0.06441925833333334 0.38797505 0.05747821041666667 0.3923554921875 0.04572858333333333 0.393005159375 0.03956508958333334 0.3962545796875 0.03556481875 0.396672890625 0.022653722916666667 0.40013886718749997 0.016598954166666666 0.40475066249999997 0.011596929166666665 0.4090927265625 0.0031922354166666667 0.40942920625 0 0.33608220625 0
0 0.7369613687500001 0.42791732916666664 0.7353440578125 0.4343185145833333 0.7349208140625 0.4442955791666667 0.7332168796875 0.45151856458333334 0.7293994828125 0.45792649583333334 0.7271659515625 0.4642122083333333 0.7284948828125 0.4694894208333333 0.7317541671875001 0.47135721875 0.7364624515625 0.4714014604166667 0.75016790625 0.4576280875 0.7552226796875 0.4543851333333333 0.7578991875 0.44985849375 0.7603059640625001 0.44192918124999997 0.761648609375 0.42919129166666664 0.7593421703125001 0.41828370416666666 0.7545856421875 0.41571632708333334 0.74802869375 0.4153256666666667 0.740075921875 0.4222157270833333 0.7369613687500001 0.42791732916666664
0 0.7670021203124999 0.55128998125 0.7656781203125 0.5489468020833334 0.763121678125 0.5463726770833334 0.7593810375000001 0.5460907416666667 0.7489151374999999 0.5499957791666666 0.744346653125 0.5545869041666667 0.742021565625 0.5587603833333333 0.7412852765625 0.5657456750000001 0.737217878125 0.5804870729166667 0.73635165625 0.5887050645833334 0.7401454734375 0.5944441666666667 0.7471503312500001 0.59952793125 0.74905710625 0.60826555 0.751878346875 0.6113083104166667 0.7520132140625 0.6130096458333333 0.7543914765624999 0.6142933333333332 0.7556721640624999 0.6170474125 0.7596825390624999 0.6207320145833334 0.7644390671875 0.6232993937500001 0.7729795453125 0.62573780625 0.7765420078124999 0.62472930625 0.7793966953125 0.6214931 0.7796565625 0.6190277020833334 0.7783758749999999 0.6162736229166667 0.7756461890625 0.6153430979166666 0.7737059703125 0.6128844458333333 0.7780578984375001 0.61034781875 0.7793287203125 0.60723383125 0.779535409375 0.5993112666666666 0.77903925625 0.5920950270833334 0.7761165937500001 0.5810719666666666 0.7727558875 0.57122386875 0.768875446875 0.5663065666666667 0.7670021203124999 0.55128998125
0 0.1095551671875 0.28143700000000005 0.10670048125 0.28467320625 0.10430356874999999 0.29847058541666666 0.1024165265625 0.3014691 0.097703309375 0.298490825 0.09488700156249999 0.2983820979166667 0.09339469218749999 0.30061655 0.091912246875 0.30871907083333333 0.09266333437499999 0.31053587708333336 0.0917971125 0.31875387083333334 0.08741173906250001 0.32756946249999996 0.0861990265625 0.3390746520833333 0.090344265625 0.34446059166666665 0.0970843234375 0.3490757208333333 0.1010464546875 0.35023719166666667 0.1036028953125 0.35281131250000003 0.11288953125000001 0.3541325 0.1199612796875 0.3466583333333333 0.122599409375 0.34547662291666664 0.12496780781250001 0.34089224583333333 0.1355537765625 0.32988644375000004 0.13769082187499998 0.31855446249999997 0.1371996 0.31427225833333333 0.1327314515625 0.3000264833333333 0.13272651875000002 0.29709244791666667 0.12557692812500001 0.28443928333333335 0.1169015828125 0.2802995354166667 0.1095551671875 0.28143700000000005
0 0.7280290234375 0.14005586875 0.7244133828125 0.13560720208333335 0.7082567546874999 0.1309035875 0.703235428125 0.12786757291666667 0.69245155 0.12584680625 0.683477959375 0.12751738958333333 0.678115075 0.13070260625 0.6700225046875 0.13295729583333332 0.665237465625 0.1396029208333333 0.6603707359375 0.150004375 0.6576026703125 0.15241878333333334 0.6495101015625 0.154673475 0.647752990625 0.15643929166666667 0.6433095078125 0.15686368333333334 0.6339461156249999 0.16223236458333332 0.6323770484375 0.17115668333333334 0.6341056468749999 0.17860386666666667 0.6311692703125 0.18559590416666666 0.6227833890625 0.1965949625 0.6209012781250001 0.20252751041666667 0.618783965625 0.225595625 0.62009425 0.24595390625 0.6231950890625 0.2582674 0.6258430859375 0.2629537604166667 0.6397179375000001 0.27141995416666664 0.643381821875 0.27839175624999996 0.6483165265624999 0.28224956875 0.6520670328125 0.28839957083333334 0.6588986484375 0.29512693333333334 0.6638865296875001 0.3044419145833333 0.668070146875 0.30648291875000006 0.6731830296875 0.3116311666666667 0.6849345515625 0.31341424375 0.6891998578125 0.3116994166666667 0.691673525 0.29121217083333334 0.6924668390625001 0.26580087916666667 0.692062240625 0.26069687291666666 0.6894093109375 0.25307648125 0.69114175625 0.23664049791666666 0.69043398125 0.23441278958333334 0.6928073109375 0.23276244583333333 0.696288084375 0.23550977708333332 0.699677303125 0.23614487708333334 0.7070670296875 0.2345965125 0.7079431171875 0.23224658750000002 0.711678825 0.22959448958333334 0.7134743125 0.2244837375 0.72020450625 0.22323080208333332 0.72332399375 0.22046323125 0.72854214375 0.20970861041666666 0.7315168984375 0.1993716375 0.7347613859375 0.1924373354166667 0.737186809375 0.16942695625 0.734317325 0.16386106250000002 0.7302203281249999 0.16099825625 0.7273075312499999 0.15584326458333334 0.726773 0.15197195833333332 0.7280290234375 0.14005586875
0 0.7741545765625 0.2777560375 0.77071218125 0.2716637708333333 0.763269278125 0.26775496875000004 0.7603230359375 0.26887894166666665 0.7564573953125 0.2727637375 0.7512057984375 0.289797325 0.7473884 0.29620525625000005 0.7432727578125 0.30842351874999996 0.743460803125 0.3155820208333333 0.7504656609375 0.3206657854166667 0.7526756125 0.3265271041666667 0.752728790625 0.33198427291666666 0.750668503125 0.33662638958333335 0.748998015625 0.33757040625 0.7475539484375 0.34232799166666666 0.7470775265625 0.34684788958333335 0.7478719265625 0.3482537958333333 0.7731419421875 0.3559221979166667 0.782428578125 0.35724338333333333 0.7855963078125 0.3569989479166667 0.787704840625 0.3548799666666667 0.7893939734375001 0.33885488124999996 0.7918007499999999 0.33092557083333335 0.79240710625 0.32517297500000003 0.79194933125 0.3146118041666667 0.790798575 0.31062502708333334 0.792314465625 0.2962435395833333 0.7910721578125 0.2901445270833333 0.7889104484375 0.2868063416666667 0.7797537484375 0.28425245416666667 0.776532840625 0.27903972499999996 0.7741545765625 0.2777560375
0 0.3360610953125 0.11479266458333333 0.331617609375 0.11521705416666667 0.3295090796875 0.11733603541666666 0.3262645921875 0.12427033958333333 0.32298665937500004 0.13748360833333334 0.3164828890625 0.14255011666666664 0.3108266921875 0.15447969791666666 0.309199515625 0.15501281458333332 0.303138721875 0.16183839166666666 0.300067478125 0.1671290979166667 0.2983783453125 0.18315418333333333 0.29873963125 0.1886690875 0.3035926484375 0.19628273125 0.30593746718750003 0.2038453875 0.3088502625 0.20900038125 0.3181083859375 0.21953456666666668 0.32110287187500003 0.22093372916666668 0.3221187578125 0.22321917083333334 0.3267886640625 0.22660834791666667 0.3319349921875 0.22547762916666667 0.33588725625000004 0.22077103125 0.34975115625000003 0.19655196041666667 0.350227578125 0.19203206458333336 0.3535153765625 0.18468686041666665 0.350284603125 0.17360606250000002 0.35585417812500003 0.16249828333333335 0.3576447328125 0.15445349791666668 0.3624297734375 0.14780787499999998 0.3638738390625 0.14305028958333335 0.3611342875 0.13625169791666666 0.35447591875 0.12788073541666667 0.350643721875 0.12548656458333332 0.349627834375 0.12320112291666667 0.3360610953125 0.11479266458333333
0 0.46050983125 0.2784830583333333 0.45690405624999997 0.2799024583333333 0.45014041718750003 0.2874343625 0.44795019687500004 0.29330917500000003 0.4449173328125 0.2952549479166667 0.44359333437500004 0.29291176874999997 0.4450807109375 0.28774328125 0.44572544687500004 0.2786457541666667 0.4420615609375 0.2716739520833333 0.4389755203125 0.26816255833333336 0.4262996671875 0.266206275 0.41838527656249996 0.2697514 0.40972965937500005 0.2773477875 0.40681301562499994 0.2960759604166666 0.406707746875 0.31197882499999996 0.40861452187499997 0.3207164458333333 0.41068960781249997 0.32487643125 0.411180828125 0.3291586354166667 0.414931334375 0.3353086375 0.422504171875 0.33798474166666664 0.426163121875 0.34202250833333336 0.43262466875000005 0.36418410208333335 0.4409250125 0.3808240479166667 0.44229725468750003 0.38569036041666666 0.4490756921875 0.38696055625 0.45979159375 0.3747220541666667 0.46285297031250006 0.3635632833333334 0.4646100796875 0.3617974666666666 0.47006451875 0.36072448333333335 0.47283258281249996 0.358310075 0.47528760312499996 0.35290389791666665 0.4770348484375 0.3452700145833333 0.4801060890625 0.3399793104166667 0.481275490625 0.32888501875000004 0.4799032484375 0.32401870625 0.47196419218749996 0.3128936666666667 0.469133084375 0.30398283750000005 0.46738968906249995 0.28773355625 0.46389905000000003 0.27911815625 0.46050983125 0.2784830583333333
0 0.38984375 0.24583333333333332 0.0015625 0.0020833333333333333
0 0.055762612499999996 0 0.050521915625000004 0.003880975 0.049737381250000004 0.008343133333333334 0.0510230015625 0.014031247916666666 0.0504599578125 0.019372941666666664 0.047172159375 0.02671814583333333 0.0464358703125 0.0337034375 0.0480778453125 0.041972418750000004 0.046923243749999996 0.06186881041666667 0.04856521875 0.07013779166666666 0.048623328125 0.07852899375 0.04981739375 0.08210487083333334 0.052460456249999995 0.08385719583333334 0.057433540625 0.084370075 0.060731203125 0.08289293958333334 0.0663638203125 0.08311039166666667 0.071991503125 0.08039381041666666 0.07768716249999999 0.09193649583333333 0.08103800312500001 0.09591652708333333 0.0876431953125 0.09883032291666667 0.090421125 0.10228398333333333 0.10328502343749998 0.11139876875 0.1089176390625 0.11161622083333333 0.1114642140625 0.10832227708333333 0.112590303125 0.09763888750000001 0.11156455000000001 0.08948537916666667 0.1088249984375 0.08268678541666666 0.10718302500000002 0.07441780208333333 0.10770275781250001 0.06948700833333334 0.1116983328125 0.06436951041666666 0.11424984062500002 0.06400960208333334 0.11838028125 0.06059344166666667 0.11995921406250001 0.0575371875 0.11829257500000001 0.0345980375 0.118768996875 0.03007814375 0.1179745984375 0.028672235416666667 0.11836439843749999 0.0249741375 0.1158414015625 0.016121047916666666 0.11005912031250001 0.005400160416666667 0.10970535 0 0.055762612499999996 0
0 0.5592171625 0.20647223958333333 0.5580230984375001 0.2028963625 0.556954034375 0.19515375 0.55311690625 0.18982554791666667 0.5498576203125001 0.18795775208333335 0.5485769328125001 0.18520367291666667 0.5453609593750001 0.18292497500000002 0.540123075 0.18194346041666665 0.5340091046875 0.18331187083333333 0.5320019921875 0.19341115208333332 0.5302881937499999 0.19476607083333333 0.52636444375 0.19025966666666666 0.5198458734375 0.18652407291666667 0.5121431046875 0.18508066875 0.4983696734375 0.18459477291666668 0.4910232578125 0.18573223749999998 0.4820112890625 0.19074775416666664 0.4805239125 0.19591624166666666 0.4815447328125 0.20113571666666666 0.481068309375 0.20565561458333334 0.4758501578125 0.21641023125 0.4720958046875 0.23414339791666666 0.4687942921875 0.2595037 0.4691939578125 0.2616736708333333 0.47192364375 0.26260419791666667 0.483848409375 0.26274367291666667 0.48763729375000003 0.26554874375 0.488739803125 0.26701238541666666 0.4885813578125 0.2774580875 0.49030995468749994 0.28490526875 0.50262560625 0.30816384999999996 0.5095920859375 0.3165925479166667 0.5169916765625 0.32091225208333335 0.522537671875 0.32195150208333334 0.5271110890624999 0.3202944104166667 0.532955328125 0.31552333125 0.533345128125 0.3118252354166666 0.539935521875 0.30593692916666665 0.5440610296874999 0.2995867354166667 0.55019365 0.2831372583333333 0.5494710734375 0.27210745208333337 0.5533800265625 0.2678117541666667 0.5576886437499999 0.26568602708333333 0.564332215625 0.2652548895833333 0.5688573890625 0.2610746625 0.5695503671875 0.25450026875 0.5677833921875 0.25039801875 0.567806971875 0.23825098541666667 0.5647828890625 0.219247625 0.56120069375 0.20851998958333334 0.5592171625 0.20647223958333333
0 0.6921856656250001 0.09856096875 0.6848924281250001 0.1051556 0.6839297171875 0.108327325 0.6859664249999999 0.11583224583333333 0.6908528875 0.117166925 0.6937174390624999 0.11979878333333334 0.7016850078125 0.12171082500000001 0.7127720625 0.12085529583333333 0.7187610359375001 0.12365361666666666 0.7233443187499999 0.12786459375 0.7291984234375 0.12896158124999998 0.7329341312500001 0.12630948125 0.7356923296875 0.11802700625 0.738547015625 0.1147908 0.7399044609375001 0.1108550125 0.7505337390625 0.09943831041666668 0.7526373375000001 0.09438529583333333 0.753638428125 0.0878686375 0.7555254703125 0.08487012291666667 0.759005159375 0.060800254166666665 0.7576230515625 0.050065875 0.758069540625 0.04344529166666666 0.7314741421875001 0.03846163958333334 0.73001808125 0.04070288541666667 0.7282275265625 0.04874766875 0.7251562828125 0.05403837291666667 0.7244583718750001 0.05767873333333333 0.7195867109375 0.06514615625 0.7179260875 0.07195824166666666 0.7119135375 0.08130695208333334 0.7104261609375 0.0864754375 0.6987809921875 0.09560669791666668 0.6921856656250001 0.09856096875
0 0.5558765765625 0.5749989875 0.5485734718749999 0.5757255541666667 0.537702971875 0.5745265854166667 0.5228418296874999 0.5813791479166667 0.5201653203125 0.5859057895833334 0.519515653125 0.5920692833333334 0.52300629375 0.6006846854166666 0.53309719375 0.6092798458333333 0.5383882546875001 0.6157185270833333 0.5479396890625 0.6175083499999999 0.5550213046875 0.6159022479166667 0.5580059234375 0.61143334375 0.562839209375 0.6073108541666666 0.5706236671875 0.604998425 0.5737864640625 0.6018199562500001 0.5752305296875 0.5970623687500001 0.5815029484375 0.5852482604166667 0.5821959265625 0.5786738666666668 0.578763396875 0.57844966875 0.575071 0.5806908666666666 0.5633627890625 0.5784968916666667 0.5592657953125 0.5756340854166666 0.5558765765625 0.5749989875
0 0.35078065468749997 0.41630904375 0.3458892609375 0.41204033125 0.3425334859375 0.40512626875 0.342042265625 0.4008440625 0.3395291359375 0.39785903958333335 0.3355236953125 0.39710846875 0.3265067921875 0.39918995208333335 0.3212689109375 0.3982084375 0.31655569375 0.39523015833333336 0.31007056718750003 0.3852155979166667 0.3050108609375 0.38552451875 0.301804753125 0.3891138895833333 0.3010114390625 0.4145251833333334 0.30248016875 0.4244377645833334 0.3090420515625 0.42776245625 0.3111604484375 0.43151154375 0.3131538453125 0.43942736250000003 0.3178336171875 0.44868460624999995 0.3318098890625 0.4651311041666667 0.342705053125 0.4810002395833333 0.3473700265625 0.48145538125 0.354971375 0.4749184875 0.35909688281249996 0.46856829166666664 0.366871475 0.46038779583333334 0.368845140625 0.4565674791666667 0.3714399609375 0.4557966708333333 0.3736351140625 0.4528558916666666 0.3749925578125 0.44892010416666667 0.37375518125 0.445755125 0.3707124515625 0.44183283125 0.36604254687500004 0.4384436541666667 0.35911444375 0.42667002291666667 0.35148843125 0.4185367520833333 0.35078065468749997 0.41630904375
0 0.35066936875 0.40246067500000005 0.3547762296875 0.4111915479166666 0.3647854390625 0.42354254166666666 0.3762003359375 0.43448088125 0.379897665625 0.43517371458333337 0.3811251765625 0.43247062708333334 0.384849934375 0.3971332604166667 0.384445334375 0.39202925625 0.381662471875 0.3856415645833334 0.37668938750000003 0.38512868541666667 0.3624494015625 0.3950307520833333 0.3510158578125 0.3991734791666667 0.35066936875 0.40246067500000005
0 0.3281751109375 0.34461153125 0.32263405 0.34650631249999997 0.30923670625 0.36033742291666665 0.3081539265625 0.37060991249999997 0.3084384578125 0.38281468333333335 0.3158961609375 0.39552558541666666 0.31911213437499997 0.39780428333333334 0.33196123125 0.39811696875 0.3420324 0.39497599583333337 0.34611952968750004 0.3919707333333333 0.35089963750000003 0.38239107708333336 0.3524736359375 0.3764007916666667 0.3532000609375 0.36354743333333334 0.35107672968750003 0.3568643125 0.34635858124999996 0.35095200000000004 0.3383910125 0.3490399604166667 0.334029215625 0.34570851875 0.3281751109375 0.34461153125
0 0.5078575734374999 0.04390738958333333 0.5035056453125 0.04644401458333333 0.502278134375 0.04914710416666667 0.501421778125 0.06323316250000001 0.49676667031250005 0.0686460875 0.495707471875 0.06677154375000001 0.49739660625 0.050746458333333334 0.4971268734375 0.04734378958333333 0.49553807499999997 0.044531974999999994 0.4977332296875 0.04159119375 0.4961877421875 0.038368479166666664 0.49249041406250005 0.037675645833333334 0.4905068828125 0.03562789583333333 0.48667961875000004 0.036167758333333334 0.48276080156249995 0.03459538958333333 0.48069558125 0.03630346875 0.473084365625 0.0369723 0.46785141562500004 0.03892481666666667 0.46354773125 0.04398457916666666 0.45880106718749997 0.047285266666666666 0.453799471875 0.055985387500000004 0.4525867609375 0.06749057708333334 0.452601559375 0.07629267708333334 0.45415691249999995 0.08538345833333333 0.4531174453125 0.09524504791666667 0.45356535468750003 0.09993815416666667 0.455856996875 0.10204364166666666 0.4573158609375 0.10608815416666667 0.46185090000000006 0.10777599791666666 0.46291009843750003 0.10965053958333333 0.4667856046875 0.11163380833333333 0.46987657968749996 0.11807923749999999 0.469313534375 0.12342093333333333 0.46664195781249995 0.13088160833333334 0.465385934375 0.14279769791666666 0.46751913125 0.15534888333333333 0.47030692656250006 0.16467061041666667 0.472247146875 0.16712926458333335 0.47580961093749996 0.1661207625 0.4791456515625 0.16129869375 0.4882491765625 0.15839541041666666 0.4929574609375 0.15843965416666667 0.499109809375 0.15372631041666668 0.5013532078125 0.15330866666666668 0.50846826875 0.14542359791666665 0.511886 0.13684569583333334 0.51403784375 0.13431581666666667 0.5185246375 0.133480525 0.5255728093750001 0.1381533895833333 0.52851905 0.13702941875 0.5318501578125 0.12927331458333333 0.5345502484375 0.11259963958333333 0.5367837796875 0.10631392708333333 0.5373035125000001 0.10138313125 0.5364559375 0.09452005833333334 0.5397004234375 0.08758575208333334 0.5403934015625 0.08101135833333334 0.5397722484374999 0.07796185208333334 0.5320831921875 0.05850334791666667 0.5263540859375 0.05323962708333333 0.522252159375 0.04744278958333333 0.5172741421875 0.04399587708333333 0.5078575734374999 0.04390738958333333
0 0.7782371593749999 0.63845545625 0.774279965625 0.6402280187499999 0.7706840546875 0.6475154854166667 0.7631594640625 0.6473625145833334 0.7601265984375 0.6493082875 0.75876915625 0.653244075 0.775167003125 0.6705633604166666 0.7810693515625 0.6741834833333333 0.7874963671875 0.6758068416666667 0.79972924375 0.6760040562499999 0.805356928125 0.6732874750000001 0.808254925 0.66964036875 0.8090778359374999 0.661833275 0.7941103421875 0.6577715020833333 0.789483746875 0.6539714270833333 0.7833982875000001 0.6461268375 0.7822475343749999 0.6421400604166667 0.7782371593749999 0.63845545625
0 0.16882220312500001 0 0.16567257500000002 0.00241294375 0.16352566562499998 0.007876858333333334 0.1597033359375 0.01135075625 0.1561841828125 0.011948356249999998 0.149767034375 0.016193064583333333 0.14511685937500002 0.024540020833333336 0.140168440625 0.03869730833333333 0.138970528125 0.059004597916666665 0.13783457187499998 0.06381992083333334 0.138369103125 0.06769122708333333 0.14026601249999998 0.07056077499999999 0.1444496296875 0.07260178333333332 0.1579198828125 0.075963975 0.1590223921875 0.07742761666666667 0.1543289078125 0.086185475 0.153809175 0.09111627083333333 0.1591534109375 0.10301212083333335 0.15982280937499999 0.10858476041666668 0.163140203125 0.11884375833333333 0.170997571875 0.13372463333333334 0.1727596140625 0.13489284791666664 0.1787003421875 0.1351680375 0.1834903140625 0.13145644791666666 0.1940428375 0.12672961041666667 0.20529327187500002 0.11836241666666666 0.21047304531250002 0.11095273125 0.214829909375 0.11135013749999999 0.21685181875 0.11005295624999999 0.21820432812499999 0.10318313541666665 0.21761661875 0.0938546625 0.2188293296875 0.082349475 0.22044664218749999 0.07594828958333334 0.2193825109375 0.07113971041666667 0.2158052484375 0.06334611041666667 0.2132340078125 0.0519698875 0.20555481874999998 0.03837944791666667 0.199426046875 0.03094575625 0.193908565625 0.02069350625 0.1885210171875 0.00920855625 0.1868790421875 0.0009395729166666666 0.18628014843750001 0 0.16882220312500001 0
0 0.291215040625 0.18851611666666665 0.28821068906249997 0.18124888749999998 0.286612025 0.17256900625 0.282510096875 0.16677216875 0.275466859375 0.16503333541666668 0.26996910937499996 0.16651721875 0.262940671875 0.17358048541666668 0.2604039609375 0.18274249583333332 0.26860781718750004 0.19433617291666666 0.27104419218750003 0.20401106249999998 0.2706072328125 0.23200322708333332 0.264334815625 0.24381733541666667 0.2672476109375 0.24897232916666667 0.2769772234375 0.2520525875 0.2786526421875 0.25404260208333335 0.28587405781249997 0.2570718708333333 0.2947807578125 0.26795921875 0.298834440625 0.2712329229166667 0.30526145625 0.27285628333333334 0.3088239203125 0.2718477833333333 0.31045109531250004 0.27131466458333336 0.31862042343749997 0.26237010833333335 0.3205557109375 0.261894725 0.32529743906249997 0.25566000208333334 0.3261636609375 0.24744201041666666 0.3203813796875 0.23672112291666667 0.32481993125 0.23336269791666667 0.3251664203125 0.2300755 0.32256173593750004 0.22497824166666666 0.30872032968749996 0.21023308125 0.29834983125000003 0.19236718333333333 0.2947873703125 0.19337568333333335 0.291215040625 0.18851611666666665
0 0.2961880203125 0.4245157375 0.29511895625 0.41677312916666664 0.2932220484375 0.41390357708333336 0.289346540625 0.4119203083333333 0.2858707 0.4121070083333333 0.2815670140625 0.41716676874999997 0.27630061875 0.4253982520833333 0.275780884375 0.43032905 0.2760988609375 0.43625485208333337 0.278535234375 0.44592974166666666 0.2819343203125 0.45243290625000004 0.288063090625 0.4598665979166666 0.29325766249999996 0.4612590125 0.298625478125 0.46100782916666666 0.30385842812499997 0.4590553104166667 0.30772407031250004 0.45517051249999996 0.3103907140625 0.4447758041666667 0.3105924703125 0.43391920624999997 0.307766296875 0.42794241250000004 0.30569614375 0.42671646041666667 0.3022636140625 0.42649226041666666 0.2976901953125 0.4281493520833333 0.2961880203125 0.4245157375
0 0.7181577265625 0.6808312999999999 0.7176911687499999 0.6912192625 0.7183852328125 0.7114620708333333 0.720157140625 0.7184983520833333 0.7275518 0.7198840229166666 0.734763346875 0.7170452208333333 0.737854321875 0.72349065 0.74115691875 0.7249475458333333 0.750255509375 0.71911023125 0.752407353125 0.7165803520833334 0.75354330625 0.7117650291666667 0.7456859390624999 0.69688415625 0.7466486515625 0.69371243125 0.7525362015625 0.6885304520833333 0.753320734375 0.68406829375 0.7518185578125001 0.6804346791666667 0.7393976390625 0.6730789625 0.7320029796874999 0.67169329375 0.72008808125 0.6774218833333333 0.7181577265625 0.6808312999999999