0 0.1731454703125 0.540517025 0.17474473906250002 0.5408167083333333 0.173645134375 0.538871075 0.1731454703125 0.540517025
0 0.207936934375 0.5848724354166667 0.21296469375 0.58668436875 0.216842709375 0.5839318958333333 0.22152987031250002 0.5735029270833334 0.22568624843750001 0.5464484645833333 0.22503616875 0.5402381083333334 0.2211425953125 0.5338548583333333 0.2160646984375 0.5294241583333333 0.211221934375 0.5289515770833334 0.207433825 0.53085110625 0.20301637968750003 0.5387212416666666 0.1997227484375 0.5359295770833333 0.1942852296875 0.5349106541666667 0.1838856484375 0.5438342895833334 0.1762541046875 0.5419693375 0.175299728125 0.5448347666666666 0.176034528125 0.5471469375000001 0.17745398750000002 0.5491525083333334 0.17878872968749998 0.5550562666666666 0.1824074015625 0.5609531083333333 0.18204778125 0.5643648854166667 0.17890456562499998 0.5694295270833333 0.17836513437499998 0.5745471895833333 0.1820788984375 0.5826363291666666 0.18304883125 0.5889066229166667 0.1866277375 0.5982751770833333 0.1900562265625 0.5997874270833333 0.1955335125 0.5973346374999999 0.199911190625 0.5929362145833333 0.20460353750000002 0.5855524854166667 0.207936934375 0.5848724354166667
0 0.1862163078125 0.32986749791666664 0.191664196875 0.3369769041666667 0.194363075 0.33922222500000004 0.1978814671875 0.3398815291666667 0.1999752171875 0.33549001875 0.2005596 0.32994588124999996 0.20301296875000002 0.32214259791666666 0.2046813984375 0.3094083729166667 0.210877925 0.30013203125000004 0.212331965625 0.29562065 0.21647969531250003 0.29030934375 0.21701912656250003 0.28519168125 0.219972159375 0.27574244374999995 0.2189071328125 0.26727985625 0.2170727265625 0.26302205 0.2115850703125 0.25938435625 0.19288830625 0.2510969604166667 0.1842972015625 0.24905219583333332 0.182512934375 0.24741315833333333 0.1803569515625 0.21526177708333333 0.1828241546875 0.18876057499999999 0.1812145140625 0.18237040833333334 0.1768264625 0.18067835 0.174902153125 0.17727348958333333 0.1736227359375 0.17703374166666666 0.171603334375 0.17143658125 0.16899436406249999 0.16833831875 0.16158758125 0.16434100416666667 0.149158228125 0.16157700208333334 0.145100403125 0.16603536041666667 0.14402154218750002 0.17627068958333333 0.1459060859375 0.18314726666666664 0.14565192968750001 0.19484182083333332 0.14753647187500002 0.20171839374999997 0.14806206875 0.21529864791666667 0.1494815265625 0.21730421875 0.14862742812500002 0.22540718958333333 0.14726329375 0.2290656270833333 0.1486135921875 0.24410510625 0.1467549796875 0.2524547375 0.14443300625 0.28376700625 0.1475468265625 0.2882645583333333 0.1552682765625 0.28927656875 0.16251599218749999 0.3071607333333333 0.1795840921875 0.3247106416666667 0.1862163078125 0.32986749791666664
0 0.7082769375 0.08673713333333333 0.7076424171875 0.08966249999999999 0.7053394640625 0.10532209375 0.7080487125 0.11365789374999999 0.707329471875 0.12048144583333334 0.7050109609375 0.12700531458333333 0.7061607046875 0.13156971874999998 0.7091846203125 0.13692021666666668 0.709290084375 0.14520299374999998 0.710439828125 0.1497674 0.7190516796875001 0.16399312708333333 0.7258135671875 0.164825325 0.7302413859375 0.16304567083333332 0.7386474953125 0.16375108333333335 0.74175094375 0.16215815416666668 0.745314290625 0.16239098541666666 0.7500567765625 0.157626025 0.7544292687499999 0.1501823625 0.7546540312500001 0.14805000208333335 0.7574825796875 0.14597066458333333 0.7694070843749999 0.14733537916666667 0.7706813140625 0.14452988541666667 0.777432828125 0.1392716 0.783404590625 0.13212762083333335 0.7838541171875 0.1278629 0.7823741453124999 0.11714807708333333 0.7835377265625 0.10301456458333333 0.7842172 0.099662725 0.7886346453125 0.09179258750000001 0.7905831640625001 0.0825900125 0.7853548499999999 0.07030300416666665 0.781646271875 0.06525910833333333 0.7757332984375 0.053278697916666666 0.7698421625 0.04565133750000001 0.7569837234375 0.043241822916666665 0.754022990625 0.04573128541666667 0.733827234375 0.04238174583333333 0.7288997515625 0.045807350000000004 0.72758056875 0.04903931666666667 0.7261075078125 0.069203375 0.724833278125 0.07200887083333334 0.7179019531249999 0.07897303958333332 0.7152532140625001 0.07934649166666666 0.7120149078125 0.08221883749999999 0.7082769375 0.08673713333333333
0 0.3773057078125 0.5531153187500001 0.3741815140625 0.5425272854166666 0.37311648750000004 0.53406469375 0.37192179062499997 0.5299267625 0.3704124265625 0.5287741354166667 0.36588951718749996 0.52836149375 0.3626961640625 0.5308073666666666 0.3568592578125 0.53667193125 0.35395117656249997 0.5456946958333333 0.350028209375 0.5488736395833332 0.34883351406249996 0.5447357083333333 0.3496876125 0.5366327395833334 0.3475783046875 0.531888525 0.334149621875 0.5324164229166667 0.32565879375 0.5356091958333333 0.3233800484375 0.5386613520833333 0.3219709609375 0.5427462645833334 0.3190525078125 0.54567854375 0.31759846875000003 0.5501899270833334 0.314590109375 0.5539751541666667 0.3106827015625 0.5662898208333333 0.3090038984375 0.5729335645833333 0.309334125 0.5790839812499999 0.3122231828125 0.58571389375 0.31767107499999997 0.5928233020833333 0.3187758671875 0.5978141770833333 0.3240041796875 0.6101011854166667 0.32907689218749997 0.6114866437500001 0.34367952812499997 0.6029157145833334 0.361990740625 0.5993886833333334 0.3667833640625 0.5972424916666667 0.36947186875 0.5933973291666667 0.37152585 0.5924775333333333 0.3761680578125 0.5824750375 0.3776514921875 0.5684014604166666 0.3767714625 0.5612782229166666 0.3773057078125 0.5531153187500001
0 0.0716653703125 0.17575889583333335 0.07345482343750001 0.18044317291666667 0.0869146234375 0.19818672083333333 0.0912075828125 0.19768648125 0.11274154375 0.18215138333333333 0.11679936875000001 0.1776930229166667 0.119802540625 0.17086255416666668 0.1288379875 0.16559735625000002 0.131156496875 0.15907348958333334 0.1368983109375 0.151016625 0.1417860265625 0.15106273333333334 0.150567315625 0.15749208958333333 0.1608977359375 0.1616023625 0.169213940625 0.16316071875 0.171492684375 0.1601085625 0.1741898375 0.13452024166666668 0.1765584875 0.13061513958333335 0.1770979171875 0.125497475 0.1762628421875 0.11794776666666666 0.1775215140625 0.10600655 0.17646167343750002 0.10058920208333334 0.16730001875 0.08539065833333333 0.1692433515625 0.07314283958333333 0.1676838484375 0.06937144583333334 0.162925803125 0.06500068125 0.1553184671875 0.05052829166666666 0.150880278125 0.04621746458333333 0.14804654374999998 0.04525156041666667 0.1428286015625 0.03905503541666667 0.136246525 0.03651694791666667 0.11577586718749999 0.03268099583333333 0.11243209843749999 0.027270562499999998 0.1050650828125 0.0198015375 0.09738858593750001 0.01836305625 0.090996690625 0.020209560416666668 0.080351603125 0.01908459375 0.070261503125 0.021977683333333334 0.06706815 0.02442355625 0.0589525015625 0.033340277083333335 0.05657866406249999 0.034200135416666666 0.0482832046875 0.04482274583333334 0.041597385937499995 0.06183552083333333 0.0412325796875 0.06220205625 0.035905703125 0.11273899166666666 0.04279034375 0.11859549375 0.043844996875 0.1209676 0.054730406249999995 0.12909593125000002 0.0565648109375 0.13335373541666667 0.055446184375 0.14706077708333334 0.0631382390625 0.15763498333333334 0.06373818125 0.16122656875 0.06795160781250001 0.16766975625 0.0701560046875 0.17460626875 0.0716653703125 0.17575889583333335
0 0.6122550328125 0.05700162291666667 0.6137695843750001 0.061199489583333336 0.613740190625 0.07076168333333334 0.61456489375 0.07222091041666667 0.6133805703124999 0.07417346041666667 0.610773321875 0.09890883958333332 0.6149366109375001 0.10273325833333334 0.62100865 0.10082681458333333 0.627844884375 0.09167034791666667 0.631358090625 0.08928440833333333 0.6315379015625 0.08757852083333333 0.6365103359375001 0.08372644375 0.638424275 0.08104082291666666 0.6381891390625001 0.07708270208333333 0.6403727921875 0.07183824791666667 0.6503176625 0.06413409375 0.651676609375 0.0574304125 0.6513965234375 0.0538987625 0.6428348109375001 0.04229180416666667 0.6390760953125 0.034629139583333336 0.6392559062500001 0.03292325 0.6333031640625 0.024414552083333332 0.6319535109375 0.01981268958333333 0.6238052296875 0.0182858 0.6231127875 0.02207010625 0.6186953421875 0.029940241666666666 0.6146271453125001 0.028308120833333332 0.61367795625 0.034218791666666665 0.6143729890625 0.040002677083333334 0.6177115734374999 0.042367868749999996 0.6172119078125 0.04401381875 0.613693515625 0.04335451458333333 0.612784090625 0.045793475 0.6122550328125 0.05700162291666667
0 1 0.08878010416666667 0.948046178125 0.07904459166666666 0.9481242468750001 0.07949411666666667 0.9444675312499999 0.10490262916666666 0.9444381375 0.114464825 0.94559306875 0.12207446875 0.9477473281250001 0.1263922125 0.9510409578125 0.129183875 0.9596770171875001 0.13080216666666666 0.9661190515625 0.13157442916666667 0.9781282734375001 0.12904095833333334 0.9858946749999999 0.12962649791666667 0.99880295 0.1185635875 1 0.11682230625 1 0.08878010416666667
0 0.8587310765625 0.16015954375 0.8675365718749999 0.15398146458333334 0.8675210140624999 0.14484573958333333 0.862972175 0.12920689583333334 0.862356675 0.11647958541666667 0.8607522187500001 0.11313466041666667 0.8560391265625 0.10833742291666668 0.8530601624999999 0.10256045625 0.8525051734375 0.09854239791666666 0.853359271875 0.09043942708333333 0.8516994921875 0.08143049375000001 0.8474411109375 0.07541377708333334 0.8361459437500001 0.06807845416666666 0.8122070296875 0.06620196875 0.7960051234375001 0.07447321458333334 0.79258700625 0.07905144791666667 0.790413725 0.09038638333333333 0.7872705109375 0.095451025 0.7835429125 0.10605980416666667 0.7833890328125 0.12299189791666666 0.7855934312499999 0.12992841041666667 0.7888870625 0.13272007291666668 0.79651860625 0.13458502708333334 0.80141669375 0.14072161666666666 0.8102429359375 0.1467245 0.8200391109374999 0.15899767916666668 0.831284140625 0.16371423541666666 0.8374063203125001 0.16442655833333333 0.8442079734375 0.16178704583333334 0.8510148125000001 0.16219277499999998 0.8544830671874999 0.1602333104166667 0.8587310765625 0.16015954375
0 0.8201462625 0.35602546458333334 0.8223402875 0.35687149166666665 0.8214308640624999 0.35931045 0.823994884375 0.36283518541666665 0.8278279453125 0.36050918541666666 0.82535383125 0.35613150625 0.8195515062500001 0.35547911666666665 0.8188167078124999 0.3531669479166667 0.8172174375000001 0.35286726458333334 0.8165379625 0.35621910208333335 0.8173626671875001 0.35767832916666664 0.8188720328124999 0.35883095625 0.8201462625 0.35602546458333334
0 0.8180421234375 0.4347821729166667 0.8226998906249999 0.43391539791666667 0.8334694640625001 0.42767046875 0.8371175296875 0.42400511458333334 0.8383917593750001 0.42119962083333334 0.8395605265625001 0.41011134791666665 0.8358917171875 0.4015957375 0.8335420890625 0.38984816041666664 0.82698421875 0.3747026354166667 0.823005928125 0.37221757083333334 0.8185279703124999 0.37137845625000004 0.8160642296875 0.3730912604166667 0.8103518093750001 0.371585925 0.8071031296875001 0.3683677895833333 0.8056231609375001 0.3576529666666667 0.8075267265624999 0.34887686458333333 0.8081958265625 0.3394345416666667 0.8062213781249999 0.3334109125 0.8000041093749999 0.33050628958333333 0.7950264875 0.3313131270833333 0.7938871140625 0.3328392041666667 0.7864008015625 0.33578531875 0.7813834140625 0.34006386875 0.775736690625 0.35031302708333334 0.7728182390625 0.35324530625 0.7712293406249999 0.35903610625 0.7706899109375 0.36415377083333333 0.7719347453125 0.3709104729166667 0.7702213640625 0.3840711666666667 0.7614020296875 0.4089471645833333 0.7602782171875 0.41960896458333335 0.7615680046875 0.42593919375 0.7814145140625001 0.43879099374999997 0.7824691671874999 0.4411631020833333 0.7869972609375 0.44462098541666667 0.7879170578125 0.4482725083333333 0.7910308796875001 0.4527700604166667 0.8004916421875 0.4558475791666667 0.8042348 0.4543745229166667 0.8087421499999999 0.44565144375 0.8122553578125 0.44326550416666666 0.8180421234375 0.4347821729166667
0 0.6027717328125 0.335732225 0.6059599 0.3302411104166667 0.6089578859375 0.32036540208333336 0.6106920125 0.31938567083333336 0.6124209546875 0.3153606958333333 0.6172533453125 0.30974279374999997 0.6212956125 0.2961487104166666 0.62983139375 0.2925294625 0.6376877000000001 0.29226205833333335 0.6475426640624999 0.28541084583333337 0.649311371875 0.27791416041666667 0.6469167921875 0.2665930541666667 0.6398194921875 0.25656519375 0.6246912625000001 0.25155587291666665 0.6238164171875 0.24747787499999999 0.6260951625 0.24442572083333333 0.6299265015625 0.21426607916666668 0.6289116140625 0.20842226041666667 0.6257977921875 0.20392470833333334 0.6127235453125001 0.1979955875 0.604912190625 0.19783652291666665 0.5993000484375 0.20156872708333334 0.5914938796875 0.20445490208333333 0.5888053765625 0.20830006666666667 0.5869312046874999 0.20751397291666668 0.5860563609375 0.20343597708333333 0.585921503125 0.20471539375 0.5816285437500001 0.20521563125 0.5792149421875 0.20954720416666667 0.5746522656249999 0.212606275 0.5719689484375 0.21949667916666668 0.5692752578125 0.22029660208333332 0.5680459812499999 0.22267562291666668 0.5672368359375 0.23035211875 0.569211284375 0.23637575 0.5696417890625 0.24776370833333333 0.5638619312500001 0.28712592291666666 0.566661084375 0.29460878125 0.56712616875 0.29947978124999997 0.5742684203125 0.30908116874999997 0.577966625 0.3080345854166667 0.5812948359375001 0.3043092958333334 0.583303865625 0.30381597083333334 0.5842686140625 0.3070410229166667 0.5832796578125 0.31642340625000004 0.588367928125 0.32694458958333333 0.5982488234375001 0.3353195833333333 0.6027717328125 0.335732225
0 0.9860017578125 0.6484770104166666 0.9866501156249999 0.6268537229166667 0.9810518078125 0.6118880083333333 0.9812316171875001 0.6101821208333333 0.9774729015625001 0.6025194541666666 0.973579328125 0.5961362041666667 0.9684616640625 0.5951772166666667 0.961020303125 0.59769685625 0.955463484375 0.6070930708333333 0.9539350984375 0.6215931208333333 0.951656353125 0.6246452770833333 0.9409213609375 0.6243732520833334 0.9368981156249999 0.6223146583333333 0.9338396187500001 0.6234811166666667 0.9346798828124999 0.6340760645833333 0.9442167156249999 0.65499855625 0.9432727125 0.66395446875 0.9440524640625 0.66584016875 0.951454059375 0.6667922395833333 0.9623187234374999 0.6627396083333333 0.9634580953125 0.6612135291666666 0.9667465406250001 0.6609599541666668 0.9839080093750001 0.65286851875 0.9860017578125 0.6484770104166666
0 0.1780522421875 0.36399909166666666 0.1725887921875 0.34775396249999996 0.1683304125 0.3417372458333333 0.163532603125 0.34083819374999996 0.1579654109375 0.34414392708333336 0.1540372578125 0.34427763125 0.1348909703125 0.3402549541666666 0.1306481484375 0.3433739604166667 0.12782478749999998 0.34849854166666666 0.1222333890625 0.3644117083333333 0.12031945156249998 0.36709733125 0.1191057328125 0.37861207500000005 0.1233692984375 0.38767403333333333 0.12657302343750002 0.3913186395833333 0.139602321875 0.39767423125 0.1430256234375 0.39614123958333336 0.1468932671875 0.38729828541666667 0.1489472484375 0.3863784895833334 0.1523757359375 0.3878907375 0.15663930312500002 0.39695269375000003 0.16153220625 0.4000440416666667 0.16445584375 0.400157 0.17831849375 0.38622865833333336 0.1789080625 0.38372976249999996 0.1790826875 0.37897863541666665 0.1772430953125 0.3716755875 0.1780522421875 0.36399909166666666
0 0.34915772968750003 0 0.3494145546875 0.0007901979166666667 0.34883535781249997 0.009379575 0.35077522656250004 0.021920160416666667 0.351210915625 0.03635335625 0.35249551874999996 0.03963834375 0.3528257453125 0.045788762499999996 0.35520995312500003 0.0510193875 0.356674365625 0.0525984875 0.36060251875 0.052464783333333334 0.371691946875 0.04627979166666667 0.376709334375 0.04200124166666667 0.3810022921875 0.04150100208333333 0.38832435625 0.049396499999999996 0.39412668125 0.05004889166666667 0.4138521671875 0.04548218958333334 0.41932426562499997 0.039984160416666664 0.42779435 0.02461042083333333 0.43092200625 0.010410056249999999 0.43188689843750006 0 0.34915772968750003 0
0 0.9563141546875 0.4628671375 0.9555240328125001 0.4548909583333333 0.9579168890625 0.4383784229166666 0.9661570234375001 0.4220918020833333 0.973548246875 0.41695339375 0.973307925 0.40995003125 0.967439903125 0.39754315208333335 0.9645906125 0.387441525 0.962116496875 0.3830638458333333 0.95864305625 0.3819780708333333 0.9569037437500001 0.37991256041666666 0.9572633640625 0.3765007833333333 0.9560237125000001 0.372789325 0.952600409375 0.37432231666666665 0.9495367281249999 0.37244353333333335 0.9528199859375001 0.36914471666666665 0.9510806734375 0.36707920833333335 0.948521840625 0.36659971458333335 0.9447786828125 0.3680727708333333 0.944598871875 0.3697786583333333 0.9406759062500001 0.3729576020833333 0.9392218671875 0.3774689854166667 0.9339745296874999 0.3808346541666667 0.9259989234375 0.3915172 0.9218926828124999 0.42119043125 0.9199337921874999 0.424302525 0.9164413281250001 0.438869425 0.91457234375 0.4411285729166667 0.9140329140624999 0.4462462375 0.914862803125 0.45075070625 0.9164223078125 0.45452210416666666 0.9285024140625 0.4667883666666667 0.9312514296875 0.47165245208333334 0.9377038328125 0.4785151979166667 0.9443810031250001 0.48324558125 0.9495436187499999 0.48377809791666665 0.952692021875 0.4817586958333333 0.9577941265625001 0.4735819625 0.9582886046875 0.46889076874999996 0.9563141546875 0.4628671375
0 0.652688 0.24897399583333335 0.6688708828125 0.25635542916666665 0.6799309171875 0.2597326291666667 0.681435096875 0.25784001666666667 0.6831882453125 0.24120760833333332 0.689199775 0.2305919125 0.6907886734375001 0.22480111458333332 0.6961259140625 0.2205825 0.7041620296875 0.21860920833333333 0.7073052453125 0.21354456458333332 0.7088042390625 0.20860671041666665 0.7068297890624999 0.20258307916666668 0.70445076875 0.20039769791666667 0.7028912625 0.1966263 0.6900314046875 0.18247433958333334 0.6898861765625 0.17766327291666667 0.6928443953125 0.17125927708333333 0.69763701875 0.1691130875 0.6995959093749999 0.16600099583333333 0.69383335 0.16187689375 0.6931884562499999 0.15871177916666665 0.6905794859375 0.15561351458333333 0.683767459375 0.15216254791666667 0.6806536375000001 0.14766499583333334 0.673291809375 0.14324120833333334 0.6721870171875 0.1382503333333333 0.67012785 0.13612488749999999 0.6709318093750001 0.12540315 0.6727558421875 0.123570475 0.674254834375 0.11863261875 0.6750639796875 0.11095612291666666 0.67348891875 0.09804900416666666 0.6687153171875 0.08454251666666666 0.6584350359375 0.0830510125 0.6468251984375 0.07870099375 0.6434018953125 0.08023398541666667 0.6371552296874999 0.08689155833333334 0.6351462015625 0.08738488125 0.6301340015625 0.09470867291666667 0.626940646875 0.09715454583333334 0.6233928578125 0.1060574375 0.6235432750000001 0.11391374375 0.6302360015625 0.12777985208333334 0.629921334375 0.13076515625 0.6265481687500001 0.13491691666666666 0.6211158359375 0.13694323541666667 0.6159635921875 0.1425012 0.6127304703124999 0.14841878749999998 0.6096927203125 0.16176620833333333 0.606900475 0.18516223333333331 0.6081902625 0.1914924625 0.6090149671875 0.19295168958333334 0.617106409375 0.19664240416666667 0.6197153796875 0.19974066666666665 0.6273019734374999 0.20203209375 0.6299558953125 0.20470388541666665 0.63351924375 0.20493671666666666 0.6358878921875 0.20103161666666666 0.6389118093749999 0.20638211458333336 0.637547675 0.21004055208333333 0.6361541453124999 0.22326118333333334 0.63717421875 0.23215024375 0.641067790625 0.23853349583333333 0.6484296203125 0.24295728125 0.652688 0.24897399583333335
0 0.11273144531249998 0 0.114449775 0.005034079166666666 0.11550961562499999 0.010451429166666667 0.11552517343749999 0.019587152083333333 0.11694982031250001 0.024637964583333335 0.1199235984375 0.027369691666666664 0.1269154328125 0.029114772916666667 0.1415785796875 0.02925309375 0.16145448125 0.03254269791666667 0.17360374843749998 0.03177505416666667 0.180265359375 0.027369714583333333 0.18562680781250002 0.010543666666666666 0.18918496875 0.00773125625 0.19279326875 0.00753761875 0.1970810421875 0.0039921375 0.199008771875 0 0.11273144531249998 0
0 0.0286959859375 0.2646886770833333 0.0251827796875 0.26707461250000003 0.020704821875 0.2662354979166667 0.019797128125 0.26556360416666663 0.012343073437500001 0.33628141666666667 0.01310265625 0.33526403125000004 0.019034651562499998 0.33159176458333334 0.0274407625 0.332297175 0.03451213125 0.32709882916666666 0.043511271875 0.30051694375 0.044140607812499996 0.29454633541666664 0.040506378125 0.27951377083333334 0.036932659374999996 0.27319045833333333 0.0299356359375 0.26840013749999997 0.0286959859375 0.2646886770833333
0 0.047789026562499996 0 0.0447696359375 0.02864543958333333 0.0450587328125 0.028997172916666664 0.0493568796875 0.031542175 0.05319512656249999 0.03226141666666667 0.060771346875 0.028462360416666665 0.0667431109375 0.02131838125 0.06806229375 0.01808641458333333 0.0710101390625 0.005591935416666667 0.0715995609375 0 0.047789026562499996 0
0 1 0.47120476250000004 0.9893144453125 0.47470463333333335 0.9837472546875 0.47801036458333335 0.9814685109375001 0.48106252083333334 0.98019428125 0.4838680166666667 0.9795199921875 0.49026509583333333 0.9801648875 0.4934302104166666 0.977182459375 0.5124416416666667 0.9802167484375 0.52388261875 0.9945807859375 0.53614196875 1 0.5373082687499999 1 0.47120476250000004
0 0.295136096875 0.4229053 0.2975635359375 0.39987580833333336 0.2957688953125 0.39214629166666665 0.293799634375 0.38916790416666663 0.2978176921875 0.38818125416666666 0.30178561249999997 0.38457583958333336 0.3034194625 0.3783585666666667 0.3011147875 0.36618451875 0.30114418125000003 0.356622325 0.2929420875 0.3416035895833333 0.2893735546875 0.3383255166666667 0.2868493046875 0.33132906874999996 0.280856796875 0.32629208333333337 0.27304544218750004 0.32613301875 0.2642399453125 0.3323110979166667 0.26292076249999996 0.3355430625 0.2635207046875 0.33913465 0.26266660625 0.34723761875000003 0.2608425734375 0.3490702958333333 0.2562798984375 0.35212936666666667 0.249512825 0.3482519270833333 0.24535472343750003 0.34747275 0.24321083593749998 0.3492454875 0.24161156562500002 0.3489458041666667 0.23974257968749998 0.3512049520833333 0.2370488890625 0.35200487500000005 0.23249658593750003 0.36115442708333334 0.2316373015625 0.36621215625 0.23375179531249998 0.37400161041666663 0.23267293281249998 0.3842369395833333 0.23611698125 0.3948849125 0.2362622125 0.39969597500000004 0.23879165000000002 0.4097376645833333 0.242040328125 0.4129558020833333 0.24747266093750003 0.41092948541666663 0.255347990625 0.39500940208333335 0.2563127375 0.3982344520833333 0.254009784375 0.41389404375 0.2561190921875 0.41863826041666663 0.2584981140625 0.4208236416666667 0.2881546328125 0.4272507020833333 0.29390682031250004 0.42528432083333334 0.295136096875 0.4229053
0 0 0.4614187416666667 0.0083376671875 0.46092575 0.009527178125 0.46201844166666667 0.0093629265625 0.4728600520833333 0.0115621390625 0.4767513208333333 0.04989966875 0.4843702020833333 0.051943278125000006 0.477359925 0.05143324218749999 0.47291539375 0.052707471875 0.47010989999999997 0.06256243593750001 0.4632586875 0.06593041250000001 0.45606168541666664 0.071132796875 0.4531224875 0.08067827968749999 0.45230182291666665 0.083551778125 0.44979601041666667 0.08394079374999999 0.4368220395833333 0.08629388437499999 0.4237812166666667 0.085004096875 0.4174509875 0.0855435265625 0.4123333229166667 0.0895909796875 0.40178448125 0.09166916875 0.38825725 0.087635553125 0.38010817291666665 0.088169796875 0.37194526666666666 0.0857752171875 0.36062416249999996 0.082426259375 0.35216848958333336 0.0793124375 0.34767093541666666 0.07501947812500001 0.348171175 0.0686172125 0.34392720000000004 0.06262989062499999 0.34193545625 0.05358407187499999 0.3411101729166666 0.0493412515625 0.3442291791666667 0.0453231921875 0.34521582916666665 0.0399911375 0.35247968125 0.0396021234375 0.3654536541666667 0.037003524999999995 0.3684458708333333 0.023559284375 0.35983804583333334 0.0164118453125 0.34719141875 0.012158651562500001 0.3442199458333333 0.011468995312499999 0.3445739291666667 0 0.453382125 0 0.4614187416666667
0 0.3001777609375 0.08419658749999999 0.29986309375000003 0.08718188958333334 0.30206230624999997 0.09107316041666666 0.3038310140625 0.08357647500000001 0.3023666 0.081997375 0.3001777609375 0.08419658749999999
0 0.2503904015625 0 0.2477822296875 0.00262053125 0.244094396875 0.009757597916666666 0.24219601875 0.021578941666666667 0.2436759890625 0.032293764583333336 0.24588038750000002 0.039230275 0.2485343109375 0.04190206666666666 0.25182275625 0.041648487500000005 0.25533596406250003 0.03926255208333333 0.256525475 0.040355241666666666 0.25897538125 0.05734035833333333 0.2625992375 0.06628243958333332 0.27294521718750003 0.07952843541666667 0.278977490625 0.08109370416666667 0.2808015234375 0.07926102916666666 0.286328946875 0.07942701041666668 0.2881979328125 0.0771678625 0.2949995859375 0.07452834791666667 0.2991023640625 0.06964351458333334 0.299282175 0.06793762708333334 0.31013646562499997 0.0577945125 0.31135018593749997 0.046279766666666666 0.3105600609375 0.0383035875 0.3063812140625 0.025343445833333332 0.30258273281250003 0.021152491666666665 0.298073659375 0.0020419312499999997 0.296516815625 0 0.2503904015625 0
0 0.3458339078125 0.04404368333333333 0.34015606875 0.03602139583333333 0.336452678125 0.034022739583333336 0.3335739921875 0.033483308333333336 0.3313402 0.03610899375 0.3297409296875 0.03580931041666667 0.3284667 0.03861480208333334 0.3245437328125 0.04179374583333333 0.32012628906249996 0.04966388333333334 0.3162188796875 0.06197855208333333 0.3152299234375 0.07136093541666666 0.3087584953125 0.08015086875 0.30696039375 0.09720975 0.309114653125 0.10152749166666666 0.330660709375 0.11991651458333334 0.3447342859375 0.12255373125 0.350066340625 0.11528987708333333 0.35754746875 0.10929852291666667 0.364378515625 0.09709681458333333 0.3668215125 0.08320304791666668 0.36208767656249996 0.06622484791666666 0.3608030734375 0.06293986041666667 0.3544855265625 0.054797697916666666 0.35118152187499996 0.04591555208333333 0.3458339078125 0.04404368333333333
0 0.5136016718749999 0.06460892083333333 0.5159513 0.07635649791666667 0.5209946171875 0.08730415416666666 0.5218798328124999 0.09747263125 0.5247187531249999 0.101483775 0.53596378125 0.10620032916666666 0.5401270703125001 0.11002475 0.5417764796875 0.11294320208333333 0.5437664875 0.12810255416666666 0.5466555453125 0.13473246666666666 0.5497849265625 0.14836574375 0.55578261875 0.15644796666666666 0.5597712828125 0.1650235125 0.563479859375 0.1700674125 0.56749791875 0.16908076458333332 0.5744690109375 0.15864488124999998 0.5788466890625 0.15424645833333334 0.5836687078125 0.14253807291666665 0.5907798421875 0.13386801458333333 0.592503596875 0.12679779791666668 0.5945074406249999 0.12325923541666667 0.6053772921875 0.12225184375 0.610169915625 0.12010565208333333 0.610709346875 0.1149879875 0.6088593828125 0.10159446041666667 0.612106340625 0.07697895416666665 0.6119109703125 0.06954912083333334 0.609516390625 0.058228014583333335 0.6107145515625 0.03757754583333333 0.6074554984375 0.028268927083333333 0.6041618671875 0.025477264583333332 0.597659325 0.015995752083333332 0.593392928125 0.01258690625 0.5703879234375 0.00827605 0.5631358343749999 0.021703547916666666 0.564311509375 0.04149415625 0.561992996875 0.048018025 0.55761531875 0.052416449999999996 0.5413027625 0.049359675000000006 0.5314426125 0.05316564791666667 0.519608015625 0.0509479875 0.51573 0.05370045833333333 0.5144557703125 0.05650595416666667 0.5136016718749999 0.06460892083333333
0 0.396597278125 0.32058201458333335 0.399246015625 0.3202085645833333 0.400430340625 0.31825601458333336 0.4025431109375 0.2982118291666667 0.4001485296875 0.2868907229166667 0.397119428125 0.2784949854166667 0.3935059421875 0.2756433854166667 0.37006669375 0.2721209479166667 0.3531196171875 0.27198954166666667 0.3368623859375 0.2745967791666667 0.330610534375 0.2782091104166666 0.3261325796875 0.2773699958333333 0.3179909984375 0.2710605104166667 0.3132830921875 0.2693085145833333 0.31126887812500004 0.26675659791666667 0.3022178734375 0.26288607291666666 0.29711058125 0.26801756875000005 0.292333515625 0.27929947916666664 0.290189628125 0.28107221875000005 0.2891003953125 0.28521706458333335 0.28677669687499996 0.2886956958333334 0.2860125046875 0.29594571875 0.28729710625 0.29923070625000003 0.2947142609375 0.3093185041666667 0.3032707859375 0.31788022083333334 0.30977333125 0.3273617354166667 0.313751621875 0.3298468 0.3230567828125 0.32202277083333336 0.3359304765625 0.3174768125 0.34109309374999996 0.31800932916666663 0.34419654375 0.3164164 0.352877553125 0.31760822083333334 0.3611885734375 0.3161213333333333 0.384263015625 0.32001030625000004 0.396597278125 0.32058201458333335
0 0.466220575 0 0.4661751109375 0.0039691875000000005 0.4694341609375 0.01327780625 0.47058909218749995 0.02088745208333333 0.47200855312499995 0.02289302291666667 0.4742233234375 0.035920016666666665 0.47396916562499997 0.04761457291666667 0.4762582828125 0.05065289791666667 0.4909715671875 0.0534099875 0.5013019875 0.057520262499999995 0.512986171875 0.0518816125 0.517408803125 0.04705671875 0.521292003125 0.04734948541666666 0.5239908796875 0.049594804166666666 0.5352756750000001 0.050839645833333336 0.53874393125 0.04888018125 0.548699171875 0.04726650625 0.551617625 0.04433422708333334 0.5549596718750001 0.021911016666666668 0.5591367421875 0.0061677166666666665 0.526222553125 0 0.466220575 0
0 0.8625329 0.70275186875 0.865396028125 0.6941555770833333 0.8716426921875 0.6874980062499999 0.873971575 0.68706461875 0.8793537671875 0.6824195333333333 0.8835014984375 0.6771082291666667 0.8849105859374999 0.6730233166666667 0.8975889109375 0.6610475270833334 0.8995927546875 0.6575089625 0.8976632578125001 0.6510588604166667 0.8975629796875 0.6458213229166667 0.8870873296875 0.6368999833333333 0.8738332718749999 0.6326767520833333 0.869070040625 0.6252607479166666 0.86714054375 0.6188106458333333 0.86362215 0.6181513416666667 0.8541562 0.61202858125 0.8496332921875 0.6116159395833333 0.8467597921875001 0.61412175 0.8459852250000001 0.6152812916666667 0.8494742265624999 0.6255027916666667 0.847446175 0.6416487916666667 0.8452625218750001 0.64689324375 0.84431851875 0.6558491583333333 0.8463534781250001 0.6705820395833333 0.8501969125000001 0.6743465208333334 0.8539902078124999 0.6754922333333333 0.85591451875 0.6788970937500001 0.8546558484375 0.6908383125 0.8496885984375 0.6977356312499999 0.8480997015625 0.7035264291666666 0.8497940625 0.7060184104166667 0.854092209375 0.7085634125 0.8595245421875 0.7065370958333334 0.8625329 0.70275186875
0 0.4515568640625 0.24477144166666667 0.4450889 0.22877297291666665 0.44553842499999996 0.22450825416666667 0.4488666375 0.22078296249999999 0.4515603265625 0.21998304166666666 0.456887196875 0.20967394583333335 0.4617680015625 0.17884117083333334 0.46107296875000003 0.17305728958333333 0.46250626562499997 0.15636494166666667 0.4597071125 0.14888208333333333 0.4594218375 0.14230519375 0.45675235625 0.13049767916666666 0.453273728125 0.1263666625 0.4484759171875 0.12546761041666665 0.4460121765625 0.12718041458333335 0.4431940015625 0.13535023541666666 0.442339903125 0.14345320416666668 0.440341246875 0.15003700833333333 0.43915173437500005 0.14894431875 0.43909122343749996 0.14023506875 0.4348674234375 0.12770139791666668 0.4290599140625 0.12400376874999999 0.4239422484375 0.12304477916666667 0.4145817625 0.1252048 0.40733577031249996 0.13515427500000002 0.40561201562500004 0.1422244895833333 0.4033332703125 0.14527664583333333 0.40183427812500006 0.1502145 0.38989075156249997 0.16450246041666666 0.38885165625 0.17126607708333333 0.38662304999999997 0.17693700208333332 0.3858139046875 0.18461349791666667 0.383540346875 0.19071089583333334 0.3817422453125 0.20776977708333336 0.3830268453125 0.21105476458333333 0.383867109375 0.22164971458333332 0.39012933125 0.2241278645833333 0.3989158078125 0.23360246458333334 0.40254485156250003 0.24558978750000002 0.406023478125 0.24972080625 0.4113416984375 0.26115486875 0.4196786484375 0.2748941875 0.42928464218749995 0.28278277291666665 0.43344274374999997 0.28356195 0.436911 0.28160248541666666 0.45138742656249997 0.2525678104166667 0.4515568640625 0.24477144166666667
0 0.6939785984375 0.08623227916666668 0.6974969921875 0.08689158125 0.7021046203125 0.0834060375 0.7134239953125 0.07813392499999999 0.7235037234374999 0.06915035416666666 0.7255265875 0.0499591125 0.7290294234375 0.04148269375 0.7372954890625001 0.040422281250000004 0.7520537265625 0.04275289583333333 0.7525784609375 0.04241633125 0.66025488125 0.025116020833333332 0.659576146875 0.02890289375 0.6603662703125 0.03687907291666667 0.6621557234375001 0.04156335208333333 0.6672388078125 0.049039293750000004 0.67118770625 0.06108655416666667 0.6743015265625 0.06558410625000001 0.6832678125 0.07335281666666667 0.6847374109375 0.07797715625 0.692009334375 0.08325388958333332 0.6939785984375 0.08623227916666668
0 0.2176070078125 0.09394778125 0.21637254218750002 0.09328156041666666 0.21203981718749998 0.0972535125 0.2123942515625 0.09079649583333334 0.2135336234375 0.08927041875 0.21128945937500002 0.08580561875 0.212108978125 0.08421960625 0.21402291562500003 0.08153398333333332 0.2156221859375 0.08183366666666667 0.22042518281249998 0.08577796041666666 0.2237291859375 0.09466010625 0.2289817078125 0.09433967708333334 0.2331294390625 0.089028375 0.2356778984375 0.08341738541666667 0.24324893125 0.0765730875 0.24397335781249999 0.07279477708333333 0.24948522343750001 0.06382503333333334 0.252253259375 0.053036445833333334 0.251833128125 0.04773897083333333 0.24629533124999997 0.041482508333333334 0.24414107343749997 0.03716476666666667 0.2409217890625 0.02438443541666667 0.2405915625 0.018234014583333333 0.238942153125 0.0153155625 0.23286492656250002 0.014176764583333333 0.22734268906250002 0.017056025 0.2253837984375 0.020168118750000002 0.2246593703125 0.02394642916666667 0.2228802921875 0.025352633333333333 0.22084186875 0.035408154166666664 0.21819313125 0.035781602083333336 0.2194518015625 0.0238403875 0.2181170609375 0.017936629166666666 0.21257407968750003 0.008634927083333332 0.20754631875000001 0.006822993750000001 0.199420296875 0.00964923125 0.198280925 0.011175310416666667 0.1889204390625 0.01333533125 0.185957034375 0.016694085416666667 0.1844130890625 0.0220584125 0.1813597796875 0.026270108333333334 0.17908622031250002 0.03236750833333333 0.1748883515625 0.035060041666666666 0.1670320453125 0.03532745 0.1599658625 0.04357103541666667 0.1589267671875 0.050334652083333334 0.16104126093749999 0.05812410625 0.16328542343750002 0.061588904166666666 0.16799851562499998 0.06638613958333334 0.17558510624999998 0.06867756666666666 0.179153640625 0.07195563958333334 0.17681610781249998 0.09413218541666667 0.18035005937499998 0.10392721249999999 0.1808255171875 0.11488869791666666 0.18521356875 0.11658075625 0.1948939078125 0.11448067291666668 0.20617870312500003 0.11572551458333334 0.21275040937499998 0.11217311875 0.215029153125 0.1091209625 0.215148453125 0.098705825 0.2176070078125 0.09394778125
0 0.77484284375 0.281432025 0.777446628125 0.2814850479166667 0.7802751765625 0.2794057104166667 0.79101016875 0.27967773333333334 0.794713559375 0.28167638958333335 0.804354134375 0.2830480208333333 0.8205110859375001 0.27520324583333333 0.8283120687500001 0.26927182916666664 0.8338844453125001 0.2690113375 0.8428299859375 0.2645990833333333 0.8476122374999999 0.25636241249999997 0.8491561828125 0.2509980875 0.8496956125 0.24588042291666667 0.8479908796875 0.23729795833333334 0.850508221875 0.21341552708333333 0.849443196875 0.20495293541666668 0.846284421875 0.20088185625000002 0.8497768859375 0.18631495416666669 0.847562115625 0.1732879625 0.8434887328125 0.1686106 0.8328436437500001 0.16748563125 0.8283155484375 0.16402774791666666 0.8191746406249999 0.16101016458333334 0.8026563437500001 0.14443307708333333 0.78620374375 0.13961047708333335 0.7797219453124999 0.14230992708333332 0.7754393578125 0.14890064791666668 0.7737709265625 0.16163487291666667 0.764465765625 0.16945890208333333 0.7626019656249999 0.17476329166666668 0.7589936671874999 0.17495693333333331 0.7527418156250001 0.1785692625 0.7453108265624999 0.18717938333333334 0.7439466921875 0.19083782291666665 0.7366056078125001 0.19859500208333333 0.73475218125 0.20998987291666668 0.7351723125 0.21528734791666665 0.7366367265625 0.21686644583333334 0.7393961124999999 0.22782101875 0.7415953234375 0.23171228541666666 0.7446140546875 0.23401754375 0.752705496875 0.23770825625 0.754814803125 0.2424524729166667 0.7525516171875 0.2546403520833333 0.751007671875 0.26000467708333336 0.7490937328125 0.26269029791666665 0.7483744921875 0.26951385 0.7512583640625 0.27309852291666664 0.7553265625 0.27473064375 0.7591699953125 0.278495125 0.77484284375 0.281432025
0 0.3935336484375 0.07733618541666668 0.3855424828125 0.07888300833333334 0.38476791875 0.08004255208333334 0.3773213703125 0.07951694999999999 0.368330878125 0.084355675 0.365652746875 0.09429132083333333 0.3609206328125 0.10514676041666667 0.3520304171875 0.11522302499999999 0.3503619875 0.12795724791666668 0.3509619296875 0.13154883541666668 0.3563199140625 0.13951118541666666 0.3611332828125 0.14954596041666665 0.3647018171875 0.15282403333333333 0.3697399484375 0.16072644583333334 0.3833588140625 0.16458314166666668 0.38778663125 0.1628034875 0.4001900546875 0.15034128958333334 0.40765043749999996 0.13216897083333332 0.4131173515625 0.1236257 0.413387065625 0.12106686666666668 0.41199181406249996 0.10645386041666667 0.404464009375 0.08503804375 0.399565921875 0.07890145624999999 0.3935336484375 0.07733618541666668
0 0.30489419375 0.6273951958333334 0.30581399062500003 0.63104671875 0.3075982578125 0.6326857541666667 0.3096021 0.6291471895833334 0.31188603125 0.6291402770833333 0.313025403125 0.6276141979166667 0.31256031875 0.6227431958333334 0.31009139218750004 0.6214107583333334 0.3079371328125 0.6170930145833334 0.30427869375 0.6146678854166667 0.3029041859375 0.61223584375 0.29943074687500004 0.6111500645833333 0.2865708859375 0.5969981041666668 0.2826773125 0.5906148541666667 0.280652725 0.5819724541666667 0.27270132812500003 0.5800475645833333 0.2695425546875 0.5759764833333333 0.26688344375 0.5702594520833333 0.2665584046875 0.567154275 0.26723269374999997 0.56075719375 0.271784996875 0.5516076416666666 0.2718247625 0.5481359270833334 0.26579248906249997 0.5465706583333334 0.26049501406250003 0.5473175583333333 0.24589237812500003 0.5558884875000001 0.2426143046875 0.5622325479166667 0.240835225 0.5636387520833334 0.24006584531250003 0.5678435354166667 0.2366529140625 0.5754670104166667 0.23449519218749998 0.59593766875 0.23747415625 0.6017146354166666 0.2431468078125 0.6066916812500001 0.2503392 0.6189118395833333 0.2573863609375 0.6263209291666667 0.2632837765625 0.6291656145833334 0.27237454843750003 0.6295644270833333 0.2831890734375 0.622893025 0.29177499375 0.6218925479166667 0.29520866875 0.6264500375 0.2970932140625 0.6333266125 0.2986025765625 0.6344792395833333 0.2998318546875 0.63210021875 0.30148126406250003 0.6350186708333333 0.30329492343750003 0.6270955125000001 0.30489419375 0.6273951958333334
0 1 0.44223430208333336 0.9964739953124999 0.4408197020833333 0.99403965 0.43297031041666667 0.9867729125 0.43073882083333337 0.9838389 0.42453538125 0.9788958593749999 0.4188252625 0.9744179031250001 0.41798614791666666 0.9707197000000001 0.41903273124999996 0.9660671187500001 0.42294474791666664 0.9592810234375 0.4347199854166667 0.9576523609375001 0.4439824958333333 0.95625364375 0.4541578875 0.9577284296874999 0.46182746875 0.9642257875 0.4682637416666667 0.9669748031250001 0.4731278291666667 0.973422021875 0.47694533333333333 0.9820580796874999 0.478563625 0.9909586671874999 0.47457784583333334 0.9992143609375 0.46742694791666667 1 0.46567889583333333 1 0.44223430208333336
0 0.527208425 0.11499717708333333 0.5250489796875 0.10763419375000001 0.5170318843749999 0.09395481041666667 0.5081952703125 0.08186144375 0.49845960468749995 0.07829751666666666 0.49580049531250003 0.07258048541666667 0.49377590781249997 0.06393808541666667 0.48888300625000003 0.060846737500000005 0.4853646109375 0.06018743333333333 0.478018340625 0.06489937083333333 0.47332599531249997 0.07228309791666666 0.47046286718749997 0.08087939166666666 0.468744296875 0.09099484583333334 0.46990441406250005 0.10164973125 0.46802159374999996 0.12260679791666668 0.47330523125 0.14055781666666667 0.4777935609375 0.14748741458333334 0.48305127031249995 0.150212225 0.491367475 0.15177058125 0.5055119343750001 0.16920753125000002 0.5094003218750001 0.17254553958333335 0.512918715625 0.17320484374999998 0.5194904203124999 0.16965245 0.5221737390625 0.16276204583333334 0.52513714375 0.15940329166666667 0.528729884375 0.1500739270833333 0.53229669375 0.12551836041666667 0.527208425 0.11499717708333333
0 0.12292490625000001 0.6363510395833334 0.1273025859375 0.6319526166666667 0.1313050859375 0.6218302458333334 0.1345226484375 0.6067769354166667 0.1341025171875 0.6014794604166667 0.13549604531249998 0.5882588291666667 0.1381793625 0.5813684229166667 0.139258225 0.57113309375 0.1362343078125 0.5657825979166666 0.1310215515625 0.5626313125000001 0.11914200156250002 0.560840125 0.11237492812500001 0.5569626854166666 0.10945128906249998 0.5568497291666666 0.10424890625000001 0.559788925 0.078681328125 0.5671749479166667 0.06448845156250001 0.5749528729166666 0.0634044046875 0.5821429604166667 0.064874003125 0.5867673 0.073800521875 0.598007725 0.074215465625 0.6002599583333333 0.07737424062500001 0.6043310375 0.081217675 0.6080955208333333 0.090453675 0.6133053979166667 0.08755078125 0.6253734041666666 0.088150721875 0.6289649895833332 0.0906697875 0.6329161979166666 0.09441813125000001 0.6344883833333334 0.09611249375 0.6369803624999999 0.1076272390625 0.6391380854166666 0.1116902484375 0.6377249666666667 0.11881694375 0.63819063125 0.12292490625000001 0.6363510395833334
0 0.0847914109375 0.5339631520833333 0.08164301093750001 0.5359825541666667 0.0696337859375 0.538516025 0.061193096875 0.5443275666666667 0.058554731250000006 0.5507914979166666 0.056820603125 0.5517712312499999 0.0562811734375 0.5568888958333333 0.060219698437500004 0.562845675 0.061039217187499994 0.5612596604166666 0.07469266249999999 0.5585994020833334 0.08048980156249999 0.5562065500000001 0.0823587875 0.5539474020833333 0.086286940625 0.5538137 0.085642046875 0.5506485833333333 0.08678141874999999 0.54912250625 0.0907147578125 0.5520340416666667 0.0948175359375 0.5471492104166666 0.0954918234375 0.54075213125 0.0908236859375 0.5355284229166667 0.0847914109375 0.5339631520833333
0 0.8642118249999999 0.13291835416666667 0.8655915171874999 0.13839563958333334 0.8670559296875 0.13997473958333334 0.8687606640625001 0.1485572 0.8685860390625001 0.15330833124999999 0.8623393765625 0.15996590208333333 0.8613400468749999 0.16325780625 0.8622200765624999 0.17038104166666665 0.8661983671875 0.17286610833333332 0.8769835 0.17575690208333333 0.87863809375 0.18172059375000002 0.8828065703125001 0.18859025416666667 0.895695821875 0.19318002083333333 0.9017730484375001 0.19431881874999998 0.9079349953125 0.19155943125 0.9161561078125 0.19092548958333333 0.91990445 0.19249767499999998 0.928709946875 0.18631959583333335 0.9329475828125 0.18015534791666665 0.933672009375 0.17637703541666666 0.9369500828125 0.17003297708333334 0.9403924078125 0.15284730833333335 0.9457694156249999 0.14515698125 0.9500917687499999 0.13509454583333333 0.9480723671875 0.1294973875 0.9456034390625 0.12816495 0.9434491812499999 0.12384720833333333 0.943523528125 0.11385854166666666 0.9419536515625 0.1039966625 0.9436618484375 0.08779072708333334 0.9401728484375 0.07756922708333333 0.9357268765625 0.07673610625 0.9327314859375001 0.08008886666666666 0.9275688703125 0.07955635 0.9254699359374999 0.08090261875 0.9229664281250001 0.08608713333333333 0.9171641015625 0.08543474583333334 0.916339396875 0.08397551875 0.92081216875 0.08176939166666666 0.9225860625 0.07731794583333333 0.9174632109375 0.07331371874999999 0.913220390625 0.076432725 0.9110079750000001 0.07210408541666666 0.8816395609375001 0.06660080416666667 0.8807802765625 0.07165853125 0.8743330578125 0.06784102708333334 0.8659719000000001 0.06670914375 0.8574914437500001 0.0759924 0.8558022671875 0.07654566041666667 0.8537085203125001 0.08093717083333334 0.854993121875 0.08422215833333334 0.8540646765625001 0.10231379375 0.8632263312499999 0.1175123375 0.8642118249999999 0.13291835416666667
0 1 0.11806430625 0.992376475 0.12692704791666667 0.9859845796875 0.12877355416666666 0.9827912265625001 0.13121942708333334 0.9759843859374999 0.1308137 0.9695025859375 0.13351315000000002 0.9546509796875 0.15682387708333334 0.9540614109375 0.15932277083333332 0.957450134375 0.16430673125 0.9648119625 0.16873051875 0.9875267843750001 0.17603126666666666 1 0.17581467083333333 1 0.11806430625
0 0.99455115 0.5983119875 0.9942297968749999 0.59826626875 0.989527078125 0.5995595125000001 0.9866535781250001 0.602065325 0.9842399765625001 0.60639689375 0.9825058468750001 0.6073766291666666 0.9823813625 0.6147465249999999 0.98618503125 0.6219827208333334 0.9885346593750001 0.6337302979166667 0.99045896875 0.6371351583333333 0.99455115 0.5983119875
0 0.9508559453125001 0.20830020416666667 0.9278264546875 0.20398475833333332 0.9257275203124999 0.20533102708333334 0.9236493296875 0.21885825833333333 0.9155284937499999 0.22472973958333334 0.9084674984375001 0.23601856666666665 0.9013062234375001 0.24206985625 0.8970685890625001 0.24823410416666666 0.895484878125 0.2570701458333333 0.8966346218749999 0.2616345479166667 0.9012578078125 0.2672847291666667 0.9061956625 0.26994960416666663 0.9222782687500001 0.2720934979166667 0.9297196296875001 0.26957385625 0.9432434046875 0.27123825625000003 0.9480360296875 0.2690920645833333 0.950999434375 0.2657333104166667 0.9536481718750001 0.2653598625 0.95670148125 0.2611481625 0.9633371609375001 0.24151661875 0.9648707328125001 0.23006181041666668 0.9624865249999999 0.2248311875 0.9565389703125 0.21936773125 0.9508559453125001 0.20830020416666667
0 1 0.208199575 0.9893231468750001 0.21159442708333334 0.9854900843750001 0.21392042708333334 0.9779242375000001 0.22380996666666667 0.968344175 0.2311475875 0.9658856203124999 0.23590563125 0.9650263359375 0.24096335833333335 0.9606140765625 0.2518787375 0.956857084375 0.2720497104166667 0.9551039343750001 0.28868212083333333 0.9570783828125 0.29470575000000004 0.972341471875 0.2984356583333333 0.97345145 0.306471775 0.978619253125 0.31004953125 0.9831577218750001 0.31959789583333337 0.9952326421875 0.32881891874999997 1 0.33474477708333333 1 0.208199575
0 0.69406669375 0.4598241020833333 0.703287134375 0.45589825833333336 0.7068504828125 0.45613108958333337 0.7100887890625 0.45325874375 0.7104933625000001 0.44942049375 0.708249196875 0.44595569791666667 0.69457500625 0.43643499166666666 0.6832452578125 0.43561662083333336 0.6774930703125001 0.43758300208333334 0.6748045687500001 0.4414281645833333 0.6717011187499999 0.44302109375 0.6669378890625 0.4356050895833333 0.6644689609375 0.43427265 0.660590946875 0.4370251229166667 0.6591818593750001 0.4411100333333334 0.657082925 0.44245630208333336 0.653714946875 0.44965330416666666 0.6532204687500001 0.4543444979166667 0.651261578125 0.4574565895833333 0.6509019578124999 0.4608683645833333 0.6544653046875 0.46110119791666665 0.656439753125 0.46712482708333336 0.652442440625 0.48029243958333334 0.6517681515625 0.48668952083333333 0.6555666328124999 0.490880475 0.6597696890625 0.49123317916666664 0.66712114375 0.48956648333333336 0.6814990187500001 0.4831279125 0.68290810625 0.47904300208333334 0.68189321875 0.47319918333333333 0.6834873015625 0.470453625 0.688324878125 0.4678809625 0.69406669375 0.4598241020833333
0 1 0.17652815416666667 0.9906803734375 0.17705710833333335 0.9820443140625 0.17543881666666666 0.97436263125 0.17095509166666664 0.9585946921874999 0.16582589791666666 0.9548964890624999 0.16687248125 0.9526626968749999 0.1694981625 0.9486895890625 0.1700583375 0.9442721453124999 0.177928475 0.9417046625 0.19919214166666668 0.9429443125000001 0.2029036 0.94404391875 0.2048492354166667 0.951265703125 0.20750719791666666 0.9578183875 0.21960747916666667 0.9649105 0.22659009791666668 0.9683839421875 0.22767587291666666 0.9738162734375001 0.22564955833333336 0.9792434203125 0.22057800000000002 0.9842556218749999 0.21325420833333333 1 0.20809740833333334 1 0.17652815416666667
0 0.5218867078125 0.2892628770833333 0.52481553125 0.29242107708333337 0.5323122171875 0.29556544583333333 0.55447205 0.2988481375 0.56036428125 0.29864758333333336 0.5638774890625 0.2962616458333333 0.563772025 0.28797886666666667 0.562532375 0.28426740624999997 0.56329656875 0.27701738125 0.5667043140625 0.2663486666666667 0.5692717953125 0.24508500208333334 0.5683865796875 0.23491652500000001 0.566322225 0.2297458375 0.5661320421875 0.22536124166666666 0.5684056015625 0.21926384583333333 0.5689000796875 0.21457265416666665 0.572772909375 0.20877494166666669 0.578065196875 0.2049828 0.5815835921875 0.20564210416666664 0.582857821875 0.20283661041666667 0.5856414156249999 0.20118374375 0.5897096140625 0.2028158645833333 0.592123215625 0.19848429375 0.593706928125 0.18964825416666667 0.590302646875 0.17552856875 0.5900571390625 0.16547996666666667 0.5883627765624999 0.16298798541666668 0.583514828125 0.15947016458333335 0.5765731296875 0.1603438541666667 0.56585888125 0.17225279375 0.5616558281249999 0.17190008958333333 0.5534986875000001 0.15645488125 0.5510747140625 0.15469597083333333 0.5488755015625 0.15080470208333333 0.5461161156250001 0.13985013124999998 0.5424473046875 0.13133452083333333 0.5380592531249999 0.12964246041666666 0.5334965765625 0.13270153333333334 0.5306490078125 0.15043354791666666 0.5247775234375001 0.16281506666666665 0.5218694421875 0.17183783125 0.5189509906249999 0.1747701125 0.5114145375 0.17509745833333332 0.507711146875 0.17309880208333334 0.49352173437499997 0.15608832291666666 0.486165090625 0.15470977708333333 0.48069817812500004 0.16325304791666667 0.47412647343750003 0.16680544375 0.46647072187500005 0.177547925 0.464437484375 0.19064868541666666 0.46623212187499996 0.19837820416666666 0.4668476234375 0.2111055125 0.46521377187499996 0.21732278333333335 0.4636404328125 0.23224930416666664 0.46483513125 0.23638723541666667 0.4654212359375 0.25867674166666665 0.46734554843750004 0.26208160208333336 0.46685107031250006 0.26677279375 0.4714898140625 0.2815586979166667 0.4761078140625 0.2841636375 0.4841940703125 0.2848091104166667 0.49916669843749994 0.27891688750000004 0.50465435625 0.28255457916666665 0.5075382281249999 0.28613925208333335 0.5218867078125 0.2892628770833333
0 0.19140625 0.5958333333333333 0.0046875 0.0020833333333333333
0 0.7885931562499999 0.06743066041666666 0.79146665625 0.06492484791666667 0.7852493859375 0.06202022708333333 0.7844748203125 0.06317976875 0.785254571875 0.06506546666666667 0.7871736953124999 0.0654250875 0.7885931562499999 0.06743066041666666
0 0.814440821875 0.06357628541666667 0.818918778125 0.0644154 0.8216574203125001 0.06318900416666667 0.8254559015625 0.06737995833333334 0.8374703109375 0.06789172916666668 0.8472561140625 0.074074425 0.8547476156249999 0.07417355416666667 0.8600399031249999 0.0703814125 0.8628641296874999 0.06308251666666667 0.79198116875 0.04979991666666667 0.7925005656249999 0.05511599166666667 0.794744728125 0.058580791666666666 0.792886115625 0.06693042083333332 0.7944456203125 0.07070181666666667 0.798923575 0.07154093125 0.8001079000000001 0.06958838333333334 0.8047207140625 0.06914808125 0.8065447484374999 0.06731540416666666 0.8106578984375 0.06852105416666668 0.814440821875 0.06357628541666667
0 0.924648659375 0.21556635625 0.9249477687500001 0.20344532708333332 0.91990445 0.19249767499999998 0.9121380484375001 0.19191213541666666 0.9013632890625001 0.19511182500000002 0.8854604937499999 0.1912620458333333 0.8832664671874999 0.19041601458333332 0.8792380359375 0.18531218125 0.8775834421875001 0.17934848541666665 0.8734651046874999 0.17509759791666665 0.8609907984375 0.17276006458333332 0.858297109375 0.1735599875 0.8529650546875001 0.18082383958333334 0.8500777171875 0.20202756875 0.85224235 0.21243579166666665 0.8523478140625 0.22071857083333332 0.85367736875 0.2235770875 0.8529736859374999 0.2395363625 0.8551279453125 0.24385410416666667 0.8695663296875 0.2461247875 0.8751836578125 0.24543782291666666 0.8835500015625 0.24961494583333332 0.8913164015625 0.2502004854166667 0.8961090265625 0.24805429375000002 0.9062337062499999 0.23864425 0.913434746875 0.2291212479166667 0.9136145578124999 0.22741535833333335 0.9217803453125001 0.22111740833333335 0.924648659375 0.21556635625
0 0.761106403125 0.31582410833333335 0.7638346734375 0.30850723333333335 0.764374103125 0.30338956875 0.768566784375 0.29765179375 0.771379775 0.28643673125 0.7690457046875 0.2838248770833333 0.755651603125 0.27783582083333336 0.7466403640625 0.27049358125 0.746635178125 0.26744834166666664 0.7438412109375 0.26301072708333334 0.743791071875 0.26039195833333334 0.7485231859375 0.24953651666666668 0.7493772843750001 0.24143354791666666 0.7463084156249999 0.23650952291666666 0.7410057546875 0.23421118125 0.7381668359375 0.23020003958333335 0.735637396875 0.22015835 0.7324336703125 0.21651374166666668 0.72297809375 0.21648146458333334 0.7137472781249999 0.21431682708333336 0.7100940265625 0.21493693958333332 0.7084100375 0.21853544166666666 0.7036226 0.22372687291666665 0.6994696828125 0.22599293541666665 0.6928582125 0.23301704374999999 0.688755434375 0.23790187499999998 0.686616734375 0.24271985416666667 0.68267128125 0.2863398770833333 0.6847805890625 0.29108409166666666 0.6855759 0.3021055125 0.6870005453125 0.307156325 0.689749559375 0.3120204125 0.6908543515625001 0.31701128958333336 0.6950228265625 0.32388094791666666 0.7008303375 0.32757857916666666 0.712984790625 0.329856175 0.7218905640625 0.32891563541666663 0.7322261703125 0.3360711479166667 0.7373438359375 0.33703013541666665 0.7420465562499999 0.3357368895833333 0.7483381703124999 0.3286528458333333 0.7539053625000001 0.32534711250000004 0.761106403125 0.31582410833333335
0 0.5428846125 0.65633545 0.537550834375 0.6357656625 0.5320182250000001 0.6325544437499999 0.5263161765625 0.6371395895833333 0.5237677171875 0.6427505791666667 0.52195405625 0.6506737375 0.5187658890625 0.6561648541666667 0.5179515578125 0.6607961062500001 0.5140787296875 0.6665938229166667 0.5126852000000001 0.6798144541666667 0.5155293046875 0.6868708375 0.521622090625 0.6971453604166666 0.5227718359375 0.7017097645833333 0.5252459484374999 0.7060874416666666 0.5291792875 0.7089989812499999 0.5326527296875 0.71008475625 0.5361209859375 0.7081252916666667 0.5372499859375 0.70050873125 0.532301759375 0.691753375 0.53141654375 0.6815848979166667 0.5348294734375 0.6739614208333333 0.5435001125000001 0.6690627604166667 0.5450890109375 0.6632719604166667 0.544349025 0.65791455 0.5428846125 0.65633545
0 0.23020748750000003 0.27766041875 0.24039786406250002 0.28000486874999997 0.25087351406249997 0.28892620625000004 0.2609290328125 0.29255007083333334 0.26294324687500004 0.29510198541666666 0.27308867187499997 0.29787290625 0.2766969703125 0.29767926666666666 0.27792624843749997 0.29530024374999997 0.2805749859375 0.29492679375 0.285907040625 0.28766293958333333 0.28859035781250003 0.28077253541666664 0.2903694390625 0.27936633125000004 0.2949217421875 0.2702167791666667 0.29528136250000003 0.26680500208333335 0.2963308296875 0.26613186875 0.29787477500000004 0.26076754375 0.3029768796875 0.25259080625 0.30434101562500004 0.24893236875 0.3058694015625 0.23443232083333332 0.30855271875 0.22754191666666665 0.309137103125 0.22199777916666666 0.3153837671875 0.21534020625 0.316607859375 0.20991594375 0.3114746359375 0.19982123333333332 0.31004998906250003 0.19477041875 0.3069361671875 0.19027286666666668 0.301567809375 0.17622003541666667 0.29222634687500004 0.16272737708333332 0.2919358859375 0.15310524583333332 0.28982657968750003 0.14836103125 0.289586259375 0.14135766875 0.2862822546875 0.13247552291666667 0.28046955625000003 0.12573265208333334 0.27644631249999996 0.12367405833333334 0.267535353125 0.12156935625 0.2504983703125 0.12229089583333333 0.246710259375 0.12419042500000001 0.24256252968749997 0.12950172708333332 0.2345661796875 0.12800330833333334 0.230458215625 0.12984290208333332 0.2216872984375 0.12950402708333333 0.21580025468750003 0.13274982083333334 0.213516325 0.13275673541666666 0.1979541265625 0.14114785416666667 0.19097785 0.14853849791666668 0.1924128671875 0.15967979375 0.1945671265625 0.16399753541666667 0.1922036625 0.17094787708333334 0.1841329671875 0.179438125 0.183228728125 0.18492232291666666 0.18410357187499998 0.18900032083333332 0.1818957125 0.20685220833333334 0.1818818765625 0.22555012708333333 0.183586609375 0.23413258958333336 0.1836471203125 0.24284183958333333 0.184931721875 0.24612682916666667 0.1885002546875 0.24940490208333335 0.192338503125 0.2501241416666667 0.1978261609375 0.2537618354166667 0.21729749062499998 0.26088968958333336 0.23020748750000003 0.27766041875
0 0.4323454578125 0 0.43101709843749997 0.012602352083333332 0.427524634375 0.02716925208333333 0.420788678125 0.04156326041666667 0.4205189640625 0.04412209166666667 0.42752117187499994 0.051957654166666666 0.4377063625 0.05125686041666667 0.44808692031249997 0.05798590208333333 0.4528000125 0.0627831375 0.454758903125 0.05967104375 0.46384448593750005 0.057024616666666667 0.472055228125 0.05030019166666667 0.47308913593749996 0.04049133541666667 0.47169388437500004 0.025878329166666665 0.466320340625 0.008780254166666666 0.46526050156250004 0.00336290625 0.4653335875 0 0.4323454578125 0
0 1 0.3358380041666667 0.99688205 0.3317373708333333 0.984487275 0.3224564125 0.9813734546875 0.31795886041666666 0.976985403125 0.31626680208333335 0.971693115625 0.32005894166666665 0.969829315625 0.32536333333333334 0.9669108625 0.32829561458333334 0.9643624015625001 0.33390660208333334 0.9636431609375 0.34073015625 0.9615044625 0.3455481354166666 0.95910641875 0.35901543124999996 0.9633596109375 0.36198690625 0.9719507171874999 0.36403166875 0.976013728125 0.3626185520833333 0.9837801296875 0.3632040875 0.9865291453125 0.368068175 0.9874039874999999 0.37214617083333335 0.9973903468750001 0.38880394166666665 1 0.3903491604166666 1 0.3358380041666667
0 0.9574691203125001 0.30956541875 0.9511619453125 0.30751373958333333 0.9397025265625001 0.31102002916666666 0.9383729703125001 0.3081615125 0.9400362156250001 0.29238204791666667 0.9387965656249999 0.2886705875 0.9352280328125 0.2853925145833333 0.9230735796875 0.28311491875 0.9165917796875 0.28581436875 0.9110297765625001 0.29216534166666663 0.908655940625 0.2930252 0.9027844546875 0.3054067208333333 0.8987715828124999 0.3094386083333333 0.8970927796874999 0.31608235 0.8976080015625 0.3235721208333333 0.9027809921875001 0.33019512083333336 0.9029314078124999 0.3380514270833333 0.90586541875 0.34425486666666666 0.9081700937500001 0.35642891666666665 0.9154022515625 0.36517736041666665 0.9239034515625001 0.36807506874999996 0.9367823328125 0.36657435208333333 0.9427592828125 0.36247561041666665 0.94636758125 0.36228197291666664 0.954583509375 0.3586027895833333 0.9601852796875001 0.3487801020833333 0.96338728125 0.32459106875 0.9621372609375 0.3147891291666667 0.9574691203125001 0.30956541875
0 0.3640205484375 0.4501649604166667 0.36945806718749996 0.45118388541666665 0.364705209375 0.4498583604166667 0.3640205484375 0.4501649604166667
0 0.3097698328125 0.5130614979166667 0.315477065625 0.5115215916666667 0.31574678125 0.5089627583333333 0.31875513906249997 0.50517753125 0.31947956718750004 0.5013992208333333 0.3244917671875 0.49407542708333335 0.3261256171875 0.48785815833333335 0.3310479140625 0.48138731041666666 0.332816621875 0.473890625 0.3315717859375 0.467133925 0.3320213109375 0.4628692020833334 0.3411068953125 0.46022277500000003 0.34466505468749997 0.45741036458333334 0.349692815625 0.4592222979166667 0.351297271875 0.46256722291666663 0.3538111515625 0.46347318958333333 0.3551856578125 0.46590523125 0.356414934375 0.4635262104166667 0.35901872031250004 0.46357923125 0.36020304531249997 0.46162668125 0.3608773328125 0.45522960208333335 0.363380840625 0.45004508750000005 0.36387531875 0.44535389375 0.36921774687500003 0.4441805208333333 0.36962231874999996 0.44034227291666667 0.3665136828125 0.43888996041666667 0.36545903125 0.43651785416666666 0.361166071875 0.43701809375 0.359106903125 0.43489264791666665 0.360745940625 0.43172061666666667 0.35397886562499997 0.4278431770833333 0.34519239218750003 0.41836857916666664 0.341444046875 0.41679639375 0.3383302265625 0.4122988416666667 0.335620978125 0.4039630416666667 0.3334719046875 0.40269053958333334 0.3286585359375 0.39265576458333334 0.325454809375 0.38901115833333333 0.3230308359375 0.3872522479166667 0.3153093859375 0.3862402375 0.3105617140625 0.38795995624999996 0.3073234078125 0.3908323020833333 0.302831615625 0.40869110625 0.2988239296875 0.4157682333333333 0.2965555578125 0.4249108729166667 0.2935921515625 0.4282696270833333 0.2859208421875 0.4298763854166667 0.273811340625 0.42717231875 0.26974833125000003 0.42858543541666666 0.2624815921875 0.42635394791666664 0.25541540937499996 0.43459753333333334 0.25286695 0.4402085229166667 0.251502815625 0.4438669604166667 0.2505588109375 0.452822875 0.2512486578125 0.4555615166666667 0.2507697390625 0.46938843124999996 0.25731205 0.4753982333333333 0.2612851546875 0.4748380583333333 0.263344321875 0.4769635020833333 0.26590315468750003 0.47744299583333333 0.268731703125 0.4753636583333333 0.27028602031250004 0.4760898125 0.2723451890625 0.4782152604166667 0.27496453125000003 0.4874040041666667 0.27953757968750004 0.49043541458333334 0.287089590625 0.49924379375 0.3028229484375 0.5108899458333334 0.3097698328125 0.5130614979166667