0 0.907475490625 0.10171568541666667 0.906556371875 0.12173202708333333 0.907475490625 0.125 0.9099264703125 0.12663398750000002 0.9099264703125 0.12949346458333333 0.907475490625 0.13153594791666667 0.906556371875 0.13480392083333334 0.9071691171875 0.14746732083333333 0.9099264703125 0.14869281041666668 0.917585784375 0.14746732083333333 0.9310661765624999 0.14011437916666666 0.9313725484375001 0.13480392083333334 0.9408700984375 0.13398692708333335 0.9427083328125001 0.13153594791666667 0.9445465687500001 0.12581699375 0.9460784312499999 0.11887255000000001 0.9460784312499999 0.11397058750000001 0.9479166671874999 0.10906862708333334 0.9469975484375001 0.09272875833333334 0.9433210781250001 0.08047385625 0.9243259796875 0.06372548958333334 0.9037990203125 0.060866012500000004 0.9013480390625 0.05841503333333333 0.8970588234375001 0.06004901875 0.8939950984375 0.058006535416666664 0.890318628125 0.06045751666666667 0.8897058828125 0.06331699375000001 0.8887867640625 0.08496732083333333 0.8939950984375 0.09027777708333334 0.9004289218749999 0.09395424791666666 0.907475490625 0.10171568541666667
0 0.1541053921875 0.46486928125000004 0.160539215625 0.47344771249999995 0.1681985296875 0.47875817083333333 0.171568628125 0.4791666666666667 0.17738970625 0.47630718958333335 0.18351715625 0.47099673124999997 0.18596813750000002 0.46568627500000004 0.1868872546875 0.45383986875000004 0.1853553921875 0.44158496666666663 0.18198529375 0.43382352916666667 0.177696078125 0.43423202708333336 0.172181371875 0.43790849583333336 0.167585784375 0.43872548958333335 0.16482843125 0.4440359479166667 0.162071078125 0.44444444375000003 0.1583946078125 0.44362745000000003 0.1556372546875 0.44035947708333334 0.1541053921875 0.43627451041666665 0.1470588234375 0.4358660125 0.1455269609375 0.43872548958333335 0.1455269609375 0.4440359479166667 0.147977940625 0.4522058833333333 0.1541053921875 0.46486928125000004
0 0.6890318625 0.13725490208333332 0.6927083328125 0.134395425 0.6920955875 0.13153594791666667 0.6868872546875 0.125 0.6856617640625 0.12132352916666668 0.68198529375 0.11968954166666666 0.6807598046875001 0.12132352916666668 0.6801470593750001 0.12295751666666667 0.6810661765625 0.12418300625 0.6810661765625 0.13684640625 0.6890318625 0.13725490208333332
0 0.69607843125 0.12091503333333334 0.698835784375 0.12254901875 0.701899509375 0.12091503333333334 0.7064950984375 0.11478758125 0.7095588234375 0.10334967291666668 0.70863970625 0.09722222291666666 0.703125 0.08537581666666667 0.700061275 0.08251633958333333 0.6893382359375 0.08210784375 0.6853553921875 0.08496732083333333 0.68351715625 0.08864379166666667 0.6825980390625 0.09803921666666666 0.684436275 0.1045751625 0.690257353125 0.11151960833333334 0.69607843125 0.12091503333333334
0 0.29932597968749997 0.484477125 0.3014705875 0.48488562083333336 0.30361519531250003 0.4877450979166667 0.306678921875 0.48815359375 0.316789215625 0.49591503333333337 0.3201593140625 0.5016339875 0.32107843125 0.5065359479166667 0.32444852968750004 0.5057189541666667 0.32475490156250003 0.5036764708333333 0.328431371875 0.5012254895833334 0.3302696078125 0.4983660125 0.332414215625 0.4893790854166667 0.33486519531250003 0.484477125 0.335477940625 0.4693627458333333 0.33149509843749997 0.4599673208333333 0.3275122546875 0.4550653604166667 0.3262867640625 0.4550653604166667 0.32107843125 0.44771241875 0.3174019609375 0.44566993541666666 0.306678921875 0.4464869270833333 0.30361519531250003 0.4489379083333333 0.29932597968749997 0.4489379083333333 0.296875 0.446895425 0.29319852968750004 0.4473039208333333 0.2889093140625 0.4513888895833333 0.2873774515625 0.4550653604166667 0.28676470625 0.46037581666666666 0.28829656875 0.47099673124999997 0.2919730390625 0.47875817083333333 0.29932597968749997 0.484477125
0 0.14215686249999998 0.16462418333333334 0.14460784375 0.17156862708333334 0.147977940625 0.17483660208333335 0.15318627499999998 0.17606209166666667 0.16482843125 0.17606209166666667 0.1783088234375 0.17238562083333334 0.18351715625 0.16870915 0.190257353125 0.16135620833333333 0.1927083328125 0.15522875833333333 0.1936274515625 0.15114379166666667 0.1936274515625 0.13970588333333334 0.18933823593750002 0.12908496666666666 0.18596813750000002 0.12377451041666668 0.180147059375 0.12050653541666666 0.1767769609375 0.11601307291666667 0.1697303921875 0.10988562083333334 0.1642156859375 0.10906862708333334 0.15441176406249998 0.11397058750000001 0.148897059375 0.11151960833333334 0.137867646875 0.11356209166666667 0.1360294125 0.115604575 0.134803921875 0.12704248333333334 0.1344975484375 0.14787581666666666 0.1354166671875 0.1535947708333333 0.13878676406249998 0.16053921666666668 0.14215686249999998 0.16462418333333334
0 0.6041666671875 0.23733660208333335 0.6047794125 0.240604575 0.6041666671875 0.26184640625 0.6056985296875 0.26470588333333334 0.6127450984375 0.2642973854166667 0.6185661765625 0.2610294125 0.6234681375 0.2565359479166667 0.6369485296875 0.23978758125 0.6384803921875 0.24019607916666666 0.640318628125 0.24387255 0.6439950984375 0.24387255 0.6470588234375 0.24305555625 0.6488970593750001 0.23856209166666667 0.6541053921875 0.23488562083333334 0.6614583328125 0.23856209166666667 0.6657475484375001 0.23202614375000002 0.667585784375 0.22385620833333333 0.6651348046875001 0.21650326875 0.6599264703125 0.21200980416666668 0.6580882359375 0.20833333333333334 0.6580882359375 0.19607843125000002 0.6623774515624999 0.18055555625 0.6626838234375 0.17483660208333335 0.6642156859375 0.171977125 0.6636029406249999 0.16993463958333335 0.6623774515624999 0.16789215625 0.6577818625 0.16666666666666666 0.6329656859375 0.16789215625 0.6302083328125 0.16993463958333335 0.625 0.17728758125 0.62101715625 0.18627451041666668 0.62101715625 0.19403594791666665 0.6225490203125 0.19730392083333334 0.6225490203125 0.20220588333333334 0.6197916671875 0.20383986875 0.6109068625 0.20547385624999998 0.6075367640625 0.20955882291666666 0.605085784375 0.2214052291666667 0.60232843125 0.22753267916666667 0.60232843125 0.234477125 0.6041666671875 0.23733660208333335
0 0.906556371875 0 0.906556371875 0.0016339875 0.9044117640625 0.004493464583333333 0.903186275 0.004493464583333333 0.903186275 0.005718954166666667 0.9047181375 0.006535947916666667 0.9056372546875 0.015522875 0.9044117640625 0.017156862499999998 0.90073529375 0.01756536041666667 0.8964460781250001 0.022058822916666665 0.8930759796875 0.022875816666666667 0.890318628125 0.03921568541666667 0.890318628125 0.0641339875 0.8970588234375001 0.05637255 0.90073529375 0.05841503333333333 0.9068627453125 0.058823529166666666 0.9114583328125001 0.060866012500000004 0.9286151953124999 0.06168300625 0.93198529375 0.06004901875 0.934742646875 0.05555555625 0.938725490625 0.05228758125 0.9436274515624999 0.05555555625 0.9463848046875001 0.05555555625 0.9494485296875 0.052696079166666666 0.9555759796875 0.0375817 0.9580269609375 0.03390522916666667 0.9580269609375 0.03186274583333333 0.9638480390625 0.022875816666666667 0.9696691171875 0.004493464583333333 0.965992646875 0.0016339875 0.965686275 0 0.906556371875 0
0 0.9880514703125 0.134395425 0.9935661765624999 0.12949346458333333 0.9935661765624999 0.12622548958333332 0.9895833328125001 0.11887255000000001 0.9745710781250001 0.1045751625 0.9724264703125 0.10498366041666667 0.971813725 0.11437908541666666 0.9733455875000001 0.1233660125 0.980085784375 0.13398692708333335 0.9880514703125 0.134395425
0 0.9552696078125 0.051879085416666665 0.954350490625 0.05024509791666667 0.952818628125 0.05024509791666667 0.9522058828125 0.0547385625 0.9537377453125 0.05555555625 0.9549632359375 0.05433006458333333 0.9552696078125 0.051879085416666665
0 0.9564950984375 0.0420751625 0.9555759796875 0.04942810416666667 0.9580269609375 0.046977124999999995 0.9580269609375 0.04289215625 0.9564950984375 0.0420751625
0 0.969975490625 0.09599673125000001 0.980085784375 0.10171568541666667 0.9868259796875 0.10988562083333334 0.9935661765624999 0.11478758125 0.995710784375 0.11478758125 0.9981617640625 0.11192810416666667 0.9993872546875 0.11192810416666667 0.9993872546875 0.1045751625 0.9978553921875 0.10416666666666667 0.9978553921875 0.10212418333333333 0.99601715625 0.09885620833333333 0.996936275 0.09599673125000001 0.99601715625 0.09191176458333333 0.996936275 0.08823529375 0.9926470593750001 0.08496732083333333 0.9935661765624999 0.07393790833333333 0.9950980390625 0.071895425 0.9935661765624999 0.06658496666666666 0.9966299015625 0.06004901875 0.996936275 0.053104575 0.9981617640625 0.05024509791666667 0.9993872546875 0.05024509791666667 0.9993872546875 0.0375817 0.9825367640625 0.0375817 0.9785539218749999 0.04452614375 0.97426470625 0.058006535416666664 0.9724264703125 0.058823529166666666 0.9681372546875 0.06454248333333333 0.9666053921875 0.06985294166666667 0.9666053921875 0.07638888958333333 0.9672181375 0.08537581666666667 0.969975490625 0.09599673125000001
0 0.9629289218749999 0.03186274583333333 0.9638480390625 0.031045752083333333 0.96323529375 0.028594770833333335 0.9623161765624999 0.03267973958333333 0.9629289218749999 0.033496731249999995 0.9638480390625 0.03308823541666667 0.9629289218749999 0.03186274583333333
0 0.9993872546875 0.021241829166666667 0.9975490203125 0.020833333333333332 0.99448529375 0.015114379166666667 0.99448529375 0.016748366666666667 0.9920343140625001 0.019199345833333333 0.9917279406249999 0.022875816666666667 0.9926470593750001 0.0249183 0.9993872546875 0.027777777083333333 0.9993872546875 0.021241829166666667
0 0.9748774515624999 0.01797385625 0.9757965687500001 0.015114379166666667 0.9739583328125001 0.015114379166666667 0.97273284375 0.01756536041666667 0.969975490625 0.01756536041666667 0.969975490625 0.020833333333333332 0.9748774515624999 0.01797385625
0 0.83210784375 0.04084967291666666 0.832414215625 0.03921568541666667 0.8305759796875 0.0375817 0.832414215625 0.03553921666666667 0.83210784375 0.03267973958333333 0.8314950984375 0.031045752083333333 0.8305759796875 0.031454247916666664 0.8296568625 0.03267973958333333 0.83210784375 0.03513071875 0.8296568625 0.036356208333333334 0.83210784375 0.04084967291666666
0 0.8075980390625 0.09558823541666667 0.80851715625 0.10620915 0.8109681375 0.11151960833333334 0.8177083328125001 0.11437908541666666 0.8244485296875 0.11437908541666666 0.8275122546875 0.115604575 0.83363970625 0.12295751666666667 0.8379289218749999 0.12540849583333333 0.844975490625 0.1233660125 0.8529411765624999 0.1233660125 0.858149509375 0.11968954166666666 0.8584558828125 0.11274509791666666 0.856617646875 0.10702614375 0.8498774515624999 0.090686275 0.8474264703125 0.08700980416666666 0.846507353125 0.0829248375 0.844056371875 0.07965686250000001 0.8412990203125 0.06944444375 0.8452818625 0.06903594791666667 0.8483455875000001 0.078022875 0.8523284312499999 0.07720588333333334 0.8523284312499999 0.06740196041666667 0.8560049015625 0.061274510416666664 0.8627450984375 0.05514705833333333 0.8661151953124999 0.043709149999999995 0.8642769609375 0.03553921666666667 0.8615196078125 0.02900326875 0.848039215625 0.02900326875 0.8455882359375 0.03267973958333333 0.8455882359375 0.03880718958333333 0.8446691171875 0.04125817083333334 0.8419117640625 0.043709149999999995 0.8354779406249999 0.0420751625 0.8330269609375 0.04289215625 0.8330269609375 0.049836602083333334 0.8339460781250001 0.051879085416666665 0.8330269609375 0.053921568749999996 0.8229166671874999 0.046977124999999995 0.8210784312499999 0.04452614375 0.815257353125 0.04411764791666666 0.8060661765624999 0.04575163333333333 0.8042279406249999 0.05841503333333333 0.8026960781250001 0.06290849583333333 0.8017769609375 0.06944444375 0.8026960781250001 0.08047385625 0.8036151953124999 0.08537581666666667 0.8075980390625 0.09558823541666667
0 0.2907475484375 0.26838235208333333 0.2974877453125 0.27655228750000005 0.29932597968749997 0.28308823541666667 0.3079044125 0.29901960833333335 0.3106617640625 0.3002450979166667 0.312806371875 0.2949346395833333 0.320772059375 0.2908496729166667 0.32444852968750004 0.29370915 0.3235294125 0.2924836604166667 0.32444852968750004 0.29159844791666667 0.32444852968750004 0.2810457520833333 0.320772059375 0.28308823541666667 0.31924019531250003 0.2810457520833333 0.316789215625 0.2806372541666667 0.30943627500000004 0.265522875 0.30698529375 0.25612745 0.306678921875 0.25122548958333335 0.30361519531250003 0.24387255 0.296875 0.23325163333333335 0.28982843125 0.2250817 0.285539215625 0.22303921666666668 0.282475490625 0.22426470625 0.2791053921875 0.23406862708333334 0.2791053921875 0.23978758125 0.28431372499999996 0.25612745 0.28829656875 0.26184640625 0.2907475484375 0.26838235208333333
0 0.038296568749999996 0.40236928125000004 0.041053921874999996 0.4052287583333333 0.0474877453125 0.4056372541666667 0.053615195312499996 0.40400326875000003 0.061274509374999994 0.39869281041666665 0.0649509796875 0.3974673208333333 0.0661764703125 0.3954248375 0.0686274515625 0.39460784375 0.0701593140625 0.39133986875000004 0.06954656875000001 0.3872549020833333 0.066789215625 0.38316993541666666 0.0719975484375 0.37622548958333335 0.07107843124999999 0.3696895416666666 0.065257353125 0.3541666666666667 0.0643382359375 0.34926470625 0.0603553921875 0.3431372541666667 0.05698529375 0.3427287583333333 0.0462622546875 0.35130718958333335 0.038296568749999996 0.3643790854166667 0.037377451562500004 0.37173202708333336 0.0358455875 0.37581699375 0.0349264703125 0.3815359479166667 0.0358455875 0.3917483666666667 0.037377451562500004 0.3954248375 0.038296568749999996 0.40236928125000004
0 0.2647058828125 0.090686275 0.26960784375 0.09313725416666667 0.27726715625 0.09272875833333334 0.27818627500000004 0.09150326874999999 0.27818627500000004 0.08823529375 0.2763480390625 0.08496732083333333 0.27573529375 0.07965686250000001 0.272977940625 0.07393790833333333 0.26899509843749997 0.05841503333333333 0.266850490625 0.05555555625 0.2647058828125 0.05555555625 0.261335784375 0.05923202708333333 0.261335784375 0.08088235208333333 0.26225490156250003 0.08496732083333333 0.2647058828125 0.08864379166666667 0.2647058828125 0.090686275
0 0.2766544125 0 0.27573529375 0.004493464583333333 0.27818627500000004 0.01184640625 0.2763480390625 0.01756536041666667 0.27726715625 0.021241829166666667 0.2763480390625 0.02573529375 0.284007353125 0.034313724999999996 0.28431372499999996 0.039624183333333333 0.2830882359375 0.04493463958333333 0.2797181375 0.05065359375 0.2797181375 0.052696079166666666 0.27726715625 0.053921568749999996 0.2763480390625 0.05718954166666667 0.281556371875 0.07148692708333333 0.289522059375 0.08700980416666666 0.29319852968750004 0.08864379166666667 0.2977941171875 0.08823529375 0.2990196078125 0.08333333333333333 0.304227940625 0.08251633958333333 0.304227940625 0.07434640625000001 0.305147059375 0.07148692708333333 0.31617647031249996 0.06004901875 0.3170955875 0.05637255 0.3229166671875 0.046977124999999995 0.3229166671875 0.03921568541666667 0.32138480468749997 0.034313724999999996 0.316789215625 0.027777777083333333 0.315257353125 0.022467320833333335 0.30698529375 0.004901960416666667 0.30085784375 0.0032679729166666667 0.2987132359375 0.0016339875 0.2984068625 0 0.2766544125 0
0 0.7833946078125 0.3590686270833333 0.7849264703125 0.3627450979166667 0.787071078125 0.36315359375 0.796568628125 0.37091503333333337 0.8033088234375001 0.37091503333333337 0.8072916671874999 0.36642156875 0.812193628125 0.3635620916666667 0.8235294124999999 0.36151960833333335 0.8290441171875 0.35539215625 0.83823529375 0.35089869375 0.840686275 0.34844771249999995 0.8416053921875 0.3451797395833333 0.83976715625 0.3435457520833333 0.8388480390625 0.34068627500000004 0.8363970593750001 0.33986928125000004 0.8296568625 0.33374182916666667 0.8262867640625 0.3325163395833333 0.825367646875 0.33047385625000003 0.8170955875000001 0.32434640625 0.7931985296875 0.32434640625 0.7892156859375 0.328022875 0.7876838234375 0.34068627500000004 0.78829656875 0.3500817 0.784313725 0.35539215625 0.7833946078125 0.3590686270833333
0 0.0719975484375 0.5849673208333334 0.077818628125 0.5723039208333333 0.0802696078125 0.5604575166666667 0.08210784374999999 0.5396241833333334 0.0814950984375 0.5257352937499999 0.078125 0.52900326875 0.077818628125 0.5310457520833334 0.0744485296875 0.5310457520833334 0.07107843124999999 0.52900326875 0.06770833281250001 0.5314542479166666 0.0646446078125 0.5367647062500001 0.062806371875 0.5441176479166666 0.0603553921875 0.5477941166666667 0.0579044125 0.5588235291666667 0.057598039062499995 0.5710784312499999 0.059436275000000004 0.5776143791666667 0.0661764703125 0.5849673208333334 0.0719975484375 0.5849673208333334
0 0.170649509375 0.109477125 0.172181371875 0.11274509791666666 0.181678921875 0.12091503333333334 0.186274509375 0.12254901875 0.1966911765625 0.1233660125 0.198835784375 0.125 0.202818628125 0.1233660125 0.2055759796875 0.11846405208333333 0.21292892187499998 0.11274509791666666 0.21476715624999998 0.10988562083333334 0.21537990156250003 0.10253267916666667 0.2193627453125 0.0984477125 0.22395833281250002 0.09640522916666666 0.22395833281250002 0.09395424791666666 0.22242647031249999 0.09272875833333334 0.21966911718749998 0.08578431458333333 0.215686275 0.08088235208333333 0.20710784375000002 0.07965686250000001 0.1994485296875 0.08006536041666666 0.1966911765625 0.08210784375 0.187806371875 0.08374182916666667 0.177696078125 0.0890522875 0.17095588281250002 0.09436274583333333 0.17003676406249998 0.09926470625 0.1724877453125 0.10334967291666668 0.1724877453125 0.10580065416666667 0.170649509375 0.109477125
0 0 0.24264705833333336 0.005821078125 0.24264705833333336 0.0094975484375 0.23978758125 0.012867646875 0.234477125 0.013786764062500002 0.22671568541666665 0.0180759796875 0.21568627499999998 0.026348039062500002 0.20996732083333333 0.026348039062500002 0.20220588333333334 0.023897059374999998 0.19771241875 0.022977940625000002 0.18790849583333333 0.01960784375 0.18178104583333335 0.0189950984375 0.178104575 0.0162377453125 0.17320261458333333 0.012867646875 0.16339869375 0.0061274515625 0.15277777708333332 0.0045955875 0.14787581666666666 0 0.14869281041666668 0 0.24264705833333336
0 0.9525122546875 0.2622549020833333 0.9546568625 0.2651143791666667 0.9598651953124999 0.26470588333333334 0.95863970625 0.2614379083333333 0.9546568625 0.25857843125 0.9522058828125 0.25449346458333333 0.948835784375 0.2516339875 0.9460784312499999 0.25367647083333333 0.9460784312499999 0.25857843125 0.9494485296875 0.26184640625 0.9525122546875 0.2622549020833333
0 0.9509803921875 0.24101307291666665 0.9598651953124999 0.2532679729166667 0.9620098046875001 0.2540849666666667 0.9662990203125 0.259395425 0.9724264703125 0.2642973854166667 0.9757965687500001 0.2642973854166667 0.980085784375 0.2610294125 0.9828431375 0.25694444375 0.9849877453125 0.2557189541666667 0.9852941171875 0.25367647083333333 0.9932598046875001 0.24305555625 0.9932598046875001 0.23774509791666668 0.9917279406249999 0.23284313750000002 0.9666053921875 0.20220588333333334 0.9555759796875 0.19771241875 0.9482230390625 0.20588235208333333 0.9436274515624999 0.21446078333333332 0.9411764703125 0.2234477125 0.9420955875000001 0.23202614375000002 0.9460784312499999 0.23733660208333335 0.9509803921875 0.24101307291666665
0 0.9169730390625 0.29738562083333336 0.919117646875 0.2949346395833333 0.9224877453125 0.2818627458333333 0.9286151953124999 0.2700163395833333 0.9295343140625001 0.265522875 0.9359681375 0.25735294166666667 0.9368872546875 0.25449346458333333 0.9359681375 0.25040849583333336 0.9307598046875001 0.25 0.92585784375 0.25204248333333334 0.917585784375 0.26184640625 0.9132965687500001 0.26470588333333334 0.9099264703125 0.27287581666666666 0.9080882359375 0.28799019583333335 0.909007353125 0.2965686270833333 0.9108455875000001 0.29820261458333336 0.9169730390625 0.29738562083333336
0 0.3743872546875 0.365604575 0.3728553921875 0.37377451041666665 0.376225490625 0.37949346458333333 0.38204656875 0.384395425 0.387867646875 0.38521241875 0.4010416671875 0.38112745000000003 0.406556371875 0.37622548958333335 0.406556371875 0.37295751666666666 0.4047181375 0.36887254999999997 0.39368872499999996 0.35702614374999997 0.3890931375 0.35049019583333335 0.386335784375 0.33823529375 0.3844975484375 0.33700980416666665 0.3795955875 0.3374183 0.3771446078125 0.33823529375 0.373774509375 0.34191176458333333 0.3728553921875 0.3439542479166667 0.3728553921875 0.35375817083333333 0.3743872546875 0.3602941166666667 0.3743872546875 0.365604575
0 0.43198529375000005 0.18872548958333332 0.43443627500000004 0.19403594791666665 0.438725490625 0.19975490208333332 0.4420955875 0.22058823541666667 0.44362745156249994 0.22385620833333333 0.450367646875 0.23161764791666667 0.45618872499999996 0.23570261458333333 0.4598651953125 0.23488562083333334 0.46139705937500003 0.2160947708333333 0.4607843140625 0.20547385624999998 0.46568627500000004 0.19934640625 0.46568627500000004 0.19199346458333333 0.4641544125 0.19035947708333334 0.4598651953125 0.178104575 0.4577205875 0.17524509791666668 0.452818628125 0.17156862708333334 0.44914215625000004 0.17238562083333334 0.447303921875 0.17116013125 0.44607843125 0.1625817 0.4393382359375 0.15400326875 0.4353553921875 0.15400326875 0.43259803906250005 0.16135620833333333 0.43351715625000004 0.16584967291666666 0.43351715625000004 0.18014705833333336 0.43198529375000005 0.18300653541666667 0.43198529375000005 0.18872548958333332
0 0.14154411718749998 0.115604575 0.1372549015625 0.115604575 0.137867646875 0.1172385625 0.1369485296875 0.12091503333333334 0.13878676406249998 0.11683006458333334 0.14154411718749998 0.115604575
0 0.12591911718749998 0.004493464583333333 0.125306371875 0.004901960416666667 0.12653186249999998 0.00612745 0.1271446078125 0.004901960416666667 0.12591911718749998 0.004493464583333333
0 0.140625 0.022875816666666667 0.14154411718749998 0.018382352083333334 0.14460784375 0.01633986875 0.144914215625 0.009803920833333334 0.1455269609375 0.00694444375 0.1473651953125 0.005718954166666667 0.1473651953125 0.0032679729166666667 0.13878676406249998 0.004493464583333333 0.139399509375 0.01184640625 0.137867646875 0.014705883333333334 0.137867646875 0.022467320833333335 0.140625 0.022875816666666667
0 0.160539215625 0 0.156556371875 0.009803920833333334 0.1556372546875 0.017156862499999998 0.1541053921875 0.020833333333333332 0.15226715625 0.03267973958333333 0.1482843140625 0.04820261458333333 0.147977940625 0.05514705833333333 0.14307597968750002 0.07148692708333333 0.14215686249999998 0.08210784375 0.1439950984375 0.08741829999999999 0.160539215625 0.09109477083333334 0.1642156859375 0.09313725416666667 0.171568628125 0.09272875833333334 0.1795343140625 0.08578431458333333 0.1822916671875 0.08537581666666667 0.18443627499999998 0.08333333333333333 0.202818628125 0.07924836666666667 0.20465686249999998 0.07557189583333333 0.20465686249999998 0.06699346458333334 0.211397059375 0.06045751666666667 0.2123161765625 0.049836602083333334 0.21476715624999998 0.04820261458333333 0.22150735312499997 0.04738562083333333 0.22334558750000003 0.04452614375 0.22334558750000003 0.03717320208333333 0.22150735312499997 0.028186275 0.21966911718749998 0.00694444375 0.21415441249999997 0.0016339875 0.2138480390625 0 0.160539215625 0
0 0.42922794062499997 0 0.42922794062499997 0.005718954166666667 0.43014705937500003 0.009395425 0.43259803906250005 0.013071895833333335 0.43351715625000004 0.022058822916666665 0.440257353125 0.03267973958333333 0.44056372499999996 0.0359477125 0.4427083328125 0.03921568541666667 0.44454656875 0.046977124999999995 0.44699754843750006 0.05024509791666667 0.44699754843750006 0.051879085416666665 0.4512867640625 0.058823529166666666 0.452818628125 0.06331699375000001 0.45680147031249996 0.06658496666666666 0.4705882359375 0.0625 0.47732843125 0.05841503333333333 0.4865196078125 0.047794116666666664 0.48988970624999995 0.046568627083333335 0.49509803906250005 0.04003267916666667 0.5052083328125 0.03880718958333333 0.5137867640625 0.03390522916666667 0.5162377453125 0.030228758333333335 0.5180759796875 0.019607843750000003 0.521446078125 0.01184640625 0.5223651953124999 0 0.42922794062499997 0
0 0.41819852968750004 0.21323529375 0.420649509375 0.21568627499999998 0.42432597968749997 0.22589869375 0.427696078125 0.23161764791666667 0.42922794062499997 0.23202614375000002 0.43412990156250003 0.23774509791666668 0.4427083328125 0.25612745 0.4537377453125 0.26633986875 0.45649509843749997 0.2675653604166667 0.45649509843749997 0.2622549020833333 0.4540441171875 0.2610294125 0.45067402031250003 0.2549019604166667 0.450367646875 0.23692810416666665 0.44883578437500005 0.23284313750000002 0.43443627500000004 0.21446078333333332 0.43198529375000005 0.20588235208333333 0.43014705937500003 0.20424836666666665 0.42524509843749997 0.19444444375 0.421875 0.19158496666666666 0.41819852968750004 0.19240196041666666 0.4166666671875 0.19403594791666665 0.4142156859375 0.19934640625 0.4142156859375 0.20506536041666665 0.4166666671875 0.20833333333333334 0.41819852968750004 0.21323529375
0 0.8186274515624999 0.18382352916666667 0.81801470625 0.1891339875 0.81801470625 0.2124183 0.8186274515624999 0.2214052291666667 0.8204656859374999 0.22834967291666666 0.8229166671874999 0.234477125 0.8272058828125 0.23774509791666668 0.8379289218749999 0.23325163333333335 0.842524509375 0.23488562083333334 0.8498774515624999 0.24632352916666667 0.8517156859374999 0.25735294166666667 0.855085784375 0.2651143791666667 0.859068628125 0.2642973854166667 0.8615196078125 0.25 0.8609068625 0.22916666666666666 0.862132353125 0.22630718958333332 0.8670343140625001 0.2234477125 0.8685661765624999 0.21691176458333333 0.8682598046875001 0.1891339875 0.86948529375 0.18545751666666668 0.8651960781250001 0.18259803958333334 0.8599877453125 0.17442810416666665 0.856617646875 0.1589052291666667 0.8523284312499999 0.1499183 0.8489583328125001 0.14869281041666668 0.83823529375 0.14869281041666668 0.823835784375 0.15073529375 0.8204656859374999 0.1535947708333333 0.81801470625 0.1589052291666667 0.8186274515624999 0.16911764791666667 0.8195465687500001 0.17075163333333335 0.8195465687500001 0.18300653541666667 0.8186274515624999 0.18382352916666667
0 0.99448529375 0.3815359479166667 0.9966299015625 0.38194444375000003 0.9975490203125 0.38521241875 0.99601715625 0.39624182916666667 0.996936275 0.40032679791666664 0.9993872546875 0.4011437916666667 0.9993872546875 0.33823529375 0.99448529375 0.33823529375 0.9901960781250001 0.34109477083333334 0.9877450984375 0.3439542479166667 0.983149509375 0.3545751625 0.9806985296875 0.35784313749999996 0.980085784375 0.38316993541666666 0.9834558828125 0.3860294125 0.98835784375 0.3860294125 0.99448529375 0.3815359479166667
0 0.313725490625 0.27450980416666665 0.32138480468749997 0.2818627458333333 0.32444852968750004 0.2900326791666667 0.32444852968750004 0.29289215625 0.32475490156250003 0.2822712416666667 0.3272058828125 0.27573529375 0.33210784375 0.2749183 0.337928921875 0.27205882291666666 0.3416053921875 0.27205882291666666 0.344056371875 0.26960784375 0.3458946078125 0.2651143791666667 0.3431372546875 0.25449346458333333 0.34068627500000004 0.25122548958333335 0.33976715625 0.24673202708333333 0.33486519531250003 0.24101307291666665 0.3287377453125 0.240604575 0.3216911765625 0.24264705833333336 0.313725490625 0.24305555625 0.306678921875 0.2516339875 0.3060661765625 0.2565359479166667 0.30851715625 0.2642973854166667 0.3125 0.2704248375 0.313725490625 0.27450980416666665
0 0.302696078125 0.43872548958333335 0.3060661765625 0.4440359479166667 0.315257353125 0.4440359479166667 0.3204656859375 0.4358660125 0.3204656859375 0.43137254999999997 0.3189338234375 0.4297385625 0.31617647031249996 0.42238562083333336 0.315257353125 0.41176470625 0.3140318625 0.40808823541666667 0.30912990156250003 0.4068627458333333 0.29932597968749997 0.40931372499999996 0.2916666671875 0.42034313749999996 0.28982843125 0.4252450979166667 0.2987132359375 0.4309640520833333 0.3017769609375 0.43504901875 0.302696078125 0.43872548958333335
0 0.1145833328125 0.34599673124999997 0.125306371875 0.35702614374999997 0.1344975484375 0.35702614374999997 0.140625 0.3500817 0.14460784375 0.34844771249999995 0.146446078125 0.3357843145833333 0.14460784375 0.3300653604166667 0.140931371875 0.32516339791666665 0.1344975484375 0.3223039208333333 0.12653186249999998 0.3235294125 0.1228553921875 0.31985294166666667 0.1161151953125 0.31985294166666667 0.1102941171875 0.32434640625 0.1084558828125 0.32883986875000004 0.1084558828125 0.3349673208333333 0.109375 0.33782679791666664 0.1145833328125 0.34599673124999997
0 0 0.38357843125 0.0076593140625 0.3839869270833333 0.009803921875 0.3864379083333333 0.00857843125 0.39705882291666666 0.00704656875 0.40073529375 0.011335784375000001 0.40400326875000003 0.0193014703125 0.40359477083333334 0.0217524515625 0.40808823541666667 0.025428921875 0.4113562083333333 0.030024509375 0.4113562083333333 0.0321691171875 0.40931372499999996 0.0358455875 0.40849673124999997 0.0364583328125 0.3958333333333333 0.034007353125 0.38929738541666664 0.034007353125 0.3803104583333334 0.037377451562500004 0.37132352916666667 0.038296568749999996 0.3627450979166667 0.0444240203125 0.3517156854166667 0.0450367640625 0.3488562083333333 0.044117646875 0.3451797395833333 0.039522059375 0.33660130625 0.030024509375 0.32434640625 0.026348039062500002 0.31740196041666663 0.0232843140625 0.31576797291666664 0.0223651953125 0.31372548958333335 0.014705882812500001 0.31658496666666663 0.0110294125 0.321895425 0.0052083328125 0.3235294125 0.0033700984375 0.3247549020833333 0.0021446078125 0.32761437916666664 0.0018382359375 0.3349673208333333 0 0.33537581666666666 0 0.38357843125
0 0.094056371875 0.04125817083333334 0.0955882359375 0.042483660416666666 0.0955882359375 0.043709149999999995 0.094056371875 0.04452614375 0.0931372546875 0.049836602083333334 0.0955882359375 0.05637255 0.0955882359375 0.05964052291666667 0.10018382343750001 0.06576797291666667 0.109375 0.06617647083333333 0.11488970624999999 0.06045751666666667 0.1161151953125 0.05637255 0.12009803906250001 0.049836602083333334 0.12254902031249999 0.039624183333333333 0.1216299015625 0.034313724999999996 0.1127450984375 0.022058822916666665 0.1127450984375 0.0204248375 0.0998774515625 0.01633986875 0.0946691171875 0.018382352083333334 0.09375 0.022467320833333335 0.0903799015625 0.02614379166666667 0.0931372546875 0.03186274583333333 0.094056371875 0.04125817083333334
0 0.657475490625 0.32107843125 0.6614583328125 0.31617647083333333 0.66329656875 0.30923202708333336 0.669117646875 0.29738562083333336 0.6724877453125 0.29370915 0.67585784375 0.2875817 0.6786151953124999 0.2634803916666667 0.6801470593750001 0.25857843125 0.6801470593750001 0.25449346458333333 0.6792279406249999 0.25285947708333334 0.6743259796875 0.25204248333333334 0.6709558828125 0.25367647083333333 0.6639093140625 0.2610294125 0.6583946078125 0.26470588333333334 0.656556371875 0.2700163395833333 0.6556372546875 0.27736928125000004 0.6537990203125 0.27941176458333333 0.65226715625 0.28390522916666666 0.6513480390625 0.2875817 0.65226715625 0.31454248333333334 0.6541053921875 0.3190359479166667 0.657475490625 0.32107843125
0 0.33180147031249996 0.12949346458333333 0.333946078125 0.13684640625 0.3296568625 0.14256536041666665 0.327818628125 0.14297385624999998 0.325367646875 0.15073529375 0.325367646875 0.1548202604166667 0.3262867640625 0.15645424791666668 0.325367646875 0.16544117708333334 0.3272058828125 0.17524509791666668 0.3296568625 0.18218954166666668 0.33823529375 0.19403594791666665 0.3431372546875 0.19812091458333334 0.344975490625 0.20220588333333334 0.3489583328125 0.20465686249999998 0.35569852968750004 0.21650326875 0.36642156875 0.21895424791666668 0.3700980390625 0.21527777708333332 0.374693628125 0.20710784375 0.3860294125 0.19607843125000002 0.3897058828125 0.18872548958333332 0.387867646875 0.17320261458333333 0.3814338234375 0.15972222291666668 0.3768382359375 0.14460784375 0.366727940625 0.11846405208333333 0.36182597968749997 0.10906862708333334 0.3532475484375 0.10171568541666667 0.35232843125 0.096813725 0.34926470625 0.09558823541666667 0.3452818625 0.09150326874999999 0.33486519531250003 0.09191176458333333 0.33149509843749997 0.09395424791666666 0.327818628125 0.10089869375 0.32475490156250003 0.11805555625 0.32444852968750004 0.12622548958333332 0.325367646875 0.12949346458333333 0.327818628125 0.13316993541666666 0.33180147031249996 0.12949346458333333
0 0.3422181375 0.07761437916666666 0.33823529375 0.07434640625000001 0.335477940625 0.07843137291666666 0.3345588234375 0.08210784375 0.337928921875 0.08251633958333333 0.3416053921875 0.08047385625 0.3422181375 0.07761437916666666
0 0.36488970625 0.08700980416666666 0.366727940625 0.08823529375 0.3658088234375 0.09272875833333334 0.3685661765625 0.10661764791666667 0.379289215625 0.13194444375 0.3802083328125 0.13643790833333333 0.3826593140625 0.14011437916666666 0.384803921875 0.14787581666666666 0.3887867640625 0.15318627499999998 0.393382353125 0.15400326875 0.40073529375000005 0.15849673125 0.4047181375 0.1589052291666667 0.4071691171875 0.1576797395833333 0.40931372499999996 0.1535947708333333 0.409007353125 0.13766339791666665 0.4080882359375 0.13357843125000002 0.4080882359375 0.10988562083333334 0.39736519531250003 0.09313725416666667 0.390625 0.09272875833333334 0.38694852968750004 0.08823529375 0.38357843125 0.08619281041666667 0.3768382359375 0.08455882291666666 0.391850490625 0.07761437916666666 0.3927696078125 0.07434640625000001 0.390625 0.06944444375 0.38756127500000004 0.06617647083333333 0.3802083328125 0.06372548958333334 0.36488970625 0.0625 0.356617646875 0.06372548958333334 0.3532475484375 0.06903594791666667 0.3532475484375 0.07352941249999999 0.3575367640625 0.08251633958333333 0.36243872499999996 0.08741829999999999 0.36488970625 0.08700980416666666
0 0.6685049015625 0.3590686270833333 0.669117646875 0.3627450979166667 0.6752450984375 0.3733660125 0.6853553921875 0.37826797291666664 0.6890318625 0.37826797291666664 0.6979166671875 0.375 0.708946078125 0.37867647083333333 0.7150735296875 0.37867647083333333 0.7172181375 0.37622548958333335 0.719975490625 0.3672385625 0.719056371875 0.35988562083333336 0.7169117640625 0.3549836604166667 0.7064950984375 0.3451797395833333 0.702818628125 0.3443627458333333 0.69761029375 0.34844771249999995 0.6911764703125 0.34640522916666666 0.6801470593750001 0.34599673124999997 0.6786151953124999 0.3431372541666667 0.6786151953124999 0.33700980416666665 0.67585784375 0.32271241875 0.671875 0.31740196041666663 0.6681985296875 0.31944444375000003 0.6626838234375 0.3316993458333333 0.6623774515624999 0.3349673208333333 0.6642156859375 0.34599673124999997 0.6694240203125 0.3517156854166667 0.6685049015625 0.3590686270833333
0 0.40226715625000004 0.25449346458333333 0.406556371875 0.26307189583333335 0.407475490625 0.26715686250000004 0.4142156859375 0.2806372541666667 0.41819852968750004 0.28594771249999995 0.4286151953125 0.2965686270833333 0.43504902031250003 0.3002450979166667 0.4420955875 0.3018790854166667 0.4454656859375 0.3002450979166667 0.4454656859375 0.2965686270833333 0.44178921562499995 0.28676470625 0.4307598046875 0.26797385625000003 0.42524509843749997 0.2622549020833333 0.4142156859375 0.2557189541666667 0.4114583328125 0.25204248333333334 0.40287990156250003 0.24550653541666667 0.397977940625 0.23937908541666666 0.39399509843749997 0.23202614375000002 0.390931371875 0.23325163333333335 0.3921568625 0.23692810416666665 0.396446078125 0.24346405208333335 0.39736519531250003 0.24754901875 0.40226715625000004 0.25449346458333333
0 0.265318628125 0.05555555625 0.27879902031250003 0.05228758125 0.2806372546875 0.05024509791666667 0.284007353125 0.0420751625 0.2830882359375 0.031454247916666664 0.2794117640625 0.027777777083333333 0.273897059375 0.028186275 0.26930147031249996 0.03063725416666667 0.2640931375 0.027777777083333333 0.254289215625 0.028186275 0.250306371875 0.03267973958333333 0.2493872546875 0.0420751625 0.254289215625 0.05024509791666667 0.259803921875 0.05514705833333333 0.265318628125 0.05555555625
0 0.73988970625 0 0.73835784375 0.0032679729166666667 0.7359068625 0.004493464583333333 0.7359068625 0.0249183 0.7392769609375 0.031045752083333333 0.7533700984375 0.031454247916666664 0.754289215625 0.03267973958333333 0.751225490625 0.036356208333333334 0.74601715625 0.03921568541666667 0.7478553921875 0.03921568541666667 0.751225490625 0.042483660416666666 0.7579656859375 0.04003267916666667 0.7622549015625 0.04084967291666666 0.769914215625 0.036356208333333334 0.765318628125 0.03186274583333333 0.7619485296875 0.03186274583333333 0.759803921875 0.029411764583333333 0.77573529375 0.024509804166666666 0.7791053921875 0.020833333333333332 0.7806372546875 0.015114379166666667 0.78676470625 0.009395425 0.78829656875 0.005718954166666667 0.78676470625 0 0.73988970625 0
0 0.5474877453125 0.11601307291666667 0.5474877453125 0.12581699375 0.5450367640625 0.13357843125000002 0.542585784375 0.13725490208333332 0.5416666671875 0.14133986875 0.53676470625 0.1515522875 0.5376838234375 0.15318627499999998 0.5404411765625 0.15318627499999998 0.542585784375 0.1515522875 0.546875 0.15196078333333332 0.5474877453125 0.15522875833333333 0.5459558828125 0.1589052291666667 0.5444240203125 0.17279411666666666 0.5450367640625 0.17728758125 0.5484068625 0.1797385625 0.5514705875 0.18014705833333336 0.55392156875 0.18300653541666667 0.5575980390625 0.18872548958333332 0.559436275 0.1956699354166667 0.5649509796875 0.20098039166666667 0.5772058828125 0.22099673125 0.5796568625 0.22385620833333333 0.5854779406249999 0.22630718958333332 0.58823529375 0.22385620833333333 0.5888480390625 0.21813725416666668 0.5863970593750001 0.20179738541666667 0.5863970593750001 0.19035947708333334 0.5919117640625 0.1858660125 0.5955882359375 0.17851307291666665 0.60079656875 0.17238562083333334 0.60386029375 0.17238562083333334 0.6118259796875 0.18341503333333334 0.6167279406249999 0.1858660125 0.625 0.17524509791666668 0.6302083328125 0.16421568541666665 0.63204656875 0.15645424791666668 0.6329656859375 0.13235294166666667 0.6295955875 0.12091503333333334 0.626225490625 0.11642156875000001 0.620710784375 0.11274509791666666 0.621936275 0.10988562083333334 0.629289215625 0.10906862708333334 0.626225490625 0.10212418333333333 0.61488970625 0.08823529375 0.608149509375 0.08251633958333333 0.6020220593750001 0.071895425 0.594975490625 0.071895425 0.592524509375 0.07434640625000001 0.5916053921875 0.08210784375 0.5870098046875001 0.08265236875 0.5854779406249999 0.06985294166666667 0.583946078125 0.06699346458333334 0.5814950984375 0.06576797291666667 0.5729166671875 0.06617647083333333 0.5649509796875 0.06862744999999999 0.559436275 0.06740196041666667 0.551164215625 0.06985294166666667 0.5493259796875 0.071895425 0.5490196078125 0.07434640625000001 0.542585784375 0.08823529375 0.542585784375 0.09558823541666667 0.5459558828125 0.10089869375 0.5459558828125 0.11233660208333333 0.5474877453125 0.11601307291666667
0 0.8651960781250001 0.17687908541666666 0.8691789218749999 0.178104575 0.875 0.18218954166666668 0.874693628125 0.18341503333333334 0.8691789218749999 0.18545751666666668 0.87101715625 0.22385620833333333 0.8743872546875 0.2250817 0.8832720593750001 0.22385620833333333 0.8854166671874999 0.22181372500000002 0.89460784375 0.21813725416666668 0.90226715625 0.21282679791666667 0.90625 0.20833333333333334 0.9108455875000001 0.20669934583333335 0.9114583328125001 0.19403594791666665 0.9080882359375 0.18504901875 0.90625 0.17606209166666667 0.8988970593750001 0.16462418333333334 0.8995098046875001 0.16135620833333333 0.9044117640625 0.16176470625 0.906556371875 0.15441176458333333 0.9056372546875 0.13848039166666667 0.9071691171875 0.13194444375 0.906556371875 0.115604575 0.9080882359375 0.11151960833333334 0.907475490625 0.10171568541666667 0.90073529375 0.09436274583333333 0.890931371875 0.08700980416666666 0.8869485296875 0.08700980416666666 0.8835784312499999 0.08864379166666667 0.8795955875000001 0.09313725416666667 0.873774509375 0.09722222291666666 0.8670343140625001 0.10498366041666667 0.8667279406249999 0.109477125 0.8676470593750001 0.11029411666666666 0.8676470593750001 0.11274509791666666 0.87101715625 0.11805555625 0.871936275 0.1233660125 0.876225490625 0.13112745 0.8716299015625 0.13112745 0.8691789218749999 0.12826797291666667 0.8661151953124999 0.12132352916666668 0.8627450984375 0.12418300625 0.8618259796875 0.12826797291666667 0.8618259796875 0.14174836666666665 0.8599877453125 0.15972222291666668 0.8609068625 0.17156862708333334 0.8651960781250001 0.17687908541666666
0 0.7239583328125 0.2806372541666667 0.7233455875 0.2924836604166667 0.7306985296875 0.30392156875 0.734068628125 0.30392156875 0.737438725 0.3018790854166667 0.73988970625 0.29820261458333336 0.7450980390625 0.29411764791666667 0.7490808828125 0.28472222291666666 0.7552083328125 0.28349673124999997 0.75857843125 0.27900326875000003 0.7588848046875001 0.27205882291666666 0.7579656859375 0.2700163395833333 0.754289215625 0.2675653604166667 0.74448529375 0.2642973854166667 0.7417279406249999 0.25857843125 0.7389705875 0.2565359479166667 0.7352941171875 0.25122548958333335 0.734068628125 0.24673202708333333 0.731311275 0.24550653541666667 0.7276348046875001 0.24632352916666667 0.7233455875 0.25367647083333333 0.7224264703125 0.25816993541666666 0.7239583328125 0.26470588333333334 0.723039215625 0.27124182916666667 0.7239583328125 0.2806372541666667
0 0.211397059375 0.13398692708333335 0.210477940625 0.13684640625 0.211397059375 0.13970588333333334 0.2181372546875 0.14705882291666666 0.219975490625 0.15400326875 0.217524509375 0.16135620833333333 0.21415441249999997 0.16421568541666665 0.2123161765625 0.16748366041666665 0.2095588234375 0.18218954166666668 0.20649509843749997 0.1858660125 0.20526960781249998 0.19117647083333333 0.2055759796875 0.19934640625 0.210477940625 0.21364379166666667 0.210477940625 0.2173202604166667 0.2123161765625 0.22303921666666668 0.2123161765625 0.23692810416666665 0.21323529375 0.24264705833333336 0.2162990203125 0.25122548958333335 0.22334558750000003 0.2614379083333333 0.22732843125 0.26470588333333334 0.231311275 0.2651143791666667 0.234068628125 0.26307189583333335 0.23835784375000002 0.2565359479166667 0.24846813750000002 0.2565359479166667 0.2518382359375 0.2532679729166667 0.2552083328125 0.23570261458333333 0.2594975484375 0.22998366041666665 0.2604166671875 0.2201797395833333 0.2637867640625 0.20751633958333335 0.2637867640625 0.19934640625 0.2594975484375 0.18096405208333335 0.2640931375 0.17361111041666666 0.2662377453125 0.171977125 0.2662377453125 0.16952614375000002 0.26317402031250003 0.16421568541666665 0.259803921875 0.16339869375 0.25674019531250003 0.1609477125 0.250306371875 0.1535947708333333 0.242647059375 0.1499183 0.2325367640625 0.13970588333333334 0.22334558750000003 0.1360294125 0.21537990156250003 0.12949346458333333 0.2120098046875 0.12908496666666666 0.210477940625 0.13112745 0.2098651953125 0.12949346458333333 0.2095588234375 0.13071895416666665 0.207414215625 0.13112745 0.20772058750000003 0.12908496666666666 0.20465686249999998 0.12908496666666666 0.202818628125 0.12949346458333333 0.202818628125 0.13153594791666667 0.2107843140625 0.13194444375 0.211397059375 0.13398692708333335
0 0.6200980390625 0.04493463958333333 0.62101715625 0.046977124999999995 0.6286764703125 0.051879085416666665 0.634803921875 0.05024509791666667 0.6338848046875001 0.04493463958333333 0.6295955875 0.036764706249999994 0.6243872546875 0.0359477125 0.6185661765625 0.030228758333333335 0.6161151953124999 0.02614379166666667 0.6115196078125 0.025326797916666664 0.6102941171875 0.02573529375 0.6109068625 0.036356208333333334 0.6161151953124999 0.043709149999999995 0.6200980390625 0.04493463958333333
0 0.615196078125 0 0.615196078125 0.0012254895833333332 0.612438725 0.004084966666666667 0.612438725 0.008578431249999999 0.6142769609375 0.009395425 0.615196078125 0.01184640625 0.62101715625 0.015114379166666667 0.6268382359375 0.022875816666666667 0.6295955875 0.0249183 0.634803921875 0.023284314583333333 0.637561275 0.023692810416666665 0.639399509375 0.027777777083333333 0.640318628125 0.03390522916666667 0.6430759796875 0.038398693750000004 0.6439950984375 0.03880718958333333 0.6479779406249999 0.03553921666666667 0.65073529375 0.031045752083333333 0.65625 0.02614379166666667 0.659007353125 0.020016339583333334 0.6599264703125 0.014297385416666667 0.659007353125 0 0.615196078125 0
0 0.9868259796875 0.20833333333333334 0.9911151953124999 0.21854575208333332 0.9993872546875 0.21854575208333332 0.9993872546875 0.1589052291666667 0.99448529375 0.15972222291666668 0.9892769609375 0.16584967291666666 0.9868259796875 0.17156862708333334 0.9868259796875 0.18218954166666668 0.98835784375 0.1875 0.9865196078125 0.19607843125000002 0.9868259796875 0.20833333333333334
0 0.799938725 0.2908496729166667 0.7931985296875 0.2924836604166667 0.7931985296875 0.2965686270833333 0.799938725 0.30065359375 0.8213848046875001 0.3047385625 0.8262867640625 0.3047385625 0.8296568625 0.30228758125 0.8302696078125 0.29534313749999996 0.827818628125 0.28594771249999995 0.8195465687500001 0.2700163395833333 0.8195465687500001 0.26838235208333333 0.8177083328125001 0.26633986875 0.809742646875 0.26715686250000004 0.80698529375 0.26470588333333334 0.80238970625 0.2642973854166667 0.7977941171875 0.26470588333333334 0.7922794125 0.2675653604166667 0.791053921875 0.26838235208333333 0.791053921875 0.2724673208333333 0.80085784375 0.2863562083333333 0.799938725 0.2908496729166667