0 0.06388555 0 0.0629759953125 0.006239010416666666 0.0627594875 0.019772035416666667 0.0647433328125 0.025440695833333336 0.0707232578125 0.03261362708333333 0.07188910781249999 0.0366645125 0.0702153671875 0.04091663125 0.059430417187499994 0.04983622916666666 0.05661890625 0.05707360625 0.055170725 0.06700727708333334 0.0559416140625 0.07376734374999999 0.054850643750000004 0.08847950416666667 0.056928395312500005 0.100732775 0.06519321875 0.10428057083333334 0.07074074531249999 0.10478116458333334 0.0762130875 0.10338790625000001 0.082917103125 0.10559400208333333 0.0878909109375 0.11484912708333334 0.093805009375 0.12247358958333333 0.09655038593750001 0.1325569375 0.100085678125 0.13722192083333334 0.109666725 0.14860830208333334 0.11650239531249999 0.14991133958333333 0.12735316875 0.14054021041666667 0.1332769359375 0.13364085833333333 0.14168308125 0.12176178125 0.143356821875 0.1175096625 0.1486790984375 0.09545950833333333 0.1477671953125 0.08725712291666668 0.1441944625 0.07321061875 0.1445800625 0.06815605416666666 0.146460640625 0.064894725 0.1499020296875 0.06297509583333333 0.177235346875 0.06584185625 0.1806015484375 0.06202837708333333 0.18649723437500001 0.04809288333333333 0.1922241375 0.008809735416666666 0.19153779375 0.006288897916666666 0.18806381562500002 0 0.06388555 0
0 0.50796561875 0.41162642916666664 0.501788215625 0.4058080895833333 0.492470475 0.3926155833333333 0.4870546 0.39121193125 0.483556746875 0.3959284708333334 0.48082978125000003 0.4074050791666667 0.48098951406249996 0.4135381583333333 0.48522051250000003 0.42306935833333337 0.486978490625 0.4399256645833333 0.4907958109375 0.4474752854166667 0.4965595359375 0.45131204583333334 0.5019660499999999 0.45037031875 0.5113028171875 0.4513843895833333 0.5197464015625 0.44888683749999997 0.5252281015625 0.4498389583333333 0.529139634375 0.44710399791666666 0.5298637265624999 0.4421371625 0.5286320515625 0.4385378083333333 0.5204049734375 0.4275023375 0.51810135625 0.42643671041666664 0.5161926953125 0.4226619 0.513889078125 0.42159627083333334 0.50796561875 0.41162642916666664
0 0.5164285390625001 0.38008124791666664 0.5109281171875 0.3744383645833333 0.5029453187499999 0.37377520416666665 0.4961941953125 0.3767114020833333 0.4935708046875 0.38024880625 0.493862190625 0.38547882499999997 0.49774533749999994 0.39257691875 0.518458875 0.41434600625 0.5220035296875001 0.42135636875 0.52512514375 0.42403977291666667 0.5277672531250001 0.42519313125 0.5324967843749999 0.42407594583333336 0.5338413937500001 0.4220814770833333 0.5348946171875 0.41485698958333334 0.5343399265625 0.4114330916666667 0.5292909328125 0.4002841145833333 0.5279840703125 0.39479091250000004 0.5245897875 0.3915682479166666 0.51972860625 0.39358849375 0.5164285390625001 0.38008124791666664
0 0.870384346875 0.66534535625 0.8713717437499999 0.6585724000000001 0.869698003125 0.6628245208333333 0.870384346875 0.66534535625
0 0.8666047750000001 0.6503080625000001 0.8657867781249999 0.6486902854166666 0.8629471875 0.6488915229166667 0.8666047750000001 0.6503080625000001
0 0.86231761875 0.6267045791666667 0.8630697890624999 0.6287738854166667 0.86247735 0.6328376604166667 0.8661536578125 0.6389449625 0.874155175 0.6442988833333333 0.8830027687499999 0.65830671875 0.8877981265624999 0.6567380041666666 0.8926405890625 0.6500269979166667 0.8979909453125 0.6350129875 0.9018837578125 0.6275872645833334 0.9044790703125001 0.61701371875 0.9056920265624999 0.6159223145833334 0.906942728125 0.6073432354166666 0.9028808234374999 0.6062904958333333 0.894371721875 0.5923703854166666 0.885232434375 0.5900017229166666 0.878274471875 0.5919471291666666 0.8714010546875001 0.5981317666666667 0.8650823296875 0.6077403020833334 0.86231761875 0.6267045791666667
0 0.25516225625 0 0.2480004609375 0.00452185625 0.2453393234375 0.015546933333333334 0.23942491718749997 0.024791666666666667 0.23776989531249998 0.03373454583333334 0.23321881718749998 0.04567557291666667 0.22824470156249999 0.05328963958333333 0.2275864375 0.05780494375 0.23681962968749998 0.06675821875 0.2515719625 0.08604513541666667 0.26145375312499997 0.10500691875 0.2629768140625 0.11383629375 0.2713542640625 0.12865946458333333 0.2714294484375 0.13055331458333333 0.27857522343749996 0.14177713125 0.28196014375 0.14265441250000002 0.301094771875 0.12465265 0.304113121875 0.1184060625 0.30835378593749996 0.11341345 0.315631521875 0.10686501041666667 0.32055853125 0.10439323541666666 0.32644455 0.10498155416666667 0.3315783984375 0.10350056666666667 0.3356403046875 0.10455330624999999 0.344591471875 0.11062194375 0.35124838281250004 0.11797033125 0.35680526874999996 0.12081630208333333 0.36079198749999997 0.11997518958333334 0.363612859375 0.11508319375 0.368888028125 0.09817533541666666 0.37073116875 0.08553248125 0.3703739578125 0.08075399166666666 0.3660677734375 0.06932894375 0.359598984375 0.05828058333333333 0.3545028828125 0.052273897916666666 0.3518420515625 0.046429781249999996 0.3468211375 0.042316945833333335 0.34005129375 0.04056238125 0.32946413125 0.03125819166666667 0.325421253125 0.018027020833333334 0.3199021140625 0.007693377083333333 0.31773015 0.005724685416666667 0.31805928125 0.0034670354166666667 0.3163062421875 0 0.25516225625 0
0 0.579074153125 0.08048705625 0.5803154984375001 0.06956259791666668 0.5774478281250001 0.06272769166666667 0.5678290359375 0.05882897916666666 0.5635696515624999 0.059130831249999995 0.5579750171875 0.06377253125 0.556367103125 0.06757311875 0.553132553125 0.0704835375 0.5520793296875001 0.07770802291666666 0.550800546875 0.07925096041666667 0.5493713921875 0.07700619791666667 0.5503587890625 0.07023324166666667 0.549738271875 0.06726087500000001 0.547020975 0.06421366666666667 0.54370188125 0.06288485416666666 0.5405331578125 0.06534374166666666 0.5362360265625 0.07313326458333333 0.529362609375 0.07931790208333332 0.5216618375000001 0.08153938333333333 0.51588844375 0.09222643541666667 0.513941728125 0.11280848958333332 0.516141465625 0.13868251458333333 0.519958784375 0.14623213541666666 0.52403005 0.14963025625 0.532943778125 0.14631736875 0.53718444375 0.14132475625 0.5465867296875 0.15875649166666667 0.5511375000000001 0.16368465833333332 0.556891865625 0.16517603958333332 0.5636336281250001 0.1598944645833333 0.5715789890625 0.15117609999999998 0.576571825 0.14825279374999997 0.5842729046875 0.12916212083333334 0.588917890625 0.12380570625 0.5906952046875 0.11161438333333333 0.5876958812499999 0.10568253749999999 0.585458090625 0.10416537916666666 0.581170625 0.09743108958333332 0.5818947171875 0.09246425416666666 0.579074153125 0.08048705625
0 1 0.12022852499999999 0.9735790078125 0.11338089791666667 0.9721492984375001 0.11910203541666667 0.9679273531250001 0.12878541041666666 0.9653978671875001 0.13890742708333334 0.9660842109375001 0.14142826458333332 0.976934678125 0.14892632708333334 0.9888477296874999 0.1515452875 0.9961348234375 0.14734222916666667 1 0.14360861041666664 1 0.12022852499999999
0 0.5567031296875 0.2026144 0.5511649625 0.2044591875 0.54510954375 0.21226160000000002 0.5422509265625 0.22464126875 0.537897328125 0.2352277041666667 0.5358567078124999 0.24922514791666667 0.5416297921875 0.25540728958333336 0.5418553515625 0.26108883958333334 0.54370754375 0.2676605604166667 0.5503079859375 0.2778058583333333 0.5561375390625 0.28119108958333333 0.562832196875 0.28105180416666664 0.5651264546875 0.2797720541666667 0.56666854375 0.27642299375 0.5682483781250001 0.2655862625 0.5696588140625 0.2631402666666667 0.574303796875 0.2577838520833333 0.5814592390625 0.25448385208333335 0.5839509765625001 0.25184951041666664 0.587637259375 0.22656380625 0.58577570625 0.21764670416666665 0.576890365625 0.21112653750000002 0.570252175 0.20846891041666668 0.5682118625 0.20559716041666667 0.5567031296875 0.2026144
0 0.321398446875 0.45043103125 0.3200070390625 0.44069859375 0.31618972031250003 0.43314897291666665 0.3101626875 0.4311183333333333 0.3038065234375 0.4313453479166667 0.2972716 0.43761771041666664 0.29694246875 0.4398753625 0.2916956859375 0.4469501708333333 0.2876525 0.45058819375 0.2872575421875 0.45329737708333334 0.27919924687500003 0.46760956249999996 0.27847515624999997 0.47257639791666667 0.28092914687500004 0.477429725 0.2838439234375 0.4791223416666667 0.328054740625 0.49151780625 0.338933596875 0.48918281874999997 0.3391123546875 0.4831374666666666 0.3384260109375 0.48061662916666664 0.3365267109375 0.47918720000000004 0.3210877265625 0.4742486354166667 0.3197150375 0.46920696250000005 0.321398446875 0.45043103125
0 0.3761370671875 0.11832913958333333 0.3694517703125 0.12081380625 0.359748125 0.12954505833333335 0.35692725468750003 0.13443705416666668 0.35541324531249996 0.14482225416666666 0.3562683734375 0.17269074791666666 0.3625303234375 0.1827483166666667 0.36985485625000003 0.18792677916666667 0.382313240625 0.19162425624999999 0.38683593125 0.18951628333333334 0.3913021546875 0.19020522083333333 0.3953547 0.18891257916666668 0.3995201796875 0.18202611458333334 0.40144786562499996 0.17362249375 0.4049837765625 0.1445490875 0.402727265625 0.13834116875 0.39614554218750003 0.13288663125 0.38978001875 0.13076826458333332 0.38324540156250003 0.12017143541666667 0.3761370671875 0.11832913958333333
0 0.8019133703125 0.21696440625 0.7942313171875 0.22387664791666667 0.7901410234374999 0.2326569625 0.78590005 0.25451876875 0.7864547421875 0.25794266666666665 0.7924533874999999 0.26980635833333333 0.7966563046874999 0.27230141874999997 0.7994487875 0.2772424729166667 0.8032473875000001 0.2801013354166667 0.8107600406250001 0.28157982708333334 0.8194669296875 0.27727615 0.8232561703125001 0.27778963125 0.8261993343749999 0.26964919375 0.829763015625 0.264481125 0.8308914250000001 0.2591504875 0.8356587015624999 0.25054563125 0.836711925 0.24332114375 0.83574355625 0.23791566875 0.8310330531250001 0.22685441874999998 0.8280430921875 0.22326795416666664 0.8199099203125 0.21881709375 0.8124630937499999 0.21688707291666667 0.8019133703125 0.21696440625
0 1 0.4358622645833333 0.9994486828125 0.43544733750000003 0.9987623390625 0.4329265 0.9971357046874999 0.4320363291666667 0.9908737546875 0.4219787583333333 0.985928025 0.419759775 0.974240534375 0.42282236458333333 0.9710059843750001 0.42573278124999997 0.969266415625 0.43043643125000003 0.9700844125 0.43205421041666664 0.9689653625 0.4397302270833333 0.9603994874999999 0.44547622291666666 0.9512411703125 0.45528599166666667 0.9462951343749999 0.46993620208333337 0.9449314984375 0.4841091020833333 0.9472538359374999 0.4898654895833333 0.9574085999999999 0.4924973395833333 0.964169084375 0.49190652291666664 0.9616867046875001 0.4968862479166667 0.9598435625 0.5095291000000001 0.9606144546875001 0.5162891666666667 0.9678070265625 0.5392398854166667 0.9694430203125 0.5424754395833333 0.972357796875 0.5441680541666667 0.9856532031249999 0.5373048729166666 0.9965039796875 0.5279337458333333 1 0.52159641875 1 0.4358622645833333
0 0.918812678125 0.39580496666666665 0.9088176453125 0.39930619791666666 0.8913099609374999 0.4013289375 0.884568196875 0.4066105145833333 0.8821138984375001 0.4186263791666667 0.8839660921875 0.42519810208333336 0.8810510062500001 0.4403746791666666 0.8826963609374999 0.4459556125 0.8877172765625 0.45006844791666667 0.9019339453124999 0.4537530354166667 0.9164516687500001 0.44814383125 0.9245945062500001 0.438070875 0.9297193046875 0.4173753125 0.9374391031249999 0.4029754 0.9386239796875 0.39484785208333334 0.9378437312499999 0.38574240416666666 0.935596578125 0.38187986458333334 0.9300490531250001 0.3813792729166667 0.9249245625 0.38520564166666665 0.9216429078124999 0.39325835 0.918812678125 0.39580496666666665
0 0.0695609171875 0.35142280833333334 0.0640224421875 0.37013678958333335 0.067595175 0.3841832958333333 0.0708671625 0.3906544 0.0775898984375 0.39755125625 0.0878198484375 0.40207695416666667 0.10237501093750001 0.40584926875 0.1092671453125 0.40435539375 0.1127930796875 0.40667499791666667 0.1151154171875 0.41243138541666663 0.1188388328125 0.4133963958333334 0.129821259375 0.40312220833333334 0.1314950015625 0.39887008749999997 0.133384940625 0.3979541375 0.1355946546875 0.3924351541666667 0.139901146875 0.3869910125 0.1415468078125 0.3757027520833333 0.140832384375 0.36614577083333333 0.13858523125 0.36228323333333334 0.1219991171875 0.3579845479166667 0.0821415921875 0.3518718416666667 0.0695609171875 0.35142280833333334
0 0.514532934375 0.17622148958333334 0.5145894 0.17342457916666668 0.5072932546875 0.15841306458333332 0.49630177499999995 0.14947267708333334 0.494599953125 0.14668865833333333 0.48768909843749997 0.14349177083333334 0.4770361109375 0.13463911458333333 0.47020044062500005 0.13333607916666665 0.463928821875 0.13780232291666666 0.4571025140625 0.13884466875 0.4451236359375 0.13667724166666667 0.43579622812499996 0.13800854791666667 0.41952957968750004 0.14597602291666664 0.41320149375000004 0.15323917708333334 0.41241157656249994 0.15865754375 0.41504401875 0.17433471458333333 0.41817499375 0.17936349791666667 0.41989553281249997 0.18683828125 0.42055318281250004 0.21606136458333333 0.423401825 0.23507470416666668 0.427397903125 0.23657897291666666 0.4375997734375 0.23406853125000002 0.44348579375 0.23465685 0.4503966484375 0.23785373541666666 0.45205136250000005 0.24578004791666666 0.4505654328125 0.2632013916666667 0.4526809328125 0.26796699166666665 0.46213032500000006 0.28025643541666667 0.46810088906249997 0.2850839854166667 0.4747390796875 0.2877416104166667 0.4755570765625 0.28935938958333335 0.4826560515625 0.28885630208333335 0.48461181875000003 0.2874888208333333 0.48648303750000005 0.28188211041666666 0.4899150671875 0.27761710208333334 0.491654634375 0.27291345 0.49999495156249996 0.26148590416666667 0.5041323515625 0.2475633 0.5076960328125 0.24239523125 0.51029134375 0.23182168541666667 0.51601763125 0.22627692500000002 0.52202594375 0.22361680416666668 0.524752909375 0.21214019583333332 0.5243298703125 0.2078132375 0.5222801984375 0.20259610625000002 0.5219229875 0.19781761666666667 0.51926215625 0.1919735 0.5193186234375 0.18917658958333333 0.514532934375 0.17622148958333334
0 0.8406524624999999 0.19701474166666666 0.8412071531249999 0.20043864166666667 0.8461057750000001 0.20779991875 0.8587145312500001 0.21528509375 0.8685308031250001 0.21782921249999998 0.87481178125 0.21570835208333333 0.880067921875 0.21097892291666664 0.884299228125 0.20364092916666668 0.8922445874999999 0.19492256666666666 0.8985633125 0.18531403124999998 0.9004345328125 0.17970732083333332 0.9087371031249999 0.17576744583333334 0.9125921703125 0.17582939583333335 0.9181961640624999 0.17353307708333335 0.9205375296874999 0.16711103333333333 0.922117365625 0.15627430208333332 0.920885690625 0.15267495 0.921910834375 0.13841432083333333 0.91924064375 0.13022482083333334 0.9182629140625 0.12247396458333333 0.9091520140625 0.11027225 0.9018780171874999 0.09479788333333333 0.8639428765625 0.08496609166666666 0.8627976187499999 0.08607504375 0.861123878125 0.0903271625 0.8599577203125 0.10314547291666668 0.8564033999999999 0.11065892291666667 0.8539116625000001 0.11329326458333333 0.8527267859375 0.1214208125 0.8529710640625 0.131793125 0.8493696359375 0.14444886666666665 0.8474793875 0.16223400833333335 0.8406524624999999 0.19701474166666666
0 0.7318954984375 0.5502608145833333 0.7153093828125 0.5459621291666666 0.7101097078125 0.5478946479166668 0.706875159375 0.5508050645833333 0.702925571875 0.5778968916666667 0.7043640859375 0.5824870354166667 0.7095260140625 0.5880421895833333 0.7136818265625 0.5956795395833333 0.71875920625 0.5969954625 0.725989834375 0.5955893145833334 0.733229821875 0.5965285479166667 0.7421435515625 0.5932156625 0.7477381859375 0.5885739625 0.749647153125 0.5754795791666666 0.7475974812499999 0.5702624479166667 0.7466197515624999 0.5625115916666666 0.7428117921874999 0.55730735 0.7375275703125 0.5550006375 0.7318954984375 0.5502608145833333
0 1 0.56092853125 0.9933817484375 0.5589887270833334 0.989940359375 0.56090835625 0.9843928328124999 0.5604077645833333 0.975761128125 0.5666052916666667 0.9734291234375 0.5753727145833333 0.975892475 0.5825714229166666 0.9740025343750001 0.583487375 0.97158598125 0.5880155666666667 0.9690658578125 0.6004829625 0.9716043937500001 0.6095755208333333 0.9714914609375 0.6151693437500001 0.9736727859375 0.6194834145833333 0.9854541843750001 0.6230054333333332 0.9866106734375 0.6247109375 0.9776498374999999 0.6331661145833334 0.9748289671875 0.6380581104166667 0.9778282890625001 0.64398995625 0.9871931359375001 0.6520401708333333 1 0.5641927 1 0.56092853125
0 0.6415866968749999 0.3745630916666667 0.6157202828125 0.36645342291666666 0.6034029125 0.36419826666666666 0.5936899078125 0.37058413749999997 0.5903237046875 0.37439761458333337 0.5909629421875 0.38206074375000004 0.5939622640625 0.3879925895833333 0.5943194765625 0.39277107916666665 0.5984752875 0.40040842916666664 0.60186956875 0.40363109166666666 0.608977903125 0.4054733875 0.618709628125 0.40377827499999996 0.62615645625 0.40570829583333334 0.6359162609375 0.4110493270833333 0.6423005046875 0.41785845625 0.6512423125 0.4215817125 0.6583787265625001 0.4304601458333333 0.6637194140625 0.42996995 0.667696775 0.42678345833333337 0.6728683703125 0.4178147979166667 0.6741003546875 0.4045449583333333 0.673272996875 0.4005818020833333 0.6711668578125 0.39816158333333335 0.655633965625 0.38663841041666663 0.6461939343750001 0.37669434791666667 0.6415866968749999 0.3745630916666667
0 0.45133614062499994 0 0.45127542500000006 0.0005058875 0.45125639843750004 0.01268431875 0.45401113281249994 0.02511305 0.4557787796875 0.027445539583333334 0.4554119 0.03719086458333333 0.45616407187499997 0.03926017083333333 0.46070548125000005 0.04184295833333333 0.4724116921875 0.043471129166666664 0.47451783281250004 0.04589134583333333 0.46648761875 0.067239675 0.4634973484375 0.08052240208333333 0.4638545609375 0.08530089166666667 0.4671359078125 0.094117375 0.4722978359375 0.09967253125 0.47974466250000003 0.10160255416666668 0.4877181015625 0.09992033125000001 0.513481559375 0.08223081458333333 0.5277359749999999 0.07842773125 0.53103635 0.07506578124999999 0.5335374484375001 0.07477681875 0.5381072453125 0.06752655416666667 0.5388971640625 0.062108189583333334 0.5409187578125 0.06028917708333333 0.5422446453124999 0.05360395 0.5446611984375 0.049075756250000005 0.546570165625 0.03598137291666667 0.544294934375 0.025082691666666667 0.547435578125 0.015587664583333332 0.54624165 0.004500639583333333 0.5455741015625 0.0024532624999999996 0.5361083953125 0 0.45133614062499994 0
0 0.17574005625 0.08091781666666667 0.17318249218749998 0.08400369166666667 0.156163671875 0.08990186041666666 0.1536061078125 0.09298773333333334 0.1508604234375 0.09977357916666667 0.1472777140625 0.11712008125 0.14419353906250001 0.1238182 0.14028200625 0.12655316041666667 0.13503522343750002 0.13362796875 0.13008918593750002 0.14827817708333332 0.1318849125 0.15764681041666667 0.1329094421875 0.17712456875000002 0.13776095625 0.18962813750000002 0.13703686406249999 0.19459497291666666 0.1377793671875 0.21118809166666666 0.14059992968749999 0.22316528958333332 0.14013914375 0.22632600416666668 0.14177513749999998 0.22956155625000002 0.1480654765625 0.22978607499999998 0.15576625 0.22756459375 0.16842211093749998 0.22990747916666668 0.1732832953125 0.22788723333333336 0.17774951875 0.22857616875 0.1876035375 0.22363261874999998 0.19527623125 0.21437499791666664 0.1969406125 0.20777749583333333 0.1962355484375 0.2005659 0.197589825 0.18404761875 0.1952674875 0.17829122916666668 0.19282285625 0.17578328125 0.192597296875 0.1701017291666667 0.1963397390625 0.15888830833333334 0.1955688484375 0.15212823958333335 0.19765626875 0.14985769791666667 0.20152100156250002 0.1353958375 0.2008159390625 0.1281842375 0.201737509375 0.1218628125 0.21038823906249998 0.10348685416666667 0.2124098328125 0.10166784375 0.212193634375 0.09833167083333333 0.2103508 0.09410533125 0.2037032515625 0.089102325 0.191235509375 0.08305946666666666 0.1814192375 0.08051534791666667 0.17574005625 0.08091781666666667
0 1 0.14394177291666665 0.9974794328125001 0.14534776041666667 0.9885844234375 0.15335141041666667 0.9853027687499999 0.16140411875000002 0.9834218796875 0.18153464375 0.9853963671875 0.184857925 0.9901255890625 0.20060993333333332 0.9957105546875 0.21049204583333334 1 0.21071674375 1 0.14394177291666665
0 0.3394482640625 0.10975755000000001 0.3355180125 0.10780174791666666 0.32793953125 0.1067747875 0.31706067656250003 0.109109775 0.309576103125 0.11466742291666666 0.3011699578125 0.1265465 0.2924159609375 0.13599246875 0.285533184375 0.13983172500000002 0.2816968375 0.14446053541666667 0.2780392515625 0.14304399166666668 0.268232646875 0.12597606041666667 0.2617073921875 0.1177246125 0.2539878984375 0.11525533125 0.2489292359375 0.11863016666666668 0.243071296875 0.12507798958333333 0.2376173671875 0.1480312020833333 0.23793683125 0.1602973625 0.2364228234375 0.17068256458333333 0.24041859375 0.18905602708333333 0.246219759375 0.2022743125 0.2467086234375 0.20614973958333332 0.2512781140625 0.21576866875 0.2595616578125 0.22400722708333334 0.2663315 0.22576179166666668 0.27201067968750003 0.225359325 0.2816013921875 0.22222189375 0.29034572187499996 0.22729973958333333 0.30794731249999996 0.23186161041666667 0.3286330796875 0.2297253625 0.330654671875 0.22790635208333335 0.3318582671875 0.22446956458333334 0.33276111875000003 0.21345737708333334 0.336719759375 0.20558012291666666 0.3402460015625 0.19103053333333334 0.34514493281249997 0.18152261666666666 0.3482010296875 0.16778835833333333 0.3522254953125 0.15945957291666665 0.3537395046875 0.149074375 0.3531189859375 0.14610200833333334 0.354153490625 0.13418675833333332 0.3532415875 0.12598437083333333 0.347797634375 0.11754457708333334 0.3394482640625 0.10975755000000001
0 1 0.21114067083333332 0.9968012156249999 0.21264908124999998 0.9902007734374999 0.20250378125 0.9882733937499999 0.19403821041666666 0.9833560531250001 0.18198617291666666 0.9835632000000001 0.16610776875 0.9852088625000001 0.15481950833333336 0.9818145812499999 0.15159684375000002 0.976605546875 0.15118398125 0.9639216046874999 0.14180495416666666 0.965238134375 0.13277434583333333 0.96952590625 0.12263944166666667 0.97038165 0.11676954583333334 0.9691499765625 0.11317018958333333 0.9665736921875 0.11156530416666667 0.9508055734375 0.10888439583333334 0.9390522546875 0.11239851666666666 0.9343979125 0.11540955 0.9304770171875001 0.11579913124999999 0.923340296875 0.12378988958333334 0.9217511015625 0.13228124166666666 0.923546828125 0.14164987291666667 0.9222209390625 0.1483351 0.9221454437500001 0.16331044583333335 0.920828915625 0.17234105416666667 0.916870275 0.18021830625 0.9121501046875 0.18368087083333334 0.9116893203125 0.18684158333333334 0.908661609375 0.19074279166666666 0.9061227640625 0.198519425 0.9020137515625001 0.20260897916666665 0.8988637484374999 0.20975862708333332 0.894482071875 0.21330891875000002 0.8878342140625 0.22517510625 0.8871853078124999 0.23203579166666666 0.8900058718749999 0.2440129895833333 0.8896389921875001 0.25375831249999997 0.8911339734375 0.25555154583333334 0.8923091812499999 0.2619478125 0.8952426765625001 0.2683311875 0.8968693109375 0.2692213583333333 0.90294314375 0.2829789020833333 0.90450395 0.2843206041666667 0.9043064718749999 0.28567519375 0.9058672781249999 0.2870168979166667 0.9123644562500001 0.2882322041666667 0.9264120328125 0.28343832916666667 0.93952868125 0.28262050208333334 0.940534796875 0.28053830625000004 0.9450574875 0.27843033333333334 0.9523352234375 0.27188189375 0.9577417359375 0.2709401645833333 0.9628852531250001 0.25493536666666666 0.9643334359375 0.24500169583333334 0.963487359375 0.23634777708333335 0.9639481453125001 0.23318706458333333 0.9659697375 0.23136805416666667 0.9691100734375 0.23874221875 0.9695328015625 0.25993837291666666 0.9731245640624999 0.26180644375 0.9735382421875001 0.26378802291666664 0.983175753125 0.27237749375 0.9883847890625 0.2727903583333333 0.99384776875 0.26905171875 0.99921684375 0.25872846875 1 0.25776291875 1 0.21114067083333332
0 1 0.26829165 0.9971575046875 0.26803515 0.987519684375 0.2763148729166666 0.97659403125 0.26692295833333335 0.9694198703125 0.26553219375000003 0.9669281312500001 0.2681665375 0.9595561828125 0.2849995604166667 0.9559076484375 0.30279759375000004 0.9589163296875001 0.31107481875 0.9558602328125 0.3248090791666666 0.962244475 0.33161820625 0.9571106265625 0.3330991916666666 0.9498048125 0.33261149166666665 0.9455547875000001 0.33525872291666664 0.94529148125 0.3370648458333333 0.94686165 0.34075192708333335 0.9540638906250001 0.3491788333333333 0.9609463578125 0.3622087708333333 0.96671944375 0.3683909125 0.9689759562500001 0.37459883125 0.9739310437500001 0.37916319583333336 0.9859192828125 0.38367600625 0.9879312078125 0.39638080833333333 0.99106218125 0.40140959375 1 0.40414116875 1 0.26829165
0 0.6043381546875 0.12405350416666666 0.6013198046875 0.13030009374999998 0.60040759375 0.13896689999999998 0.6032752640625 0.14580180625 0.6106091578124999 0.15332565 0.614877903125 0.15536917708333334 0.6194944984374999 0.15984581666666667 0.6331093703125 0.16524879583333335 0.634547884375 0.16983893958333332 0.6320745578125 0.19403323958333332 0.6348670421875 0.19897429375 0.6349890265625 0.21259504791666667 0.63596675625 0.2203459041666667 0.6387685984375 0.22763234166666668 0.6384394671875 0.22988999375 0.64191829375 0.2373518875 0.6511608468750001 0.24865054375 0.659754803125 0.2499406875 0.6678318140624999 0.24031926458333333 0.668687559375 0.23444936875 0.67350194375 0.22070222083333332 0.677460584375 0.21282496875 0.6819080875 0.20882314375 0.6839767875 0.20186184375000002 0.6851239171875 0.20122196458333336 0.685913834375 0.1958036 0.6901545015624999 0.1908109875 0.6947430171875 0.18825148333333336 0.6987016578125 0.18037423333333333 0.70557538125 0.15732040208333334 0.70937398125 0.16017926041666666 0.7160589703125 0.17456378958333335 0.735710234375 0.18434279166666664 0.7384933578124999 0.18693846666666666 0.7452632 0.18869303333333332 0.7565557328125 0.18833962499999998 0.7593766046875 0.18344762916666665 0.7686007453125 0.17318632916666665 0.773085996875 0.16169683333333335 0.77438380625 0.14797546458333333 0.7771953171875 0.1407380875 0.7806931734375 0.13602154791666665 0.783025178125 0.127254125 0.7832604046875 0.11841186249999999 0.780656040625 0.10977083333333333 0.7785595703125 0.0928268 0.78056244375 0.08631702708333333 0.7853297203125 0.07771217083333333 0.786580421875 0.06913309375 0.784344034375 0.06433616041666666 0.6435480453125 0.0278455375 0.6406809546875001 0.028976827083333333 0.6294916859375 0.038260225 0.6277521187499999 0.04296387708333334 0.6287298484375 0.05071473333333333 0.6274791453125 0.0592938125 0.6174650875000001 0.074973475 0.6157255187499999 0.07967712708333334 0.6135154984375 0.10206530208333334 0.608673034375 0.10877630833333334 0.6043381546875 0.12405350416666666
0 0.2127898875 0.40025876875 0.19823441875 0.4133556479166666 0.19433224531249998 0.4184359875 0.1940031125 0.4206936416666667 0.19462363124999998 0.4236660083333333 0.206103975 0.4364818229166667 0.20611333437499998 0.4388272020833333 0.2093759625 0.44295292708333334 0.21669113750000002 0.44578601041666666 0.2216933328125 0.44520808333333334 0.2313405125 0.43927374166666666 0.24796437500000001 0.43608475625 0.2503244578125 0.43435347291666665 0.25036220781249996 0.42686580208333336 0.24666718125 0.4160677375 0.23884442187500002 0.40466846458333333 0.22848281875 0.40104582916666665 0.2236874625 0.40261454375 0.2127898875 0.40025876875
0 0.2248926 0.3148317875 0.21283853437500003 0.31077050833333336 0.20820290937500002 0.31847230416666666 0.2072061546875 0.32289988124999996 0.2060871046875 0.33057589583333336 0.20722456562499997 0.34445983333333335 0.2061713421875 0.3516843229166666 0.21005448750000003 0.3587824125 0.21238618437499998 0.36688418333333334 0.2112764953125 0.37690558125 0.2146988546875 0.3871643854166667 0.2212899390625 0.39496430416666667 0.2259536421875 0.39429865 0.226216946875 0.3924925270833333 0.23200906093749998 0.38649623541666667 0.232272365625 0.38469011666666664 0.23544109062500002 0.38223122708333335 0.2370490046875 0.37843063958333334 0.24021772656249998 0.37597175208333333 0.2473921953125 0.3604933208333333 0.254745115625 0.35583873125000004 0.26053723125 0.34984243958333333 0.2632641953125 0.3383658354166667 0.2630386359375 0.33268428541666667 0.2599454078125 0.3201678270833333 0.25613744843749997 0.3149635854166667 0.24035997031249998 0.30993729583333335 0.235489428125 0.30961216041666667 0.2248926 0.3148317875
0 0.304307828125 0.2688742166666667 0.303762496875 0.26779569999999997 0.302888034375 0.26897483333333333 0.304307828125 0.2688742166666667
0 0.598712978125 0.25661261458333334 0.5897898890625 0.25758012291666665 0.583424365625 0.2554617520833333 0.5757142328125 0.25533785416666666 0.5708059421875 0.2625003895833333 0.5649102546875 0.27643588541666664 0.56888730625 0.2901185854166667 0.5647782953125 0.29420813958333336 0.5577545046875 0.29660507708333333 0.5482483390625 0.3039817354166667 0.5447785625 0.31573441666666663 0.545502346875 0.32763677708333333 0.548492309375 0.33122324166666667 0.55289270625 0.33236370833333334 0.5601701328125 0.3426844645833333 0.5704846296875 0.35144939166666667 0.5750260390624999 0.35403218125 0.5812505515625 0.3547082270833333 0.5899387218750001 0.3457137895833334 0.591358515625 0.3456131729166667 0.593098084375 0.34090952291666665 0.60199309375 0.33290587499999996 0.6075312609375 0.3310610854166667 0.6166611890625 0.33108436875 0.6186169546875 0.32971688958333334 0.6207608421875 0.32464943749999997 0.623384540625 0.30424283750000003 0.623610715625 0.276186 0.6200095953125 0.27197254791666664 0.6168034328124999 0.2650499145833333 0.6071094546875 0.25925735208333334 0.598712978125 0.25661261458333334
0 0.2865465046875 0.25817926666666663 0.274708640625 0.25745415625 0.27086293437500003 0.2597375875 0.2658888171875 0.2673516541666666 0.2625035875 0.2833435645833333 0.2625316671875 0.2903797083333333 0.2651924984375 0.296223825 0.27056126406250003 0.30276976875 0.2722537265625 0.3032084104166667 0.274500878125 0.30707095 0.28440169531250004 0.3138543 0.2876643234375 0.31798002291666666 0.292064721875 0.31912048958333333 0.3021726859375 0.3100254375 0.30499355625 0.30513344166666667 0.30653564375000003 0.30178438333333335 0.308961865625 0.2827323770833334 0.3085859328125 0.273263125 0.3070815921875 0.2691245125 0.304834440625 0.2652619729166667 0.3004246828125 0.261776125 0.2865465046875 0.25817926666666663
0 0.59929039375 0.045427752083333335 0.593197534375 0.04384864375 0.59102556875 0.041879956249999996 0.5867661828124999 0.04218180625 0.5818485328125 0.04699896458333333 0.5801089671875 0.051702612499999995 0.5781532 0.053070093750000005 0.5769683234375 0.06119764166666666 0.5790838218750001 0.06596324375 0.5795255796875 0.0749809625 0.5782090515625 0.08401157083333333 0.5812742 0.08949188749999999 0.581170625 0.09743108958333332 0.588589065625 0.1091941625 0.59016859375 0.115226625 0.5887862375 0.12470876666666666 0.5898297921875 0.13200809166666666 0.5941643640625001 0.13360009166666667 0.59509529375 0.12962404375 0.599072653125 0.12643755416666666 0.6049683406249999 0.11250206041666666 0.612631675 0.10089905833333333 0.6134215921874999 0.09548069166666666 0.61270716875 0.08592371458333334 0.616383784375 0.07516182291666666 0.62014494375 0.0686391625 0.620991328125 0.06042388541666666 0.6133189421874999 0.0528123125 0.6107897640625 0.04606513541666667 0.606586846875 0.043570075 0.6031360984374999 0.04314432291666667 0.59929039375 0.045427752083333335