0 0.5381170453124999 0.48064615 0.5396350859375 0.4844529208333333 0.5465751546875001 0.48968152708333335 0.5539217109375 0.4871594083333333 0.5652821218749999 0.49325830416666666 0.570092153125 0.49324861666666664 0.5708954390625001 0.49103273750000004 0.5721866359375001 0.46641278333333336 0.5706207734375 0.4635178645833333 0.563123640625 0.46236070833333337 0.5605871140625001 0.46487314166666666 0.5557770828125 0.46488282708333334 0.54808155 0.4609582479166667 0.5419350781250001 0.4667993395833333 0.5387936640625 0.47429507291666667 0.5381170453124999 0.48064615
0 0.5838926437499999 0.0794474 0.5745666265625 0.0804105 0.568642465625 0.08856308958333334 0.568355534375 0.09403418958333334 0.5712959703125 0.10347143333333333 0.5728450328125 0.11323710416666667 0.5721755234375 0.12600300625 0.5729620093750001 0.13065787916666666 0.5941337703125 0.13308999791666667 0.59689260625 0.13288906666666667 0.5994530453125 0.12992071041666667 0.60062210625 0.12728078125 0.6012677046875 0.11497080416666666 0.600402375 0.10526888125 0.5982723359375 0.1000305875 0.58972569375 0.09923373333333334 0.5871342359375 0.09624318958333333 0.5875885453125 0.08758061458333333 0.5838926437499999 0.0794474
0 0.42866580625 0.6417911395833333 0.4248503515625 0.6359375479166667 0.4158351765625 0.6309736229166667 0.41128816874999996 0.6259681333333333 0.4068678265625 0.6250978458333333 0.3978597625 0.62654874375 0.39611230000000003 0.61401565 0.3957105953125 0.6216751895833333 0.39658794375 0.6245975479166667 0.3955766921875 0.6242283708333333 0.39340581874999997 0.63941995625 0.3894132984375 0.65004341875 0.389006809375 0.65779414375 0.394761015625 0.6725334270833333 0.3989183375 0.6784188916666667 0.404538765625 0.6826081541666666 0.41547846718750003 0.683628125 0.420917296875 0.6781792104166667 0.4277785203125 0.6783607666666666 0.4297986921875 0.6725931104166667 0.43100846718749997 0.6626265083333334 0.4301121125 0.6469656854166667 0.42866580625 0.6417911395833333
0 0.11674332968750001 0.3533934041666667 0.1161552421875 0.35150595625 0.11053481406250001 0.34731669583333336 0.1060905609375 0.34690233125 0.09449815 0.3517775125 0.0890114984375 0.35813827708333335 0.087921278125 0.36582525625 0.088803409375 0.36865642708333335 0.094081971875 0.3728138145833333 0.0909644703125 0.3798536208333333 0.091679225 0.3858762708333333 0.09847582656250001 0.3938404291666667 0.106974646875 0.39554913125 0.11583213125 0.39041895624999995 0.12052260781249999 0.39268889583333333 0.1263343234375 0.3932307541666667 0.1305562671875 0.39133361875 0.132067196875 0.3887255645833333 0.1343743 0.3774868083333333 0.135361765625 0.36520870625 0.12749174218749998 0.35806077708333334 0.11674332968750001 0.3533934041666667
0 0.39004591718750004 0.49387173958333336 0.3942510609375 0.49884535208333336 0.3986953140625 0.4992597166666667 0.3991567359375 0.49701196458333335 0.39601790000000003 0.48480729791666666 0.39535096875 0.47787279791666665 0.391408846875 0.4678840083333334 0.387696146875 0.4666215458333333 0.38381606874999996 0.46855055625 0.382694828125 0.47027863125 0.3829720703125 0.47809310833333335 0.38725605937499996 0.48811377083333335 0.39004591718750004 0.49387173958333336
0 0.44634904375 0.4487242166666666 0.4438771390625 0.44345404583333337 0.441412346875 0.44459870208333335 0.42981282500000006 0.44305905833333337 0.4249310609375 0.4444365229166667 0.4121695859375 0.45195163125 0.410149415625 0.4577192854166666 0.401315840625 0.46239353333333333 0.40021851093749994 0.4636656875 0.4008854421875 0.4706001854166667 0.4067973359375 0.49543357083333334 0.406606046875 0.49908096875 0.40946763906249994 0.5034711625 0.413570028125 0.5038536520833333 0.4193268109375 0.4988925375 0.4245504390625 0.49754694791666665 0.43726409374999997 0.49094368958333334 0.442289321875 0.48683067708333333 0.44348229687499996 0.48373482291666664 0.445392603125 0.46696121875 0.44196683437499995 0.4602276520833334 0.44220594375 0.4556684020833333 0.44615775625 0.4523716145833333 0.44634904375 0.4487242166666666
0 0.0745897609375 0.23355011250000002 0.0721488796875 0.23423884583333335 0.073054921875 0.23661409166666666 0.07747526406250001 0.23748438125 0.077174109375 0.23012583125 0.0745897609375 0.23355011250000002
0 0.1373728703125 0.3072106 0.137095625 0.299396125 0.1391636203125 0.29271662083333333 0.148896125 0.28400279375 0.14906350156249998 0.28081131875 0.1407178375 0.26308148958333333 0.139336153125 0.25012434375 0.1361494953125 0.23883152708333333 0.1341319 0.22489878124999998 0.12899680468750002 0.21800584583333332 0.1262547671875 0.21133602708333335 0.12109575937499999 0.20489901458333334 0.1043133203125 0.1973782854166667 0.087243946875 0.19532865416666667 0.084803065625 0.19601738541666666 0.08258449375 0.19901761666666667 0.0822019171875 0.20631241875 0.083672134375 0.21103103958333333 0.0844321328125 0.23584223958333334 0.0807814765625 0.24649757291666669 0.078197128125 0.24992185416666668 0.0786178390625 0.2550007791666667 0.0902554953125 0.2689141479166667 0.092942596875 0.2700809916666667 0.09648792187500001 0.27453493333333334 0.10311003593750001 0.2792757375 0.10987561562499999 0.28128099791666666 0.121783403125 0.29659401458333334 0.131592175 0.3126276395833333 0.1353287859375 0.31343418125 0.1354961640625 0.31024270625 0.1373728703125 0.3072106
0 0.18125 0.24895833333333334 0.003125 0.0020833333333333333
0 0.266092053125 0.23720218541666668 0.26630725312500003 0.23309886041666666 0.264542990625 0.22743651458333333 0.2609498453125 0.223894425 0.2545978640625 0.22055326458333332 0.23117650781250002 0.21516247708333333 0.22648603281250002 0.21289253958333332 0.21840792343749998 0.2162627625 0.21066456875 0.2132500291666667 0.20744431093750001 0.2156987145833333 0.2026103703125 0.21616432708333333 0.20078148593749998 0.21828458125 0.19946895625 0.22366006041666667 0.19722647499999998 0.22711621666666665 0.1967553640625 0.24264954374999997 0.19766140625 0.24502478958333332 0.20132628437500003 0.24719910625 0.2094664390625 0.25574668333333334 0.215794509375 0.25954376875 0.2246351953125 0.2612843458333333 0.23101108906249998 0.26416957708333333 0.23876155468750002 0.27359713333333335 0.24351665156250002 0.2680844708333333 0.24504438125 0.2586056666666667 0.2490679234375 0.25394110625 0.2557068375 0.25181116458333336 0.26036629218749996 0.24812220208333333 0.266092053125 0.23720218541666668
0 0.172091009375 0.22165724166666667 0.17099846093749999 0.22283821041666665 0.171966671875 0.22402805208333335 0.17087890625 0.22511783541666666 0.17178438437500002 0.22632180833333332 0.1745463609375 0.20759175000000002 0.1721772125 0.20691270625 0.17176361406250001 0.20824860833333333 0.17371916406250001 0.21026355416666667 0.17088859375 0.21183226041666667 0.17061760937499998 0.21699925833333333 0.172215346875 0.21928643125 0.17048210625 0.2195829875 0.172091009375 0.22165724166666667
0 0.1802482125 0.19712766041666668 0.17798181875000002 0.20103974166666666 0.17624857968750002 0.20133629583333335 0.17503169375 0.204888075 0.1756197796875 0.20677552291666668 0.17666928906249998 0.20641522083333333 0.177154621875 0.20371154375 0.1810346984375 0.20178253333333332 0.18190971875 0.19819888125000001 0.1802482125 0.19712766041666668
0 0.23933541875 0.26265493125 0.23714075937499998 0.2651992375 0.238610978125 0.26991785833333337 0.2401936390625 0.26594202916666665 0.23933541875 0.26265493125
0 0.211589365625 0.2545701541666667 0.2122013640625 0.2560016770833333 0.2159857984375 0.25589636875 0.21266278593750002 0.25375392708333333 0.211589365625 0.2545701541666667
0 0.209375 0.25104166666666666 0.0015625 0.0020833333333333333
0 0.24416224999999997 0.25577449375 0.243010490625 0.2544453625 0.2434306953125 0.2566225958333333 0.24228554375 0.25880659791666666 0.243215496875 0.26072592083333335 0.24416224999999997 0.25577449375
0 0.25487252968749996 0.24806813958333332 0.2562399921875 0.24819563749999998 0.25528612812499996 0.24673223958333335 0.25487252968749996 0.24806813958333332
0 0.2084892859375 0.18922318541666666 0.19005244999999998 0.1870460604166667 0.1814890078125 0.19311995625 0.17422129687500001 0.20068912708333334 0.1711994375 0.20590523541666667 0.1686222 0.21574433958333333 0.167292871875 0.22799057083333332 0.1704556171875 0.2397393125 0.173905296875 0.24601695208333335 0.1810915875 0.25310113333333334 0.1944721703125 0.25343237291666665 0.20113499531249998 0.25084650625 0.2010561515625 0.24579945833333333 0.1982113609375 0.2345385125 0.19922984531250001 0.22821931041666668 0.20159188281249998 0.22248353125 0.2066171140625 0.21837051875 0.21432944687500002 0.2154243458333333 0.2202775171875 0.20681583125 0.22056445 0.20134472916666668 0.2154771765625 0.19353994375 0.2084892859375 0.18922318541666666
0 0.09434294843749999 0.07961931041666667 0.09489290312500001 0.06913303333333333 0.090776290625 0.05592089375 0.088256565625 0.051562575000000006 0.0877570109375 0.041436602083333336 0.0868031484375 0.03997320416666667 0.08416386718749999 0.0378945125 0.0733437203125 0.03459491458333333 0.0689640890625 0.02639795 0.0650529890625 0.022368060416666665 0.0575080328125 0.022122754166666665 0.044349759375 0.024103014583333335 0.0366374265625 0.027049185416666666 0.0325899703125 0.03216967083333334 0.0301322890625 0.03972915208333334 0.027158253124999997 0.04403341041666667 0.027038698437499998 0.0463130375 0.024016840625 0.05152914583333333 0.0236342640625 0.05882394583333333 0.026916565625 0.0682930625 0.0294602015625 0.07219545625 0.029364557812499997 0.07401915416666666 0.0353578734375 0.08419918958333333 0.0376695125 0.09907565833333334 0.041826834375 0.10496112291666666 0.051183873437500006 0.10995692291666666 0.0662259625 0.11135938333333333 0.0723485234375 0.10597421666666666 0.0764509109375 0.10635670625 0.0838452890625 0.1029227375 0.0897455390625 0.09522607291666667 0.09434294843749999 0.07961931041666667
0 0.38417153593750003 0.5469281041666666 0.381957496875 0.5760435604166666 0.3730521890625 0.5820855854166667 0.3659350546875 0.5933340291666667 0.3645986140625 0.59916543125 0.36431168281250004 0.6046365333333333 0.365265546875 0.6060999312500001 0.36973371093749996 0.60605836875 0.3771280890625 0.6026244 0.38084078906249996 0.6038868625 0.3841159796875 0.60694115625 0.38584921875 0.6066446020833334 0.386994371875 0.6044605979166667 0.38752041406250004 0.5944302458333334 0.3909726703125 0.5810074875000001 0.39730331875 0.5651041708333333 0.3964069671875 0.5494433479166666 0.394570971875 0.5451487770833333 0.38914894218749996 0.5437269416666666 0.38417153593750003 0.5469281041666666
0 0.5136442265625 0.4298000375 0.5059079828125 0.43320213333333335 0.5028622140625 0.4388741666666667 0.50238399375 0.4479926666666667 0.5039020328125 0.45179943958333335 0.5052358953125 0.46566843541666664 0.5072942 0.47227450416666666 0.5112292125 0.47584846875 0.5214134484375 0.47817246875 0.5276626765625 0.4769225020833333 0.5320519953125 0.47183388958333333 0.5350835421875 0.45333220625 0.53920273125 0.44684394583333337 0.5414620125 0.4365170395833333 0.5396021078125 0.43267839583333334 0.5356431859375 0.42956035625 0.5286313828125 0.42569952291666663 0.5204744296875 0.42402269374999996 0.5136442265625 0.4298000375
0 0.24916408125 0 0.2516043609375 0.009064970833333333 0.2547121734375 0.015310737500000001 0.2603326015625 0.019499997916666668 0.266780228125 0.02101745625 0.2873781234375 0.03439177708333333 0.29011305 0.03464677083333333 0.2916310890625 0.03845354166666667 0.2921545546875 0.04812358958333333 0.2953890328125 0.05850455833333333 0.29586467656250004 0.06908645416666667 0.298288759375 0.07526847499999999 0.3058718484375 0.08788750416666667 0.317153415625 0.08893935 0.326257121875 0.08566475 0.330208934375 0.08236796666666667 0.3422459640625 0.08211578541666667 0.349688165625 0.07776996458333334 0.3544025515625 0.07958397708333333 0.36019746874999997 0.0869965875 0.36488794375 0.089266525 0.37047735 0.08749688541666667 0.3717420578125 0.08303325625 0.372339834375 0.07163512916666666 0.3702744171875 0.05861423541666667 0.3702912171875 0.051743485416666665 0.36891664375 0.045201164583333335 0.36304288281249997 0.03274150416666667 0.3556342828125 0.023345825 0.3492823 0.020004664583333335 0.3479077265625 0.01346234375 0.3453640890625 0.009559950000000001 0.3336717296875 0 0.24916408125 0
0 0.297503075 0.48982498125 0.292939265625 0.49169024375 0.2857122640625 0.4919327375 0.280957165625 0.4974454 0.280670234375 0.5029165020833334 0.278602240625 0.50959600625 0.2787360171875 0.52014603125 0.28143023125 0.5277277 0.2884969671875 0.53709150625 0.29453099374999997 0.5399448645833334 0.30285532656249997 0.53843021875 0.31100516875 0.5336922229166666 0.3151482671875 0.5267480354166667 0.31631733125 0.5241081083333333 0.3160568875 0.5094228833333333 0.3136567171875 0.5027849395833334 0.3138001828125 0.5000493875 0.310350503125 0.49377174791666667 0.3016293734375 0.4897515458333333 0.297503075 0.48982498125
0 0.531039196875 0.13087256458333335 0.5277329843749999 0.12185937291666667 0.526095390625 0.12033222708333334 0.5241088171875 0.11235838125 0.5155240421875 0.09918780416666667 0.5095139265624999 0.09587852083333333 0.5009194625 0.09599351875 0.500386309375 0.09960904375 0.4967763640625 0.10293770416666666 0.49039335937499995 0.09363764375 0.48460555312500003 0.09263986041666666 0.48284840312500005 0.09339233958333333 0.47985045625 0.09815252291666667 0.4783705484375 0.10671947708333333 0.47532478125 0.11239150833333333 0.474870471875 0.12105408541666667 0.477174996875 0.12951572916666668 0.478317571875 0.14703212708333335 0.480861209375 0.15093452083333334 0.48076556562499995 0.15275822083333335 0.48626643906250006 0.15922710625 0.49347664062499996 0.16585536458333333 0.5047342968749999 0.16736313333333333 0.5065631796875001 0.16524287916666666 0.5172566609375 0.164407275 0.530328978125 0.15096513958333332 0.5318638171875001 0.14790116041666668 0.5323420375000001 0.13878266041666668 0.531039196875 0.13087256458333335
0 0.3417937015625 0.3789576895833333 0.3373733578125 0.3780874 0.3289055609375 0.38233759791666666 0.31725821718749997 0.3817098020833333 0.3151592 0.38243040833333336 0.3092828609375 0.38967114999999997 0.3068969140625 0.39586285625 0.3039467890625 0.3997111875 0.3043674984375 0.40479011249999997 0.3134854265625 0.41434516250000003 0.3199569640625 0.4154066979166667 0.32985426875 0.42320179583333334 0.33846295625 0.43591644791666667 0.3436148515625 0.43593863541666666 0.3479970625 0.4244351979166667 0.3481644390625 0.4212437229166667 0.3450088046875 0.41590980625 0.3443179609375 0.40943123333333337 0.3486045265625 0.39975149791666664 0.34715110781249997 0.388162125 0.34374925156249997 0.3809726333333333 0.3417937015625 0.3789576895833333
0 0.3161356421875 0.27210622916666666 0.30521984999999996 0.2706303333333333 0.3020235046875 0.27262309166666665 0.2971727625 0.2799594541666667 0.2891663859375 0.2819619020833333 0.287337503125 0.28408215625 0.2806507671875 0.2871239479166666 0.2799980578125 0.29301910000000003 0.277413709375 0.29644338124999997 0.27871655 0.3043534791666667 0.27718170937500003 0.30741745833333334 0.26740138281250003 0.31704313333333334 0.26545294375 0.3214430145833333 0.264376946875 0.34195964166666665 0.2667771171875 0.3485975854166667 0.2713480390625 0.35314714999999997 0.2815083640625 0.35592707083333336 0.2922903765625 0.34685294375000003 0.305027940625 0.3397937583333333 0.3071986890625 0.33770537916666665 0.308463396875 0.33324175 0.3155327109375 0.32290515833333333 0.31799039218749997 0.315345675 0.31979536406250003 0.31368134583333335 0.320331096875 0.29036541875000005 0.322399090625 0.2836859125 0.32266211093749997 0.2786707375 0.32077829375 0.27528801875000003 0.3161356421875 0.27210622916666666
0 0.7552482390625 0.38864270416666663 0.755630815625 0.3813479020833333 0.7568477015624999 0.377796125 0.7586287625 0.37658771874999997 0.76108644375 0.3690282375 0.7600466265625 0.35610296458333335 0.7534723343749999 0.35045030625 0.7329603921875 0.3485378604166666 0.725032859375 0.3555873583333333 0.721621315625 0.36168344166666666 0.7204354515625 0.37119412083333336 0.7232324203125 0.3833669125 0.7230004203125 0.39434098749999996 0.7239303734375 0.39626031041666665 0.729256759375 0.3995058458333334 0.7313460875 0.4120708166666667 0.7351854531249999 0.41746848125 0.729206359375 0.42011809583333337 0.7335310578125 0.4228120875 0.7373872234375 0.42133899999999996 0.737530690625 0.41860345 0.7410928140624999 0.4161866416666667 0.7493454125000001 0.41603976875 0.7583631640624999 0.40130329375 0.7586500953125 0.39583219374999995 0.7552482390625 0.38864270416666663
0 0.3882796109375 0.20003006458333333 0.3875887671875 0.19355149166666666 0.384600509375 0.1850261 0.3800056796875 0.1809324625 0.36606091875 0.17825784791666666 0.36291239375 0.17933875625 0.3559865484375 0.18693979791666668 0.351415628125 0.18239023541666669 0.3528477125 0.17473513124999998 0.3505742078125 0.1722323875 0.34175743281250004 0.1700358875 0.3342771 0.16200798125 0.330516578125 0.16165736666666666 0.3290534703125 0.16335357083333332 0.3249032609375 0.16388292916666666 0.31690399375 0.17230020208333335 0.3156392875 0.17676382916666666 0.3127608953125 0.1792443875 0.30964339218750003 0.18628419583333333 0.3093564609375 0.19175529791666665 0.3165427515625 0.19883947916666667 0.315084178125 0.22665090833333332 0.3166022171875 0.23045767708333334 0.3172452375 0.23784810208333335 0.3213547375 0.24464541458333333 0.3243119734375 0.24721190833333334 0.3374773578125 0.25164647291666664 0.34238303124999997 0.24981308541666666 0.348560525 0.24993089583333333 0.356662546875 0.24610474791666667 0.36885015625 0.24953184166666667 0.373119921875 0.24672285624999998 0.38160451875 0.23560190625 0.386297571875 0.21817144583333334 0.3882796109375 0.20003006458333333
0 0.9558982374999999 0.5388407791666666 0.9611050671875001 0.5443659395833333 0.9670363390625001 0.5426281729166667 0.974177384375 0.53092380625 0.9810075875000001 0.5251464625 0.9815885625 0.5206190854166667 0.9793008375 0.5052866916666666 0.9735227203125 0.49100333125 0.9719258359375 0.4821495104166667 0.9619710203125 0.48855183750000003 0.960053603125 0.49891061666666664 0.9597330718749999 0.51812321875 0.956352546875 0.5301782020833333 0.9558982374999999 0.5388407791666666
0 0.09302199531250001 0 0.09284233125 0.0034257625 0.097953515625 0.010774625000000001 0.0976665828125 0.016245725 0.0956225 0.022469304166666666 0.0969014296875 0.030835327083333332 0.0965427640625 0.03767420208333334 0.0944747703125 0.04435370833333333 0.09521343437499999 0.04992043125 0.0944889921875 0.05718336041666667 0.0971353859375 0.06567687916666667 0.103176521875 0.0749450625 0.106411003125 0.08532602708333334 0.10680780000000001 0.09086087708333333 0.10464416406249999 0.09936408333333334 0.1050480734375 0.11131375624999999 0.10702753437500001 0.11287277708333333 0.120726071875 0.11369181458333334 0.12541654687499998 0.11596175416666667 0.1305445328125 0.11643986458333333 0.1344246109375 0.11451085624999999 0.146779596875 0.11474647291666668 0.15183585 0.11659235833333333 0.15924445 0.12598803958333335 0.1628854171875 0.12861828125 0.16692318281250001 0.13678337083333333 0.1686396234375 0.14335756666666669 0.16944744218750002 0.1672569125 0.1729688546875 0.17216677916666667 0.1784387046875 0.1726767645833333 0.1956444328125 0.16557601875 0.20069357499999999 0.16100708333333333 0.2066965796875 0.15790153958333333 0.20832706406249998 0.15301386041666667 0.2101081265625 0.15180545625 0.21390935937500002 0.14482939583333332 0.2172013484375 0.14101293750000002 0.2224967109375 0.13829957291666667 0.2335798796875 0.13658399583333333 0.25103893906249997 0.13775364791666667 0.25428310781249996 0.13484903958333333 0.25492870624999997 0.12253906458333333 0.252060003125 0.11173404583333334 0.2524115578125 0.09848034583333334 0.2509413390625 0.09376172291666666 0.25130000468749997 0.08692284791666666 0.25315279999999996 0.08434666666666667 0.253709865625 0.08027521666666666 0.2536335984375 0.05552776458333333 0.24579006718750002 0.0282235125 0.23965328437500003 0.020779027083333335 0.2382237765625 0.00873373125 0.232090990625 0 0.17639287812499999 0 0.17681204374999998 0.026831991666666666 0.1763028 0.02999159375 0.1737423625 0.03295995 0.1658794515625 0.03222684583333333 0.1616264859375 0.028165083333333334 0.1602280015625 0.022078685416666667 0.1616768875 0.007552833333333333 0.1602191875 0 0.09302199531250001 0
0 0.0401938625 0.37191290416666667 0.040576439062500004 0.36461810625 0.0416976796875 0.36289002708333334 0.043089053125 0.36256159791666664 0.0468327765625 0.3697829645833333 0.051834095312499995 0.366125875 0.0495534796875 0.35720830625000005 0.0473038859375 0.3542496354166667 0.040777415625 0.34768512916666666 0.038726221875 0.34749388541666665 0.037946846875 0.34925383541666666 0.0355059640625 0.3499425666666667 0.0308322890625 0.34080187916666665 0.0219844921875 0.33264647708333334 0.012754118749999998 0.3317858770833333 0.007506578125000001 0.33358738958333334 0.0053834421875 0.37407039375 0.0120723421875 0.37753775416666663 0.014615981250000002 0.38144015000000003 0.0233106234375 0.405616675 0.028954960937500003 0.40935001041666663 0.0371836484375 0.4096590645833333 0.0485847703125 0.4084312854166667 0.053681734375 0.4029504958333333 0.054167065625 0.4002468208333333 0.0505189875 0.39120175416666664 0.0401938625 0.37191290416666667
0 0.1679379375 0.5235603229166667 0.1672949171875 0.5161698979166667 0.1643137703125 0.51405933125 0.15882000937500002 0.5140052708333334 0.1566731703125 0.515637725 0.154954153125 0.52876393125 0.1529578921875 0.5340756624999999 0.143368853125 0.5400539354166667 0.1421997890625 0.5426938645833334 0.1424841453125 0.5569231645833334 0.1448125828125 0.5649288854166666 0.1483339953125 0.5698387500000001 0.160736803125 0.5691625166666667 0.1651093234375 0.5709446541666666 0.1763359578125 0.566493525 0.18899467812499998 0.5543872937500001 0.1902832953125 0.5494677395833333 0.1903479171875 0.5416851395833333 0.1863889953125 0.5385670979166667 0.182494696875 0.5276664583333334 0.1787341734375 0.52731584375 0.17466280781250001 0.5328922541666666 0.1703620203125 0.5297423395833333 0.1679379375 0.5235603229166667
0 0.8660992078125 0.10255205833333333 0.8648823218749999 0.10610383541666667 0.8608826875 0.11031247291666667 0.8606674890624999 0.11441579791666667 0.8625273953124999 0.11825444375 0.8682673781249999 0.12016407708333333 0.8733785624999999 0.12751293958333335 0.8770673531250001 0.12923132916666666 0.8812485859375 0.13466087083333333 0.8904621578125 0.14239222083333333 0.892981884375 0.14675053958333334 0.8946265921875 0.15469250833333334 0.8988795578125 0.158754275 0.9064245124999999 0.15899957708333332 0.9109883218749999 0.15713431666666666 0.9148134656250001 0.14970233125 0.915903684375 0.1420153541666667 0.9191239421875 0.13956667083333332 0.9232812640624999 0.14545213333333334 0.9317083500000001 0.14852861041666668 0.9392293953124999 0.14922984166666667 0.9463297296875 0.14485215 0.9482064359375 0.14182004375 0.949829809375 0.13051753958333331 0.9518021578125 0.12566173333333333 0.9558618796875 0.08755527291666666 0.9505044734375 0.07835083541666667 0.9479298140625 0.06848954374999999 0.9430648515625 0.06299625416666667 0.938914640625 0.06352561666666666 0.935591628125 0.06138317708333333 0.9200402953125 0.06314031666666667 0.9123279609375 0.0660864875 0.9112067203124999 0.06781456458333333 0.9073983765625 0.0683758 0.905029228125 0.06769675624999999 0.9038291421875 0.06437778333333334 0.8963080968750001 0.06367655416666666 0.89576783125 0.06087725625 0.8976445375000001 0.05784515208333333 0.897907559375 0.052829975 0.900221775 0.04800604375 0.901359815625 0.03940721458333333 0.9007045781249999 0.03613904166666667 0.8639219671875 0.0327095875 0.8654878296874999 0.035604510416666665 0.8674983140625001 0.04312242916666666 0.8673690703125001 0.05868762916666667 0.8707948375000001 0.06542119583333333 0.8723678109374999 0.07473094374999999 0.8711031031250001 0.07919457083333332 0.865910496875 0.08649905833333334 0.8592476703124999 0.08908492708333333 0.85984286875 0.09738720000000001 0.8660992078125 0.10255205833333333
0 0.625016171875 0.4154435458333333 0.6262808796875 0.41097991666666667 0.6208588500000001 0.40955808125 0.6187359234375001 0.41073461041666665 0.6206746734374999 0.41962030624999996 0.6221856015625 0.4170122541666667 0.625016171875 0.4154435458333333
0 0.6055020046874999 0.3224513958333333 0.6016936609375 0.32301263125 0.5934791953125 0.33553322708333333 0.5911171578125 0.34126900833333335 0.590901959375 0.3453723354166666 0.5987312703125001 0.3598469395833333 0.59794220625 0.3748924666666667 0.5958263890625 0.38248382291666666 0.596612875 0.38713869375 0.5988863796875 0.3896414375 0.6068856453125 0.38122416875000004 0.6183921015625 0.3648871125 0.622566221875 0.363901825 0.6261522562499999 0.36102909166666663 0.6263461218749999 0.3376812895833333 0.621378403125 0.32759687708333335 0.61625041875 0.32711876666666667 0.611607765625 0.32393697916666664 0.6055020046874999 0.3224513958333333
0 1 0.30734622083333335 0.9972470937500001 0.30720459166666664 0.9940029265625 0.31010920000000003 0.988095565625 0.31139103958333336 0.9868689921874999 0.32822839375 0.9882674765624999 0.33431479166666667 0.988623565625 0.34717631458333337 0.996405053125 0.36256276875 0.9957116328125 0.3757845979166667 0.996569853125 0.37907169375 0.999773309375 0.3834937625 1 0.38351489791666665 1 0.30734622083333335
0 0.8515367625 0.44572645208333334 0.8367887140624999 0.44526771666666665 0.832153171875 0.44850075208333334 0.831309175 0.45804330416666666 0.834971475 0.4799180208333333 0.8391527078125 0.48534756041666666 0.8421816765625 0.48654627708333337 0.850092409375 0.48636753125 0.86251201875 0.4788205479166667 0.8700330640624999 0.47952177916666666 0.8766241562499999 0.4783036854166667 0.8823570281249999 0.47379849583333333 0.8867153265625 0.46275098541666665 0.8870022593750001 0.45727988333333336 0.884649909375 0.4497300895833333 0.8801507234375 0.44381275000000003 0.8727731437499999 0.44037597083333335 0.8596387828125 0.44190030416666665 0.8515367625 0.44572645208333334
0 0.6775484640625 0.4487470083333333 0.678122328125 0.43780480625 0.6763102453125 0.4330543104166667 0.6757150484375 0.4247520375 0.6739029640624999 0.42000154166666664 0.6713115046875 0.41701099999999997 0.66833035625 0.41490043125000003 0.6649117 0.41458169166666664 0.6565634578124999 0.4165522625 0.6484853484374999 0.4199224833333333 0.6455113124999999 0.42422674375 0.6462021546875001 0.43070531666666667 0.649651834375 0.43698295625 0.6488795703125 0.44515773333333336 0.648052371875 0.4478295354166667 0.6381764015625 0.4592789125 0.6365937374999999 0.4632547416666667 0.6365743609375001 0.4898258916666667 0.6399762171875001 0.49701538333333334 0.648149971875 0.49182146041666663 0.655694928125 0.49206676666666666 0.6571819453125001 0.4899146375 0.6610142 0.48889747708333336 0.668305825 0.48087238125000004 0.6707395953125 0.47376882708333334 0.6745169171875001 0.46724869166666666 0.6775484640625 0.4487470083333333
0 0.52313824375 0.36012943750000004 0.52511059375 0.35527363333333334 0.5245153953125 0.34697135833333337 0.52199566875 0.34261303958333333 0.5217972703125 0.3398456166666667 0.5185938125 0.33542355 0.5162414625 0.32787375625 0.506686025 0.32011052916666666 0.501534128125 0.32008834375 0.49680294218750004 0.32514508124999997 0.4924543328125 0.3229070166666667 0.4781748171875 0.3266153541666667 0.4789373921875 0.3317261541666667 0.47479429375000004 0.33867033958333337 0.47341003125 0.34541359375 0.47310629843749996 0.35775544375 0.47526024843750003 0.3625378125 0.47906859375 0.3619765791666667 0.48104805468749995 0.3635355979166667 0.480354634375 0.376757425 0.481236765625 0.37958859791666666 0.48947256250000004 0.3863124770833333 0.4984088921875 0.3862293520833333 0.5016052390625 0.38423659374999997 0.5052390953125 0.38045201041666665 0.5079190875 0.37520402708333334 0.5100420140625 0.3740274979166667 0.5112828109375 0.37001979375 0.5157199546875 0.3640193333333333 0.52313824375 0.36012943750000004
0 0.4792547265625 0.39772997708333335 0.4772345546875 0.4034976333333333 0.4752764265625 0.42118308958333334 0.47674664531250005 0.42590171041666663 0.482175784375 0.4337383708333334 0.494141084375 0.43485396458333336 0.5090325953125 0.43257715 0.5143518703125001 0.42940786249999996 0.5195922984375 0.42119152291666667 0.5203096296874999 0.4075137708333333 0.518767678125 0.40416292499999995 0.5161762203125 0.40117238125000004 0.51246351875 0.39990991458333336 0.5087915296875 0.3913207770833333 0.50182755 0.38654809375 0.4949424140625 0.38682246249999996 0.4865702609375 0.3892489583333333 0.4792547265625 0.39772997708333335
0 0.47744025468749995 0 0.477255084375 0.0035307270833333333 0.47613384375 0.00525880625 0.472373321875 0.004908191666666667 0.4657512078125 0.00016738333333333333 0.4594780703125 0.001873275 0.457211678125 0.00578535625 0.456805190625 0.013536083333333334 0.46104135468749996 0.024468595833333332 0.458963671875 0.04443367708333333 0.4600681125 0.049576350000000005 0.46329548125000003 0.05354248958333333 0.46837564531250003 0.05493245208333333 0.47360638593750004 0.0600016875 0.47863872656249995 0.0623035 0.489664384375 0.07478534791666666 0.5006040859375 0.07580531875 0.50948548125 0.07021921874999999 0.520045184375 0.05883359166666667 0.521254959375 0.04886698958333333 0.5227658875000001 0.04625893333333333 0.529866221875 0.041881241666666666 0.5332299468749999 0.036697008333333336 0.5339233671875 0.02347517916666667 0.52474339375 0.0020023291666666668 0.5240254359375001 0.0010190812500000001 0.5130952828125 0 0.47744025468749995 0
0 0.83792213125 0.16818995833333333 0.8400689703124999 0.16655750208333334 0.84834548125 0.16595470625 0.852416846875 0.16037829375 0.85368413125 0.13621426666666667 0.8505213859375 0.124465525 0.8489077 0.12248245416666667 0.8465553531250001 0.11493266041666667 0.8358237390625 0.10339453750000001 0.8331534359375 0.09535694374999999 0.8277960296875 0.08615250833333334 0.8148529546875001 0.08402944166666666 0.8081901296874999 0.08661531041666667 0.8058759140625 0.09143924166666667 0.8055004484375001 0.10514886875 0.803893875 0.10958062291666668 0.8003007296875 0.10603853125 0.797137984375 0.09428978958333332 0.7944508796875 0.09312294583333333 0.7878836984375 0.09388511458333333 0.7838840671875 0.09809375000000001 0.7796214124999999 0.10731756041666667 0.778801325 0.11640418958333335 0.77675724375 0.12262776874999999 0.7763029328125 0.13129034583333332 0.778901503125 0.1406957125 0.7858008609375 0.15325099375 0.7884640546874999 0.15487376458333332 0.800006065625 0.17061083333333332 0.8091957265625 0.17879810833333334 0.8132813140625 0.18605135 0.815021665625 0.19216961875 0.8204915171874999 0.19267960416666666 0.8272499859375 0.18827003541666668 0.8277114062500001 0.18602228541666666 0.8335399234375 0.17969339583333335 0.8349720078124999 0.17203829166666665 0.83792213125 0.16818995833333333
0 0.5469907093749999 0.5341612520833333 0.5424029890625001 0.5364824375 0.539134909375 0.5398429729166666 0.5358022078125 0.55098610625 0.5342983890624999 0.5600089854166667 0.5375328703125 0.5703899520833333 0.5427397 0.5759151125 0.5454507125 0.5766260333333334 0.5537104234375 0.5828939854166666 0.55954605 0.58297991875 0.56376799375 0.5810827833333333 0.5664479859375 0.5758348020833334 0.567856159375 0.5686356229166667 0.572587346875 0.5635788854166666 0.57419391875 0.55914713125 0.574552584375 0.5523082541666666 0.573003521875 0.5425425833333333 0.5675982937499999 0.5342499979166667 0.5642513703125001 0.53256348125 0.5469907093749999 0.5341612520833333