0 0.40636801718750004 0.07417627083333334 0.40386025625000005 0.08126835416666665 0.40505829843749996 0.09169474791666667 0.4090314015625 0.10569667916666667 0.41815806718750004 0.11750398958333334 0.42273428749999997 0.1201832375 0.43420490312500004 0.11935773333333333 0.438996478125 0.114680075 0.4490019515625 0.1082216375 0.4510702109375 0.10253188958333334 0.4491395984375 0.08928902708333333 0.44164168593750003 0.07319430208333334 0.43750497031249996 0.06911272083333334 0.43050709062500003 0.06749057916666666 0.4215098765625 0.06982242083333333 0.41638208125 0.06556822708333333 0.4129693453125 0.06645271875 0.40636801718750004 0.07417627083333334
0 0.886877875 0 0.88356581875 0.0037541333333333334 0.879024359375 0.02339862083333333 0.87893825625 0.0294336 0.881463396875 0.03350338125 0.8856172953125 0.033285752083333335 0.891951525 0.03035565833333333 0.8932614421875 0.028298260416666665 0.9017760031250001 0.022655702083333333 0.9031720234374999 0.014563324999999998 0.9061624390624999 0.010781958333333334 0.9087908640625001 0.0045175541666666675 0.9085495359375001 0.002862195833333333 0.90704903125 0 0.886877875 0
0 0.790399471875 0.26797740000000003 0.7885465703125 0.26631024375 0.7832723390624999 0.2676771875 0.7775500171874999 0.27259606875000003 0.7728533328125 0.2845502208333333 0.7686219234375 0.2886532229166667 0.7700698828125 0.2985853708333333 0.773353365625 0.29902280416666666 0.7728966828125 0.3047243520833333 0.7752236484374999 0.3118518270833333 0.7862721406250001 0.32359052708333336 0.7916584421875 0.32520086875 0.7983632546874999 0.3226042083333333 0.8020948296875 0.3194897 0.81175549375 0.3062490145833333 0.8122035875 0.30269707291666664 0.81100554375 0.29227067916666666 0.8088681640625 0.28423511458333334 0.80523128125 0.27916503958333333 0.80016381875 0.27532468125 0.7932262703124999 0.27411638125 0.790399471875 0.26797740000000003
0 0.919326934375 0.043660775 0.9189347781249999 0.040970816666666666 0.9165562703125 0.046740975 0.9132641984375001 0.048453145833333336 0.9092309640625 0.049498454166666664 0.9060164015625001 0.047325254166666664 0.901052421875 0.048611787499999996 0.8965107625 0.052795195833333336 0.8947527515625 0.05840453541666667 0.894244328125 0.06154263541666667 0.8959593859374999 0.066681325 0.9035519890625 0.07459146666666668 0.9130060875 0.08201915624999999 0.91695321875 0.087008825 0.9222188593749999 0.08779148958333334 0.9286220109375 0.08312562916666667 0.9329223421874999 0.0772868625 0.9339995234374999 0.0714245 0.9332152109375 0.06604458541666666 0.9296386609375 0.06138834791666667 0.9229596203125 0.05753619375 0.9189693374999999 0.04783347291666666 0.919719090625 0.04635073125 0.9177369343749999 0.04600550208333333 0.919326934375 0.043660775
0 0.45055518437500003 0.26243038333333335 0.4601728984375 0.259937725 0.4636631484375 0.25516786041666667 0.465248753125 0.24616739583333333 0.46343021249999994 0.23590181666666668 0.4603449046875 0.23240669166666666 0.4516665296875 0.23250851666666666 0.44696964687499996 0.22900159375 0.443005334375 0.22831113541666664 0.4359127640625 0.23487357708333334 0.43304301093750003 0.239482625 0.4351546203125 0.2539670041666667 0.44318672656249997 0.26047481041666665 0.45055518437500003 0.26243038333333335
0 0.8761845562499999 0.34624150416666666 0.8732802453125 0.34398789375 0.8682645234375 0.34271098333333333 0.86268004375 0.34415833333333334 0.8558202093749999 0.35452573958333333 0.8512268078125 0.3561457041666667 0.8491671390625 0.3596858458333333 0.8448839890625001 0.3612254020833333 0.8414798421875 0.3599602895833333 0.8345251156250001 0.3630511979166667 0.8330256140625 0.3660166875 0.8333272718750001 0.3680858833333333 0.83112116875 0.37724716458333335 0.83073340625 0.38121294375 0.8337499906250001 0.40190491666666667 0.83701629375 0.40664156458333334 0.8410323468750001 0.4098954645833333 0.845056990625 0.41099976250000003 0.8484093953125 0.40970143125 0.8548728796875 0.4054494125 0.8613449515625 0.39904778541666663 0.8694028296875 0.39910677291666663 0.8751940749999999 0.3924521270833334 0.8783223343750001 0.3851992270833334 0.879968271875 0.37661259999999996 0.879769896875 0.36420921666666667 0.8816485703125 0.35942755416666666 0.8808039265625001 0.35363380208333334 0.8761845562499999 0.34624150416666666
0 0.3811193890625 0.24993353333333335 0.3756038328125 0.24964511666666667 0.3750005171875 0.24550672291666667 0.3732079453125 0.24425340625 0.3735957078125 0.24028762708333332 0.37204446406249997 0.24068966875 0.36777849375 0.2379300125 0.363995175 0.23848107291666668 0.3587381265625 0.23554880416666668 0.3528434 0.2370765625 0.340157759375 0.24723596041666665 0.33590916718749997 0.2556381729166667 0.335702403125 0.26084547291666665 0.3376933484375 0.274502175 0.3366850890625 0.2786287708333333 0.33789172343749996 0.28690556041666665 0.3410805125 0.2955275770833333 0.347371790625 0.3033455125 0.355343565625 0.3094394770833333 0.3617209453125 0.31122243541666667 0.366435009375 0.31043015 0.37795736562500004 0.3121680916666667 0.381938859375 0.30855933958333337 0.3858943828125 0.29593832291666666 0.3857219765625 0.29254719999999995 0.391082109375 0.26968420000000004 0.3909700375 0.2667069166666666 0.3898151453125 0.2609935729166667 0.3811193890625 0.24993353333333335
0 0.211360365625 0.19858697916666665 0.21477310156249999 0.1977024875 0.2119894515625 0.19627655624999998 0.211360365625 0.19858697916666665
0 0.181052465625 0.33743212083333335 0.18629233437499998 0.3446636020833333 0.1956601296875 0.34266519166666665 0.2055017890625 0.3306660229166667 0.2111809609375 0.32103408958333335 0.2146022875 0.31799999166666665 0.214179965625 0.3151031166666666 0.21563631874999997 0.30742457916666666 0.21352470937499998 0.2929401979166667 0.21428305 0.28930785000000003 0.22979549062500002 0.28528743333333334 0.23252739843749998 0.28414991875 0.23557814375000002 0.2807823875 0.235543584375 0.27391973125 0.2382926734375 0.26848300833333333 0.23874076562500002 0.26493106666666666 0.23874915625 0.24732038333333334 0.24062782968750002 0.24253872083333333 0.2345605 0.225214275 0.23233701718750002 0.22321368958333335 0.2272349921875 0.21251067708333335 0.22811399843750002 0.20970600625 0.23885204375 0.2060640375 0.2389381453125 0.20002905833333334 0.2372230875 0.19489037083333333 0.2345083609375 0.19172867291666668 0.23347413125 0.18684301041666668 0.2321210625 0.18418735625 0.22933741406250002 0.18276142708333334 0.2289150921875 0.17986455208333335 0.22372696718750001 0.17519651666666666 0.2231150578125 0.17320772708333332 0.22088298593750003 0.17335674583333333 0.21896975156249998 0.17127575 0.21605685000000002 0.17117174583333333 0.21513469375 0.16926336666666666 0.21420394687500002 0.16950459166666668 0.2110325359375 0.17204443958333335 0.2085247765625 0.17913652500000002 0.21045539062500002 0.1923793875 0.2130580421875 0.19256379791666667 0.214678209375 0.19042599166666668 0.217703184375 0.19350727916666666 0.21632434531250003 0.1973004458333333 0.2177377453125 0.20036993541666667 0.216548490625 0.2032550145833333 0.213135753125 0.20413950625000002 0.20957658281249997 0.2106451375 0.1916253046875 0.22002187083333336 0.1756216203125 0.22288117916666667 0.17184689375 0.22128263125 0.16781365937499998 0.22232793958333333 0.16532307968749999 0.22512081458333333 0.1665728625 0.23811065416666669 0.165874853125 0.24215684166666665 0.16468560000000002 0.24504191875 0.15897186875 0.24781119791666667 0.1564812859375 0.25060406875 0.154102778125 0.25637422708333335 0.1563953828125 0.27210012499999997 0.16280732343749998 0.28074573750000004 0.1641432109375 0.28770060208333337 0.16288503593749998 0.2923214458333333 0.1643329953125 0.30225359375 0.168202615625 0.31112863333333335 0.1705813203125 0.32081955625 0.17768268125 0.32756858541666667 0.18044915 0.33329372916666666 0.181052465625 0.33743212083333335
0 0.0846090390625 0.42899648124999995 0.07822306875 0.42936313125 0.071208009375 0.43204020000000004 0.0570402453125 0.45632695208333335 0.0572815734375 0.4579823104166667 0.05591132343750001 0.4596258729166667 0.052636629687500006 0.47249990833333333 0.052369531250000004 0.47729336875 0.0572044578125 0.49278983958333333 0.063375071875 0.4997800958333333 0.07482850625000001 0.5032538041666667 0.0766814078125 0.5049209604166667 0.0836275453125 0.50397965625 0.08605779531249999 0.50077294375 0.0863420734375 0.49168027291666666 0.088039753125 0.48565709375000005 0.093451825 0.4808186208333333 0.097286684375 0.46736992499999996 0.105077265625 0.45676129374999996 0.104878890625 0.44435790833333333 0.0977257890625 0.43504543333333334 0.09061583749999999 0.43044600625 0.0846090390625 0.42899648124999995
0 0.3690956078125 0.12549545625 0.37191361875 0.11832296458333333 0.378756271875 0.11225477083333332 0.3810658578125 0.10822037916666667 0.3820998890625 0.09764496458333333 0.38083292343749997 0.0889543375 0.3746794890625 0.07766487083333334 0.3723611140625 0.0683877875 0.36774174375 0.060995491666666665 0.3600630359375 0.059120327083333334 0.356641709375 0.062154425 0.35257411250000004 0.07179815625000001 0.35103165937499997 0.08551167083333334 0.3482050578125 0.09483376666666667 0.34470621874999996 0.10175323750000001 0.34184505781249996 0.10421267708333333 0.3338389203125 0.10671713541666666 0.328211290625 0.10345143333333334 0.3108631296875 0.10150548333333333 0.3038738421875 0.09773373958333333 0.2993321828125 0.10191714791666667 0.29938392343750003 0.10448059375 0.2970657484375 0.11066458958333333 0.29934097187500003 0.11522862083333334 0.3008492640625 0.12557460833333334 0.3033658140625 0.13179399791666666 0.31802522031249997 0.13959051249999999 0.3242389859375 0.15129381875 0.3362697671875 0.14989366041666666 0.34493955 0.1519414375 0.3539367671875 0.14960959375000002 0.3586076796875 0.14410426041666666 0.3607190890625 0.1431275625 0.3645971 0.13439191666666667 0.3674582609375 0.131932475 0.367665028125 0.12672517708333333 0.3690956078125 0.12549545625
0 0 0.16231715833333332 0.0000108203125 0.16231435416666665 0.0036217328125000003 0.15837216875000001 0.0064397421875 0.15119967708333334 0.006715431249999999 0.1442566125 0.0218487015625 0.14205236875 0.0235895296875 0.14074223958333335 0.0246581203125 0.13702948333333334 0.027588203125 0.132834275 0.03603384375 0.12892748541666668 0.042816165625 0.12244545 0.05074459218750001 0.1083652875 0.050563596875000005 0.10712376875 0 0.12022852499999999 0 0.16231715833333332
0 0.0268004734375 0.5315920145833333 0.0204059125 0.53410826875 0.017355165625 0.5374757979166667 0.015036990625 0.5436597958333333 0.0118569890625 0.5483492479166666 0.0108487296875 0.5524758458333333 0.013684318749999999 0.5719263020833334 0.01303805 0.5785359354166667 0.015071946875 0.5814446083333333 0.020035928124999998 0.580158075 0.0206046859375 0.5774338125 0.0235347671875 0.5732386041666667 0.036815134375 0.5693672083333333 0.0465533125 0.5522411500000001 0.048061404687499996 0.54712605625 0.0463117859375 0.5351247125 0.0425628296875 0.52707735 0.041959512500000004 0.5229389541666667 0.0396757 0.5205245291666667 0.0328502265625 0.5222935125 0.030161468749999996 0.5281440791666667 0.0268004734375 0.5315920145833333
0 0.9350790906249999 0.25109508125 0.9312957734375 0.25164614166666666 0.9242978953125001 0.250024 0.9232896359374999 0.25415059791666667 0.9251513296875 0.2691292270833333 0.928607215625 0.27295778541666665 0.932235509375 0.28017746875 0.9343986609374999 0.28176421458333334 0.9386128890625001 0.281960425 0.9469292749999999 0.27937556041666667 0.9510745828125 0.28130753541666664 0.957529475 0.2792051208333334 0.9615798906249999 0.2738606041666667 0.9609765734375 0.2697222083333333 0.954866290625 0.2631457916666667 0.9501004859375 0.26137463333333333 0.9469548484375 0.2574656645833333 0.940879125 0.25775190625 0.9376042328124999 0.2551648645833333 0.9350790906249999 0.25109508125
0 0.15454705468750002 0.62603778125 0.1596660609375 0.6169805041666667 0.160053821875 0.6130147229166667 0.1574941203125 0.6020822833333334 0.161673790625 0.5954158374999999 0.1621218828125 0.5918638958333333 0.157200853125 0.5824024020833334 0.1580367078125 0.5748846812499999 0.1553217828125 0.5562619041666667 0.15086622656249998 0.5544103354166666 0.1418086796875 0.5563283375 0.13081212656250002 0.5626141625 0.1228663234375 0.5655324583333333 0.12328864531249999 0.5684293354166667 0.1262532890625 0.5710967833333334 0.12562420000000002 0.5734072083333334 0.126658428125 0.5782928708333334 0.1275118625 0.5973980979166666 0.1251936859375 0.6035820937499999 0.12158277343749999 0.6075242770833333 0.112077134375 0.6129942208333333 0.1113877140625 0.6148908041666666 0.1122323578125 0.62068455625 0.1142662546875 0.62359323125 0.11742048281249999 0.6253525916666667 0.13566483125 0.6201946604166667 0.138638065625 0.6207125041666667 0.14847133437499999 0.6263240208333334 0.15454705468750002 0.62603778125
0 0.5391856421875 0.45076180833333335 0.534135559375 0.45808331875 0.5342907828125 0.4657736541666667 0.5370572515625 0.4714987958333333 0.5432881968750001 0.47890289166666666 0.5484333718750001 0.49431895416666666 0.550906771875 0.49582529375 0.5536386796875 0.49468778124999996 0.5558190109375001 0.4919753145833334 0.557577021875 0.486365975 0.55768030625 0.4760317875 0.560791384375 0.47307809791666666 0.5616703890625 0.47027342708333336 0.560101765625 0.45951360208333336 0.5581971218749999 0.455283 0.5520265078125 0.44829274583333334 0.5444684625 0.4472452625 0.5391856421875 0.45076180833333335
0 0.215165040625 0.5184193604166667 0.20967525468749998 0.5116821270833333 0.2002728984375 0.50681788125 0.19904049375 0.5049899104166667 0.1911204609375 0.5014593895833334 0.1865873921875 0.5034931916666666 0.1826058984375 0.5071019458333333 0.1756254 0.5166416729166666 0.1668609203125 0.5227784770833334 0.16162984375 0.5288584708333334 0.1589239046875 0.5390082479166666 0.1591997921875 0.5475262625 0.157622778125 0.5543771208333333 0.1573556796875 0.5591705770833334 0.159648284375 0.5748964791666666 0.161983840625 0.5798743479166667 0.1651984 0.5820475500000001 0.1759450359375 0.5762559729166666 0.182830840625 0.5749008291666667 0.1888805921875 0.5656023270833334 0.1951287203125 0.5687072125 0.1982312078125 0.5679031270833333 0.200601125 0.5642825770833333 0.2025055703125 0.5530520979166667 0.20674556875 0.5467994916666666 0.2089948234375 0.5423512604166666 0.2094429171875 0.5387993208333334 0.2162510109375 0.5258684708333333 0.215165040625 0.5184193604166667
0 0.2850133734375 0.44319621875 0.2926489296875 0.44035833124999996 0.3013788484375 0.42735887083333335 0.3010426296875 0.41842701666666665 0.296302596875 0.4102070395833334 0.2957596125 0.40648248541666665 0.293053475 0.40117118333333335 0.293199909375 0.39555004375 0.28153091875 0.38397216041666665 0.2789971875 0.38205198333333334 0.276084284375 0.3819479791666666 0.2708961578125 0.37727994374999996 0.2692845828125 0.3772681458333333 0.26633711875 0.37030148749999997 0.263182890625 0.368542125 0.2583481640625 0.36850673125 0.2490838515625 0.37563203125 0.23384709843749998 0.37270938333333337 0.2268578109375 0.36893763958333337 0.2212733328125 0.3703849895833333 0.2189637484375 0.3744193791666667 0.2175159859375 0.37994831041666666 0.21365515624999998 0.38438474375 0.2110267328125 0.39064914791666666 0.21031154062500002 0.39899454791666666 0.2128109109375 0.4095131479166667 0.21687870625 0.41533049583333337 0.2191453390625 0.42204413333333335 0.224014628125 0.42894218333333334 0.22976291875000002 0.43303556249999997 0.233046403125 0.43347299791666666 0.2428537 0.4300722520833334 0.247869421875 0.4313491625 0.25326431562499996 0.43080989999999997 0.25802152968750003 0.43473066666666665 0.264769490625 0.4368470541666667 0.27556786718750004 0.43361892291666665 0.28075599375000004 0.4382869583333333 0.283341465625 0.44277058124999996 0.2850133734375 0.44319621875
0 0.198858703125 0.44190407708333335 0.2067010265625 0.43385889166666664 0.20566679687499997 0.428973225 0.196402284375 0.4206374458333333 0.19410988125 0.42037262708333334 0.18551760781249998 0.41443947708333334 0.17906271406250002 0.41654189166666666 0.176709978125 0.41586323125 0.1696775390625 0.4073784354166667 0.1626107390625 0.40749206250000003 0.15602659375 0.4109164020833333 0.1463141875 0.42159364374999997 0.144306259375 0.42769723125 0.1443494109375 0.43241028333333337 0.1497099421875 0.4404694416666667 0.1535623796875 0.45364369375 0.15912108593750002 0.45864516041666664 0.1603966421875 0.46518618333333334 0.162430540625 0.46809485624999997 0.1661709046875 0.478291825 0.16907521718750002 0.4805454333333333 0.1731687828125 0.4799139645833333 0.1762798609375 0.47696027708333333 0.182364175 0.47452443125 0.1828294484375 0.4666732791666667 0.1860094484375 0.4619838229166667 0.1894651359375 0.45035130416666663 0.197540196875 0.44611108125 0.198858703125 0.44190407708333335
0 0.7908299859375 0.2378025125 0.7871673328125001 0.23918125 0.7774804984375 0.2279485979166667 0.7668974796875 0.223819825 0.7579605953125 0.22656550625 0.750626696875 0.23147259166666664 0.7490668640625 0.23402423958333335 0.74779150625 0.24294429374999998 0.7478863984374999 0.2502207895833333 0.747136646875 0.25170353333333334 0.7482226171875 0.25915264375 0.754841325 0.26259095833333335 0.7614772125 0.2617300625 0.7690955890625 0.2631913875 0.775714296875 0.2666297 0.77731728125 0.2687911041666667 0.7875554921875 0.26613762916666667 0.79721615625 0.25289694375 0.799267234375 0.25150640416666664 0.8008356593749999 0.2468051520833333 0.7997410984375 0.24150564791666668 0.797457284375 0.23909122291666665 0.791631478125 0.23888321458333334 0.7908299859375 0.2378025125
0 0.3278083375 0.2663272125 0.3324964328125 0.25652266458333334 0.33398734375 0.25570678333333335 0.33855477343749996 0.24507455833333333 0.340881540625 0.23674095416666668 0.34153639999999996 0.22798171666666667 0.340269434375 0.21929108749999998 0.3352277421875 0.20900191458333334 0.3328748078125 0.192862175 0.3245324515625 0.18643477916666665 0.31450100625 0.18388095416666667 0.2966961625 0.18763655208333332 0.290051684375 0.19064705416666666 0.2867510203125 0.19450882916666667 0.2847345015625 0.20276202291666667 0.285760140625 0.20979729375 0.2878543703125 0.21311980833333333 0.291689428125 0.21513219166666667 0.29253407187499997 0.22092594375000002 0.288078515625 0.21907437708333333 0.286725446875 0.216418725 0.28058939375 0.2162911270833333 0.2772284 0.2197390625 0.2725403046875 0.22954361041666665 0.271592378125 0.23408404791666668 0.27207503125 0.2373947625 0.27576365625 0.24502828541666669 0.27890929375 0.24893725208333334 0.282098084375 0.25755927083333335 0.2863554640625 0.26246853124999997 0.286657121875 0.26453772708333334 0.289923425 0.269274375 0.2960422984375 0.27370118541666666 0.3014286015625 0.27531152708333334 0.30720266406249996 0.27295608958333334 0.30933125625 0.26768018125000004 0.3121924171875 0.2652207395833333 0.32091394375000004 0.26983196249999997 0.3246972609375 0.26928090208333333 0.3278083375 0.2663272125
0 0.023744753125 0.148432575 0.022555498437499998 0.15131765416666668 0.02289171875 0.16024950833333335 0.0242793484375 0.16976781458333334 0.0238312546875 0.17331975625 0.025460209374999997 0.18449342083333334 0.0269942734375 0.18839058958333332 0.031880740625 0.19098942916666667 0.042808371875 0.18643937083333334 0.06493951718749999 0.18585726875 0.0668527515625 0.18793826458333335 0.06715441093749999 0.19000746041666666 0.067007975 0.19562859791666665 0.06524996562499999 0.20123793958333333 0.0657154375 0.2088478666666667 0.06755975 0.212664625 0.0741612765625 0.22040215416666667 0.08053885625 0.23764618750000002 0.0893121234375 0.2448208583333333 0.09381083125 0.251385475 0.094233153125 0.25428235208333333 0.11137454843750001 0.2614356 0.11546811406249999 0.26080413124999996 0.1329281484375 0.2502662875 0.14508818437499998 0.24754420000000002 0.1504141546875 0.24874070416666666 0.16053170156250002 0.24525954791666665 0.1633928625 0.24280010833333332 0.1656421171875 0.23835187708333333 0.1629875234375 0.22014294166666665 0.163806196875 0.21692443125 0.176311040625 0.22098459374999999 0.1833175078125 0.22045712916666668 0.1932454703125 0.2178840625 0.1963565484375 0.21493037291666667 0.202751109375 0.21241412083333333 0.206930778125 0.20574767291666665 0.2038538625 0.1846418604166667 0.202742121875 0.18364156875 0.2007857375 0.17684752291666667 0.1988121703125 0.1743526875 0.1936068625 0.1739838625 0.191512634375 0.17066134791666665 0.1915298140625 0.16636213958333332 0.1861003609375 0.16003874583333333 0.185798703125 0.15796954791666667 0.1786456015625 0.14865707291666666 0.175448221875 0.14218466041666666 0.17319876875 0.13117181041666667 0.1740863640625 0.12621753541666667 0.1757668609375 0.12449356874999999 0.17540487031250002 0.12201052916666667 0.1717422171875 0.12338926875 0.16806238281250002 0.12906722083333333 0.167260890625 0.12798651875 0.167165996875 0.12071002291666666 0.1684155828125 0.11823878333333333 0.16868268125000002 0.113445325 0.1732501125 0.10281309791666667 0.17390497031250002 0.09405386041666668 0.17515455625 0.09158262083333332 0.1735687515625 0.08512200624999999 0.16876838593750002 0.07648818958333334 0.12574722031250002 0.08763814791666666 0.1243338875 0.08972234999999999 0.1246958765625 0.0922053875 0.1230067890625 0.09607896041666668 0.11717239374999999 0.09802055833333333 0.1132684125 0.09774393958333333 0.1069945140625 0.101087875 0.1017288765625 0.10030520833333334 0.09907448125 0.09755735208333333 0.095653153125 0.10059145 0.0933004171875 0.09991278958333334 0.09113726718750001 0.09832604375 0.0906477390625 0.09673501041666667 0.0864678421875 0.09781833125 0.0859233671875 0.10010682291666666 0.07828781093750001 0.10294471041666667 0.0732505390625 0.10124390833333334 0.0651452890625 0.10334457708333335 0.063464790625 0.10506854583333333 0.0564583234375 0.10559601041666666 0.0494778234375 0.1151357375 0.0449793171875 0.12403219791666667 0.039567242187500004 0.12887067291666668 0.0389381546875 0.13118109375 0.030802764062499998 0.13500747708333333 0.028312184375 0.13780035 0.027476329687500002 0.14531807083333334 0.023744753125 0.148432575
0 0.3800402203125 0.10118510833333333 0.380462540625 0.10408198333333334 0.3808417125 0.10226581041666667 0.3800402203125 0.10118510833333333
0 0.2411700203125 0.1844189625 0.2415923421875 0.1873158375 0.2427040828125 0.18831612916666665 0.244514034375 0.20073131458333335 0.2524168859375 0.20856104583333332 0.2543818625 0.21320548541666667 0.25611410156250003 0.2140449625 0.257829159375 0.21918365 0.261595296875 0.22293180208333335 0.263620603125 0.22799008125 0.267877984375 0.23289934166666668 0.2717905546875 0.23102635416666667 0.2721179828125 0.22664673333333332 0.274927403125 0.22162384999999998 0.2746860765625 0.21996848958333332 0.282735165625 0.20671600625 0.28251102031249997 0.2007614375 0.2848809375 0.19714088541666666 0.2852686984375 0.19317510625 0.2909392796875 0.18569277916666668 0.29109430468749997 0.17792203541666665 0.2887501578125 0.17509376875 0.28802617812500003 0.17012769583333334 0.29211974375 0.1694962270833333 0.2936623984375 0.17124379166666664 0.2978162953125 0.17102616041666666 0.3138889015625 0.1664310875 0.319981803125 0.1618456354166667 0.3228601453125 0.15508698333333332 0.322136165625 0.15012091249999998 0.3200419359375 0.14679839791666666 0.3160688359375 0.13279646666666667 0.3116132796875 0.1309449 0.3111737765625 0.13234723333333334 0.30844186875 0.13348474791666665 0.3035554 0.13088590833333333 0.3016247875 0.11764304583333333 0.3002113859375 0.11457355625 0.294842265625 0.10866400208333334 0.2881632265625 0.10481184791666666 0.2821907875 0.0947639 0.2784246515625 0.09101574999999999 0.27663208125 0.08976243333333334 0.27259884687499997 0.09080774166666666 0.2638947 0.09735838749999999 0.2618350296875 0.10089852916666667 0.2622573515625 0.10379540625 0.2602064734375 0.12064702291666667 0.261352775 0.12850997083333335 0.26918670625 0.13807547083333332 0.2719100234375 0.13908756041666667 0.272453009375 0.14281211458333332 0.274426575 0.14530695000000002 0.27502989218749996 0.14944534375000001 0.277856690625 0.155584325 0.2783910859375 0.1614584875 0.27292727031249997 0.16373351458333335 0.268962959375 0.16304305833333332 0.2587764890625 0.16825997916666668 0.254932840625 0.1683972 0.24946043593749997 0.17282183333333334 0.2411700203125 0.1844189625
0 0.0906058546875 0.3243680625 0.08124665 0.32421686666666666 0.0788853234375 0.3256878125 0.077515075 0.32733137291666664 0.0753089703125 0.3364926541666666 0.065191425 0.33997380833333335 0.06189075937500001 0.3438355833333333 0.0581334140625 0.35339890625 0.0603053546875 0.36829712708333334 0.0638129828125 0.37468913125000003 0.06730343125 0.3853803458333333 0.0698285734375 0.38945013125 0.07551653281250001 0.39312967083333333 0.08022200625 0.39448698958333334 0.089710465625 0.39331625833333334 0.095872290625 0.38699503958333337 0.1040680125 0.38358249791666665 0.1116000859375 0.37561772083333334 0.1150385953125 0.3682844104166667 0.11310798124999999 0.35504154791666664 0.10843686875 0.3450858041666667 0.10494642031250001 0.33439459166666663 0.0995169671875 0.32807119791666667 0.0906058546875 0.3243680625
0 0 0.42714557291666666 0.00347868125 0.42683164583333333 0.0082358953125 0.43075240833333334 0.014053109375000001 0.43311002291666667 0.020103059375 0.4392726 0.022335134375 0.43912358124999995 0.024868865625 0.44104375833333337 0.0323148359375 0.43911395833333333 0.033650525 0.43060774375000005 0.0357791140625 0.4253318333333333 0.0387609390625 0.42370007083333333 0.049714340625 0.41270119583333337 0.0615727171875 0.4079099125 0.06381338125 0.40561128750000003 0.0643821375 0.40288702708333335 0.063761440625 0.38758676458333335 0.0613309921875 0.37533239791666667 0.0551775578125 0.36404293125000003 0.05328150625 0.357662725 0.049084457812499996 0.3531673041666667 0.0417159984375 0.3512117333333334 0.03321861875 0.3525550791666667 0.029056129687499998 0.3549223145833333 0.0273067109375 0.35838204791666667 0.0260053828125 0.3582898416666667 0.01952451875 0.35137999375 0.011035729687499999 0.3505737354166667 0 0.3541239458333333 0 0.42714557291666666
0 0.7037615515625 0.21699130416666668 0.7046922984374999 0.21675007916666666 0.7074242046875 0.21561256458333336 0.7092942875 0.21298051041666666 0.7096217171875 0.20860088958333334 0.71068171875 0.20703773749999999 0.7239017515625 0.20275250208333334 0.7269524984375 0.19938497083333334 0.7433005953125 0.17238575625000002 0.7492984046875 0.14506272916666668 0.7492035140625 0.13778623333333334 0.7503410265625 0.13233771041666667 0.749401490625 0.1192674625 0.747160628125 0.10610500833333333 0.7512454046875 0.09216206666666667 0.749409684375 0.0861957 0.7458417234375 0.07938985625 0.7417653375000001 0.07572211458333333 0.72408115625 0.08030538958333334 0.7207201609375 0.08375332708333333 0.7162128640625001 0.07933831458333333 0.7115677218750001 0.07839483333333333 0.7069139890625 0.07960095833333333 0.7041131609375 0.08247423958333333 0.7036047359375 0.08561234166666667 0.70594908125 0.10390168333333333 0.7036480859375 0.10578646875 0.697150240625 0.1186369125 0.6934875859375 0.12001565208333333 0.691221153125 0.12876309166666666 0.6917038062499999 0.13207380833333335 0.6955388640625 0.13408619166666666 0.6953838390625 0.14185693541666666 0.6969782343750001 0.1461679458333333 0.694841053125 0.1535934604166667 0.6952030437500001 0.15607649583333333 0.693703540625 0.15904198333333333 0.6922817484375 0.17358317708333332 0.6897739875 0.18067526041666668 0.68849863125 0.18959531666666668 0.6893432749999999 0.19538906875 0.694686625 0.20774743958333333 0.698763009375 0.21141518125 0.6993059953125 0.21513973749999998 0.7027790640625 0.21466908541666668 0.7037615515625 0.21699130416666668
0 0.714850409375 0.01698795208333333 0.7150917359375 0.018643310416666666 0.7173324 0.016344685416666668 0.714850409375 0.01698795208333333
0 0.3065454171875 0.09618238541666665 0.3108027984375 0.10109164375 0.3197225 0.10264517499999999 0.32677212031249997 0.10683076041666667 0.33805315 0.10691334583333334 0.341345221875 0.105201175 0.3470761359375 0.0981326875 0.35097132656249996 0.08509783124999999 0.3514366015625 0.07724667916666667 0.3540304640625 0.06411961875 0.353030596875 0.05063553125 0.35173786093750004 0.04839371875 0.34918675 0.03531167291666667 0.349695175 0.03217357083333334 0.351101603125 0.029232208333333332 0.2724690453125 0.049611702083333334 0.27251214687499997 0.05045948333333334 0.275382096875 0.06131151458333333 0.27402922812499997 0.07411694375 0.275054865625 0.08115221458333334 0.28483659375000003 0.0996613625 0.289955796875 0.10606516666666667 0.2940407734375 0.10758330208333335 0.298039446875 0.09967533749999999 0.30413235 0.09508988541666666 0.3065454171875 0.09618238541666665
0 0.7639088546874999 0.36675090208333333 0.757092171875 0.38183135833333337 0.7559460671875 0.3894294875 0.7573854375 0.4015112395833333 0.7598502468749999 0.40516718541666663 0.7648573796875 0.40859370208333334 0.77216550625 0.41013543541666664 0.779301228125 0.4082860416666667 0.7854027203125 0.4015509854166667 0.789151478125 0.39413726875 0.793115590625 0.3793666479166667 0.7933826890625 0.3745731875 0.796192109375 0.3695503 0.79633854375 0.36392916458333335 0.7937530703125 0.35944553958333336 0.7902282609375 0.35735274791666666 0.767424875 0.35553222291666664 0.7643741281249999 0.35889975 0.7639088546874999 0.36675090208333333
0 0.4037583640625 0.19983009375000002 0.40112115 0.19278302500000002 0.396303603125 0.18844842083333332 0.3894781296875 0.1902174041666667 0.38307497968750004 0.1948832625 0.380584396875 0.1976761375 0.378326553125 0.20427397291666666 0.3819636359375 0.22480512916666667 0.38702250781249997 0.23079509166666667 0.387694746875 0.23319771875 0.392701878125 0.23662423541666666 0.4033710015625 0.23471803125 0.407791996875 0.22970694166666666 0.4109548171875 0.22931669791666665 0.4141090453125 0.2310760583333333 0.41784062187500004 0.2279615541666667 0.4204690453125 0.22169714999999998 0.42243382343749997 0.2108805125 0.41949495 0.20176424375 0.41597873124999996 0.19752184791666666 0.409351434375 0.19623313750000002 0.40636101875 0.20001450625 0.4037583640625 0.19983009375000002
0 0.191701621875 0.12337002708333333 0.19541601718749999 0.12455473125 0.20540431093749997 0.12239550416666667 0.2088256375 0.11936140833333334 0.2168229859375 0.10354547708333332 0.21727107812500002 0.09999353750000001 0.21606444374999997 0.09171674791666667 0.21845154375 0.08379698541666666 0.226940134375 0.06914216666666667 0.22771565625 0.06121060625 0.172324315625 0.0755665875 0.173042946875 0.07709824166666666 0.1786016546875 0.08209970625 0.1799203609375 0.09335377916666668 0.1778606921875 0.09689392291666667 0.1765853359375 0.10581397916666666 0.1766198953125 0.11267663541666666 0.17851595 0.11905684166666666 0.1809290171875 0.12014934166666666 0.1873149890625 0.11978269166666666 0.191701621875 0.12337002708333333
0 0.49353993437500004 0.10011436666666666 0.4944103484375 0.09945930416666666 0.4973146609375 0.1017129125 0.4968923390625 0.0988160375 0.49403976875 0.09912587083333334 0.49305728125000003 0.09680365208333333 0.492126534375 0.09704487708333334 0.49353993437500004 0.10011436666666666
0 0.48828125 0.09479166666666666 0.0015625 0.0020833333333333333
0 0.5807206421875 0.1393639375 0.5824356984375 0.14450262708333333 0.591872615625 0.15622952916666666 0.60707480625 0.15228952083333333 0.6127541765625 0.15811866666666669 0.615701640625 0.165085325 0.6260001828124999 0.16284568958333334 0.6378154078125 0.15334135625 0.64448565625 0.14388203541666666 0.6477173984375 0.14175602708333335 0.657248809375 0.12983726666666667 0.657696903125 0.126285325 0.6419083765625 0.10632665 0.6398227375000001 0.10085453125 0.6367977625 0.09777324375 0.6350827046874999 0.09263455625 0.6295325875 0.08548348333333333 0.6213194859375 0.07773415833333333 0.6214659203124999 0.07211302291666667 0.6240340125 0.06543477708333333 0.62518870625 0.05568704166666667 0.6309024390625 0.05291776458333333 0.6354526875000001 0.046584749999999994 0.635030365625 0.043687875 0.6313848937500001 0.04076740208333333 0.630031825 0.03811175208333333 0.6252660203125 0.03634059166666667 0.6192506296875 0.03704067291666667 0.6159757375 0.03445363125 0.6127525859375 0.034430035416666664 0.6108393515625 0.03234904166666667 0.597024590625 0.03034627708333333 0.5904058828125 0.0269079625 0.5858814046874999 0.026792160416666665 0.584649 0.024964189583333334 0.5734197109375 0.027445050000000002 0.5709980546875 0.02850215625 0.5675595453125 0.03583546458333333 0.567352778125 0.041042764583333335 0.5635954328125 0.05060608541666667 0.5625785828125001 0.0568822875 0.5629923156250001 0.061928770833333334 0.5640265421875 0.06681443541666666 0.5747905578125 0.072184725 0.5786342062500001 0.07204750624999999 0.5872350703125 0.07583104791666666 0.5908116203125 0.0804872875 0.5916562640625 0.08628103958333333 0.589217425 0.09163735625 0.5844344390625 0.09416540833333334 0.57966004375 0.09454385416666668 0.57443755625 0.09847424166666667 0.5698441562500001 0.10009420416666666 0.5684049843750001 0.10347353333333334 0.5688101249999999 0.11066961875 0.571076759375 0.11738325625 0.5730159640625 0.12847651458333334 0.5807206421875 0.1393639375
0 0.7354614546875 0.4278082 0.73628871875 0.42244008541666667 0.7336429140625 0.41754262291666666 0.7158896125 0.4084005854166667 0.710580821875 0.4029048708333333 0.708305596875 0.39834083958333333 0.70562543125 0.4020418 0.6994204546875 0.40364996666666664 0.6945685484374999 0.40791378333333334 0.6913713671874999 0.4169024520833334 0.691233521875 0.42037398333333337 0.69342264375 0.4309729916666667 0.69927441875 0.4401932604166667 0.7016015828125 0.4627818166666666 0.70709136875 0.4695190479166667 0.709426925 0.47449692083333334 0.714606659375 0.49677564166666666 0.718079728125 0.4963049895833333 0.7217767421875 0.486327825 0.7217250015625 0.48376438125000004 0.7250342562500001 0.477753 0.7240086171875 0.4707177291666667 0.7266370421875 0.46445332291666663 0.72660248125 0.45759066666666665 0.730178834375 0.44678582708333336 0.7315231125 0.43613000416666664 0.7354614546875 0.4278082
0 0.527460934375 0.12739890625 0.5220918109375 0.12148935208333334 0.4975218265625 0.12742777083333331 0.49772000156249996 0.12437007916666666 0.50291651875 0.11142742916666666 0.503485275 0.10870316875 0.5027009640625 0.10332325625 0.5012875640625001 0.10025376458333332 0.497211178125 0.09658602291666667 0.4917042125 0.09414800208333333 0.48447359843750004 0.08872089791666667 0.4767863 0.08899534166666667 0.46678082656250003 0.09545377708333333 0.46234264999999997 0.10476407916666666 0.463842353125 0.11725966875 0.4611278234375 0.12955905208333332 0.4628774421875 0.14156039583333332 0.4621708421875 0.14775619166666668 0.46379979687499995 0.1589298541666667 0.46551485625 0.16406854375 0.472917875 0.17288677291666668 0.47996749375 0.17707235625 0.4919293546875 0.17740796458333333 0.49756557343749996 0.17852405833333332 0.5014609625 0.18095028124999998 0.505494196875 0.17990497291666668 0.50889834375 0.18117008958333333 0.5125781796875 0.1754921375 0.521721828125 0.16753915833333333 0.530960171875 0.15140159583333332 0.5289346640625 0.1308822375 0.527460934375 0.12739890625
0 0.47377466874999996 0 0.4766474609375 0.015161479166666667 0.47632003125000005 0.01954109791666667 0.4782334640625 0.03708317083333333 0.48206852343750006 0.03909555625 0.49509038125 0.037868012500000006 0.50077834375 0.04154755 0.504191478125 0.07158521666666666 0.5072596046875 0.07937955625 0.51244773125 0.08404759166666667 0.5192646140625 0.08442821458333333 0.5278309171875 0.08134910208333333 0.5376553953125 0.07364914374999999 0.540033903125 0.0678789875 0.53591416875 0.04403711666666667 0.5312516484375001 0.03193176875 0.5279250140625 0.026781283333333336 0.5270200390625 0.020573689583333332 0.5251671359375 0.018906535416666665 0.52499473125 0.015515410416666665 0.5269854781250001 0.013711033333333334 0.5280023265625 0.00743483125 0.5269184390625 0 0.47377466874999996 0
0 0.8520594796875001 0.10125072291666666 0.8430706562499999 0.08597188125 0.8420622 0.0746374 0.8389768921874999 0.07114227291666667 0.836994734375 0.07079704375000001 0.8320307546875 0.07208357708333332 0.8304709203125 0.07463522291666667 0.827178846875 0.07634739375 0.823223125 0.07350733125 0.8208875687500001 0.06852946041666666 0.816931846875 0.06568939583333333 0.8082448812499999 0.06794083125 0.8015832218750001 0.07525054166666667 0.8025399375 0.08402158125 0.8056769875 0.09008015208333334 0.8095034546875001 0.09424214166666665 0.8111324109375 0.10541580833333333 0.8142005359375 0.11321014791666667 0.816234434375 0.11611882291666667 0.8174754296875 0.1157971875 0.8233443843750001 0.12071824583333333 0.827291515625 0.12570791458333333 0.8306698906250001 0.13342184583333333 0.8377023296875 0.14190664375 0.8394691296874999 0.149608775 0.8437522812499999 0.14806921874999998 0.8527321171875 0.13457551041666665 0.8536454828125001 0.12317241666666666 0.8520594796875001 0.10125072291666666
0 0.80085204375 0.180661625 0.8066175171875001 0.18045579375 0.8174330734374999 0.17292845208333332 0.8245428265625 0.16206679791666667 0.8236464421875 0.1537096 0.8214401390624999 0.14740980208333332 0.8171827593750001 0.14250054166666667 0.8095126421875 0.13847577291666668 0.8018599046875 0.14561287083333332 0.7993347640625 0.14154308958333334 0.79463788125 0.1380361625 0.791156221875 0.14065641874999998 0.7857787093749999 0.15235755 0.7881316453125 0.16849728958333332 0.80085204375 0.180661625