0 0.942191109375 0.136139225 0.948391703125 0.13404149375 0.9589233187499999 0.12695940833333333 0.9665185859375001 0.11945730624999999 0.9711775046875 0.1115351875 0.9710816359375001 0.10421208333333333 0.9614442343749999 0.09564597708333333 0.9526160156250001 0.09292130625 0.9357815484374999 0.09428981458333333 0.9335585156249999 0.09238812916666667 0.93106705 0.06998175416666667 0.9326253921875001 0.02110992291666667 0.9303640109375 0.016278997916666666 0.9274020999999999 0.013906154166666665 0.9211695499999999 0.01356285 0.9153352015625 0.015652058333333333 0.90079406875 0.024292525000000002 0.8945870843750001 0.02590205 0.8920553296874999 0.028402752083333333 0.8741157359375 0.02930862291666667 0.8719502265625 0.0318008 0.8683005625 0.03286245 0.8636032968749999 0.03785532916666667 0.8530525078125001 0.04347279375 0.8462089015625001 0.05242246875 0.8423080374999999 0.06228036875 0.842557296875 0.08132043541666666 0.84370076875 0.0847123125 0.8507552859375 0.09187346458333333 0.851911540625 0.09624175625 0.8571540078125001 0.10491014583333333 0.864227696875 0.11353591875 0.8672343484375 0.1193262125 0.87131416875 0.12313810625 0.8784389890625001 0.13566953333333334 0.8864963687499999 0.13548201041666666 0.8974325765625 0.13132064166666665 0.8999643328125 0.12881994166666666 0.9054580015625 0.12869208541666668 0.9220668312500001 0.13807265208333333 0.942191109375 0.136139225
0 0.3883101296875 0.47573984583333334 0.387764928125 0.46207857708333333 0.3866278484375 0.45917490625 0.3847518875 0.45580007708333337 0.3795861140625 0.45299016875000003 0.3696975109375 0.45322031041666666 0.3605861359375 0.4568508520833333 0.35878686875 0.45933450625 0.354404715625 0.46041320416666665 0.350414375 0.4634362083333333 0.3407814203125 0.48319462500000004 0.339804121875 0.49249612708333335 0.3450274140625 0.4996998979166667 0.346369015625 0.5182261875 0.35053831406249997 0.5288729770833334 0.350595834375 0.5332668395833333 0.355857475 0.5433998520833333 0.363599740625 0.54712650625 0.36798189375 0.5460478083333334 0.3777298890625 0.5350771145833334 0.3798698359375 0.5306321104166667 0.3816946671875 0.5301012854166667 0.38382183125 0.5246798666666667 0.38482469531249996 0.5173311916666666 0.3835597890625 0.5046633854166667 0.38531431718750003 0.49876228333333333 0.3883101296875 0.47573984583333334
0 0.4935609875 0.51187039375 0.4925728484375 0.49235916458333334 0.489180778125 0.485112775 0.48799895781249997 0.4787916583333333 0.4838680078125 0.4710741083333333 0.4797881859375 0.46726221458333334 0.47500783281250003 0.4659084041666667 0.4705553765625 0.46161682708333335 0.46280672031250003 0.4574019645833333 0.45654860625 0.4551058333333333 0.4495835671875 0.45477957708333333 0.44633210468750006 0.45827373958333334 0.44465427343749997 0.470033325 0.44072145156250003 0.47745018958333335 0.4397377609375 0.48626348333333336 0.43988475937500005 0.49749224166666667 0.44102184062500005 0.5003959124999999 0.44289141093750006 0.5032825354166667 0.4505953296875 0.5040799499999999 0.4542897328125 0.5064357458333333 0.4594299390625 0.5072928270833333 0.463137121875 0.5106250375 0.46336720781249996 0.5282004854166666 0.46450428906249996 0.53110415625 0.4725680609375 0.5314048395833333 0.47363483906250003 0.5289382333333333 0.47655201406250003 0.5278936291666666 0.48088303593750004 0.5229092770833333 0.4917745046875 0.5153304604166666 0.4935609875 0.51187039375
0 0 0.3308312895833333 0.015239995312499999 0.3266835958333333 0.025051904687499998 0.3205949708333333 0.030456093750000003 0.31363221874999997 0.03324544375 0.3028234770833333 0.031184135937500003 0.2852906479166667 0.027728153125 0.2731621895833333 0.0192150484375 0.26652333958333335 0.005253015625 0.2634297958333333 0 0.26409157916666665 0 0.3308312895833333
0 0.5368670140625 0.15387454791666666 0.5336475078125 0.15980974583333335 0.532638253125 0.1666702125 0.5339606796874999 0.18373188333333335 0.53512971875 0.18907658749999998 0.5384642671875 0.19192911458333334 0.552272909375 0.18330569375 0.5669866046875 0.18784681250000002 0.5706170953124999 0.18532053958333333 0.5730146328125 0.17256749583333333 0.5758487203125 0.16517620208333333 0.5768132390625 0.15489828541666667 0.574551859375 0.15006736041666666 0.570851065625 0.14722335625 0.56571725 0.14685448125 0.55920154375 0.15286639166666666 0.5426821890625 0.15032072083333334 0.5368670140625 0.15387454791666666
0 0.45370699999999997 0.29401461041666666 0.4524293109375 0.2803703875 0.4542157953125 0.27691032083333333 0.46005653437499994 0.2753093208333333 0.46513282968749997 0.2712843333333333 0.468352334375 0.26534913541666666 0.460937965625 0.2586847145833333 0.46012878125 0.25284327916666666 0.4525865875 0.23641472083333334 0.451404765625 0.23009360416666666 0.4419930015625 0.21077842291666665 0.43827942656249996 0.20695800416666668 0.43092896875 0.20517565208333333 0.4137090828125 0.20508806249999997 0.4097634796875 0.21152851250000002 0.4092099453125 0.22521535416666666 0.4162964171875 0.23481753958333332 0.4182043359375 0.24063340416666668 0.41713116718750004 0.24261180208333333 0.41310886875 0.24319377083333332 0.4090034828125 0.23742904999999997 0.4060479609375 0.2355444125 0.39725808906250004 0.23574898125 0.39220736093749997 0.24172679791666668 0.3883128890625 0.25207290416666667 0.386192115625 0.2579825291666667 0.3885429734375 0.2696483520833333 0.38868358125 0.28038890208333334 0.391715796875 0.2881320229166667 0.3929295734375 0.29689417500000004 0.398203996875 0.3080036 0.4023029921875 0.3132801145833334 0.40599739375 0.3156359125 0.421026203125 0.3162628520833334 0.42842140000000006 0.32146265208333336 0.43541839375 0.32422994166666663 0.443835628125 0.3235456875 0.45074953593749995 0.3199662875 0.45360918906250003 0.31452782291666664 0.452672178125 0.29892225 0.45370699999999997 0.29401461041666666
0 0.2867814328125 0.136253825 0.286351275 0.13138028124999998 0.27920728281249996 0.11738423125 0.273996771875 0.111156875 0.2651685546875 0.10843220416666667 0.2582418640625 0.11103518958333333 0.2538916671875 0.11455492291666666 0.2491304890625 0.11466573333333334 0.24542969375 0.11182172916666668 0.237976978125 0.10222806666666666 0.2335756515625 0.10184214583333334 0.229970728125 0.10632124375 0.22890395 0.10878784999999999 0.22901260156249997 0.11708736666666668 0.2319936890625 0.12092483125 0.236150203125 0.13059520833333332 0.24357735468750003 0.13823604375 0.245472490625 0.14307549375 0.2506957828125 0.15027926458333332 0.2640084140625 0.15973654583333333 0.2722383578125 0.17273060833333334 0.27703149374999997 0.17506083541666667 0.2842029953125 0.16317339375 0.286753925 0.16213731458333333 0.2899989953125 0.1581549458333333 0.2910657734375 0.15568833958333334 0.2909379484375 0.14592420208333332 0.2867814328125 0.136253825
0 0.9410982906250001 0 0.9404271218750001 0.001394125 0.94046546875 0.004323366666666667 0.9357937671875 0.011269072916666668 0.9326190000000001 0.020621716666666668 0.932836303125 0.037220750000000004 0.9302386921875 0.06267569791666666 0.9312651781250001 0.08511616875 0.93318588125 0.09190844583333332 0.938698721875 0.09324521041666665 0.9657688640625001 0.09017341666666666 0.9829120546875 0.084402525 0.986883225 0.0799149 0.9906754390625 0.06175748541666667 0.9931944109374999 0.05828037083333334 0.9942931453125 0.0582548 0.9935305156249999 0 0.9410982906250001 0
0 0.6313103078125 0.008099975 0.631271959375 0.005170733333333333 0.6265427359375 0.007722577083333334 0.6240301546875 0.0116879 0.618542878125 0.0123039625 0.6193264953125001 0.016192570833333333 0.6230081171874999 0.017571952083333335 0.6273391390625 0.012587597916666667 0.6283867421875 0.008656372916666665 0.6313103078125 0.008099975
0 0.5835894625 0 0.5778386 0.009344445833333333 0.5732499843750001 0.022636839583333335 0.5660784828125001 0.03452428125 0.5632507859375 0.04240378125 0.5633083078125 0.04679764166666667 0.5662957859375 0.05112331458333333 0.5686594265625 0.06376555 0.57388271875 0.07096932083333334 0.5786502890625 0.07134671875000001 0.586624584375 0.06481250625 0.6028052015625 0.04148321458333334 0.6027732453125 0.03904217916666666 0.6067508046875 0.035042762500000005 0.60722764375 0.015497439583333333 0.6001731265625 0.008336289583333333 0.597140909375 0.00059316875 0.594959309375 0 0.5835894625 0
0 0.143110734375 0.047786675 0.14598317031250002 0.04332462291666667 0.148893953125 0.0417918125 0.14997351406249998 0.040301620833333336 0.149928775 0.036884172916666666 0.14288064843749998 0.030211227083333334 0.1337245359375 0.03042432291666667 0.1297278015625 0.03295911875 0.124966621875 0.03306992708333333 0.12209418593750002 0.03753197916666667 0.12078259843750001 0.049283039583333334 0.11672834375 0.04742397291666667 0.10906277187499999 0.049555800000000004 0.0978050578125 0.05714313958333333 0.09094228125 0.06462819375000001 0.08018502968749999 0.08245935416666667 0.06933829999999999 0.09345561875 0.0690040125 0.09590517708333332 0.06611879375 0.09939081458333333 0.0643450921875 0.10382729583333333 0.0655077375 0.10868379375000001 0.0802597828125 0.11615415416666666 0.094008959375 0.1309731875 0.11048996562499999 0.13058961875 0.1126490859375 0.12760923333333332 0.112842765625 0.114419125 0.1145717296875 0.10656519583333333 0.1184406375 0.09426626249999999 0.1205933671875 0.09079767083333333 0.1204144125 0.07712787916666668 0.12252879218749999 0.07073004583333334 0.1261209328125 0.06527453333333334 0.1264360484375 0.061360354166666665 0.1343783875 0.05238510833333333 0.143110734375 0.047786675
0 0.40094390625000004 0.5452806687499999 0.3975774015625 0.5399871083333333 0.38907708125 0.5343246708333333 0.3839432640625 0.5339557979166667 0.3810580484375 0.5374414354166667 0.3799976609375 0.5403962479166666 0.3801190953125 0.5496721791666667 0.3700048546875 0.5606513958333333 0.37049253437499996 0.5699188020833332 0.37728945625 0.5853879958333333 0.38438231875 0.5954783875 0.39287625 0.6006526166666667 0.40203236249999996 0.6004395229166666 0.4104240328125 0.5978024416666667 0.41368188593750005 0.5947964875 0.41474227187499996 0.591841675 0.4145888828125 0.5801247104166667 0.41565565937500004 0.5776581041666666 0.41193569218750004 0.5733494791666666 0.4040464265625 0.5583940645833334 0.40094390625000004 0.5452806687499999
0 0.0674378984375 0.25612227291666667 0.061969796875000004 0.25820295625 0.05840321875 0.26561129791666666 0.0581648 0.27538395833333335 0.060477310937499994 0.28412053958333333 0.063503134375 0.2913754520833333 0.0679683734375 0.29664344375 0.0712773578125 0.29754314374999996 0.0775866015625 0.3037449291666666 0.0871792640625 0.3088935875 0.09560928125 0.30918574791666664 0.09995308750000001 0.30517780624999996 0.10170122343750002 0.2987884979166667 0.101799034375 0.2782752854166667 0.099486525 0.2695387041666667 0.0953811390625 0.26377398333333335 0.0872598453125 0.2590794375 0.07623416093749999 0.2564059083333333 0.0674378984375 0.25612227291666667
0 0.8396621124999999 0.5038154354166667 0.8257895578125 0.5075567875 0.8218439546875 0.5139972375 0.8202108609375 0.5291742708333333 0.8141317015625 0.5405479333333333 0.815345478125 0.5493100854166666 0.8213396078124999 0.55942605 0.8257664984374999 0.5617647979166667 0.836400375 0.5624940229166667 0.8476836515624999 0.5568595104166667 0.8579129359375001 0.55466801875 0.86226313125 0.5511482854166666 0.8654826375000001 0.5452130875000001 0.866466328125 0.53639979375 0.8645392359375 0.5291193083333333 0.8632679390625 0.51596329375 0.8595287984375 0.51019005 0.84992974375 0.5045531854166667 0.8396621124999999 0.5038154354166667
0 0.2905264015625 0.058518122916666665 0.2875708796875 0.05663348541666667 0.2835421890625 0.056727245833333335 0.2585205734375 0.07635545416666667 0.2549476046875 0.0832755875 0.253919175 0.08867143541666667 0.252980221875 0.10090217916666666 0.2560060484375 0.10815709166666668 0.268837390625 0.10883517291666665 0.2769586859375 0.11352971875 0.2795735265625 0.11737570833333333 0.2821436296875 0.11780425 0.284373053125 0.12019414166666667 0.2933629953125 0.10728766875 0.2954901578125 0.10186625 0.304537621875 0.09335363749999999 0.30920293125 0.08591972708333334 0.3101930140625 0.07759463750000001 0.3088961515625 0.06248579583333334 0.307771853125 0.060558539583333335 0.299669734375 0.05732861458333333 0.2905264015625 0.058518122916666665
0 0 0.07802438541666666 0.007276792187500001 0.08220275625000001 0.016605471875 0.09517124791666666 0.019554601562500003 0.09656767916666667 0.022484559374999998 0.09649948750000001 0.026481292187499998 0.09396469166666667 0.0279143140625 0.09148956250000001 0.03770705 0.08393631875 0.0405794859375 0.07947426666666665 0.044454784375 0.06766353958333333 0.0443716984375 0.06131685 0.0413011328125 0.050644489583333334 0.0412372203125 0.04576242083333334 0.038931103125 0.03751404583333333 0.03595640625 0.034164787499999995 0.0348001515625 0.029796497916666668 0.0318190640625 0.02595903125 0.026512685937500002 0.012408572916666666 0.025516859375 0.01096668125 0 0.011560545833333333 0 0.07802438541666666
0 0.09801014375 0.15676291458333333 0.0937833234375 0.1417222625 0.0855981171875 0.13214564791666666 0.0796870734375 0.12837637291666668 0.06357231249999999 0.12875141874999999 0.060699878124999995 0.13321347083333335 0.0601974734375 0.15080596666666668 0.05170993593749999 0.14611994375 0.04661446875 0.14868031041666668 0.043761206250000004 0.15460698333333334 0.0415829140625 0.15612274583333333 0.040516135937499996 0.15858935208333333 0.04099103125 0.16688034583333333 0.0459119921875 0.17897470833333334 0.045995078125 0.18532139791666669 0.0486610515625 0.19307304166666667 0.06488446406250001 0.2009975125 0.0686044296875 0.2053061375 0.0804265171875 0.21284468750000002 0.0859201859375 0.21271683125 0.08843915937499999 0.20923971666666666 0.0908942203125 0.20088053333333333 0.09446718750000001 0.1939604 0.0954892265625 0.18807634583333332 0.10226252656249998 0.17375639375000002 0.1021602671875 0.16594508333333333 0.09801014375 0.15676291458333333
0 0.9228821546875 0.4242300770833333 0.91618555 0.4444085104166666 0.9147972671875 0.4503010875 0.916705184375 0.45611695208333336 0.9211320765625001 0.4584557 0.924428278125 0.4583789875 0.9411988328125 0.4521284104166667 0.9502335140625 0.44263938541666664 0.9524245890625 0.44210003750000004 0.9570387703125001 0.43076046875 0.9601751890625 0.4184785833333333 0.9578371140625 0.40778917499999995 0.9506611640625 0.3913520916666667 0.94401763125 0.38759986458333334 0.9392628437500001 0.38819888125 0.9334924078125001 0.39517015625 0.9296490640625 0.40942191875 0.9228821546875 0.4242300770833333
0 0.057960590624999996 0.623586275 0.044890828125 0.6326808541666666 0.043843225 0.63661208125 0.0532422078125 0.6549508479166666 0.056936609375 0.6573066437499999 0.0650131625 0.6585837416666667 0.07131601562499999 0.6642973208333333 0.0808831140625 0.6674931520833333 0.087828978125 0.6663547854166667 0.093452415625 0.6481547520833334 0.100655871875 0.6387083458333334 0.105365921875 0.63469188125 0.105333965625 0.6322508458333334 0.098639303125 0.6245929645833334 0.095260015625 0.6183229895833333 0.0871515046875 0.61460485625 0.0744288140625 0.6222262916666667 0.057960590624999996 0.623586275
0 0.43644795 0.4868284041666667 0.4305049515625 0.4806180958333333 0.41253340156249996 0.47908293333333335 0.40743793437500003 0.4816433 0.392960715625 0.49516583541666664 0.3865792234375 0.5114300916666666 0.3859234296875 0.5173056208333333 0.38608960312499996 0.529999 0.3998196078125 0.5433534125 0.40140601875000004 0.5525952479166667 0.40443823593749995 0.56033836875 0.41452497031249996 0.5752426395833333 0.424767034375 0.5740275625 0.43490684062499996 0.5650011729166666 0.43885883437500006 0.5590489291666666 0.450938515625 0.5582794375 0.45273778125 0.5557957833333333 0.45134505 0.5333638395833333 0.4452103125 0.5125073229166667 0.4451272265625 0.5061606333333333 0.43879241718750006 0.49800602083333334 0.4387348953125 0.4936121583333334 0.43644795 0.4868284041666667
0 0.0532657703125 0.04108727291666667 0.0493840796875 0.05240979375 0.0483939984375 0.060734881250000004 0.049837859375 0.08707248124999999 0.0528445109375 0.092862775 0.059847896874999994 0.09611827083333332 0.0671855703125 0.09692421041666667 0.07190201093750001 0.09339595208333333 0.0838091265625 0.07944487500000001 0.087722775 0.07056338958333333 0.091700334375 0.066563975 0.0916428125 0.0621701125 0.084575515625 0.05403254583333333 0.0816327765625 0.05312432291666667 0.0682434515625 0.03780855833333333 0.0630776796875 0.03499865 0.057224157812499996 0.035623237499999995 0.0532657703125 0.04108727291666667
0 0.550186346875 0.527644975 0.5483998640625 0.5311050416666666 0.548540471875 0.5418455916666667 0.549696725 0.5462138833333333 0.5579522359375 0.5611607729166667 0.568379646875 0.57410369375 0.579000740625 0.5738565041666667 0.584083425 0.5703197249999999 0.5891277625 0.5638537020833333 0.590066715625 0.5516229583333333 0.5870664546875 0.5463208729166666 0.585871853125 0.5390233416666667 0.5797946359374999 0.5225606875 0.5742690109375 0.5202475104166667 0.5632752828124999 0.5200150145833333 0.552339075 0.5241763833333334 0.550186346875 0.527644975
0 0.050214439062500005 0.67553225 0.0552651671875 0.6695544354166666 0.055162907812499995 0.661743125 0.0490920828125 0.6457686791666667 0.04310434375 0.6361409208333334 0.033814014062499995 0.6261016708333333 0.029240123437499998 0.6125341624999999 0.027383335937499996 0.6106239541666666 0.008338615625 0.6110671895833334 0.0012990140625 0.6050451875 0.0029138734374999998 0.7283987937499999 0.008812134374999999 0.7311916541666666 0.0146337 0.7281260333333334 0.019394879687499998 0.728015225 0.024920503125 0.7303284020833334 0.0307804171875 0.7301920208333333 0.034417296874999996 0.72815395625 0.039802315625 0.7197265833333333 0.04360091875 0.7020573750000001 0.0504061765625 0.6901784562500001 0.050214439062500005 0.67553225
0 0.271789028125 0.16639244375 0.27290054375 0.16734328541666665 0.2721360984375 0.16491929791666668 0.271789028125 0.16639244375
0 0.2666129796875 0.21876696041666666 0.2715786796875 0.23427877083333334 0.272123878125 0.24794003958333333 0.27402540468750003 0.25326769791666665 0.27696175312500004 0.25368771458333333 0.29136033437500003 0.26214301041666666 0.2979719109375 0.26345420416666665 0.3005675796875 0.26583557291666665 0.304975296875 0.2667097 0.31899485156249996 0.27419710833333333 0.3299821890625 0.27394139375000004 0.3357781890625 0.2689229458333333 0.34080974375 0.26148051041666664 0.34363105 0.25311280208333337 0.34568790781250003 0.24232110833333334 0.346543775 0.223743675 0.34830469375 0.21833078125000002 0.348208825 0.21100767708333334 0.356125596875 0.20007960416666667 0.359332321875 0.19316799375 0.3592492359375 0.18682130416666667 0.3568919859375 0.174667275 0.343457921875 0.1559340625 0.3418842921875 0.14766863958333334 0.3396804328125 0.147231575 0.3352215859375 0.14245179166666666 0.3174756734375 0.13016755416666667 0.2994402125 0.12375032083333333 0.296516646875 0.12430671875 0.29001372187499996 0.13129504166666667 0.289100334375 0.14547861458333333 0.290989078125 0.14982985624999998 0.2910593828125 0.15520013333333335 0.288565975 0.16063007499999998 0.28417743125 0.16122056666666668 0.2773082609375 0.16821741458333334 0.2740248421875 0.16927054166666666 0.2751810984375 0.17363883333333333 0.272315053125 0.17858909166666667 0.263171721875 0.1797786 0.2599074765625 0.18229634791666666 0.259952215625 0.18571379583333333 0.2622008125 0.18956830833333335 0.26227111718749996 0.19493858333333333 0.266440415625 0.20558537500000001 0.2666129796875 0.21876696041666666
0 0.24531302031250002 0.49469525833333333 0.2542179328125 0.5032784104166667 0.2641129265625 0.5035364770833334 0.2691956125 0.4999996958333333 0.26908056875 0.49121197083333334 0.2649176640625 0.48105338750000004 0.2637038859375 0.4722912354166667 0.26185349062499996 0.47086923333333336 0.26069084375 0.4660127375 0.25434325156250004 0.4568817104166667 0.255301378125 0.44611558749999997 0.2511896 0.4398626583333333 0.2482468609375 0.4389544354166667 0.244154259375 0.43416612708333335 0.23603935781250002 0.4299597895833333 0.23343729687499998 0.4270902145833333 0.21696268124999998 0.4279619895833333 0.21588951406249998 0.4299403895833333 0.212972340625 0.43098499375 0.20902673593749999 0.43742544375 0.20765123437500002 0.44429443541666663 0.20782379843749998 0.45747602083333333 0.21199948906250002 0.46861101875 0.211356478125 0.4754629625 0.20955081875 0.47745840833333336 0.2024835203125 0.46932084166666665 0.2020789296875 0.466400125 0.1965085640625 0.46066949791666667 0.1939384609375 0.46024095833333334 0.1928141625 0.45831370208333333 0.18811050468749999 0.46281837291666666 0.18778899843750002 0.46624434583333335 0.1841776828125 0.4702352375 0.18426076875 0.4765819270833333 0.192420409375 0.48420571458333334 0.19616594375000002 0.4904671666666667 0.19737971875 0.49922931875000004 0.196813403125 0.5119397458333333 0.210948 0.5282148770833334 0.21500864531250002 0.5305621500000001 0.22307241875 0.5308628333333333 0.2252315390625 0.52788245 0.229119621875 0.5170481375 0.2282081765625 0.5033953916666667 0.2349750859375 0.4885872333333333 0.24193373281250002 0.48842528124999995 0.24531302031250002 0.49469525833333333
0 0.3588818640625 0.01883551875 0.3629808578125 0.02411203125 0.3824109953125 0.02512489375 0.39043641875 0.02249633541666667 0.3951336859375 0.017503458333333333 0.39493555625 0.0023690458333333335 0.3428622375 0.0035809687500000004 0.3437124453125 0.007468027083333333 0.3588818640625 0.01883551875
0 0.3319629171875 0.3412883729166667 0.336017171875 0.3431474395833333 0.341144596875 0.34302810625 0.346953378125 0.3389860708333333 0.3469342046875 0.33752145 0.35018566875 0.33402728958333333 0.3500194953125 0.32133391041666665 0.3477261578125 0.31406195000000003 0.331323790625 0.2924676854166667 0.3301291875 0.28517015208333335 0.32712892656250003 0.27986806666666664 0.3208708125 0.27757193750000003 0.31938026875 0.27565320416666667 0.306561709375 0.27595153541666667 0.302558584375 0.277998125 0.29886418125 0.2756423291666667 0.29401991562499996 0.2694064479166667 0.28850068281249996 0.26758147708333335 0.2776092140625 0.27516029375 0.2747943 0.28401620624999996 0.274626184375 0.29915914374999997 0.27576965625 0.30255102083333335 0.27801825468749997 0.30640553333333337 0.281095209375 0.3175661020833333 0.28482156875000003 0.3223629333333333 0.2871724265625 0.33402875625 0.2905197578125 0.33785769583333336 0.29346249687500003 0.33876592083333334 0.2953320671875 0.3416525416666667 0.2953640234375 0.3440935770833333 0.299405496875 0.3449762291666667 0.3005361875 0.34739169166666667 0.3045968328125 0.34973896458333337 0.3159887625 0.35240397083333336 0.326937753125 0.34921901666666666 0.3319629171875 0.3412883729166667
0 0.7592922625 0.4373161291666667 0.7529510625 0.4286733104166667 0.7470400203125 0.42490403541666666 0.7400685890625 0.42408957291666666 0.724004959375 0.42837027291666663 0.7189222734375 0.43190705416666664 0.71497666875 0.4383475041666667 0.7139226734374999 0.441790525 0.7151300593750001 0.45006447083333334 0.7210602765624999 0.45529836458333334 0.72782524375 0.46832652291666665 0.7315260359375 0.47117052708333335 0.7327398125 0.47993267916666665 0.7357145078125 0.48328193750000004 0.738644465625 0.48321374791666666 0.7433609062500001 0.4796854895833333 0.746220559375 0.47424702500000004 0.754593053125 0.47014532291666666 0.7563795375 0.46668525625 0.75772308125 0.45737523125 0.7605699515625 0.45096035 0.7604357359375 0.44070800625 0.7592922625 0.4373161291666667
0 0.024136009375 0.27861770208333336 0.0248301515625 0.27567141458333333 0.0233587828125 0.27521730208333334 0.024136009375 0.27861770208333336
0 0.5336961328125 0.10755456041666665 0.5265201828125 0.09111747916666667 0.525331971875 0.08430815416666666 0.5212329765625 0.07903163958333333 0.5156945703125 0.07574204791666667 0.50687274375 0.07350558333333333 0.4988153640625 0.07369310625 0.4919014546875 0.07727250625 0.482905121875 0.08969077291666668 0.484297853125 0.11212271666666668 0.4826136296875 0.12339409375 0.485741715625 0.13846031875 0.49067545937499996 0.15153109583333332 0.49201067031249995 0.16956917916666667 0.4950364953125 0.17682409166666666 0.4983710453125 0.17967661875 0.5049762296875 0.18049960416666666 0.5086195 0.1789497458333333 0.5166001859375 0.17290374166666667 0.5216317421875 0.16546130416666666 0.522242796875 0.15616832708333334 0.524357178125 0.14977049583333332 0.5352614296875 0.1431680916666667 0.535661571875 0.1177642875 0.5336961328125 0.10755456041666665
0 0.5263773796875 0.388041025 0.524861271875 0.38416946458333334 0.5178259296875 0.3784729333333334 0.5031697546875 0.37832567708333337 0.4970202921875 0.3843290645833333 0.49707781406249996 0.388722925 0.494590796875 0.394641075 0.49197595468750005 0.39079508541666663 0.4918736953125 0.38298377499999997 0.49001690781249996 0.38107356666666664 0.49068548281249996 0.37617445 0.48188922187500005 0.37589081458333334 0.4779052703125 0.37940202291666664 0.47395966562499997 0.38584247499999996 0.47187724218750005 0.3946813416666667 0.46402438281249997 0.41049148333333335 0.4623337671875 0.4212746541666667 0.46246798437500003 0.431527 0.46435033593749997 0.43539003541666665 0.4695544546875 0.4411291854166667 0.47101943437499993 0.4410950895833333 0.4766089703125 0.44829033749999997 0.47789944218749997 0.46291097291666666 0.47903013281250006 0.46532643541666663 0.48309077812499995 0.4676737083333334 0.49587738437500006 0.4649343416666667 0.5078484109375 0.45586533333333334 0.515045478125 0.44593072083333335 0.52086704375 0.44286509999999996 0.52480625625 0.4359364416666667 0.5257516 0.42419390625000003 0.5278404171875 0.4158432458333333 0.5263773796875 0.388041025
0 0.19367222343749999 0.13207217291666667 0.19060805 0.12188801666666667 0.19148948125 0.1052634125 0.1891769703125 0.09652683125 0.18505241249999999 0.08929748958333333 0.183736375 0.07272402708333334 0.1800036265625 0.0674389875 0.1766946421875 0.0665392875 0.16927388125 0.05938666041666667 0.1644871375 0.05754464166666667 0.1593085828125 0.05375831875 0.15855052812499998 0.051822539583333334 0.1500566 0.046648310416666665 0.14492917656249998 0.04676764375 0.137282778125 0.050364089583333334 0.131133315625 0.05636747708333333 0.12726440625 0.06866641041666667 0.1222328515625 0.07610884583333334 0.12045915 0.08054532708333334 0.11953297968750001 0.09375248333333334 0.11280441875 0.11148988333333333 0.11293224375 0.12125402083333332 0.12234400781250002 0.14056920208333334 0.123210715625 0.1508045 0.125523225 0.15954108125 0.13077208437500001 0.16869767916666667 0.13518619062499998 0.17006001458333334 0.14648864374999998 0.16589012291666666 0.1556511484375 0.16616523541666667 0.1579125296875 0.17099616041666668 0.15911352343750002 0.17878190000000002 0.164330425 0.18549746458333333 0.1690916046875 0.1853866541666667 0.17672521875 0.18081379375 0.18827248125 0.16735944791666665 0.1927588359375 0.14625574375 0.19367222343749999 0.13207217291666667
0 0.24823182500000002 0.10198940208333333 0.2517920125 0.09409285416666666 0.25268622500000004 0.0784446625 0.2544407515625 0.07254356041666667 0.2553733125 0.05982461041666667 0.2538847125 0.030069562499999997 0.252709284375 0.024236650000000002 0.2508461046875 0.021838235416666667 0.2496259375 0.012587875 0.24260976875 0.008355964583333332 0.2404123015625 0.008407108333333333 0.2383043125 0.015293145833333332 0.23174386406249997 0.017887608333333336 0.22890977812500002 0.025278902083333332 0.2199134453125 0.037697168749999996 0.21672589531250003 0.0460734 0.20914980156250002 0.05504012291666667 0.20270439843750002 0.06642230833333333 0.199793615625 0.06795511875 0.1909653984375 0.06523044791666667 0.1870070109375 0.07069448541666666 0.1872434875 0.08875813958333333 0.1902437484375 0.094060225 0.194445003125 0.10714805 0.19744526406250001 0.11245013541666667 0.199649121875 0.11288720000000001 0.2015186921875 0.11577382291666667 0.20739138906250001 0.11661385625000001 0.2096208125 0.11900374791666667 0.2166178078125 0.1217710375 0.2206401046875 0.12118906874999999 0.2267831765625 0.11469747500000001 0.23174442968750003 0.10188476458333334 0.23870307500000001 0.1017228125 0.24204401562500003 0.10506354583333333 0.24533382499999998 0.104498625 0.24823182500000002 0.10198940208333333
0 0.2523483625 0.5003917895833333 0.243026075 0.4879115041666667 0.2389590375 0.4850760229166667 0.2335101078125 0.4886213291666667 0.2306760203125 0.49601262083333336 0.22892149218750002 0.5019137229166667 0.23097640937500002 0.5189583458333333 0.2332377890625 0.5237892708333333 0.2454580765625 0.53376033125 0.2524167234375 0.53359838125 0.26364248125 0.52357000625 0.26848674687499996 0.5298058875 0.2729136359375 0.5321446354166667 0.2849230125 0.52600486875 0.2885471109375 0.5229903895833333 0.2906934484375 0.5190335916666666 0.2906231453125 0.5136633166666666 0.279520765625 0.50513130625 0.27103961718749997 0.5009334895833333 0.25859369375 0.50171150625 0.2523483625 0.5003917895833333
0 0.351720134375 0.5351940958333333 0.3452702828125 0.5182517583333334 0.344301315625 0.5002051520833334 0.34280438125 0.4977982125 0.3387245609375 0.49398631875 0.3340017296875 0.49702636875 0.3289637828125 0.5039805979166666 0.3229932765625 0.5236537770833334 0.323069971875 0.5295122604166667 0.3283124375 0.5381806499999999 0.3261533171875 0.5411610354166666 0.3196120453125 0.5452201166666666 0.3174657078125 0.5491769145833333 0.3186794828125 0.5579390666666666 0.34136553125 0.5837822895833333 0.34698063281249997 0.5929303645833334 0.3532770953125 0.5981557354166667 0.3565796875 0.5985672291666667 0.3604933359375 0.5896857437499999 0.3610276953125 0.5745342833333333 0.356781703125 0.5580290104166666 0.3559086046875 0.54730550625 0.3525229265625 0.5405473229166666 0.351720134375 0.5351940958333333
0 0.642792559375 0 0.6422081671875 0.0010093666666666666 0.6385648953125 0.002559225 0.6353134328125 0.006053387499999999 0.62418354375 0.023404864583333334 0.6147634453124999 0.031437791666666666 0.5974968781250001 0.05576907083333334 0.59572956875 0.060693758333333334 0.593911128125 0.06171278958333334 0.5928826984375 0.0671086375 0.590016653125 0.07205889583333333 0.5833136578125 0.09174912291666668 0.58241944375 0.10739731458333333 0.58844553125 0.1199543125 0.59255730625 0.12620724166666666 0.6002484421875 0.12602824166666665 0.6049648828125 0.12249998541666667 0.61046494375 0.12286033541666666 0.6089149375 0.14438405625 0.610103146875 0.15119338333333332 0.6123453546875 0.1545596875 0.6182627890625 0.15881716875000002 0.6224512609375 0.17092858125000002 0.6317607656249999 0.18243245208333334 0.6329170203125 0.18680074166666666 0.6359044984375 0.19112641458333332 0.6371502312499999 0.2023296 0.6401632734375 0.20860810000000002 0.6435042140625 0.21194883541666665 0.650835496875 0.21226656666666666 0.66319194375 0.20465365416666667 0.67040179375 0.19569545625 0.675118234375 0.19216719791666667 0.6931364640625 0.16928349375 0.69520610625 0.15946821458333332 0.6949760203124999 0.14189276666666667 0.6990238843750001 0.143263625 0.7031356609375 0.14951655416666665 0.712040575 0.15809970625 0.7160692640625 0.15800594583333333 0.7182347765625 0.15551376875 0.7181772546875 0.15111990625 0.720310809375 0.14618669583333332 0.72198225 0.13393890416666665 0.724809946875 0.12605940416666667 0.7268220671875001 0.11185026249999999 0.730671803125 0.09808670833333334 0.7293941125 0.08444248541666667 0.725275946875 0.07770135208333334 0.7251545125 0.06842542083333333 0.7297367359375 0.054644818750000004 0.7289595078125 0.05124441875 0.7230101171875 0.04454590208333333 0.712904209375 0.028177010416666665 0.7010373859375 0.0172210125 0.698460890625 0.016304264583333332 0.6932503796875 0.010076908333333334 0.68588075 0.006829935416666667 0.680753325 0.006949266666666666 0.6777786296875 0.0036000083333333336 0.6769167859375 0 0.642792559375 0
0 0.581153975 0.010732352083333334 0.5808452515625 0.0151347375 0.579765690625 0.016624929166666667 0.577201978125 0.016684595833333333 0.578326278125 0.01861185208333333 0.5772403265625 0.019613837500000002 0.5772786734375 0.022543079166666664 0.5819375921875001 0.014620958333333333 0.581153975 0.010732352083333334
0 0.5926947359375 0 0.5938574921875001 0.0016462958333333332 0.59901048125 0.0034797916666666666 0.61233589375 0.013913487499999998 0.6193456703125 0.017657189583333333 0.6230145078125 0.01806016041666667 0.6335013843749999 0.0075606250000000005 0.6377998953125 0 0.5926947359375 0
0 0.574909515625 0.45723472708333335 0.5716708374999999 0.4617053020833334 0.5699227 0.46809461041666667 0.5702166984375 0.49055212708333334 0.5750801375 0.4982526291666666 0.5843768609375 0.5087800854166666 0.5876986265624999 0.5106562 0.5935457578125 0.50954340625 0.6026187859375 0.5029836208333334 0.6053889609375 0.49071026041666665 0.6051972234375 0.4760640541666667 0.6028974953125 0.4683038854166667 0.5957854578124999 0.4567488729166667 0.5910178875 0.456371475 0.588845984375 0.45837544375 0.5874449187499999 0.4632916083333333 0.5834162296875001 0.46338536875 0.5789318156250001 0.4566527583333333 0.574909515625 0.45723472708333335
0 0.7891350859374999 0.4781318125 0.7885368140625 0.48840120625 0.7916457265625 0.5020028083333333 0.7913945234375 0.51079905625 0.7966433828125 0.5199556541666667 0.8080033546875001 0.5201796229166666 0.81309243125 0.51713105 0.8196720515625 0.5160012083333333 0.825815121875 0.5095096145833333 0.827820853125 0.49481226666666667 0.832447815625 0.4844491125 0.829390034375 0.47475316458333333 0.8200805296875 0.46324929374999996 0.8109244140625 0.4634623875 0.7959914734375 0.47015855208333335 0.7919947390625001 0.4726933479166667 0.7891350859374999 0.4781318125
0 0.413407878125 0.3779729645833333 0.417057540625 0.3769113145833333 0.41694249843750003 0.3681235895833333 0.405718684375 0.35031564791666664 0.40456242812500004 0.34594735833333334 0.401215096875 0.34211841666666665 0.3897784296875 0.33603596249999995 0.381322846875 0.33379097500000005 0.3787847015625 0.33580346875 0.37000761249999997 0.3369844541666666 0.364186046875 0.340050075 0.3591481015625 0.34700430416666667 0.357380790625 0.3519289916666667 0.3576683984375 0.3738983020833333 0.3596274453125 0.38361982083333335 0.3653320265625 0.3996027916666666 0.3731190328125 0.4067468958333333 0.377886603125 0.40712429375 0.38231988437500003 0.40995125 0.386342184375 0.40936928125 0.3903005703125 0.40390524375 0.3961029609375 0.3993750020833333 0.3988923109375 0.3885662604166667 0.40177752812499995 0.38508062291666667 0.41200681250000004 0.3828891291666666 0.410092503125 0.37658505833333333 0.41078664375 0.37363876875 0.41299689375000004 0.3745640416666667 0.413407878125 0.3779729645833333
0 0.3342862671875 0.3788376833333333 0.3123179828125 0.37983731666666665 0.30833403125 0.38334852708333333 0.3022420890625 0.393745775 0.2942997515625 0.40272102083333333 0.29323936562499997 0.4056758354166667 0.29332884375 0.41251073125000004 0.2956797015625 0.42417655416666666 0.3057919984375 0.44103365208333334 0.3180058953125 0.45051650624999995 0.3224775265625 0.45627270416666665 0.358748521875 0.4564052645833333 0.36343300625 0.4504359729166667 0.3622575765625 0.4446030625 0.357400528125 0.43739076666666665 0.34668356562499997 0.43031485416666665 0.35494101875 0.41742542708333336 0.3559247109375 0.40861213333333335 0.3547301078125 0.4013146 0.34770115625 0.39610627708333335 0.3342862671875 0.3788376833333333
0 0.19574575156250001 0.06658426041666667 0.1990355609375 0.06601933958333334 0.20411824531249997 0.062482558333333334 0.2149074546875 0.04709243125 0.2188147109375 0.03772273958333334 0.2295847453125 0.020867991666666665 0.2316479953125 0.01056450625 0.230931234375 0.006185985416666666 0.1535803796875 0.007986206249999999 0.15287345624999998 0.00995608125 0.152943759375 0.015326356250000001 0.155956803125 0.021604856250000002 0.16004301406250002 0.02590495625 0.1600685796875 0.027857783333333334 0.17562980625 0.04116957708333333 0.17864285 0.04744807708333333 0.185690975 0.054121022916666664 0.19205135 0.0642284625 0.19574575156250001 0.06658426041666667
0 0.5014658390625 0 0.501178440625 0.0023381875 0.5030735749999999 0.0071776375 0.5064081234375 0.010030164583333334 0.5188923953125 0.012181391666666668 0.529622140625 0.02023371875 0.5365807859375 0.02007176875 0.5458072046875 0.025228950000000003 0.5619730984375 0.028759558333333334 0.5670941296875001 0.02815201875 0.572144859375 0.022174204166666666 0.5749981203125001 0.01624753125 0.5781217578125 0.00298923125 0.5779422750000001 0 0.5014658390625 0
0 0.52854401875 0.5535431583333333 0.5313397578125 0.5432226229166666 0.532304275 0.5329447083333333 0.5299917656249999 0.5242081270833333 0.5258799875 0.5179551979166667 0.513061428125 0.5182535291666667 0.506430678125 0.5154777166666666 0.4957904109375 0.5142602854166667 0.48599767656250004 0.5218135291666667 0.4835490078125 0.5306609208333334 0.48296990937500006 0.5423949333333333 0.4841325546875 0.5472514291666666 0.48714559843750005 0.5535299291666667 0.4964487109375 0.5645455937499999 0.501729525 0.5761432270833333 0.50357353125 0.5770770208333332 0.5058349109375 0.5819079479166667 0.5095420953125 0.5852401583333333 0.516905334375 0.5879989229166667 0.522032759375 0.5878795916666667 0.5281950046875 0.5828526187499999 0.528831625 0.5755124666666667 0.53461484375 0.5695176041666666 0.5349043921875001 0.5636505979166666 0.5319360875 0.5607895479166667 0.52854401875 0.5535431583333333
0 0.3887469296875 0.20127381666666666 0.39279479375 0.202644675 0.39828207187500003 0.20202861249999998 0.40764465000000005 0.18960182291666666 0.41523991562499996 0.18209972083333334 0.4203417765625 0.18002756041666668 0.4269597421875 0.18182696041666666 0.43588382968749995 0.19187473333333335 0.4525035 0.23006803125 0.454816009375 0.2388046125 0.458535978125 0.2431132375 0.458934178125 0.24554574791666667 0.46409995000000004 0.24835565624999997 0.4687396953125 0.23896891666666667 0.4685479578125 0.22432271041666668 0.471729115625 0.21545827291666667 0.4715885078125 0.20471772083333334 0.4773397703125 0.196281825 0.48014829375 0.18693770416666666 0.47991181562499996 0.1688740479166667 0.47715636562499997 0.15428750833333332 0.475410171875 0.1328405 0.4711961359375 0.1187762625 0.467065184375 0.11105871458333333 0.4628767140625 0.09894730416666667 0.4597230625 0.08192825208333333 0.459620803125 0.07411694166666667 0.4532732109375 0.06498591458333333 0.45070310625000004 0.064557375 0.4414575140625 0.057935572916666664 0.44101457499999996 0.052085614583333335 0.4431481296875 0.047152402083333336 0.441991875 0.0427841125 0.4379440109375 0.04141325208333334 0.4196445640625 0.04281585416666667 0.41492812343749996 0.0463441125 0.414979253125 0.05024976666666667 0.41180448593749996 0.05960241041666667 0.40483944843749997 0.05927615625 0.39412887812499997 0.05268844791666667 0.37582943125 0.05409105 0.357676984375 0.06672241041666667 0.3476010921875 0.08063086875 0.345827390625 0.08506735 0.344786178125 0.08948678333333333 0.3459360421875 0.09336686666666667 0.351930171875 0.10348283125 0.35309920781250004 0.10882753541666666 0.353227034375 0.11859167291666667 0.3504440765625 0.12988862083333333 0.34953069062500003 0.14407219166666665 0.3514066515625 0.14744702291666664 0.35769033125 0.15169597916666666 0.358833803125 0.15508785625000002 0.3585378609375 0.16046665625 0.3615189484375 0.16430412083333332 0.3653411765625 0.17642405625000002 0.373519990625 0.18551246458333334 0.376469121875 0.18690889375 0.3887469296875 0.20127381666666666
0 0.629222365625 0.46427272708333334 0.630359446875 0.46717639583333337 0.630506446875 0.4784051541666667 0.6267206234375 0.49705077708333334 0.6267909265625 0.5024210541666666 0.6290203515624999 0.5048109458333333 0.6502177984374999 0.50089911875 0.6571380984374999 0.497807925 0.6629149234375 0.49132485625 0.6678186546875 0.47411828333333333 0.6677355687500001 0.46777159375 0.6658468234375 0.46342035 0.64678293125 0.46239896458333335 0.6372094421875001 0.45871492708333333 0.6324482625 0.4588257375 0.6302699703125 0.4603415 0.629222365625 0.46427272708333334
0 0.496727434375 0 0.4143783671875 0.00191654375 0.415219615625 0.012640789583333334 0.42159277343749996 0.02372464375 0.42276181093750004 0.029069347916666665 0.4309534078125 0.03913416875 0.4419279625 0.037902043749999996 0.44510912031250005 0.02903760625 0.448694871875 0.023093885416666668 0.4607298125 0.018906945833333334 0.46297840937499996 0.02276145833333333 0.463042321875 0.027643527083333334 0.4694090875 0.038239175 0.477536771875 0.04342192708333333 0.483017659375 0.042317656249999995 0.4862882953125 0.040288116666666665 0.491326240625 0.0333338875 0.4955422203125 0.019561808333333333 0.499127971875 0.013618089583333333 0.49897458281249996 0.0019011229166666667 0.4982300984375 0 0.496727434375 0
0 0.7547039015625 0.17078074375 0.756779934375 0.16145366875 0.756330603125 0.15511550416666667 0.7513457296875 0.13813907083333332 0.751969565625 0.12982250833333334 0.75625585 0.12142070416666666 0.7561088515625001 0.11019194583333333 0.7530510687499999 0.10049599999999999 0.750834428125 0.09908252083333333 0.748560265625 0.09327518124999999 0.744461271875 0.08799866666666666 0.7363783265625 0.08623336250000001 0.732368809375 0.08779174375 0.7324902421874999 0.09706767499999999 0.7268987625000001 0.11770874375 0.7259598109375001 0.1299394875 0.7231193328125001 0.13684257500000002 0.7205089390625 0.16132110833333335 0.7161651328125 0.16532904791666667 0.7143019546875 0.16293063333333332 0.711359215625 0.16202240833333334 0.7039128890625 0.15291695416666667 0.6991517093749999 0.1530277625 0.6969989812499999 0.15649635416666668 0.6960088984375 0.16482144166666668 0.694203240625 0.1668168875 0.6931684203125 0.17172452916666667 0.6801945265625 0.18814221041666668 0.6740386734375 0.1936573895833333 0.6686728296875 0.20354938541666667 0.6676507921875 0.20943343958333335 0.6685111046875 0.21918052916666667 0.673913353125 0.24005409166666666 0.6832803796875 0.255951825 0.6880990796875001 0.2602348770833333 0.6965674453124999 0.26345627916666664 0.709341265625 0.2597405 0.7104144359375 0.2577621 0.716242390625 0.25518468541666667 0.73431814375 0.23669484375 0.7382573578125 0.22976618541666666 0.742126265625 0.21746725208333334 0.7442853859375 0.21448686875 0.7501197328125 0.2123976604166667 0.751539971875 0.20894611666666665 0.7547039015625 0.17078074375
0 0.5202271015625 0.5898750375 0.52000785625 0.6011123187499999 0.5211577203125 0.6049924041666667 0.5271007187500001 0.6112027125 0.53520923125 0.6149208458333334 0.5396041640625 0.6148185604166667 0.5436009 0.6122837645833333 0.547533721875 0.6048669 0.548036125 0.5872744041666667 0.546886259375 0.5833943208333333 0.5420100375 0.57471740625 0.5368123109375 0.5694664625 0.5346020609375 0.5685411916666666 0.5317168437500001 0.5720268291666667 0.5277137171875 0.5740734187500001 0.5277840203124999 0.5794436937499999 0.5202271015625 0.5898750375