0 0 0.09089049791666667 0.0048373078125 0.09857050625 0.011743784375 0.11349403333333334 0.0175424015625 0.11992098125 0.0241339703125 0.13142488333333333 0.031214946875 0.13764189375000002 0.03448820625 0.14491617291666667 0.03865019375 0.14770598125 0.0420135453125 0.14889094791666665 0.049747065624999996 0.14805876874999999 0.0592073078125 0.14477441666666666 0.06754832499999999 0.13993770625 0.07848774375 0.13858068333333332 0.080934371875 0.13687844375 0.0846296765625 0.13106670625 0.0924082421875 0.12718987291666667 0.097256453125 0.12683005833333333 0.10601910625 0.13363955 0.1111034984375 0.13584445208333334 0.11867956406249999 0.1333024625 0.12225109687499999 0.12968047291666665 0.132380928125 0.10893060416666667 0.13271288125 0.1019339 0.138270046875 0.08453601875 0.137865459375 0.0624734875 0.1375111875 0.05862640833333333 0.135351465625 0.05637659791666667 0.1308238453125 0.05668392916666667 0 0.07810146250000001 0 0.09089049791666667
0 0.2206953171875 0.07494702916666666 0.2170507390625 0.07424199999999999 0.20843417656250002 0.07608653958333332 0.20277028437500003 0.08525784166666667 0.19199968437499998 0.08138046041666666 0.183062534375 0.08327748125 0.18225821874999998 0.08514474791666667 0.177966778125 0.08801679999999999 0.17166170625 0.09729307083333333 0.165907725 0.11255368541666666 0.162291146875 0.11922033124999999 0.1626113265625 0.14390006666666666 0.1667282671875 0.14973453125 0.171610159375 0.15327427708333333 0.1758959171875 0.15387433541666665 0.17801627343749998 0.15569669375 0.18409043593750002 0.16511581458333333 0.196092665625 0.175300025 0.20093519531249998 0.17841231666666665 0.2062614515625 0.17970982916666667 0.21139088749999999 0.178870075 0.22034508593750002 0.16655672291666665 0.2215600828125 0.1585476583333333 0.22566607031250002 0.14659412291666665 0.22960323906250002 0.13987499374999998 0.2404696125 0.13419095416666668 0.2428939234375 0.12164493541666667 0.24107183906250002 0.10892631041666667 0.23679744375 0.10138203333333333 0.2340079078125 0.09229297291666666 0.22993033125 0.08688596041666667 0.22857492656249997 0.08276888333333333 0.2206953171875 0.07494702916666666
0 0.376984065625 0.14655359166666668 0.3628614765625 0.13454702291666668 0.351719559375 0.13723889375 0.346775575 0.14716013125000002 0.346679803125 0.15672155625 0.34799584375000003 0.16041117916666667 0.3481419328125 0.16906521041666667 0.350453425 0.17649694375 0.35397423125 0.1793917229166667 0.3586986703125 0.18122165625 0.3629057 0.18096680833333334 0.366027190625 0.18305916666666666 0.3716456265625 0.20166474166666667 0.381881771875 0.21387367083333333 0.3852844890625 0.21548608958333335 0.3920842375 0.22218303749999999 0.39568945312500003 0.22246061458333333 0.4000202578125 0.22001601666666665 0.410262496875 0.20402061458333334 0.4108699953125 0.20001608333333334 0.4123154890625 0.19804384791666668 0.412804896875 0.19275695625000003 0.41354753125 0.17961845416666666 0.4125577625 0.1724042354166667 0.4061686953125 0.15956548958333333 0.401089984375 0.15388847916666668 0.3877940296875 0.15085842708333336 0.3863542140625 0.14935855208333332 0.376984065625 0.14655359166666668
0 0.147178378125 0.12473176458333332 0.1444225234375 0.11954226666666666 0.14410761562500002 0.11612264166666666 0.141947896875 0.11387283125 0.13485555625 0.11460004166666667 0.13224579218750002 0.11806457291666667 0.130271525 0.12489624791666666 0.1268574453125 0.13022804791666667 0.12168296249999999 0.13411246041666666 0.116019071875 0.14328376041666668 0.1124475375 0.14690575 0.10369056875 0.13662414583333332 0.0969638640625 0.1342542125 0.092796196875 0.1349365125 0.0911875640625 0.1386710458333333 0.09154183437499999 0.142518125 0.08997256718749999 0.14668011041666668 0.08231209375000001 0.15183930625 0.07893169531250001 0.16107066874999998 0.072469171875 0.1686371270833333 0.0718616734375 0.17264165833333334 0.0667151890625 0.18389774166666667 0.065421465625 0.1910519 0.0662480984375 0.20002841458333334 0.0627325640625 0.21839374791666666 0.06400355937499999 0.22512802916666666 0.067794228125 0.23448708958333334 0.07591001875 0.24487366041666667 0.09612381406250001 0.25588301874999997 0.10025211875 0.25477326666666666 0.10165824999999999 0.25237357708333336 0.107901640625 0.23182607083333334 0.11223812500000001 0.22590936458333333 0.122271775 0.2394531375 0.1315181515625 0.24444785 0.135803909375 0.24504790833333334 0.14072516562499998 0.24901510833333335 0.1479749609375 0.2499977125 0.15311007968749998 0.24568584791666667 0.1552418 0.24056398541666668 0.1557312078125 0.23527709375 0.15866724375000002 0.22828796666666668 0.1581555171875 0.222731075 0.1596967859375 0.21119741666666667 0.1583361109375 0.18582022916666666 0.1603046953125 0.18246066458333335 0.1685613046875 0.18024115833333332 0.17189097343749998 0.17752656041666667 0.173179015625 0.17384451250000002 0.171024978125 0.16812259166666665 0.1644727734375 0.15704614166666667 0.15703184375 0.15045416458333336 0.154321034375 0.14222001041666665 0.14876996250000002 0.13141356041666666 0.147178378125 0.12473176458333332
0 0.3054652875 0.44420053125 0.301618209375 0.44483034791666665 0.30012766874999997 0.44984723958333334 0.2986428109375 0.4513920229166667 0.2988619453125 0.46437306874999995 0.3025852515625 0.46593300416666666 0.3218206421875 0.462783925 0.3261514453125 0.46033932916666664 0.32627521718749997 0.45814957916666665 0.32471731406250004 0.45536734375 0.31815942812500003 0.44776300625 0.3150436203125 0.4421985395833333 0.3126026734375 0.44042866666666663 0.31003795625 0.44084854375 0.3054652875 0.44420053125
0 0.27755616875 0.1658684875 0.26476625625 0.17186743541666666 0.25754446249999996 0.17825650625 0.25617201093749997 0.18455575625 0.25795473125 0.19684692708333335 0.2570209609375 0.20437605416666665 0.2595795875 0.23216050833333332 0.263657165625 0.23756752083333332 0.28152010625 0.24071769375000002 0.288443628125 0.24522489166666667 0.2990230921875 0.24349289791666667 0.3025158984375 0.23901600416666666 0.3052100734375 0.23293426666666667 0.3058962984375 0.22978464166666665 0.3053845734375 0.22422775208333334 0.30426535 0.22267539166666667 0.3047097125 0.22043315624999998 0.3109246921875 0.2172462 0.31490122343750004 0.21095452291666666 0.31683612656250004 0.20369539583333335 0.315930765625 0.19386397500000002 0.3079330671875 0.18475976041666667 0.30521089375 0.18346982708333334 0.2995023671875 0.17095356458333333 0.29109966875 0.16451903958333333 0.27755616875 0.1658684875
0 0.9059788015624999 0.12026215208333334 0.906293709375 0.12368177708333333 0.9024352671875 0.13125581249999999 0.899645321875 0.14689897083333334 0.8976373734375 0.14983108541666665 0.8942289765625 0.151690775 0.895331153125 0.16365946041666665 0.892080209375 0.16722896458333333 0.8879348578125 0.17875504583333335 0.8894870796875001 0.18500939166666666 0.8925635249999999 0.19014640208333333 0.895308015625 0.20228012083333333 0.901163040625 0.19871819375 0.907670609375 0.18810707708333335 0.9101172390625001 0.18640484166666665 0.909959784375 0.18469502916666666 0.9123276859375 0.18213788541666667 0.913582046875 0.174556275 0.9152694046875001 0.17167664791666667 0.9229241968749999 0.1699895645833333 0.9276993640625 0.16530273125 0.9343250234375 0.15597397500000001 0.9385097359374999 0.14487534583333334 0.9377224671875 0.13632628333333333 0.9339654796874999 0.13086678541666666 0.9332906203125001 0.12707219375 0.936423471875 0.12222033125000001 0.938482146875 0.11277145208333333 0.9382081265625001 0.1027282 0.9368175187500001 0.10176264166666667 0.9379817859375 0.10027034375 0.93055749375 0.10799425625 0.9253213296875 0.10060743125 0.92095684375 0.09915246666666667 0.911620375 0.10024706874999999 0.9035212187500001 0.1041763875 0.9027562671875 0.10647110833333334 0.902784265625 0.11384277916666667 0.9059788015624999 0.12026215208333334
0 0.7721231984375 0.19684709791666669 0.770818521875 0.18621325416666668 0.7677420781250001 0.18107623958333333 0.759575559375 0.17720643333333333 0.7496766375 0.1792609125 0.7447833828125 0.18266538541666666 0.740688759375 0.1876747 0.740278078125 0.19381649791666666 0.738630084375 0.19712357708333333 0.7293272953125001 0.20211774166666666 0.7270324390625 0.20900190000000002 0.7203223703125 0.22094786041666667 0.7195066906250001 0.22975934583333332 0.720704640625 0.23216661041666667 0.7260702593749999 0.233891575 0.7319196031249999 0.23380175833333333 0.7344392765625 0.23642653749999998 0.7323469203124999 0.24197585000000002 0.7320936921875 0.24982746249999999 0.7376054015625 0.26020645833333333 0.742087978125 0.26294378125 0.7502208125000001 0.262914025 0.7564357921875 0.25972706875 0.7646193578125 0.2531805458333333 0.77152624375 0.24337185208333334 0.7740909625 0.242951975 0.7795353078125 0.24553184374999998 0.7862676953125 0.24442966666666666 0.7871901015625 0.24384475833333333 0.7860371953125 0.23839283958333332 0.7880057796875 0.23503327291666667 0.7905481812499999 0.22376961666666664 0.790132228125 0.2086513 0.7879781921875 0.20292938125 0.78758455625 0.19865485 0.7889119609375 0.19540025625000002 0.788124690625 0.18685119375 0.7852450640625 0.18385144375 0.7807568078125 0.18458622916666664 0.7749748265624999 0.19247517291666666 0.7731636953125001 0.19754454791666667 0.7721231984375 0.19684709791666669
0 0.8576354578125001 0.23491534166666667 0.8544352390625001 0.23196807708333333 0.8537997421875 0.22860093958333336 0.8515219328124999 0.22506876875 0.8481192156249999 0.22345635000000003 0.8452339078125 0.22392871041666668 0.8350874421875 0.23036268958333334 0.8323088593750001 0.23906162708333334 0.8324099031250001 0.25076031666666665 0.8340071703125 0.25397000208333337 0.8449409078125001 0.2560850875 0.8467013109374999 0.2575324770833333 0.849136575 0.2627744583333333 0.8684393281249999 0.26742450833333337 0.874288671875 0.26733468958333334 0.8793730640625 0.2695395916666667 0.8852224078125 0.26944977291666666 0.8995531781249999 0.2766493875 0.9007231296875 0.2716849791666667 0.893765925 0.26327822083333335 0.8926243843749999 0.25088207916666666 0.8833163265625 0.23461613125 0.8741937203125 0.22743167083333335 0.8687493749999999 0.22485180208333333 0.8636593015624999 0.22611900833333334 0.8576354578125001 0.23491534166666667
0 0.1301310546875 0.4555490833333333 0.1308789609375 0.46367069375000003 0.12657615625000002 0.4734869625 0.1251643421875 0.47935876250000004 0.12673888125 0.49645688541666666 0.12893796562499998 0.49913415208333334 0.13530471718749998 0.5011291145833333 0.145068503125 0.50820860625 0.159815634375 0.5057943125000001 0.16295417031249998 0.49747034166666665 0.1685279703125 0.4943883520833333 0.17105900624999998 0.4900689125 0.1712055078125 0.47399072291666666 0.170091965625 0.46896625416666665 0.164422803125 0.4568774479166667 0.15366356718750002 0.44605584583333335 0.1470943171875 0.445395725 0.13085664375 0.4528269104166667 0.1301310546875 0.4555490833333333
0 0.4770640140625 0 0.3846824265625 0.01512404375 0.3862044953125 0.020515529166666668 0.3880436265625 0.022817825 0.3966881859375 0.028344958333333333 0.400242675 0.0351393 0.4097645984375 0.04312618333333333 0.411041275 0.046388352083333334 0.4169186171875 0.05367020833333334 0.43013016562499995 0.0593174625 0.439022271875 0.060465095833333336 0.44459607031250004 0.057383108333333335 0.4537527671875 0.043734912499999994 0.4574931203125 0.034878516666666665 0.458021890625 0.030019079166666667 0.4602717015625 0.026179577083333336 0.46275769375 0.024904793749999998 0.46889962812499997 0.01739081875 0.48068272656250005 0.01459398125 0.482651309375 0.011234416666666667 0.4866221609375 0.00841485 0.49800025937500003 0.0082877 0.501082384375 0.009952604166666667 0.5051713265625 0.008415397916666668 0.5074661828125 0.0015312395833333332 0.5073251734374999 0 0.4770640140625 0
0 0.9610305109375 0.43537086458333335 0.9639495015625 0.43879806458333337 0.9643431359375001 0.44307259583333336 0.9584824281250001 0.45010663333333334 0.94072053125 0.4586551479166667 0.9367890437499999 0.46190216875 0.9357428656250001 0.46467682499999996 0.9375706328125 0.4739233375 0.9387685828125001 0.47633060416666667 0.95082154375 0.47999804791666667 0.9526606718749999 0.48230034375 0.956383978125 0.48386027708333335 0.96231773125 0.48115325625 0.9660187203125 0.47186940833333335 0.9665251734375 0.4561661895833333 0.9686568921875001 0.4510443270833333 0.9887753265624999 0.4468828875 0.9914581359374999 0.44774537291666666 0.9919361796875 0.44940270000000004 0.9957382125 0.45181753958333337 0.9979823421875 0.4514501458333333 0.9992174640625 0.45072726458333334 0.9955599015625 0.4110093270833334 0.993483540625 0.4096647104166667 0.992324953125 0.40768489999999996 0.985879475 0.4048350291666667 0.9788264984374999 0.4059896916666667 0.9768128687500001 0.4123939104166666 0.9745236937499999 0.4158059604166667 0.9604964671875 0.4189701895833334 0.9587697468749999 0.4214223645833333 0.9588821546874999 0.4261768333333333 0.9610305109375 0.43537086458333335
0 0.83271186875 0.017274064583333335 0.8303159687500001 0.012459535416666667 0.8276725218750001 0.01202450625 0.8258727562500001 0.010149664583333332 0.8158951078125 0.011349233333333332 0.8118455296875 0.01331389375 0.8007596124999999 0.030749108333333334 0.795652490625 0.04243264375 0.7922440953125001 0.04429233541666667 0.790331509375 0.06239524375 0.796450715625 0.06876970833333333 0.80173760625 0.06963976666666666 0.804656596875 0.07306696666666666 0.804932140625 0.07605913958333334 0.8029185109375 0.08246336041666667 0.8042398234375 0.10741309375 0.807473721875 0.11425992083333333 0.8078673562500001 0.11853445208333334 0.8104207109375 0.12505879375 0.8147401500000001 0.12955841666666668 0.82283930625 0.12562909583333334 0.8255277968750001 0.12301947083333334 0.835139809375 0.12491703958333332 0.8388631156249999 0.12647697291666668 0.8403816562499999 0.12883175416666667 0.8499993515625001 0.12725721458333333 0.8547745171875001 0.12257038333333334 0.8604384078124999 0.11339908125 0.8622552203125 0.10485759375 0.8616647687500001 0.09844579791666666 0.8574691 0.091756425 0.8538809328125 0.08106252083333333 0.8539767046875 0.07150109791666666 0.8486224515625 0.06283191458333333 0.8470702296875 0.056577570833333334 0.840956703125 0.04673099791666667 0.8398882078125001 0.038661872916666666 0.83271186875 0.017274064583333335
0 0.0440100671875 0.4956820333333333 0.0426039359375 0.4980817229166667 0.0420358 0.50251370625 0.042941159374999996 0.5123451291666666 0.0458094234375 0.5222890958333334 0.0560398890625 0.5379701354166666 0.0602412375 0.5411873979166667 0.062884684375 0.5416224270833333 0.071540609375 0.5402053416666667 0.07835740468749999 0.5364859604166666 0.08445997499999999 0.5285445333333334 0.090871771875 0.5274948395833333 0.097008025 0.523452975 0.10110264843750001 0.5184436604166667 0.102671915625 0.5142816729166666 0.102329009375 0.5034903770833333 0.1045394546875 0.4992234208333333 0.10410645624999999 0.49452143750000005 0.1023460546875 0.4930740479166667 0.0813896234375 0.4952031895833333 0.0741455125 0.49074847708333336 0.0678181234375 0.48918096666666666 0.04986509375 0.49212010624999997 0.0440100671875 0.4956820333333333
0 0.8124521437500001 0.40155278125000005 0.8138525937500001 0.40262520208333336 0.8201463 0.40029315000000004 0.8221148859375 0.3969335854166667 0.8229642453125001 0.39202166250000003 0.8229082484375001 0.37727831666666667 0.8241962875000001 0.37359626875 0.8229983375 0.37118900416666667 0.8187913078125 0.3714438520833333 0.8141285484375 0.38088515416666663 0.8146009109374999 0.38601458958333335 0.8121372359375 0.39813315625 0.8124521437500001 0.40155278125000005
0 0.790951128125 0.3447610291666667 0.7852706015625001 0.3396164395833334 0.7787800781249999 0.33981122708333333 0.7719125546875001 0.35004737291666665 0.77061883125 0.35720153125000004 0.772199053125 0.3708275458333333 0.7765071296875 0.3822713875 0.7782168046875 0.39023554375 0.780252753125 0.3946751041666667 0.78461155625 0.3996021791666667 0.78789618125 0.39993223958333335 0.795781471875 0.40428198125 0.8019907703125 0.40456713333333333 0.8045554875 0.40414725625 0.8077277046875 0.3997228479166666 0.8088246109374999 0.390431425 0.8111137859375 0.387019375 0.81132765 0.3787403125 0.8136561875 0.37575571666666663 0.8125933734374999 0.36421448125 0.8143708234375 0.35524554375 0.8137803703125 0.34883374375000004 0.8152315484375 0.3433894 0.8144779578125 0.33873990000000004 0.8109571531249999 0.3358451229166667 0.793690346875 0.33563463541666666 0.792323578125 0.33846177708333336 0.7926384859375 0.34188140208333334 0.790951128125 0.3447610291666667
0 0.359993971875 0.41791759375000004 0.35981947187499996 0.42662411041666665 0.3622940984375 0.43229354583333335 0.3672940828125 0.43711565208333336 0.371844021875 0.44765210208333334 0.37596664375 0.4500144583333333 0.3852637484375 0.44849240416666664 0.39396472031249996 0.44403066041666667 0.39597266875 0.44109855000000003 0.39734511875 0.4347993 0.39458967500000003 0.40487757916666667 0.38570893281249996 0.3967857291666667 0.3819069 0.39437088541666665 0.3783410484375 0.39452076458333335 0.362046965625 0.4119408270833333 0.359993971875 0.41791759375000004
0 0.380307990625 0.49009008125 0.3839468875 0.49426722083333335 0.3920403609375 0.49381001041666667 0.396410528125 0.49179286666666666 0.40142755625 0.48619864375 0.4091217140625 0.48493901041666665 0.41193397656249997 0.48013963541666665 0.412625884375 0.47351789791666665 0.4112481625 0.45855703750000004 0.4100502125 0.45614977291666664 0.3851679765625 0.4580538270833333 0.3783118171875 0.4613457541666667 0.37476828281249996 0.47233941458333334 0.3755555515625 0.48088847500000004 0.380307990625 0.49009008125
0 0.9135949890624999 0.41146215 0.9001302140625 0.41366650625 0.8981222671875001 0.41659861666666664 0.9068455546875 0.42298065833333337 0.9071604625 0.42640028125 0.9040162468749999 0.4381963625 0.8896006578125 0.458346175 0.88934743125 0.4661977854166667 0.8905847453125 0.46903250208333336 0.8981888093749999 0.4738621833333333 0.9054779671875 0.4752722395833333 0.9096062703125 0.4741624875 0.91345903125 0.4700605625 0.91438711875 0.4660035458333333 0.917761834375 0.46024429166666664 0.9252985375 0.45727484791666667 0.9374979984375 0.4448641020833334 0.940552125 0.43915733333333334 0.940884078125 0.4321606291666667 0.9396074015625 0.4288984604166667 0.9314408828125 0.4250286541666667 0.928240665625 0.42208139166666664 0.9218909609375 0.4096700979166667 0.9173239765625001 0.409549975 0.9135949890624999 0.41146215
0 0.8303267906249999 0 0.8294893343749999 0.0034830208333333336 0.8338818203124999 0.01230965625 0.836142584375 0.02625815625 0.8428351984375 0.04946074583333333 0.8457541875000001 0.05288794583333333 0.8527393921875 0.06866638124999999 0.8582624624999999 0.07210115625 0.8670084796875 0.06459475833333334 0.877796125 0.058055812500000005 0.8844611499999999 0.04915450833333333 0.8887132265625001 0.045855004166666664 0.891919125 0.045330158333333335 0.8958112484375 0.041655687500000003 0.9000296437499999 0.03445662083333333 0.9057665796875 0.029612335416666666 0.9124596031250001 0.028082702083333334 0.9161492265625 0.025743075 0.9275159625 0.03256014375 0.9347771187499999 0.026598529166666666 0.9417290515625 0.013745179166666668 0.9413410984375 0.0059985354166666675 0.9422510921875 0 0.8303267906249999 0
0 0.6688368609374999 0.22373602916666666 0.6668232296875 0.23014024791666668 0.6697474921875 0.2548275625 0.6716539859374999 0.26492898125 0.6750847 0.27391307291666667 0.6769461484375 0.28705915 0.6791168203125 0.3070969625 0.6788128671875 0.3214653395833333 0.68165313125 0.3240376333333333 0.6926769578124999 0.32006340625 0.6956917203125 0.3139291833333333 0.6962261734374999 0.3055976375 0.69811603125 0.3013831645833333 0.698684165625 0.29695118125 0.6994661640625 0.2842401333333333 0.698560803125 0.2744087104166667 0.695692540625 0.26446474375 0.6938534125 0.26216244791666665 0.6931448687499999 0.2544682916666667 0.6945116359375 0.25164115 0.6920597374999999 0.232083275 0.6870711171874999 0.22031694999999998 0.683229721875 0.21747465624999998 0.6793432796875 0.21767701875 0.6739269343750001 0.22246882083333333 0.6688368609374999 0.22373602916666666
0 0.84040719375 0.28459675 0.833247490625 0.27752483333333333 0.8286805062499999 0.27740471041666664 0.82570510625 0.2839663875 0.8248106999999999 0.29192296458333333 0.8231627046875 0.29523004583333334 0.8200355328125 0.2966098 0.8193493078125 0.299759425 0.824585471875 0.30714625 0.822762978125 0.31915984583333334 0.8248382890625001 0.32402685833333333 0.8318799015625 0.32981641666666667 0.8400350546875 0.3406304416666667 0.8420710031249999 0.3450700020833333 0.8451924921874999 0.34716236041666665 0.8544895968749999 0.34564030416666663 0.8590959453125 0.3461878791666667 0.866581921875 0.3497352020833333 0.872701128125 0.35610966666666666 0.8763063421874999 0.3563872416666667 0.8785955171875001 0.35297519166666663 0.8792480609375 0.34592600416666663 0.877572065625 0.3418614104166667 0.8729714015625 0.337841725 0.86469815625 0.32574534375 0.863264025 0.32077335833333337 0.8617682125 0.3045301395833333 0.8625331640624999 0.3022354208333333 0.8619033484375 0.29539617083333336 0.8606660343750001 0.2925614541666667 0.8556266875 0.28731189375 0.8518246546875 0.2848970520833333 0.84810135 0.28333711874999995 0.84040719375 0.28459675
0 0.5910244390625 0.18093604166666666 0.586581228125 0.17862617083333332 0.5795676140625 0.18020828541666667 0.5789994796875 0.18464027291666665 0.5765865328124999 0.19024207083333333 0.5675085625 0.20474517291666666 0.5635377125 0.20756473958333332 0.5566085078125 0.20652964999999998 0.5533182 0.2096717 0.545702771875 0.2117862375 0.538964703125 0.21636052708333334 0.53542116875 0.22735418541666666 0.5372095703124999 0.23617324583333332 0.541523328125 0.24414497916666666 0.5489305765625 0.24683739375 0.5608540828125 0.2561666979166667 0.5698642796875 0.2585966895833333 0.5801231546875 0.25691718125 0.5944429703125 0.24632879375 0.595894146875 0.24088445 0.5974183703125 0.23976711875 0.59802586875 0.2357625875 0.6030542624999999 0.22322414583333333 0.6023514 0.21205787916666669 0.605208709375 0.20421384583333332 0.604179578125 0.19657217291666665 0.6022617203125 0.19341497291666665 0.6015081328125 0.18876547291666668 0.5989490953125001 0.18571323958333333 0.59542260625 0.1862905708333333 0.5910244390625 0.18093604166666666
0 0.171636928125 0.2348426125 0.168431028125 0.23536746041666667 0.1647921328125 0.23119032083333335 0.16030955625 0.22845299583333334 0.153031353125 0.24483093958333332 0.15457789375 0.25455739375 0.1549601640625 0.26577614374999997 0.1541952109375 0.26807086458333335 0.14845259375 0.27638726041666667 0.1413095265625 0.28363123333333334 0.133210371875 0.28756055416666665 0.1287221140625 0.28829533958333337 0.12795147812500002 0.29406216875 0.147990775 0.3137780416666667 0.15935750937499998 0.3205951125 0.1650437171875 0.3222675916666667 0.16885143125 0.3212103229166667 0.17476855 0.3041874104166667 0.1799430328125 0.30030300000000004 0.1885989578125 0.2988859145833333 0.1929748078125 0.2933966604166667 0.195995253125 0.28379033124999997 0.19604029843749998 0.2807456729166667 0.20118109843749998 0.2729617 0.20496081406250002 0.2645327604166667 0.20593394843750001 0.25743108541666665 0.20407250000000002 0.24428500625000002 0.1968283890625 0.23983029583333335 0.1867890578125 0.22975862916666667 0.17709263749999998 0.23047826458333331 0.1733242859375 0.23196298541666666 0.171636928125 0.2348426125
0 0.2908310375 0.08385809791666668 0.299391190625 0.09200243333333334 0.3055160796875 0.0949047875 0.32094375468749997 0.09281297916666667 0.3326874875 0.0895886875 0.3389081484375 0.08292961874999999 0.345741990625 0.06879391041666666 0.3466757609375 0.06126478333333333 0.3455342203125 0.04886864375 0.3461474 0.041392 0.3448427234375 0.03075815625 0.3420475046875 0.02514120625 0.3417719609375 0.022149033333333335 0.254186815625 0.036487839583333334 0.255769475 0.03883212291666667 0.2576029234375 0.04460652708333333 0.259020009375 0.059994839583333334 0.2613708625 0.06785402708333334 0.26320999375 0.07015632083333333 0.27106728593749996 0.06713439375 0.274188775 0.06922674999999999 0.274543046875 0.07307382916666666 0.2783787609375 0.07938823125 0.2908310375 0.08385809791666668
0 0.2834261890625 0.2755513354166667 0.2784878875 0.28200046458333333 0.2778016625 0.28515009166666666 0.27915138281249996 0.2927392770833333 0.2776157984375 0.300800825 0.27540535 0.30506778125 0.27499466875 0.31120957916666664 0.2767043453125 0.31917373541666666 0.28434777499999997 0.32443086875000005 0.28798667031249997 0.3286080083333333 0.2924298828125 0.3309178791666667 0.294353421875 0.33060297083333334 0.29879663437500004 0.3329128416666667 0.3018844421875 0.33110563541666665 0.31083295781250003 0.32226439375000004 0.314770128125 0.31554526666666666 0.315220171875 0.3098309208333333 0.31739125625 0.3051365125 0.32208769375 0.29959477291666664 0.32110360781249997 0.2889084458333333 0.3115593671875 0.27007778125000004 0.306317521875 0.26616306458333333 0.30014758750000003 0.26630536666666665 0.29781904843749996 0.26928996250000004 0.2834261890625 0.2755513354166667
0 0.11304888125000001 0.513884525 0.10935357500000001 0.5196962625 0.1086673484375 0.5228458875 0.10708671875 0.5339520937500001 0.10767717031249999 0.5403638895833333 0.11420137500000001 0.5440686666666666 0.11571423437499999 0.54989555625 0.117873953125 0.5521453666666667 0.1267660609375 0.553293 0.131378090625 0.5503684645833334 0.1319519078125 0.5424643708333333 0.135450396875 0.5345153666666668 0.1367441203125 0.5273612083333333 0.1356419421875 0.5153925229166666 0.131322503125 0.5108929 0.1252369765625 0.5084179979166666 0.11978694999999999 0.5093102375 0.11589482656250001 0.5129847083333333 0.11304888125000001 0.513884525
0 0.7479016515625 0.03983652708333333 0.7445269359375 0.04559577916666667 0.7413210359375 0.04612062708333333 0.7402411765625 0.044995720833333336 0.737727184375 0.038898833333333334 0.7325303843750001 0.0319394625 0.7252805906249999 0.030956858333333333 0.7136606296875 0.03199139791666667 0.7064388359375 0.03838046875 0.7040258890625 0.04398226875 0.6998975828125 0.04509202083333333 0.696174278125 0.043532085416666665 0.6900266625 0.054518168750000005 0.6886148484375 0.06038996875 0.684233315625 0.06935133125000001 0.68040855625 0.08082492916666667 0.6783442 0.09374591666666668 0.675486890625 0.10158995208333334 0.6760996593749999 0.11884553125000001 0.6775731546875 0.12424496666666666 0.6796091015625 0.12868452708333333 0.6824493640625 0.13125682291666668 0.6949917328125 0.129637375 0.697702540625 0.13787152916666667 0.6994629453125001 0.13931891875 0.7006044859375 0.15171505833333335 0.7016843453125 0.15283996458333335 0.701999253125 0.15625958958333333 0.709232 0.16765852083333332 0.7124322171874999 0.17060578541666666 0.7154749796875 0.17184323541666666 0.718320925 0.17094342083333333 0.73227510625 0.163452175 0.7387769937499999 0.15631316875 0.7439177953125 0.14852919375 0.7476467828125 0.14661701875000002 0.7508583640625 0.14262006458333334 0.751910225 0.13637329791666666 0.751561634375 0.12905411041666667 0.7535752640625 0.1226498875 0.75581939375 0.12228249583333332 0.75890151875 0.1239474 0.7636710046874999 0.122732675 0.770650934375 0.11725099791666667 0.7739862890625 0.11106429166666666 0.7820517609375 0.10323541041666666 0.7821361703124999 0.10061820625000001 0.7864783375 0.09122938958333333 0.7871252 0.08765231041666667 0.7862198390625 0.07782088749999999 0.782946578125 0.07054661041666667 0.782474215625 0.06541717291666667 0.7845665734375 0.05986785833333333 0.7864113859375 0.05869804375 0.786816384375 0.05602835625 0.7853092078125 0.04672935833333333 0.7812373140625 0.03785023333333334 0.775956103125 0.03350806666666666 0.7685882187499999 0.031243104166666664 0.754521628125 0.033979881249999996 0.7479016515625 0.03983652708333333
0 0.8545720187500001 0.12390522708333333 0.8511579390625 0.12923702708333332 0.8520969812500001 0.14296801041666668 0.8484016734375001 0.14877974791666665 0.84710795 0.15593390833333334 0.844211278125 0.16335048749999997 0.846567815625 0.16773756458333333 0.8446552296875 0.18584047291666667 0.8480129015625 0.19049754791666668 0.8527373390624999 0.19232748333333335 0.86503784375 0.19161542708333332 0.8718769562500001 0.19873982708333332 0.8731142703125 0.2015745458333333 0.877242575 0.20046479166666667 0.8868042718750001 0.18414690625 0.8891048093749999 0.17379063958333332 0.8922770265625 0.16936622916666666 0.8966865578125001 0.16777653958333336 0.897451509375 0.16548181875 0.896939784375 0.15992492708333333 0.8947407015625 0.15724766458333334 0.891231259375 0.14740866666666666 0.8830367406249999 0.13616718958333335 0.8801347953124999 0.12232365833333333 0.87697394375 0.11980384791666668 0.8694766046875 0.12320074583333333 0.86551711875 0.11907609375 0.860989496875 0.11938342291666666 0.8545720187500001 0.12390522708333333
0 0.9217193343750001 0.24525107083333333 0.9161792156249999 0.25223262291666665 0.9140868578125 0.2577819375 0.9078605156249999 0.26791311458333333 0.9080573328125 0.27005038124999997 0.9048851156250001 0.2744747895833333 0.903068303125 0.2830162770833333 0.903129984375 0.2942875125 0.9109702296875 0.3016819104166667 0.9337321078124999 0.2979555 0.939907725 0.2943410895833333 0.9494860578125 0.2923390979166667 0.956224125 0.2877648104166666 0.9585526625 0.2847802145833333 0.9592388875 0.2816305895833333 0.9587271625 0.2760736979166667 0.9562525359375 0.2704042625 0.95862611875 0.26437501041666667 0.9564440812500001 0.2512814166666667 0.9524058671875 0.24630185833333332 0.9438400328125001 0.24162962916666667 0.936910828125 0.2405945416666667 0.9285754921875 0.24195914166666668 0.9217193343750001 0.24525107083333333
0 0.093675134375 0.38124635833333337 0.0897379640625 0.3879654875 0.08768497187499999 0.39394225416666667 0.0880786078125 0.3982167875 0.0931573171875 0.4038937979166667 0.0960255796875 0.4138377645833333 0.0998219296875 0.41972471666666666 0.10474886718750001 0.42021980625000005 0.1085229015625 0.41526297291666664 0.1080111765625 0.4097060833333333 0.1100191234375 0.40677397291666667 0.11775264375000001 0.40594179375 0.12144226875 0.40360216666666665 0.12333212499999999 0.39938769583333333 0.120992634375 0.38458428958333335 0.116796965625 0.37789491666666664 0.11411415625000002 0.3770324354166667 0.11227502812500001 0.3747301395833333 0.098810253125 0.37693449375000004 0.093675134375 0.38124635833333337
0 0.24805293750000001 0.37202695 0.2477660296875 0.37597899583333333 0.25162974375 0.38966507291666663 0.254863640625 0.3965118979166667 0.260943484375 0.40245891041666665 0.2741943953125 0.40853361875 0.28449263281250003 0.40728156249999997 0.28766484999999997 0.4028571541666667 0.28750739687500004 0.4011473395833333 0.2850721328125 0.39590535833333335 0.2803140109375 0.39017586249999997 0.28011719375 0.38803859583333333 0.2823276421875 0.38377164166666666 0.2828957765625 0.37933965416666665 0.2817035078125 0.37346028124999997 0.28299154843749996 0.3697782333333333 0.28059564843749996 0.3649637041666667 0.274268259375 0.36339619166666665 0.2594424 0.36495558125 0.2512251546875 0.36760253958333333 0.24805293750000001 0.37202695
0 0.5776030624999999 0 0.5796772140625001 0.015309322916666666 0.5836760640625 0.019861429166666666 0.5994636921875001 0.018144585416666668 0.6016234125000001 0.020394397916666664 0.602213865625 0.02680619375 0.60421045 0.030818302083333336 0.6116570593749999 0.03393817291666667 0.6151778671875 0.03683294791666667 0.618653628125 0.04277238541666666 0.6235355203124999 0.04631213125 0.6259314218750001 0.05112666041666667 0.6338503953125 0.05937596666666667 0.6385748328124999 0.06120590208333333 0.6462296265624999 0.05951881666666667 0.6488000265625 0.05562682916666666 0.6507349296875 0.04836770208333333 0.6539071453124999 0.043943293749999994 0.65471714375 0.03860391666666666 0.66193325625 0.03568695833333334 0.6650661109375 0.030835095833333333 0.667833328125 0.029080375 0.671331815625 0.021131370833333333 0.6869563109375 0.021176825 0.6908484328125 0.017502354166666668 0.6925353015625 0 0.5776030624999999 0
0 0 0.32888436666666665 0.0000134046875 0.3288919791666667 0.0077018781250000005 0.3311044583333333 0.022488374999999998 0.32911761666666667 0.02591381875 0.31684159791666666 0.025891501562500002 0.30599781458333336 0.0277083125 0.2974563291666667 0.026397954687500003 0.29029459583333334 0.030329440625 0.28704757708333334 0.0288336296875 0.2708043583333334 0.026994498437499997 0.2685020604166667 0.0197167046875 0.2601477875 0.0174332125 0.26008772708333333 0.0115501875 0.25627798125 0.0037773046875 0.25668270625 0 0.2552622 0 0.32888436666666665
0 0.940492084375 0.32895721666666666 0.9399353140625 0.3264449833333333 0.9392097250000001 0.32916715625 0.940492084375 0.32895721666666666
0 0.9470840640624999 0.31572889791666664 0.947337290625 0.3078772875 0.9455375234375 0.3060024458333333 0.9438108015625 0.30845461875 0.9423596249999999 0.31389896458333333 0.9431525765625001 0.3189759166666667 0.9439568921875001 0.31710865 0.9470840640624999 0.31572889791666664
0 0.9432597125 0.302470275 0.9454194328125001 0.3047200854166666 0.9467862015625 0.30189294375000003 0.9449864343750001 0.30001810208333335 0.9432597125 0.302470275
0 0.9012003515625 0.32280675 0.8948672828124999 0.32471134791666667 0.8919762921875 0.32865581875 0.8861042203125 0.34263407500000004 0.8854573578125 0.34621115625 0.8862839906250001 0.35518767083333336 0.8880443953125001 0.35663505833333337 0.8951367359375 0.35590785 0.8991469484374999 0.35351573750000004 0.9138153546875 0.3502465375 0.9185397937499999 0.35207647291666666 0.92370859375 0.35166417083333334 0.9274489453125 0.342807775 0.930981115625 0.33875833541666667 0.9334334249999999 0.33358398958333335 0.9348058765625 0.32728473750000003 0.9345080156250001 0.31344878333333337 0.9359141453125 0.31104909375 0.93692664375 0.304374875 0.9359705546875 0.30106021875 0.9199804265625 0.30411190416666667 0.9171681640625 0.30891128125 0.9129948140625 0.3130656916666667 0.9074490140625 0.3235193520833333 0.9012003515625 0.32280675
0 0.3961618140625 0.22759005 0.3933045046875 0.23543408541666666 0.389659928125 0.23472905624999998 0.3865834828125 0.22959204166666666 0.3772470140625 0.23068664375 0.37463725000000003 0.23415117708333336 0.3746202046875 0.24456750833333332 0.3709192171875 0.25385135625 0.3711440328125 0.2633602916666667 0.3745183390625 0.2823332604166667 0.3783597359375 0.2851755541666667 0.3905027859375 0.28275368333333334 0.396785128125 0.2873658520833333 0.4028312890625 0.2894133 0.41625670000000004 0.28678149166666667 0.41830401093749997 0.2842768333333333 0.42100386562500003 0.27472298749999996 0.42089145625 0.26996851666666666 0.4221794984375 0.26628646875 0.42147095625000003 0.2585923125 0.42211781718749997 0.25501523333333337 0.42677489375000005 0.2490460416666667 0.42626316875 0.24348915208333333 0.420031553125 0.23236021874999999 0.41138699062499995 0.22683308333333332 0.4075399125 0.2274629 0.400891934375 0.22594787500000002 0.3961618140625 0.22759005
0 0.4477730859375 0.44173000833333337 0.447283678125 0.44701690000000005 0.4506299859375 0.4586181958333333 0.45199634375000003 0.4805232729166667 0.45960040781249994 0.48535295416666663 0.47169273125 0.48944785 0.4761416265625 0.4882856145833333 0.4781889375 0.48578095416666667 0.4776772109375 0.4802240625 0.46813297187499997 0.46139339791666667 0.4647923484375 0.4463199958333333 0.462396446875 0.4415054625 0.45991613593749997 0.43930813750000003 0.4477730859375 0.44173000833333337
0 0.3640625 0.43020833333333336 0.0015625 0.0020833333333333333
0 0.35750435 0.29900338541666666 0.3534998171875 0.29792338958333336 0.3467000671875 0.29122643958333333 0.3431735796875 0.2918037708333333 0.34003504375000004 0.30012774375 0.3392980921875 0.30979413541666667 0.3351076953125 0.3243648729166667 0.33497824062500003 0.3300267333333334 0.3404449046875 0.34345038541666667 0.34308266718749997 0.347357525 0.3504448703125 0.3530945979166667 0.353088315625 0.35352962708333335 0.354246903125 0.3555094395833333 0.364539459375 0.35772949375 0.3669860875 0.35602725625 0.3669637703125 0.3451834729166666 0.36977603281250004 0.3403840979166667 0.3747086546875 0.33740707708333334 0.376075421875 0.33457993541666664 0.383494034375 0.33032813125 0.38550198125 0.32739601875 0.384124259375 0.31243516041666664 0.38038431875 0.29655933333333334 0.37802778125000003 0.2921722583333333 0.3737870671875 0.28852754375 0.3657723234375 0.28983965833333336 0.35750435 0.29900338541666666
0 0.24890592968749997 0.48730401874999996 0.23635787968750002 0.492395575 0.23370875156249998 0.49543265833333333 0.234496021875 0.50398171875 0.23769055625000002 0.5104010916666667 0.2517514640625 0.5111364229166667 0.2561159484375 0.5125913895833334 0.2599236640625 0.5115341208333334 0.265986871875 0.5031652416666667 0.2743222078125 0.5018006395833333 0.27773060625 0.49994095 0.27974423437499996 0.49353672916666663 0.2807624140625 0.48339039791666666 0.2829334984375 0.4786959916666667 0.2824611359375 0.47356655208333337 0.27782110625 0.46911941458333334 0.2555823171875 0.4714584958333334 0.25257323593750003 0.4741206083333333 0.2511163765625 0.48303706458333334 0.24890592968749997 0.48730401874999996
0 0.355218046875 0.12928988958333335 0.3610673921875 0.12920007291666666 0.36551060468749996 0.13150994375 0.3690650921875 0.13830428541666664 0.37758588125000003 0.14602117083333335 0.3890763875 0.15064848958333332 0.4028560703125 0.15186375833333335 0.4060899671875 0.15871058333333332 0.40896959375 0.16171033125 0.41205171875 0.1633752375 0.4152182546875 0.1624229375 0.42063459999999997 0.1576311333333333 0.4315009734375 0.15194709375 0.433508921875 0.14901498333333332 0.443531615625 0.14477075625 0.44746310312500004 0.1415237375 0.44995477656249994 0.13677684375 0.449521778125 0.13207486041666666 0.45069741093750004 0.12363834166666667 0.45435335468750004 0.11739915208333333 0.4614513765625 0.11319983125 0.4745561953125 0.11062050833333334 0.47836959375 0.10609113125 0.47986013437499997 0.1010742375 0.47766105000000003 0.098396975 0.4669018125 0.08757537291666666 0.46321787031249995 0.08644289166666666 0.4613787421875 0.08414059583333335 0.4574529359375 0.08391550416666667 0.45629434843750005 0.08193569375 0.45682312031250005 0.07707625625 0.4611539234375 0.07463165625 0.4604847453125 0.06736495625 0.45928679375000003 0.06495769166666666 0.45476485625 0.061792910416666666 0.4505971875 0.0624752125 0.4479200609375 0.05814062083333334 0.4427062140625 0.061597579166666666 0.436255053125 0.062219816666666664 0.4279253984375 0.06011231041666667 0.416356165625 0.05463008541666667 0.4104394578125 0.04692077708333333 0.4011987625 0.038453956250000004 0.3961650984375 0.029732285416666667 0.39296488125 0.026785022916666668 0.3889997125 0.026132479166666667 0.3853608171875 0.021955343750000002 0.3835240734375 0.015313681249999999 0.35262958437499997 0.020371502083333333 0.351867290625 0.04696404375 0.3494429796875 0.0595100625 0.34934720625 0.06907148333333332 0.34496567499999997 0.07803284791666668 0.3454997171875 0.09443352083333334 0.34796866406250004 0.10357506666666666 0.349070840625 0.11554375208333334 0.3502687921875 0.11795101875 0.3500999734375 0.123185425 0.355218046875 0.12928988958333335
0 0.1902785828125 0.42313949999999995 0.1848902359375 0.435302975 0.18354578593749998 0.44897390000000004 0.1812509296875 0.45585805625000003 0.1819988359375 0.4639796666666667 0.185238415625 0.46735438333333335 0.1876115890625 0.4860573520833333 0.19622246875 0.4876849208333333 0.2038772609375 0.48599783750000003 0.21321941249999998 0.4814311270833333 0.2141475 0.4773741104166667 0.21699912812500002 0.4730021833333333 0.2163299484375 0.4657354833333333 0.218309896875 0.4554317 0.21696585625 0.44437040208333334 0.2120502828125 0.43693109375 0.20235954218750002 0.43417861666666663 0.1964091546875 0.42256974583333334 0.193405753125 0.42175975 0.1902785828125 0.42313949999999995
0 0.8238188796875001 0.40836985 0.82253651875 0.40857978958333335 0.8198029828125 0.4142340729166667 0.8194373484374999 0.41733121458333333 0.8206296171874999 0.42321058958333335 0.8217094765624999 0.42433549375 0.8211807046875 0.42919493124999997 0.811624690625 0.44204070625 0.8091273359375 0.4502597104166667 0.8102688765625 0.46265585 0.8121080062500001 0.46495814583333334 0.8137109546874999 0.46469572291666666 0.81579763125 0.46261851666666665 0.83026921875 0.4572120520833333 0.8384134187500001 0.4502380770833333 0.8445833531250001 0.4500957729166667 0.8486556578125001 0.434242675 0.8473172999999999 0.41970926875000003 0.8460799859374999 0.41687455208333335 0.8408438234375 0.40948772708333336 0.8333521656249999 0.40941251458333333 0.8295558140624999 0.40352556458333333 0.8257874640624999 0.40501028749999995 0.8238188796875001 0.40836985