0 0 0.22053123333333333 0.012100117187499999 0.22476355 0.02275384375 0.22641105 0.026241535937499998 0.22453381875 0.029329587499999997 0.219674225 0.0343781265625 0.21600947708333335 0.0471340515625 0.21198586875 0.050289387500000005 0.2096954 0.056069926562500004 0.20942625208333335 0.0625824625 0.21255270625 0.064244240625 0.21461888124999998 0.0660742359375 0.22310787916666666 0.0680571546875 0.22515910208333334 0.0780349546875 0.22555194583333332 0.0795845875 0.22333624375 0.079494871875 0.21991073958333332 0.0810332890625 0.21726684583333336 0.0889048125 0.2108984 0.097272828125 0.19893360208333333 0.10769104843749999 0.19158915416666666 0.11175373749999999 0.18711288958333333 0.1171346328125 0.18386137916666667 0.120024903125 0.18372680416666667 0.124319015625 0.17581008333333334 0.12513665000000002 0.17019878125 0.12407229687500002 0.16638994791666667 0.12075995625 0.16268578333333333 0.114654196875 0.15053747708333332 0.106282103125 0.15006986875 0.100665703125 0.1443294333333333 0.096964934375 0.13807109166666667 0.0954897234375 0.13085170625 0.092177384375 0.12714753958333333 0.090877525 0.11434676041666667 0.09328965 0.10823250416666667 0.09405121250000001 0.10048026458333334 0.09651941093750001 0.09650695 0.096440909375 0.09350963333333334 0.09448042031250001 0.09231478541666666 0.092441428125 0.08812262083333335 0.081122990625 0.08564864791666667 0.07479702187500001 0.0773689875 0.06694385 0.07216140625 0.0656032125 0.07008027916666666 0.061417165625000006 0.069846475 0.0579519015625 0.07258008125 0.0528360734375 0.0736757 0.0441316234375 0.07279485833333334 0.040199429687499996 0.06997697291666666 0.036999234375 0.07055468958333333 0.03322404375 0.07373143541666667 0.029560998437500003 0.08119006458333335 0.019299779687499997 0.09452914166666666 0.0085379890625 0.10103216458333333 0.0029032375 0.10686775625 0.0050768031249999995 0.11619817708333334 0.00615645 0.13286760416666665 0.003766753125 0.13983823541666668 0.0012873421875 0.14338336041666666 0.000626709375 0.15498929375 0 0.15735585 0 0.22053123333333333
0 0.198328246875 0.07976273958333334 0.1978837453125 0.075067625 0.19456019062500002 0.07093527083333333 0.1941829765625 0.06880928333333333 0.190594353125 0.06683282291666666 0.18738294375 0.06698235 0.18295425625 0.06976081458333333 0.176699653125 0.07648268958333333 0.17429874218750002 0.08302513125000001 0.1735147515625 0.08992099583333334 0.1716215484375 0.09129527708333333 0.16900756249999999 0.08970214583333333 0.1606691109375 0.09051910208333333 0.15598657031250002 0.09588165 0.15510164843750002 0.09892382291666667 0.1552474375 0.10449026666666666 0.1602215546875 0.11026060833333333 0.159284640625 0.12359424791666668 0.16545055 0.15031589791666666 0.16943881562500002 0.15527472083333332 0.1771462015625 0.15491585833333332 0.1834048828125 0.16062639166666667 0.19253140468750002 0.16534597291666667 0.2012470703125 0.16665500208333334 0.20636289687499998 0.16555938333333334 0.209107378125 0.15985836458333333 0.21130642812499997 0.14560854166666667 0.213684909375 0.13820972291666667 0.21536503593749998 0.1286998708333333 0.2142221828125 0.12189372083333333 0.215140746875 0.12013611041666666 0.22275841562499998 0.11635174375 0.22549168125 0.11022253541666666 0.2242478953125 0.09956269375 0.2178882828125 0.08999847083333333 0.21326895 0.08549773958333334 0.2019953703125 0.08473651666666666 0.20002366718750003 0.08311348125000001 0.198328246875 0.07976273958333334
0 0.9659959625000001 0.13533461041666667 0.9573587984374999 0.13702289791666666 0.9420786046874999 0.14287887916666667 0.9348605781250001 0.1496456125 0.9296254718749999 0.15846356874999998 0.9292074796875 0.16705723333333333 0.9238938703124999 0.17287787291666667 0.9198464749999999 0.19021472916666668 0.920149265625 0.20177580625 0.9285030125 0.21381944374999998 0.9399560234375001 0.22143167291666668 0.9456621390625 0.2305976125 0.9467601359375 0.2356910125 0.9493965515625 0.23814051875 0.9629069031249999 0.23836888333333334 0.9668390953125 0.24118676875 0.9703828609375 0.241450475 0.9736503437499999 0.24344188958333335 0.9787886 0.24320264791666668 0.9812792265624999 0.24008570833333334 0.980222009375 0.22427265833333332 0.9851247593749999 0.21504146666666665 0.9850758234375 0.20089631041666667 0.9830144031250001 0.19584777083333332 0.9829246875000001 0.19242226666666667 0.98619930625 0.18240946041666667 0.9860423031250001 0.17641482916666668 0.9889060640625 0.162991475 0.9882189234375 0.16130862916666666 0.9792901828125 0.151864025 0.9760859078124999 0.14000933541666666 0.9734046359375 0.135847075 0.9669257421875 0.13400518958333332 0.9659959625000001 0.13533461041666667
0 0.777821628125 0.39017584166666663 0.771708734375 0.3900317520833333 0.7571187359375 0.37313396249999997 0.7560207375 0.3680405625 0.7512892609375 0.35925795208333333 0.747345853125 0.3560118791666667 0.743593090625 0.3600450041666667 0.7454791578125 0.37067494166666665 0.7440640984375 0.3780289 0.746980875 0.39118310624999997 0.7479147359375 0.4022860895833333 0.747350953125 0.40531331249999997 0.74488275625 0.40928662708333335 0.743157771875 0.417083725 0.7432923453125 0.42222198125 0.74597361875 0.42638424166666666 0.74957345625 0.42878888958333333 0.755010425 0.42767831875 0.7664257125 0.4215735791666667 0.771242828125 0.42134928958333334 0.777169153125 0.42664658541666667 0.790504153125 0.43245634791666665 0.793935775 0.42843817500000003 0.794189628125 0.42585409583333333 0.7966914703125 0.4231653458333334 0.7981738140625 0.4183805145833333 0.8003657296875 0.41613490416666665 0.8040287749999999 0.4086762770833333 0.80454361875 0.3915038979166667 0.8034792656249999 0.3876950645833333 0.799113784375 0.3806102520833334 0.7955139484375 0.37820560416666665 0.7900433359375 0.3780316125 0.7849723671875 0.38083998125 0.777821628125 0.39017584166666663
0 0.46760452656249996 0.58896524375 0.45832508125000004 0.5906834333333334 0.45516974374999997 0.5929739 0.41565818437499996 0.5943848875000001 0.4137649828125 0.59575916875 0.4138883421875 0.6004692375 0.41578562343750003 0.6115273604166667 0.4215478109375 0.6228342437500001 0.4314624046875 0.6330903645833333 0.43598080625 0.6337374020833334 0.4595882390625 0.6266362729166667 0.4718996640625 0.6179175479166666 0.4752864265625 0.6121866229166667 0.47608163125 0.6057189479166667 0.4785161859375 0.60046106875 0.48136159687499996 0.5986137416666666 0.4861674984375 0.5979612645833333 0.4915371796875 0.5942815645833334 0.4910253921875 0.5870173208333332 0.4890649015625 0.5858224750000001 0.488676475 0.5832683000000001 0.4835045734375 0.5822229770833334 0.477746465625 0.5833484999999999 0.46760452656249996 0.58896524375
0 0.28487218125 0.08173511041666666 0.2720673203125 0.07161356041666668 0.2675377015625 0.07053833541666667 0.2626084421875 0.06648074583333334 0.253937634375 0.06688446666666666 0.25021851562499997 0.07220215416666667 0.2484823171875 0.07957106666666666 0.2373433109375 0.08394810208333332 0.2348638984375 0.08749322708333333 0.235076975 0.0956288 0.2374931796875 0.10194695208333333 0.23761653906250002 0.10665701875 0.23677647500000001 0.11141194583333333 0.2346406328125 0.11579849583333333 0.23446527968750003 0.12137988958333333 0.23613827187499997 0.12387425625 0.24360301718750002 0.12652766041666666 0.2509036234375 0.13519065000000002 0.25261025937500003 0.13896957916666666 0.2531332609375 0.14666201250000002 0.252293196875 0.15141693750000002 0.256027609375 0.15895984375 0.2583581765625 0.17428489583333334 0.26187237812499997 0.18569644583333333 0.264863578125 0.18941556458333333 0.2704952703125 0.20801659375 0.273564971875 0.21473302708333333 0.277616446875 0.209828575 0.28217562812499997 0.19975596041666668 0.292515346875 0.18941419791666667 0.2956217484375 0.172978575 0.298112375 0.16986163958333333 0.30317212968749996 0.16662507916666666 0.3074998859375 0.15999292083333333 0.3089485890625 0.15392352708333332 0.3087018703125 0.14450338958333334 0.3113790625 0.13623324375 0.31123327500000003 0.1306668 0.3064793671875 0.1210278125 0.30529165625 0.11250891041666668 0.299929109375 0.10418439166666667 0.2926621453125 0.09680596666666667 0.29063436875000004 0.09304199166666667 0.29055586718750004 0.09004467291666667 0.28487218125 0.08173511041666666
0 0.8201867421875001 0.2767386333333333 0.81831596875 0.27896928958333334 0.8184617578125 0.28453573125 0.8197799640625 0.28576048541666665 0.820568034375 0.29129702500000004 0.8241903015625001 0.29455805 0.822685528125 0.29848650625 0.8243136609375 0.29926811875 0.82606515625 0.3047598 0.8276484312499999 0.3038286604166667 0.8297842734374999 0.2994421104166667 0.8340151796875 0.3013886666666667 0.8342466046875 0.2979482104166667 0.8370135140625001 0.29310356875000004 0.8419539875 0.2975893458333333 0.8420324890625001 0.30058666041666665 0.8446913328125 0.30389254583333336 0.845531396875 0.29913761875 0.8444558296875 0.2949005979166667 0.8362590859375001 0.28885159374999997 0.827330346875 0.27940699166666666 0.823775365625 0.27871509375 0.8221135890625 0.2766489166666667 0.8201867421875001 0.2767386333333333
0 0.8014932781249999 0.2750367583333333 0.8013587031249999 0.2698985020833333 0.7961980171875 0.26928136874999997 0.7855147265625 0.27878170625000004 0.7846185921875 0.28139569375 0.7850630921875 0.28609080833333334 0.7883866484375 0.2902231625 0.7894397859375 0.2936038083333333 0.7896192171874999 0.3004548166666667 0.7881032296875 0.30395508541666666 0.786221240625 0.30575755208333333 0.7839396109375001 0.30457765625 0.7778562796874999 0.2932857291666667 0.7752422953125 0.2916925979166667 0.7713998171875 0.29230021666666667 0.7701376828125001 0.29321640416666667 0.7687562671875 0.30185492708333334 0.7489433984375 0.33107230625 0.748058478125 0.3341144791666667 0.7484693328125 0.33752503125 0.7527563125000001 0.34161252708333334 0.7508518953125 0.3425586208333333 0.7502544703125 0.3443012770833333 0.749537765625 0.3537662729166666 0.758093371875 0.37351729166666664 0.7700357421875 0.3875373875 0.7736355796875001 0.3899420375 0.777787984375 0.3888912770833333 0.7821605984375 0.3839718729166667 0.783056734375 0.38135788541666665 0.7874629921875 0.37772304375 0.795170378125 0.37736417916666665 0.8033446906249999 0.38255680833333333 0.8099693734375 0.3899651375 0.8150627703125 0.38801314375 0.8222022953125 0.37824909791666667 0.8227436453125 0.37436549999999996 0.8270265453125001 0.36602058958333333 0.8268471140625 0.3591695833333333 0.8247071921875 0.35112372708333334 0.821671134375 0.34569185625000004 0.8174065859375 0.3424607375 0.8202071390624999 0.3389006583333333 0.8200837796875 0.33419058958333336 0.8172679328125 0.324890075 0.816801003125 0.31933858333333337 0.813432590625 0.31349347916666664 0.8129095875000001 0.30580104583333334 0.8063593296875 0.288957625 0.8041969796874999 0.28005539375 0.8014932781249999 0.2750367583333333
0 0.3961021859375 0.1914504520833333 0.3959451828125 0.18545581875 0.39489204375 0.18207517291666667 0.3892195703125 0.17419379583333333 0.38560851875 0.17136095833333334 0.37718035156249996 0.1687524125 0.37126523749999996 0.16388330416666666 0.35583925625 0.16417284375 0.3485315140625 0.16751407083333333 0.3451447515625 0.17324499375 0.34153369843750003 0.17041215833333334 0.3305659671875 0.15677538958333334 0.31805268125 0.15778673333333335 0.311753221875 0.16279585416666667 0.308564240625 0.16380175624999999 0.3058085453125 0.16907458541666667 0.29885558749999996 0.1736854229166667 0.2973171703125 0.17632931666666665 0.29718667499999996 0.18362346458333334 0.296003040625 0.18753696666666667 0.2844796875 0.20179223124999998 0.28047307187500004 0.2084094375 0.27735545625 0.2244168708333333 0.27803954062499997 0.25053634166666666 0.27980225000000003 0.25645621041666666 0.2800826109375 0.2671609104166667 0.28316760625000004 0.2867379375 0.28619245000000004 0.2917416208333333 0.2963792453125 0.2878376333333333 0.301196359375 0.28761334375000003 0.30655890625 0.29593786041666664 0.3087549 0.30612465624999996 0.3117909578125 0.3115565270833333 0.3163093609375 0.31220356666666665 0.32055148125 0.31457830833333333 0.3315640703125 0.3299278270833333 0.3410565921875 0.3363452104166667 0.34896583593749997 0.3436937291666667 0.3512250390625 0.34401725 0.3538726671875 0.34689494374999996 0.36092655625000003 0.34613779791666666 0.3631072546875 0.34346400208333333 0.3722745578125 0.3374639291666667 0.3810085703125 0.32719693125 0.3833870546875 0.31979811458333335 0.3831627640625 0.31123435208333333 0.3814336984375 0.30659904791666664 0.37945078125 0.304547825 0.38003699062499996 0.30237697916666667 0.392871415625 0.30135068541666665 0.39538447187500003 0.29909012291666665 0.395746390625 0.28835551875000004 0.39666495625 0.2865979083333333 0.39818808125 0.27109342291666666 0.3997152859375 0.26802134375000003 0.40046563125 0.25984091249999997 0.40367296250000007 0.24725898124999998 0.40293280625000005 0.21899857291666666 0.40184602343750003 0.2143333625 0.398488825 0.20891644375 0.39597169062500004 0.19874460208333333 0.3952060484375 0.1940644375 0.3961021859375 0.1914504520833333
0 0.1874196421875 0.04383029166666667 0.1964595046875 0.020687745833333333 0.1973332125 0.017217385416666668 0.197243496875 0.01379188125 0.11834985468749999 0.017465249999999998 0.11764538437500001 0.019212891666666666 0.117757528125 0.023494770833333335 0.124348565625 0.0296185375 0.1366192125 0.03161946458333333 0.152254190625 0.02703309375 0.16333406718750001 0.04495173958333333 0.1688943953125 0.048551237500000004 0.176538571875 0.05805565 0.179130128125 0.058792406250000005 0.1874196421875 0.04383029166666667
0 0.1423518625 0.3241615958333333 0.139659375 0.31957114999999997 0.13767645781249999 0.317519925 0.1305440671875 0.31527975625 0.1264253078125 0.3176150791666667 0.12465546406250001 0.32369942916666666 0.119972921875 0.329061975 0.11759036249999999 0.3240283875 0.1161039375 0.3163808125 0.113799878125 0.31434454166666664 0.1090011125 0.30299280208333335 0.1053452015625 0.29844721458333334 0.10181264999999999 0.29861169375 0.098037459375 0.30178843958333335 0.0903973625 0.30471643333333337 0.0870891 0.31344467291666667 0.085730115625 0.3229395729166667 0.0763874609375 0.33452103958333335 0.07520382812500001 0.33843454166666664 0.072989484375 0.339823775 0.07116356874999999 0.34376718125 0.07384484062499999 0.3479294416666667 0.083822640625 0.34832228541666665 0.0916646 0.35310167708333334 0.0946558 0.3568207958333333 0.0967620765625 0.36358208750000004 0.1004404171875 0.3689840541666667 0.107285309375 0.37252373958333335 0.1176403234375 0.37504257291666665 0.12161737343750001 0.37957320625 0.12846226562500002 0.38311289375 0.13327938125 0.38288860416666665 0.1376744234375 0.37882557499999997 0.14106118750000002 0.37309464999999997 0.1433611671875 0.36269851875000003 0.1518189 0.354159225 0.151661896875 0.34816459166666663 0.149843115625 0.34010378125 0.1482037671875 0.33889398125 0.1471282 0.3346569604166667 0.1444581421875 0.3309228895833333 0.1423518625 0.3241615958333333
0 0.9439249562500001 0.6062286104166666 0.9400712656250001 0.6064080416666666 0.9306684593749999 0.6034161645833334 0.92494399375 0.6058262520833334 0.921303378125 0.61414125625 0.9267219953125 0.6246067145833333 0.9277975640625 0.6288437375 0.9273571421875 0.636581025 0.9291983515625001 0.6454982104166667 0.9338289 0.65042713125 0.9408940015624999 0.6500981729166667 0.9437281984375 0.6478226583333334 0.9549344890624999 0.6460147520833334 0.9568164796874999 0.6442122812500001 0.9619323062499999 0.6431166645833333 0.9660286375 0.6399249645833333 0.9703788234375 0.6341491833333334 0.9712076734374999 0.6289660687499999 0.9727756546874999 0.6151743375 0.9706805921875 0.60884123125 0.9643658374999999 0.6009897604166666 0.9581968703125 0.5987047333333333 0.954343178125 0.5988841645833334 0.9493394953125 0.6042616625 0.9439249562500001 0.6062286104166666
0 0.19630254375 0.41982422708333333 0.19615675625 0.41425778333333335 0.1950251140625 0.40787982083333335 0.1872840859375 0.4069541208333333 0.180319915625 0.41113677083333333 0.1768770796875 0.41472675416666666 0.174599528125 0.4259792625 0.1724300421875 0.4290812479166667 0.1632963859375 0.43636588541666665 0.1599208375 0.4425249958333334 0.1596781984375 0.44553726458333337 0.1546633 0.45048657291666666 0.152871028125 0.4557145479166667 0.149749334375 0.45928957708333334 0.1488756265625 0.46275993958333334 0.1454103625 0.46549354583333336 0.1418665984375 0.4652298375 0.1420236015625 0.47122446875 0.148006 0.47866270833333335 0.1493802796875 0.48202839999999997 0.1495036390625 0.48673846875 0.14856264531250002 0.48763970208333335 0.14715879999999998 0.49542185 0.1473382328125 0.5022728583333333 0.1502662234375 0.5158552520833334 0.15420963125 0.5191013270833333 0.165105996875 0.5177365604166667 0.1762225734375 0.5125031479166666 0.1816595421875 0.5113925770833333 0.184803665625 0.5086739229166667 0.18991949218749998 0.5075783041666667 0.200912709375 0.49763482499999995 0.2117866453125 0.4954136833333333 0.21510612187499997 0.48711363124999996 0.21488183125 0.47854986875 0.21279798125 0.47264495416666663 0.2130477578125 0.4576284666666667 0.211128046875 0.44571396874999997 0.2006160296875 0.43720050416666667 0.19594062343750002 0.43055883125 0.1953951921875 0.42201002499999996 0.19630254375 0.41982422708333333
0 0.9028759484375 0.10697770208333333 0.9015353125000001 0.10489657083333334 0.8944141359375 0.10308459166666667 0.8780808046875 0.10555992708333334 0.871736484375 0.10885629583333332 0.8689471453125 0.11284456250000001 0.8690113765625 0.13985031250000002 0.8753261312499999 0.14770178333333334 0.8805541046875 0.15088804791666668 0.8860471453125 0.15191841458333333 0.8907337656250001 0.158988275 0.89844115 0.15862941041666667 0.9067123140625 0.155243325 0.9196364546875 0.15764253541666667 0.9251743546875 0.16038565624999998 0.9286284046875 0.15722386041666667 0.9278515484375 0.15211551041666665 0.9190645156249999 0.13580494583333333 0.9137468296875 0.12919318124999998 0.9114611187499999 0.11558088125 0.9097320546875001 0.11094557499999999 0.9028759484375 0.10697770208333333
0 0 0.40014929375 0.0035200624999999998 0.40050550416666664 0.030704903125 0.39495264999999996 0.0351560203125 0.3930305604166667 0.038300142187500004 0.39031190625 0.0401260578125 0.38636849791666666 0.042567748437500004 0.3691064041666667 0.0443600203125 0.36387843124999997 0.044729075 0.34113960833333334 0.0435525765625 0.33304889583333336 0.04869083125 0.33280965208333335 0.05003147031250001 0.33489078125000005 0.051316034375 0.3348309708333333 0.051271175 0.33311821875000003 0.0493219015625 0.33235155833333335 0.049265828125 0.3302106166666666 0.0475928359375 0.3277162520833333 0.0439593546875 0.3240270416666667 0.043193712499999995 0.3193468791666667 0.03956023125 0.31565766458333333 0.0325175578125 0.31684300000000004 0.029683360937499997 0.31911851458333335 0.0219759765625 0.31947737708333335 0.0185219265625 0.3226391708333333 0.014239028125 0.33098408124999995 0.007483853125 0.3308699 0 0.32691322500000003 0 0.40014929375
0 0.3788472578125 0.49020742916666665 0.3757367796875 0.4942106479166667 0.3739557203125 0.49986680833333336 0.3647476421875 0.5165865333333334 0.3616860984375 0.5347349083333334 0.3625526703125 0.5432687625 0.3651890859375 0.5457182687500001 0.37421467812500003 0.5465841604166666 0.38622025312499997 0.5507409812499999 0.39842361249999997 0.5501727791666667 0.4053989984375 0.5464183166666667 0.406926203125 0.5433462375 0.40768776406249996 0.53559399375 0.4068578921875 0.50390808125 0.40738395 0.4871638916666667 0.410348640625 0.4775942270833333 0.41046792187500003 0.4698718916666667 0.40942599687500003 0.46691943333333336 0.4042204546875 0.4645895479166667 0.3926705921875 0.46555603333333334 0.385982703125 0.46801097708333333 0.3825286546875 0.47117277291666665 0.3788472578125 0.49020742916666665
0 0.6062538265625 0.39516324166666666 0.6061192531249999 0.39002498750000003 0.6052343312499999 0.39306716041666667 0.6062538265625 0.39516324166666666
0 0.5865551359375 0.36735685208333335 0.5875409875 0.36816837083333337 0.5884819828125 0.36726713541666667 0.5878284859375 0.3668688520833333 0.5865551359375 0.36735685208333335
0 0.5964320062499999 0.3638960041666667 0.5948038718750001 0.36311439166666665 0.5903303265625001 0.3641801041666667 0.5964320062499999 0.3638960041666667
0 0.7111537703125 0.3491228166666666 0.7032781671875 0.34305886041666667 0.695891925 0.34340277291666665 0.6920086671875 0.35473004375 0.6894956125 0.35699060625 0.6807350875 0.35396882291666665 0.678419815625 0.35150436458333334 0.676171828125 0.3516090333333333 0.6741776953125 0.3491296208333334 0.6661491703125 0.3495034375 0.66524181875 0.35168923333333335 0.6636473296875 0.3521921875 0.6581206453124999 0.34987725416666665 0.6561152953125 0.34696965208333336 0.6528070359375 0.35569789166666665 0.654409684375 0.38005975000000003 0.6530323484375 0.4011306791666666 0.6535441359374999 0.4083949229166667 0.6502695187499999 0.41840772708333335 0.649810746875 0.4377210458333333 0.65150616875 0.4410717854166667 0.6576639203125 0.4429286270833333 0.664729021875 0.44259966875 0.66981120625 0.44021948541666667 0.6772086640625 0.44030376250000003 0.6952975703125001 0.45575251041666665 0.702627740625 0.4532676583333333 0.71444980625 0.43814106458333335 0.7147148750000001 0.435985175 0.721234546875 0.42710740625 0.722108253125 0.42363704583333334 0.72459888125 0.4205201083333333 0.7254501578125 0.41619337083333335 0.7279295703125 0.4126482458333333 0.7294343453125001 0.4087197895833333 0.7304834046875001 0.39966803125 0.729116259375 0.38429811875000003 0.7280294781250001 0.3796329083333333 0.724295065625 0.3720900041666667 0.715422396875 0.3647863416666667 0.7158964625 0.35833361458333335 0.7111537703125 0.3491228166666666
0 0.3201284125 0.5439579499999999 0.31946370156250004 0.5431314791666666 0.3175592859375 0.5440775708333334 0.3201284125 0.5439579499999999
0 0.302048675 0.45519933541666663 0.3014216875 0.4680898333333333 0.2989983484375 0.4737758979166667 0.2874821296875 0.4760269458333333 0.28575714375 0.48382404791666667 0.2869560703125 0.4927711375 0.2879755671875 0.49486722083333334 0.2934686078125 0.4958975875 0.30272970312499997 0.5057554270833333 0.3085663140625 0.5076272166666667 0.312741146875 0.5074328333333333 0.3171137609375 0.5025134291666666 0.32091138125 0.50019305625 0.323491725 0.500501625 0.3290632671875 0.5045293083333333 0.33221860312499996 0.5022388416666667 0.3333573796875 0.4966125854166667 0.335493221875 0.4922260375 0.33653106718750003 0.4827460895833333 0.339607903125 0.47745830833333336 0.3387076875 0.46763988958333336 0.3312612921875 0.45341045625000004 0.32391582812499997 0.4430347145833334 0.3094644828125 0.4437075833333333 0.30349737656250003 0.4491299395833333 0.302048675 0.45519933541666663
0 0.8954571124999999 0.41299348333333336 0.8903300703125 0.41366091250000003 0.8859013828125001 0.4164393791666667 0.8807335625 0.4278264625 0.8687993515624999 0.4386711770833333 0.8671304390625 0.4486092166666667 0.868284509375 0.45584355416666666 0.8720413499999999 0.46424283541666667 0.8742037 0.47314506666666667 0.8796671765624999 0.4853232791666667 0.882583953125 0.49847748541666664 0.8871359999999999 0.5004090895833333 0.8915759031249999 0.49805881041666666 0.8978641484375001 0.4926215020833334 0.9087788640625 0.47968070625 0.9101939218749999 0.47232674583333334 0.9103019874999999 0.4641762208333333 0.9133451812500001 0.457603875 0.9186251453125 0.45049867083333334 0.9173252890624999 0.4376978875 0.9149763703125 0.43394886666666665 0.9135572328125001 0.42887041875 0.9072312640625 0.42059076041666665 0.9019696484375 0.4161199354166667 0.8954571124999999 0.41299348333333336
0 0.5858210640625 0.020135791666666666 0.578666246875 0.017039245833333334 0.574170271875 0.017248583333333335 0.569741584375 0.020027047916666665 0.5682031656250001 0.022670939583333334 0.5689239500000001 0.025638349999999997 0.5673855328124999 0.028282241666666666 0.5632219140625 0.028904814583333334 0.5609066390625 0.026440354166666666 0.55673180625 0.026634737500000002 0.5535876828124999 0.02935339375 0.5494240640625 0.02997596666666667 0.548098721875 0.04075542916666666 0.5456865953125 0.04686968333333333 0.5458435984375 0.05286431458333333 0.54924565625 0.059993985416666666 0.5594589609375 0.06937877708333334 0.571535903125 0.08853712916666666 0.5800986453125 0.09628393333333334 0.5841949765625001 0.09309223333333333 0.589937790625 0.07910611666666667 0.59460911875 0.07331538125 0.605370909375 0.06681236041666666 0.6078615375 0.06369542291666667 0.60771575 0.05812897708333333 0.6049335453125 0.05011302708333333 0.5986075750000001 0.04183336666666667 0.595892659375 0.03638654375000001 0.5937527390625 0.0283406875 0.5858210640625 0.020135791666666666
0 0.8317712437499999 0.04383833125 0.8317263859375 0.04212557916666667 0.8290899703125 0.039676072916666666 0.8287127578125 0.03755008541666667 0.8227640015625 0.0313964125 0.8120766328125001 0.028464345833333335 0.8065050906250001 0.024436662499999998 0.8023190437500001 0.024202858333333334 0.7933383093749999 0.025049720833333334 0.7869827765624999 0.027917902083333335 0.7829088734375 0.031965979166666665 0.776818409375 0.032678266666666664 0.7738384234375 0.0293873375 0.7682179453125 0.011214495833333334 0.7622243296875 0.00334806875 0.7537961625 0.0007395229166666667 0.7489790468749999 0.0009638145833333334 0.7467871328125 0.003209420833333333 0.7413277359375 0.003463616666666667 0.7387025359375 0.0014422979166666668 0.733564278125 0.0016815416666666667 0.724064621875 0.007268377083333334 0.7168578109375 0.014463295833333334 0.7140909015625 0.0193079375 0.7123210578125 0.0253922875 0.707362234375 0.032482535416666666 0.704210975 0.04720540833333333 0.69725801875 0.05181624583333333 0.6923328375 0.060191060416666664 0.6916273484375 0.07008424375 0.688307871875 0.07838429583333334 0.6884312312499999 0.0830943625 0.68752388125 0.08528016249999999 0.6879163875 0.10026674166666667 0.68621383125 0.10892021875 0.6866063390625 0.12390679791666666 0.69060581875 0.12929381041666665 0.6941944421875 0.13127027291666668 0.7096092109375001 0.13055254583333334 0.7180485937500001 0.13358927916666669 0.719710371875 0.13565545625 0.720797153125 0.14032066875 0.7186317468750001 0.15585505625 0.7187775359375 0.1614215 0.722545590625 0.17024896875 0.722960528125 0.18609192708333333 0.7271659484375 0.21161872916666666 0.73087793125 0.21830525625 0.731975928125 0.22339865416666665 0.736606475 0.22832757499999998 0.75164403125 0.22548386041666665 0.7582982765625 0.22174434999999998 0.7595267671875 0.21954359791666667 0.7680517874999999 0.21357343333333334 0.776632878125 0.20974420624999998 0.7868716671875 0.19554875208333333 0.7968270390625001 0.19508522083333332 0.8072493390625001 0.20017317916666666 0.8114466015625 0.20083517083333333 0.82362753125 0.19941059375 0.828033790625 0.19577575416666668 0.8378280796875 0.17688518333333333 0.8387874234374999 0.16440792083333333 0.8408671921875 0.15788043125 0.842446390625 0.1445168875 0.8448473 0.13797444583333332 0.8456088609375 0.13022220416666666 0.84654985625 0.12932096875 0.846359209375 0.12204177291666667 0.847785484375 0.11511600208333334 0.8475163359375 0.10483948958333333 0.8447004874999999 0.095538975 0.8444649828124999 0.086547025 0.8478068890625 0.07910335208333333 0.847571384375 0.07011140208333333 0.84650703125 0.06630256875 0.8394827062499999 0.05591187500000001 0.8390942796875 0.05335769791666667 0.8357931546874999 0.05008172083333333 0.835415940625 0.047955733333333334 0.8317712437499999 0.04383833125
0 0.48135443437500003 0.3405305520833333 0.48056636406250003 0.3349940125 0.4796253703125 0.3358952458333333 0.48135443437500003 0.3405305520833333
0 0.4776312359375 0.3334158354166667 0.476910453125 0.33044842291666665 0.4766453859375 0.3326043166666667 0.4776312359375 0.3334158354166667
0 0.4749163203125 0.3279690125 0.4732769734375 0.3267592125 0.47302311875 0.32934329166666665 0.474927534375 0.3283972 0.4759246015625 0.32963690625000003 0.4749163203125 0.3279690125
0 0.5460006296875 0.3289463541666667 0.54302064375 0.325655425 0.542255003125 0.3209752604166667 0.54370370625 0.3149058666666667 0.5394615859375 0.3125311229166667 0.5343233281249999 0.31277036666666663 0.5242711046874999 0.3218126104166667 0.511541690625 0.33912500208333335 0.49931998125000004 0.35126923125 0.48999975625000003 0.36370707708333333 0.48694534999999994 0.36985123541666665 0.4869494296875 0.3822836416666667 0.4889884203125 0.38647580416666666 0.49120684218750005 0.39751897708333334 0.4955947515625 0.40546016458333334 0.50116629375 0.40948785 0.5088400328125 0.40784442083333333 0.515483065625 0.4036767229166667 0.518373334375 0.40354215 0.52457594375 0.40711174166666664 0.531984615625 0.40762420625 0.550588365625 0.4059005770833333 0.555991690625 0.4035054416666667 0.5691136140624999 0.40117962916666666 0.5725564484375 0.39758964583333334 0.5700576640625 0.3758417729166667 0.5662223203125001 0.36444517708333335 0.5661101765625001 0.3601632979166667 0.568578375 0.35618998333333335 0.5688210140625001 0.35317771458333336 0.5662406718749999 0.3528691479166667 0.5625847609375 0.34832355833333334 0.5580215 0.34596376875 0.5497350421875 0.33648926041666666 0.5460006296875 0.3289463541666667
0 0.1410622234375 0.5450073833333333 0.1314167796875 0.5450277729166667 0.1228356875 0.548857 0.1185752171875 0.5580582875 0.11865371875 0.5610556020833334 0.1257004703125 0.5723026708333333 0.1260776859375 0.5744286604166666 0.1340654328125 0.5847744958333333 0.141608678125 0.59042521875 0.14580594062500002 0.5910872104166667 0.149637203125 0.5900514020833333 0.15270282500000001 0.58433543125 0.1535428890625 0.5795805041666667 0.1575495046875 0.5729633 0.16126862343749998 0.5676456125 0.168176721875 0.5613220208333334 0.1696927109375 0.5578217520833333 0.168971928125 0.5548543416666667 0.16435259375 0.5503536125 0.1540648671875 0.5504039083333333 0.1514733109375 0.5496671541666667 0.14981153281249998 0.547600975 0.1410622234375 0.5450073833333333
0 0.5188626640625 0.13986260833333333 0.5095495765625 0.14029623541666666 0.5038587546875 0.14399088958333334 0.4986460765625 0.15366521875 0.48676793749999997 0.16665087291666666 0.48254111093749996 0.17713672291666666 0.48185805000000004 0.18788628125 0.4831579078125 0.20068706458333332 0.4883338859375 0.21416478958333332 0.4915901546875 0.21572801666666666 0.4976694046875 0.21458753958333335 0.5046560062500001 0.21126126458333333 0.50683670625 0.20858746874999998 0.5186292078125 0.20460871666666666 0.521762115625 0.20146187291666667 0.53313968125 0.18164016458333335 0.536470371875 0.1737683 0.537276790625 0.16772881041666665 0.5420898281250001 0.1550721145833333 0.5418318953125 0.14522379166666666 0.537432771875 0.13685441666666665 0.5344864296875 0.13484805 0.52841839375 0.13641671458333335 0.5234034984375 0.14136602291666664 0.5188626640625 0.13986260833333333
0 0.152579425 0.17449425 0.145514321875 0.1748232083333333 0.1378854390625 0.17817938958333332 0.1351297453125 0.18345221874999998 0.1336586125 0.1886652375 0.1338044015625 0.19423168124999998 0.1319784859375 0.19817508958333332 0.12371445625 0.18955695833333333 0.1201258328125 0.18758049791666667 0.11659328124999999 0.18774497708333332 0.110547675 0.1901700166666667 0.1008053796875 0.19876912291666665 0.09825867968749999 0.19974511875 0.089868234375 0.21085354166666667 0.08902817187499999 0.21560846666666666 0.090148596875 0.22155824166666666 0.09285229843750001 0.22657687708333332 0.0914260265625 0.23350264791666667 0.091598321875 0.25235787291666667 0.0945263140625 0.26594026875 0.09312247031250001 0.2737224166666667 0.0933355453125 0.2818579895833333 0.10014679374999999 0.28411311041666665 0.1049414796875 0.2830324458333333 0.10882881562499999 0.2841375770833333 0.1141016453125 0.2890365916666667 0.12029304062499999 0.29217799583333337 0.1331876171875 0.3057250458333333 0.1373512375 0.30510247291666664 0.1466153890625 0.2905236875 0.1511297140625 0.27873832291666667 0.15260084375 0.27352530416666665 0.1526640515625 0.2636620270833333 0.1520737625 0.25340046666666666 0.150367128125 0.2496215375 0.15088605 0.24488156249999998 0.1539965296875 0.24087834583333334 0.1587687875 0.23894130416666667 0.1622228375 0.23577950833333333 0.16407118125 0.23269247499999998 0.1691605 0.21830807708333333 0.16851413906249998 0.20590557708333332 0.16471244062499998 0.19579354375 0.1600706765625 0.1904364375 0.1598015296875 0.1801599229166667 0.15615683281249998 0.17604252291666667 0.152579425 0.17449425
0 0.17593810468749999 0.21927863333333333 0.17172962812499998 0.21818845625 0.1673906578125 0.224392425 0.1625551921875 0.23619274375000002 0.15282411093749998 0.24522003541666668 0.1523836890625 0.252957325 0.154393115625 0.26829732916666665 0.1494159421875 0.2869636104166667 0.1432622703125 0.29753917708333333 0.1427545609375 0.3027073375 0.143785271875 0.3052316083333333 0.1454470484375 0.3072977854166667 0.15253458125 0.30782520208333336 0.1558132765625 0.31024480416666667 0.16970084218749998 0.31259915625 0.1741743875 0.31153344375 0.179121996875 0.30401500416666666 0.1814668359375 0.2953316208333333 0.18392381875 0.2909301208333333 0.18501773593749998 0.28359111458333336 0.1939495328125 0.26859909374999996 0.195730590625 0.26294293333333335 0.1945877359375 0.2561367854166667 0.19180553281249998 0.24812083333333332 0.18843711875 0.24227572708333334 0.18690583593750001 0.23291540208333333 0.18351499375 0.22621391875 0.17593810468749999 0.21927863333333333
0 0.7162655171875 0.33559479166666667 0.714316240625 0.33482813333333333 0.712732965625 0.3357592729166667 0.7162655171875 0.33559479166666667
0 0.6816760687500001 0.21802388541666667 0.6769150265625 0.22038911458333335 0.67348340625 0.22440728541666666 0.6699997921875 0.23871692291666669 0.6669117421874999 0.2435765166666667 0.66612775 0.2504723833333333 0.66036250625 0.263602125 0.65485519375 0.28658019166666665 0.650437721875 0.28978684375 0.6439027562499999 0.28580401666666666 0.6287194125 0.2830812875 0.6278120625 0.28526708333333334 0.6283574921875 0.29381589375 0.6299968421875 0.2950256916666667 0.6310611953125 0.29883452708333336 0.6367673109374999 0.30800046875000003 0.6383954453125 0.30878208125 0.6397921546875 0.31300415000000004 0.644023059375 0.31495070625000005 0.648817746875 0.3138700416666667 0.6527275109375 0.3158315479166667 0.6539376531250001 0.3252068270833333 0.655323146875 0.3290007104166667 0.6586354875 0.33270487291666667 0.6704657109375 0.34244309166666664 0.6756488265625 0.3439166 0.68489870625 0.35334625000000003 0.689073540625 0.3531518645833333 0.6922176624999999 0.3504332104166667 0.6951599265625 0.3400071708333333 0.6976281234374999 0.33603386041666666 0.699039103125 0.31624749583333334 0.70154094375 0.31355874375 0.7060257046875 0.31292122083333335 0.7082064031249999 0.310247425 0.71183580625 0.30150423125 0.712586153125 0.29332379999999997 0.7176194 0.27679846041666667 0.730236671875 0.25520418958333335 0.7309870187499999 0.24702375833333334 0.7333206437500001 0.23791218958333332 0.73317485625 0.23234574583333334 0.73011636875 0.22605749791666666 0.7293395125 0.22094914791666667 0.7253176046875 0.21470576041666664 0.7110864671875 0.21150998333333335 0.6999138203124999 0.21460245625000002 0.69360314375 0.21918338958333333 0.6816760687500001 0.21802388541666667
0 0.7652981515625 0.42762802083333334 0.757758984375 0.43440970625 0.7571615609375 0.4361523625 0.7595216921875 0.440329575 0.7599998359375 0.44630925416666667 0.75628071875 0.45162694166666667 0.7448430015625 0.45687530625 0.7387637515625001 0.45801578125000003 0.7374384093749999 0.4687952458333333 0.7387494796875 0.48202421666666667 0.739881121875 0.48840217708333333 0.7415765421875 0.49175292083333333 0.7427978984375 0.5015563854166667 0.7465659546875 0.51038385625 0.7481828734375 0.5107372791666667 0.7511965015625 0.5153127729166667 0.755472265625 0.5189720812499999 0.766424703125 0.51974825625 0.7734337328125 0.51727835625 0.7784262015625 0.5114726708333334 0.78087196875 0.50664298125 0.7872611468749999 0.5050593645833333 0.7888219921874999 0.5032718500000001 0.7934107406249999 0.48205139375 0.79247688125 0.4709484104166667 0.7947768609375 0.460552275 0.79454135625 0.4515603270833333 0.7927786484375 0.44564046041666666 0.792644075 0.4405022041666667 0.78955194375 0.43292939166666666 0.78598575 0.43180930833333336 0.7836704765625 0.4293448479166667 0.7746000265624999 0.42676620625 0.7652981515625 0.42762802083333334
0 0.217169559375 0.29581281875 0.21265115781250002 0.2951657791666667 0.20754654375 0.2966895854166667 0.2066279796875 0.29844719375 0.20376013906249998 0.29943814583333334 0.2031739296875 0.3016089895833333 0.20188936562499998 0.3016688 0.1973261046875 0.2993090104166667 0.1939801203125 0.29432028125 0.19204205937500002 0.2939818083333333 0.1887185046875 0.28984945624999997 0.18614937812500001 0.28996907708333336 0.1833263953125 0.2926727791666667 0.177329725 0.30924297500000003 0.17044405468749999 0.3164229416666667 0.1684091421875 0.3246631833333333 0.170216709375 0.33229580416666665 0.1749257578125 0.34022203958333336 0.1775621734375 0.3426715458333333 0.1761246859375 0.34916912916666665 0.17627047499999998 0.354735575 0.1789966046875 0.3606105854166667 0.18082659843749999 0.3690995833333333 0.1828319484375 0.3720071833333333 0.1890569859375 0.37643315000000005 0.1975075828125 0.37989807291666666 0.207761665625 0.37856321249999997 0.2306738 0.3449144270833333 0.232398784375 0.337117325 0.23108771250000001 0.32388835625 0.2300009296875 0.31922314583333333 0.22666616093749997 0.31466260416666664 0.22544480312499998 0.30485913750000004 0.2214228953125 0.29861574999999996 0.217169559375 0.29581281875
0 0.665970734375 0.10943404583333334 0.6621578203125 0.09889382708333333 0.6619335296875 0.09033006666666667 0.6628520953125 0.08857245625 0.6632588734375 0.07955060416666666 0.6599465312499999 0.0758464375 0.65768733125 0.07552291666666666 0.6550509156250001 0.07307341041666666 0.640532284375 0.07117715208333333 0.6362789484375 0.06837422083333333 0.6158156390625 0.07275669374999999 0.6125145140625 0.06948071666666666 0.604164846875 0.06986948541666667 0.594997546875 0.07586955625 0.589131371875 0.08514560625 0.5873615296875 0.09122995416666665 0.5876194625 0.10107827916666667 0.5924477921875 0.10128217708333334 0.593168575 0.1042495875 0.5856671312499999 0.12474824166666668 0.5818470812500001 0.12621223541666668 0.5590460703125 0.127273875 0.542470096875 0.13276148125 0.53996825625 0.13545022916666666 0.5427728875 0.14432255625 0.54305325 0.15502725625 0.5380985046875 0.1745499125 0.534125534375 0.18245168333333334 0.531758265625 0.19027868750000002 0.5310191328125 0.19888730625 0.5364601796875 0.21020913958333332 0.5378721828125 0.22729180208333333 0.5560171625 0.24488149166666667 0.56234313125 0.25316115 0.565830825 0.25128392083333334 0.5720069249999999 0.24156472916666666 0.5826565718750001 0.23077982916666664 0.5950464984375 0.22505841666666668 0.6000318296875 0.23125694791666668 0.6011410421875001 0.23677853541666666 0.6015447625 0.25219330208333335 0.6026651890625 0.2581430791666667 0.6039946109375001 0.25979601875 0.610540790625 0.26420703333333334 0.61257978125 0.26839919791666667 0.6172215453125001 0.27375630625 0.6250971453124999 0.2798202625 0.637722575 0.28309080000000003 0.64520975 0.28660058125 0.6510127171875 0.28718781041666663 0.655418975 0.28355296874999997 0.6593542234374999 0.2619342291666667 0.662729771875 0.25577511875000003 0.665294821875 0.24322309375 0.6693126515625 0.237034075 0.6747526765625 0.21148688125 0.6735873921875 0.20382435625 0.662918371875 0.18931626041666666 0.6618428046875 0.1850792375 0.6706777515625 0.17866593333333333 0.6805658343750001 0.17563327291666667 0.6979410921875 0.17611039166666667 0.6995131546875 0.17475106666666665 0.6994122234375 0.17089737291666665 0.6919209703125 0.1549551875 0.6740074171875 0.13392504166666666 0.6734732 0.12580442291666666 0.67167685 0.11859998958333334 0.665970734375 0.10943404583333334
0 0.0595810859375 0.38031813125 0.0560261046875 0.37962623333333334 0.0493045734375 0.38079661458333336 0.0449095296875 0.38485964375 0.040749990624999996 0.39791462083333334 0.04097428125 0.4064783833333333 0.0447311203125 0.4148776625 0.05601999375 0.4284994770833333 0.059597403125000004 0.43004775 0.0743698890625 0.4293599291666667 0.081390134375 0.42731821875 0.0872338796875 0.41718579375 0.08688622968750001 0.40391196458333334 0.08245346406250001 0.394258025 0.0748541453125 0.3864663625 0.0702796703125 0.3836783833333334 0.06254985625000001 0.38318087083333335 0.0595810859375 0.38031813125
0 0.5064105421875 0.05727261875 0.5025680640625 0.05788023958333333 0.5011937843750001 0.05451454583333334 0.49598824218750004 0.05218466041666667 0.482111890625 0.05025849583333333 0.4702408875 0.051239933333333335 0.46613334218749997 0.05400344583333334 0.4627465796875 0.05973436875 0.4636019359375 0.06784003749999999 0.45958410625 0.07402905208333334 0.4579936953125 0.08696440833333334 0.45921504999999996 0.096767875 0.46201968437499996 0.10564020208333333 0.46447361093749995 0.12567532291666667 0.46613538749999994 0.1277415 0.4683313828125 0.13792829583333335 0.47164372187500003 0.1416324625 0.476162125 0.14227950208333334 0.4866965703125 0.15164933958333335 0.491868471875 0.1526946625 0.4976041515625 0.15071276249999999 0.505695884375 0.14047566875 0.5166891 0.13053218958333332 0.5277679531249999 0.11158180833333334 0.5330815624999999 0.10576116875 0.5345863375000001 0.10183271458333333 0.5342274734375 0.08813069791666667 0.5331182625 0.0826091125 0.530235128125 0.07073946875 0.524827725 0.060702197916666666 0.5163210546875 0.05509633541666667 0.5089235984375 0.05501206041666666 0.5064105421875 0.05727261875
0 0.748426509375 0.27450663125 0.7446401046875 0.27725518958333334 0.7414399078125 0.27783290624999996 0.736876646875 0.2754731145833333 0.730763753125 0.27532902708333334 0.7203343171875 0.28224528541666666 0.7184747578125 0.2849041291666667 0.7176459093750001 0.29008724166666666 0.7152225703124999 0.29577330625 0.7138115890625001 0.31555967291666664 0.7110375453125 0.33240853125 0.71184804375 0.3388014458333333 0.716467378125 0.3433021770833333 0.7156161 0.3476289145833333 0.7192200171875001 0.36246596875 0.7221439296875001 0.36361596041666666 0.7326926453125 0.3489773666666667 0.7341077046875 0.34162340625 0.7395334578125 0.34008464583333337 0.743641003125 0.3373211333333333 0.7600558953125 0.3134064916666667 0.7641522265625 0.3102147895833333 0.7693985484375 0.3018250229166667 0.76976046875 0.2910904166666667 0.7690509 0.28855119166666665 0.763789284375 0.28408036875 0.7617615062499999 0.2803163916666667 0.751970275 0.2747703395833333 0.748426509375 0.27450663125
0 0.1513662140625 0.054511889583333334 0.1460974625 0.06204528125 0.142187696875 0.060083775 0.138852928125 0.05552323125 0.1372472234375 0.05559799583333334 0.134091884375 0.0578884625 0.1260113671875 0.06855374166666667 0.11734463906249999 0.08138987083333334 0.1133940953125 0.09014801458333334 0.1063289921875 0.09047697291666666 0.10542164375 0.09266277083333334 0.1025650171875 0.09408190833333333 0.10046281718750001 0.09975302083333333 0.10028746562499999 0.10533441875 0.105571509375 0.11066162083333334 0.10628107812500001 0.11320084375 0.106098590625 0.13078645833333333 0.1077868765625 0.14614141666666666 0.111319428125 0.1459769375 0.12808196875 0.13533612083333332 0.1300088140625 0.13524640416666667 0.1333323703125 0.13937875833333332 0.137473559375 0.13789981041666666 0.1476338484375 0.12070703958333334 0.151453896875 0.11924304375 0.1538211625 0.11141603958333332 0.15538201093749998 0.10962852291666667 0.1554227890625 0.09890886874999999 0.1575474171875 0.09409413125 0.1625959578125 0.09042938541666666 0.17092319375 0.08918424166666666 0.1733689625 0.08435455208333333 0.1713187578125 0.0797342 0.164152725 0.07620946666666667 0.1640742234375 0.07321215 0.16585528125 0.06755598958333334 0.1656197765625 0.058564041666666664 0.1645666375 0.05518339583333333 0.160910728125 0.05063780625 0.156414753125 0.05084714375 0.1539241265625 0.05396408125 0.1513662140625 0.054511889583333334
0 0.5575525375 0.401717925 0.556887825 0.40089145416666666 0.55466226875 0.4018525 0.5575525375 0.401717925
0 0.46915413125 0.31666213125000003 0.4652780109375 0.3159851875 0.45875425937500003 0.3124305479166667 0.45010588125 0.31369064583333334 0.4472829 0.3163943458333333 0.44409391875 0.31740025000000005 0.4405277234375 0.31628016458333336 0.4353068890625 0.30108968750000004 0.431452171875 0.26440008958333333 0.4269409046875 0.25174883541666665 0.4283783921875 0.24525125208333334 0.4275566765625 0.23843014791666667 0.42361327031249996 0.235184075 0.4158386 0.23297381250000002 0.40950549531249997 0.23669836875 0.40732479374999997 0.23937216458333335 0.4046476015625 0.24764231041666665 0.40475974687500005 0.25192419375 0.4015299859375 0.2636497479166667 0.39851330156250003 0.283510875 0.3975835203125 0.28484029791666665 0.39704625 0.3011563 0.3952091203125 0.3046715208333334 0.3887975125 0.3053987604166667 0.38565339062500004 0.30811741666666664 0.3854484734375 0.32484665416666664 0.3871775375 0.3294819583333333 0.38768932500000003 0.33674620208333333 0.3911698828125 0.34687318958333335 0.3923912390625 0.35667665416666666 0.3941090890625 0.36088377083333334 0.41315734062500004 0.3638552583333333 0.42726919375000005 0.37477336875 0.435686146875 0.37695372708333336 0.44578730625 0.38205663958333336 0.4722105859375 0.38425602708333334 0.48280823906250003 0.3837625875 0.4844027296875 0.3832596375 0.48527643749999994 0.37978927500000004 0.48405813750000004 0.3455491854166667 0.48115257343750006 0.33282316666666667 0.4795132265625 0.3316133666666667 0.47946836875 0.3299006145833333 0.47474810312500004 0.3215461916666667 0.46915413125 0.31666213125000003
0 0.082064 0.21979111875 0.0821088578125 0.22150387083333334 0.0831171390625 0.22317176458333332 0.07712760468749999 0.22773774375 0.076253896875 0.23120810625 0.0728110609375 0.23479809166666668 0.0725796375 0.23823854791666665 0.070055365625 0.24007092083333334 0.0663545984375 0.23381257916666665 0.0662312390625 0.22910251041666668 0.0671385890625 0.22691671458333335 0.0648977375 0.21501716458333334 0.0616078265625 0.21216937500000002 0.0561147859375 0.21113900624999998 0.0423393640625 0.21306653333333334 0.03823181875 0.21583004583333334 0.0331159921875 0.21692566458333334 0.028112309375 0.22230316458333332 0.0256777546875 0.22756104166666666 0.024938621875 0.23616965833333334 0.0217200765625 0.24832340208333334 0.021328592187500002 0.27020585 0.033327034374999995 0.2863668875 0.0345259625 0.29531397708333335 0.0371960203125 0.29904804791666667 0.042062071875 0.31296891666666665 0.044354917187499995 0.314577 0.0467599078125 0.3204669625 0.05576715 0.33290888125 0.056831503125 0.33671771666666667 0.06013262968750001 0.33999369375000005 0.06462860312499999 0.33978435625 0.071237990625 0.33433209375 0.0734747625 0.3337992375 0.0816337828125 0.3261312708333334 0.083769625 0.32174472291666667 0.083399546875 0.30761451875 0.079896559375 0.29663115625 0.07979562968750001 0.29277746458333337 0.0822638265625 0.28880415 0.08916071249999999 0.2820523729166667 0.09206933125 0.27034176875 0.090462603125 0.23354750624999998 0.088232965625 0.22207614583333332 0.0859737640625 0.221752625 0.08494305468749999 0.21922835625 0.08301620781249999 0.21931807083333332 0.082064 0.21979111875
0 0.250444853125 0.15450396875 0.24775236562499997 0.14991352291666665 0.2511391265625 0.14418259791666665 0.2513144796875 0.13860120416666666 0.24992898593750001 0.13480732083333333 0.24362544531250002 0.12738403541666668 0.239428184375 0.12672204583333332 0.23550720468750003 0.12433235 0.22395734374999998 0.12529883333333333 0.21640696093749998 0.13165232916666667 0.213087484375 0.13995237916666667 0.21218421406250002 0.15457058333333332 0.2066840390625 0.16554443124999998 0.20352869999999998 0.16783489791666667 0.19903272656249998 0.16804423541666666 0.1941595390625 0.16612758541666667 0.188700140625 0.16638177916666666 0.181448471875 0.17186394583333334 0.1792902 0.17539412083333333 0.17783028437499998 0.18103532708333334 0.180403490625 0.1933481125 0.181117140625 0.20831973958333333 0.1839442015625 0.21804844166666668 0.1859607625 0.22138423125 0.1911214484375 0.22200136458333333 0.1958824921875 0.21963613333333332 0.198462834375 0.2199447 0.20476637343749998 0.22736798541666667 0.212641975 0.23343194166666667 0.22331099375000002 0.24794003541666668 0.22724318906250002 0.25075792083333337 0.231716734375 0.24969220833333333 0.23604449062500002 0.24306005 0.23599963124999998 0.24134729791666668 0.2427507296875 0.229029075 0.243579578125 0.2238459625 0.24843747187499998 0.21290201875 0.25411707968749997 0.20877917916666666 0.26593201093749996 0.20565680208333334 0.26718293125 0.20431242708333333 0.26673843124999996 0.19961731041666667 0.2639225828125 0.19031679791666667 0.260188171875 0.1827738916666667 0.255052971875 0.1585765125 0.2530476234375 0.1556689125 0.250444853125 0.15450396875
0 0 0.32442097708333334 0.006143217187499999 0.32878876875 0.0112702578125 0.32812133958333334 0.02239396875 0.3108837104166666 0.0223491109375 0.30917095833333336 0.02578073125 0.3051527875 0.0265759375 0.29868510833333334 0.02905535 0.29513998333333336 0.028931990624999997 0.29042991458333334 0.0198126046875 0.27370611666666667 0.017538109375 0.26052200416666665 0.012242848437499999 0.25476661666666667 0.0083443 0.2532332958333333 0.006648878125 0.24988255416666666 0.0073880109375 0.24127393541666667 0.0033100281250000004 0.23288960625000002 0 0.229188025 0 0.32442097708333334
0 0.30699729375 0.34950621875 0.3054476609375 0.3517219229166667 0.299745625 0.3549883854166667 0.29362151718749996 0.35441611041666665 0.28837111718749997 0.3503734729166667 0.281317228125 0.35113061875 0.27722089687499996 0.3543223208333333 0.271974575 0.3627120875 0.27237829687500004 0.37812685625 0.27617999531250004 0.38823888958333336 0.27642671406249997 0.397659025 0.2705044671875 0.4047941354166667 0.2671401328125 0.41138143541666666 0.273544603125 0.4226584104166667 0.27587517031250003 0.43798346250000003 0.2812040734375 0.44502341666666667 0.285603196875 0.45339279166666663 0.2871344796875 0.46275311875 0.29076796250000003 0.46644233124999995 0.2994275546875 0.4656104208333333 0.301660246875 0.45264515833333335 0.30534572187500003 0.4460429083333333 0.3091433421875 0.4437225354166667 0.314912665625 0.44302519791666667 0.323617115625 0.4439060416666667 0.3270823796875 0.4411724354166667 0.329849290625 0.4363277916666667 0.330278496875 0.4281623145833333 0.3285157890625 0.4222424479166667 0.327249575 0.4107262270833333 0.3255092953125 0.40566273541666664 0.32023646562499997 0.40076372083333334 0.316057553125 0.3885257 0.315990265625 0.38595657291666663 0.3228198640625 0.37663566458333336 0.3227301484375 0.3732101625 0.3179538125 0.36271479791666666 0.3146414703125 0.35901063333333333 0.31425304375 0.35645645833333334 0.3099212078125 0.35065621041666667 0.30699729375 0.34950621875
0 0.5277220859375 0.20804373541666665 0.513913021875 0.20868669791666666 0.507867415625 0.2111117375 0.4968742 0.22105521875 0.490783734375 0.22176750625 0.48541405312499997 0.22544720625 0.48021972343749997 0.22354550833333334 0.47946529687500006 0.21929353333333335 0.478135875 0.21764059166666666 0.466929584375 0.21944849791666668 0.4660222328125 0.22163429583333333 0.46026412499999997 0.22275982083333332 0.457019071875 0.22162478125 0.4527096640625 0.21668091041666668 0.44757140624999997 0.21692015416666666 0.43689933124999997 0.22684868125 0.43032766718750004 0.24601791250000002 0.430563171875 0.2550098604166667 0.433289303125 0.26088487083333334 0.4351386703125 0.2946668666666667 0.43917587343750003 0.31377084791666665 0.44084886562500003 0.3162652125 0.4447249859375 0.31694215625 0.4517115875 0.31361588124999995 0.45452335625 0.3104839916666667 0.458377046875 0.31030455833333337 0.4616669578125 0.31315235 0.471712046875 0.3161143208333333 0.47673102187499994 0.3235974166666667 0.47835915625 0.32437902916666667 0.4794459390625 0.32904423958333334 0.48210478281249997 0.3323501208333333 0.48433442031249996 0.34382148125 0.48536920937500005 0.3587781583333333 0.4886927640625 0.36291051041666667 0.4899661125 0.3624225125 0.49249038437500003 0.3605901375 0.49555600625 0.35487416666666666 0.508696278125 0.3409723291666667 0.517407865625 0.32984895416666665 0.5210821250000001 0.3228185125 0.529483784375 0.31213827916666664 0.5312760578125 0.30691030625 0.543513059375 0.30762667083333334 0.5463472546875 0.30535115625000003 0.5478408156250001 0.3009945125 0.5475380234375 0.2894334375 0.5464736703125 0.28562460208333335 0.5457294359375 0.2449317875 0.542659734375 0.23821535416666664 0.53672219375 0.23248986875 0.5332640640624999 0.22321926041666668 0.5330397734375001 0.2146555 0.5277220859375 0.20804373541666665
0 0.5421875 0.165625 0.0015625 0.0020833333333333333
0 0.9377436984375 0.026471552083333336 0.9320192328125 0.028881639583333334 0.9201298796874999 0.041439104166666664 0.9191368921875 0.05263180416666667 0.9163363390624999 0.05619188125 0.9143870640625 0.05542522083333334 0.9099808062499999 0.059060062499999996 0.907546253125 0.06431793958333333 0.9070834031249999 0.07119885208333333 0.9107168828125 0.07488806666666667 0.915257715625 0.07639148124999999 0.9242088859375001 0.08669246041666666 0.93462405 0.1037846375 0.9356884046875 0.10759347083333333 0.94034138125 0.11337876666666666 0.948691046875 0.11298999583333333 0.9521563125 0.11025638958333334 0.9539710124999999 0.10588479375 0.9527832999999999 0.09736589166666666 0.9551954265625 0.09125163750000001 0.9730111046875001 0.08399146875 0.975490515625 0.08044634166666667 0.973380159375 0.061252645833333334 0.9720395234374999 0.05917151666666667 0.9684733281250001 0.05805143333333333 0.969347034375 0.05458106875 0.9718600921875 0.052320508333333335 0.9726889406250001 0.04713739375 0.9653883343749999 0.03847440416666667 0.9632484109374999 0.030428547916666666 0.9609219250000001 0.0275359 0.95088805 0.025002116666666668 0.9377436984375 0.026471552083333336
0 0.35236073125 0.09274020833333334 0.3437011375 0.09357211666666668 0.3396160203125 0.09719200833333333 0.3378125328125 0.10199178958333334 0.3380480375 0.11098373958333334 0.33986681875 0.11904455 0.3402817546875 0.13488750416666667 0.33860570624999997 0.1568297625 0.3403235578125 0.16103687916666667 0.3740994359375 0.16160779166666667 0.3893949234375 0.16861240000000002 0.3936819015625 0.17269989583333334 0.395709678125 0.17646387083333334 0.4002953671875 0.17968003958333334 0.40637461874999997 0.17853956041666666 0.41266286562500004 0.17310225208333332 0.41744633750000004 0.1715934 0.4186860421875 0.16982083541666665 0.422659015625 0.16191906666666667 0.42428307031249995 0.150268275 0.429981028125 0.13456940625 0.42756074374999997 0.11581885 0.43349420624999996 0.10911192916666666 0.4361601859375 0.10041359374999999 0.43549853125000004 0.07515050208333333 0.4311554796875 0.06892206666666666 0.4306997640625 0.0637987625 0.42732013750000003 0.057525468749999996 0.425213859375 0.050764174999999995 0.4244512734375 0.021647391666666668 0.42243471250000003 0.018311602083333333 0.406853103125 0.00403224375 0.3897675328125 0.004827764583333334 0.385465771875 0.0063141895833333335 0.3826315765625 0.008589702083333334 0.37497312968749996 0.023093725 0.3705668703125 0.02672856666666667 0.36809867343749997 0.030701879166666668 0.36483526875 0.04114287083333333 0.3632 0.052365475 0.3626402984375 0.06782510208333334 0.3583726953125 0.08903060416666667 0.35236073125 0.09274020833333334
0 0.36071345312499997 0.06791481666666667 0.361654446875 0.06701358333333333 0.3630470765625 0.05880324791666667 0.362878859375 0.052380427083333334 0.360384153125 0.043064958333333334 0.3608133609375 0.034899481249999996 0.366070896875 0.02693790416666667 0.3733113515625 0.021027547916666667 0.375548125 0.020494689583333333 0.37897974375 0.016476520833333334 0.380693515625 0.00825123125 0.3822431484375 0.006035527083333334 0.3820922625 0.005185133333333333 0.2931231390625 0.009327627083333335 0.2971040796875 0.033150041666666664 0.30523761562499996 0.04906232083333333 0.31187351093750004 0.05689884166666667 0.31661620468749996 0.06610963958333334 0.3282037890625 0.07886012291666668 0.34996695624999996 0.08727843333333334 0.35446292968750004 0.08706909583333333 0.3569535546875 0.08395215833333333 0.3584695453125 0.08045189166666668 0.36071345312499997 0.06791481666666667
0 0.7865342640625 0.6860089020833333 0.7829344265625 0.6836042520833333 0.7716720609375 0.6832712187500001 0.7655030953125 0.6809861916666667 0.763187821875 0.6785217333333333 0.7554355796875 0.67716784375 0.7526013828125 0.6794433583333334 0.7468585671875 0.6934294750000001 0.7467882234375 0.7152969687499999 0.750410490625 0.71855799375 0.763909628125 0.7183581708333333 0.7688276734375 0.7219875729166667 0.7708778796875 0.7266079249999999 0.7717332359375 0.7347135916666667 0.7738395140625001 0.7414748854166666 0.775173015625 0.7555602312499999 0.7778767171875 0.7605788645833333 0.7824399796875 0.76293865625 0.7985531015625 0.7643319645833333 0.8026830781250001 0.7624248270833333 0.8054612015625 0.7580083729166667 0.8052481265625 0.7498728020833333 0.8031418468749999 0.7431115083333334 0.7957515265625 0.7310230145833334 0.7904674796875 0.7256958124999999 0.7897354828125 0.7223002145833333 0.7922485390625 0.7200396520833333 0.8015392 0.71874965 0.8030439734374999 0.71482119375 0.8029093984375001 0.7096829375 0.8008255500000001 0.7037780229166667 0.7949104390625 0.6989089125 0.7912321 0.69350695 0.791187240625 0.6917941958333333 0.7865342640625 0.6860089020833333
0 0 0.45406043749999997 0.003936021875 0.45321748958333335 0.007300356249999999 0.4466301895833333 0.0079385578125 0.4341678791666667 0.014779370312500002 0.4252751604166667 0.0156642921875 0.4222329875 0.015208576562500001 0.4171096833333333 0.009857246875 0.4092133520833333 0.0052491265624999995 0.40514081041666666 0 0.40318769791666664 0 0.45406043749999997