0 1 0.2229118625 0.9996630640624999 0.22396511458333332 0.9939162359375 0.22913106666666666 0.9779297546875 0.22232563958333335 0.961961571875 0.21996187291666666 0.953540321875 0.21378607916666667 0.9471244593750001 0.21212325625 0.942642503125 0.21318011041666668 0.938935940625 0.21576900208333333 0.9332788890625 0.22716990833333334 0.9303843203125 0.24017416249999998 0.9311688640625 0.24392702916666667 0.935357475 0.24944952916666668 0.938075925 0.255922075 0.9377294015625001 0.2651497958333333 0.9393699671875 0.274448825 0.933678034375 0.2929397645833333 0.9315754390625001 0.2959443625 0.929054840625 0.30638338750000005 0.9228002328124999 0.3127488125 0.9186665203125 0.3205513 0.9177315890625 0.32696437083333335 0.920477490625 0.34009941041666664 0.9226698624999999 0.3433297666666667 0.9276778968749999 0.34551510208333336 0.93099390625 0.35702313125 0.9363318812499999 0.36151243958333334 0.9405021937500001 0.362593275 0.94267626875 0.36138196875 0.9508830843749999 0.36217788333333334 0.9550442453124999 0.3610378875 0.9615224375 0.362273175 0.9707448125000001 0.36067014166666667 0.9792541234375 0.3571075375 0.995425871875 0.3466569979166667 1 0.3404942979166667 1 0.2229118625
0 0.4802749109375 0.3635549604166667 0.4885074578125 0.3550400125 0.48584218437500004 0.3459190979166667 0.4795509796875 0.3434011979166666 0.47607543281250003 0.33983827708333336 0.46747634531250004 0.3371659270833333 0.45654364531249997 0.34364998958333337 0.43941695000000003 0.3400985833333333 0.42991781093750003 0.3367492729166666 0.42734231562499997 0.33386331041666667 0.4237604109375 0.33559712708333334 0.42236173125 0.33834047083333335 0.4203672125 0.3520216854166666 0.41419323124999996 0.36240123333333335 0.41363227187499996 0.366249075 0.4240497625 0.3747170104166667 0.4273383203125 0.37956254791666666 0.42521914375 0.3940988354166667 0.42586987968749995 0.3964859520833333 0.4306194484375 0.39816060625 0.43702616406250006 0.3976026 0.440991190625 0.3955243854166667 0.4538303484375 0.38509750833333334 0.458820084375 0.38284118125 0.463417546875 0.37870841875 0.46796183124999996 0.3772240270833333 0.47739692187499994 0.36502752083333334 0.4802749109375 0.3635549604166667
0 0.27292983125000003 0.17360313333333333 0.2758078203125 0.17213057291666667 0.27682337968750004 0.16973162916666668 0.2769920671875 0.16400735208333334 0.2758152515625 0.15837805 0.272411184375 0.15660841874999998 0.268649725 0.145872325 0.26912090625 0.13578952916666667 0.2717221328125 0.12936462708333335 0.2731025125 0.12217962291666667 0.2703308828125 0.11835544791666666 0.2619902578125 0.11619377708333332 0.2545588359375 0.11692989791666666 0.2530978265625 0.12010077708333333 0.2544175984375 0.12931666458333332 0.2533580109375 0.13658481041666667 0.2485735609375 0.14200018749999999 0.23943181406249997 0.14761734166666668 0.232944471875 0.144161225 0.2267596234375 0.13634658749999998 0.22258931093749998 0.13526575208333333 0.22022825156249998 0.1377596729166667 0.2180816265625 0.14563346875 0.20980505 0.15901761458333336 0.204379015625 0.16426671041666668 0.20254403281250002 0.17000281666666667 0.20384550625000003 0.17477704375 0.20281336562500002 0.18870768333333335 0.203267965625 0.1901565770833333 0.209434515625 0.19352955416666667 0.21398794687499997 0.19426599166666667 0.22845852187500001 0.1909173125 0.236282215625 0.19205762708333335 0.2422251796875 0.18782989166666667 0.242919946875 0.18534780625 0.2454771421875 0.18379210208333333 0.251643690625 0.18716507708333333 0.25966352187499997 0.18924360833333334 0.263245425 0.18750979166666668 0.2701324703125 0.17908981666666665 0.27292983125000003 0.17360313333333333
0 0.6026360359375 0.19560637916666668 0.6092031640625 0.19152042500000002 0.607286678125 0.18882524791666666 0.6033216515625 0.19090346041666667 0.60249308125 0.19201979166666666 0.6039723875 0.19329057291666668 0.6020567796875 0.19501255833333334 0.6026360359375 0.19560637916666668
0 0.720702796875 0.19869728125 0.7197221171875 0.19400619583333334 0.716371228125 0.18958819791666667 0.712325575 0.18765228750000001 0.7050811375 0.18710579583333334 0.7003498671874999 0.1898728041666667 0.692705728125 0.20120240208333331 0.6797419109375 0.21248435208333336 0.6670805890625 0.21940778749999998 0.6636416406250001 0.22472818749999998 0.661495015625 0.23260198541666668 0.655196378125 0.24383661041666665 0.6528095875 0.25564139166666666 0.653487771875 0.26469099791666667 0.654281465625 0.27066469791666664 0.658550703125 0.28020131875 0.6609300640625 0.28214906041666665 0.6681745 0.2826955541666667 0.6833855875 0.28796894375 0.6884468 0.28750590833333334 0.6916987609375 0.28346812083333334 0.695760996875 0.2738723395833333 0.70289735625 0.2637422145833333 0.7236757171875 0.25137974375 0.7273731296875 0.24657002083333335 0.7298313984375 0.23655853125 0.7281450859375 0.21615534791666666 0.720702796875 0.19869728125
0 0.5861034609375 0.16514374375 0.5894892281249999 0.1624717104166667 0.59218023125 0.16228176458333332 0.5934542546875 0.16039349791666666 0.6081118140624999 0.15576220625 0.612709278125 0.15162944375 0.6236419765625 0.14514538124999998 0.6281056328125 0.13964686458333334 0.6304483921874999 0.13271128541666666 0.631134009375 0.12800836666666665 0.6298325390625 0.12323413958333333 0.621598271875 0.11577573125 0.616073309375 0.1125690375 0.6125354359374999 0.10943365416666667 0.6113054421874999 0.10645272083333333 0.6082221671875 0.10476623333333333 0.59282409375 0.10077545625 0.58974996875 0.10130979999999999 0.5861240343749999 0.10791281666666667 0.5799317546875 0.11385070416666668 0.5783460890625001 0.11787665833333333 0.5767255421875 0.12899264583333334 0.5777062203125001 0.13368373333333333 0.5767089609375 0.14052433958333335 0.5790974703125 0.14469291458333336 0.5860302625 0.14737709583333333 0.5882226375 0.15060745208333334 0.588748715625 0.15384964375000001 0.5879916203125 0.15675926666666667 0.5843565359375 0.16114145208333333 0.5803915109375 0.16321966458333334 0.5755172843749999 0.16240008541666665 0.575205640625 0.164537775 0.579322771875 0.1682669791666667 0.58097991875 0.16603431666666665 0.5861034609375 0.16514374375
0 1 0.12022852499999999 0.9940380140625 0.11868333541666667 0.9925770046875 0.12185421458333333 0.99222133125 0.12886110625 0.9888721609375001 0.1404164625 0.9839722046875 0.14890774375000002 0.980907228125 0.15166291875000001 0.9697783937500001 0.15720876458333333 0.9654834250000001 0.1569830041666667 0.9561363921874999 0.1594411125 0.943117678125 0.15739807708333334 0.9311419734375 0.15961859166666667 0.9185612781250001 0.17055615 0.9158096640625001 0.18714698958333334 0.915774784375 0.19423701875 0.923153028125 0.19614926666666666 0.9257102234374999 0.19459356458333332 0.9303259859375 0.19490246666666666 0.938507071875 0.20500924375000001 0.94152801875 0.20712326875 0.9430788031249999 0.21018734375 0.9472491156249999 0.21126817916666668 0.9517934 0.2097837875 0.965855121875 0.21609036666666667 0.9949849734375 0.22408375208333334 0.997159046875 0.22287244583333335 1 0.21875578541666665 1 0.12022852499999999
0 0.8831607937499999 0.1028139375 0.884942596875 0.09972619791666666 0.885245090625 0.09536767708333334 0.8816448859375001 0.09265983125 0.8804772218749999 0.08925136041666668 0.858663284375 0.08359775833333334 0.8568557515625 0.09599636041666666 0.8578455796875 0.10290827708333333 0.8573926984375 0.11743273541666667 0.8655755031249999 0.14351287083333333 0.867830203125 0.1463156875 0.872000515625 0.147396525 0.8743615765625 0.14490260416666667 0.8843301765625 0.12219576458333334 0.885237659375 0.10912020208333333 0.8831607937499999 0.1028139375
0 0.240764728125 0.11335482708333333 0.2365320890625 0.11270152916666666 0.23087331875 0.10812908333333333 0.22541983437500002 0.10671568333333334 0.22304962499999997 0.10698876875 0.2187729546875 0.11120467291666666 0.217436603125 0.11352047500000001 0.21594071406249998 0.1237813875 0.21717070781249997 0.12676232083333333 0.22110085468750001 0.13177413958333334 0.22668814531249998 0.13455329375 0.2362238828125 0.14678592916666666 0.23975260625 0.14770048333333333 0.2446800140625 0.14587169166666666 0.2523424515625 0.13898375833333335 0.2545073765625 0.13555162291666667 0.25519299218749997 0.13084870416666666 0.25452395625 0.12401992916666667 0.25160936875 0.11660916458333334 0.2484546171875 0.11312938541666666 0.24498821875000001 0.11178729375 0.240764728125 0.11335482708333333
0 0.14279127187500001 0.024958425 0.14363814531250002 0.028283754166666668 0.144965346875 0.02374711875 0.1445730765625 0.021870685416666664 0.1434860390625 0.0224763375 0.14279127187500001 0.024958425
0 0.5997832187500001 0.2654140208333333 0.604184546875 0.26034304375 0.6064026499999999 0.2542625375 0.6102338703125 0.25081857083333337 0.6120065234375 0.24551 0.6199091265625001 0.23469108125 0.6197478703125 0.2266628333333333 0.6217789890625001 0.22186494166666665 0.6232748781249999 0.21160402916666668 0.6183989328124999 0.19481109583333334 0.615431165625 0.19004870000000001 0.6121517546875 0.18742399583333333 0.6070190640625001 0.1860937375 0.603303353125 0.1864618 0.6013877437499999 0.18818378333333333 0.6005059921875 0.19194848333333334 0.5958462 0.19650878333333335 0.59109663125 0.19483412708333334 0.5903835671875 0.19287455208333334 0.592680578125 0.17483481458333333 0.5882958328125001 0.1683741 0.5866918671875 0.16795839375000002 0.57556303125 0.17350423958333333 0.567926325 0.17108131458333334 0.558740546875 0.18156766666666665 0.555052284375 0.18859822291666667 0.5505886296875 0.19409673958333334 0.543246984375 0.20106781666666668 0.5397457078125 0.20681575625 0.543239553125 0.21482034166666666 0.54716055 0.21761132708333333 0.549879 0.224083875 0.549968778125 0.23031882916666666 0.552562571875 0.23764645208333332 0.552714678125 0.24345386875 0.5552369953125 0.24898819791666668 0.555968359375 0.2553894375 0.55882061875 0.2632277375 0.56293775 0.26695694166666667 0.57095758125 0.26903547291666663 0.5847242390625 0.26594804791666665 0.5913894171875 0.26590071875 0.5939466125 0.26434501875 0.5997832187500001 0.2654140208333333
0 0.9805041796875 0.6294146791666667 0.9739013296874999 0.62903446875 0.9690985812499999 0.6300081833333333 0.9678868875 0.6314689104166666 0.9673882562499999 0.6348892145833334 0.9725483968749999 0.6428819666666666 0.9722642015625 0.65168215 0.9824415249999999 0.6640810687500001 0.985226671875 0.6655289479166666 0.993849 0.6063848979166667 0.99309230625 0.6047246000000001 0.988841365625 0.5996296395833334 0.9835840171875001 0.59915445625 0.9766786734374999 0.6031327666666667 0.9753423218749999 0.6054485729166666 0.9743359125 0.6100683479166666 0.9749957984375 0.61467629375 0.9770011843749999 0.6191892645833333 0.9832483609375 0.6265763645833334 0.9805041796875 0.6294146791666667
0 0.3415647125 0.21890039374999998 0.33877650312499996 0.22660790833333333 0.3456212359375 0.23903049166666665 0.34563038437500004 0.24125132291666668 0.3523596109375 0.25674981041666667 0.3582145171875 0.262260475 0.366100540625 0.26297325208333333 0.3736457515625 0.24318786666666667 0.3743828296875 0.219863225 0.369178659375 0.21673967291666668 0.360088371875 0.20373510208333334 0.353342565625 0.19976830625 0.3480228890625 0.19972066249999998 0.3457681859375 0.19691784375000002 0.3425345234375 0.20539729166666668 0.3415647125 0.21890039374999998
0 0.44334426093749996 0.4844289375 0.44271182500000006 0.48648348541666664 0.44349636718749996 0.49023635416666667 0.4548139078125 0.49938125 0.45987511875 0.4989182145833333 0.466584328125 0.49400168541666667 0.4682506234375 0.49398985416666663 0.477641684375 0.4866625479166667 0.4833170359375 0.4797033041666667 0.48156839375000005 0.45972765625 0.47802137031249997 0.45437144166666665 0.47507190312500003 0.45405070833333333 0.47334327812500004 0.45449007916666667 0.46779258593749995 0.46059424791666664 0.459087140625 0.46321863541666664 0.45174549375 0.47018971458333336 0.44334426093749996 0.4844289375
0 0.8254517828125 0.23605038541666667 0.8290868671875 0.23166820000000002 0.836820784375 0.22657355625 0.8385934359375 0.22126498541666667 0.8385036593749999 0.21503003125 0.8372736656249999 0.21204909791666668 0.8340565828125 0.20899685416666666 0.827578390625 0.20776157083333333 0.8230341062500001 0.2092459625 0.8204860609375 0.21302249375 0.818374315625 0.21380626249999998 0.816850978125 0.21740467916666667 0.8086899093750001 0.22771292083333333 0.80182859375 0.22682203124999997 0.7969011890625 0.22865082083333332 0.7950662078125 0.23438692916666665 0.7947911609375 0.24540794166666666 0.799141028125 0.2589586875 0.800986878125 0.27141676666666664 0.8009519984375 0.2785067958333334 0.8034743140625 0.28404112708333334 0.8033588046875 0.2871170333333334 0.804784934375 0.29103618333333336 0.8089552484375 0.29211701875 0.816172234375 0.28600101666666666 0.8180695453125001 0.27983737291666666 0.8195654343750001 0.26957646041666666 0.81812100625 0.2612156479166667 0.8189312796875001 0.2556576541666667 0.8219962546874999 0.2529024791666667 0.8254517828125 0.23605038541666667
0 0.0961836484375 0.14598653333333333 0.0997123734375 0.1469010875 0.10366824999999999 0.14260204166666668 0.0971809078125 0.13914592499999998 0.09622767812500001 0.14111733333333334 0.0937951390625 0.14181795833333333 0.09221862187499999 0.14806474583333334 0.0961836484375 0.14598653333333333
0 0.07493981875 0.13870592291666667 0.07003814375 0.13122385 0.067497528125 0.12124785833333333 0.0701427828125 0.10995375624999999 0.0702399921875 0.1024361875 0.0681631265625 0.09612992291666668 0.0624511765625 0.09420584375 0.049459912499999995 0.09882530416666667 0.049127432812499996 0.09882232708333333 0.0353852484375 0.19308554375 0.0353204421875 0.19809725625 0.0386181515625 0.20516362291666665 0.0443924296875 0.2066601625 0.048410634375 0.20193358125 0.0539338796875 0.18916691875 0.0573728265625 0.18384651666666668 0.060793475 0.1740844520833333 0.06848164375 0.15788565416666664 0.06970991875 0.14489323333333332 0.07493981875 0.13870592291666667
0 0.5284728000000001 0.36406690625 0.525015553125 0.36494564583333333 0.521825921875 0.36855589583333337 0.5178608953125 0.3706341083333333 0.506981375 0.37446980208333336 0.502891690625 0.37740309166666663 0.49824105 0.3841842208333333 0.4964060671875 0.38992033125 0.497832196875 0.3938394791666667 0.5038740875000001 0.39806753125 0.51217983125 0.4073192333333333 0.5164216203125 0.4101933625 0.5171346859375 0.41215293541666664 0.5250390078125 0.41730737291666664 0.5319535015625 0.4155498916666666 0.543580965625 0.40658374375 0.546502984375 0.40024198333333333 0.5526329359375 0.39473163333333333 0.553897809375 0.3906225375 0.550537771875 0.38398370833333334 0.5431320796875 0.37540896875 0.5352186078125001 0.36803370208333336 0.5284728000000001 0.36406690625
0 0.544840684375 0.35455458125 0.546391471875 0.35761865625 0.5444043828125 0.35754734791666665 0.5439680828125 0.36054011458333335 0.5428810453125 0.3611457645833333 0.5477020921875 0.36461371249999996 0.54903844375 0.36229791041666665 0.5458836921875 0.3588181270833333 0.5488863375 0.35649049374999997 0.54966173125 0.35802253125 0.5556321468750001 0.3604572875 0.5589555859375 0.35821279166666664 0.5553462312499999 0.35328411458333336 0.549509625 0.3522151125 0.5474785078125 0.35701300416666665 0.546605046875 0.35501185625 0.544840684375 0.35455458125
0 0.9564692593749999 0.5202489291666667 0.9595782640625 0.5126245541666666 0.96070018125 0.5049288708333334 0.9672041046875 0.4968532958333334 0.96838835 0.4887300729166667 0.9666048296875 0.47584445833333333 0.9678514046875 0.46729369791666664 0.9653199390625 0.45953853541666667 0.961131328125 0.4540160395833333 0.9480154046875 0.45949057708333335 0.9405399515624999 0.46509589791666667 0.9364411203125 0.46580835416666666 0.9289199187499999 0.46030952291666666 0.9260327796875 0.45956125208333337 0.92294035625 0.4556539333333333 0.9159452359375001 0.4533972895833333 0.9143321203125 0.45076075416666667 0.9118281015624999 0.4496680833333333 0.9057164500000001 0.45962009375 0.9016890953125 0.4621258458333333 0.8995241703125 0.46555798125 0.8989008843749999 0.4698333625 0.9016650828125 0.4874100645833333 0.9055952296875001 0.4924218833333333 0.9019875953125001 0.5034665604166667 0.904073609375 0.5119936541666666 0.90646211875 0.5161622291666667 0.9133325828125001 0.51927395 0.921753834375 0.52544974375 0.93073604375 0.5277776979166666 0.9345764125 0.5265545604166666 0.9394946703124999 0.5225049395833333 0.9420701656249999 0.5253909 0.9468820609374999 0.5266380166666667 0.9511055515625 0.5250704854166667 0.9564692593749999 0.5202489291666667
0 0.6855207859375 0.33954690416666666 0.6876857109375 0.33611476875 0.688184340625 0.33269446458333335 0.6872036625 0.32800337916666666 0.6898672171875 0.32115093958333335 0.6922980375 0.30447696041666666 0.6901222453125 0.2897149083333333 0.686397384375 0.2878621395833333 0.683136271875 0.28967909583333334 0.6786451671875 0.28851511875 0.6766489296875 0.28622297916666667 0.671640896875 0.2840376458333333 0.6609392125 0.28436989375 0.6566791234375 0.27705410208333336 0.6528553359375 0.2667455458333333 0.6518472078124999 0.25539196875 0.6506172140625 0.2524110333333333 0.6441390218749999 0.25117574791666664 0.640298653125 0.25239888541666666 0.6299452109375 0.25947676875000003 0.6256153624999999 0.2663410395833333 0.6263558765624999 0.2749631083333333 0.62424413125 0.275746875 0.6219545484375 0.2800340875 0.619263546875 0.2802240333333333 0.6169648140625 0.28229041458333337 0.6158960765625 0.2873377270833333 0.61379348125 0.29034232708333335 0.6115221984375 0.29907120000000004 0.6083434328124999 0.32087563750000003 0.60902161875 0.32992524375 0.61127631875 0.33272806250000003 0.622896353125 0.3375144395833333 0.624892590625 0.3398065791666667 0.6329232874999999 0.36007929375000003 0.6382521156250001 0.3623477708333333 0.648152675 0.3697943458333333 0.6558517125 0.3717897333333333 0.6632831343750001 0.3710536125 0.66870916875 0.36580451875000003 0.6716935171875 0.35903522083333334 0.67981055625 0.35359618125000003 0.6845858546875 0.34595997500000003 0.6855207859375 0.33954690416666666
0 0.5239450515625 0.10510841458333334 0.525156746875 0.10364768541666666 0.5263152609375 0.10483532500000001 0.5196849640625001 0.09779262500000001 0.514552271875 0.09646236666666666 0.5135275640625 0.09664048125 0.513804328125 0.10159282083333333 0.5213163765625 0.10487082291666666 0.5230358515625 0.10221062291666666 0.5241943671875 0.1033982625 0.5239450515625 0.10510841458333334
0 0.5777102140625 0.08798449791666667 0.5748945546875001 0.08902952083333333 0.5686399453125001 0.09539494583333334 0.5669113234375 0.09583431458333333 0.56532565625 0.09986027291666667 0.5598372921875 0.10553690208333334 0.560488028125 0.10792401458333334 0.562163471875 0.11013301458333333 0.5697378515625 0.11298347916666666 0.5729457828125 0.11381488958333333 0.5771692734375 0.11224735625 0.582595309375 0.10699826458333334 0.5843056343749999 0.10211723125000001 0.5875575953125 0.09807944375000001 0.5895172343749999 0.09148825833333334 0.5896144421875 0.08397068958333334 0.588322121875 0.08141729583333333 0.5847310671875 0.08093027916666666 0.579554346875 0.08446922083333333 0.5777102140625 0.08798449791666667
0 0.5078664015625 0 0.5062819671875001 0.0024746875000000003 0.5054093640625 0.008460220833333334 0.5059811921875 0.022806564583333334 0.5045127515625001 0.039729968750000004 0.5001846203125 0.06256759583333334 0.5024576203125 0.06981207708333333 0.502556546875 0.0782678625 0.5044372781249999 0.08363591041666667 0.5177419046875 0.09285211458333334 0.5332206046875 0.10085701458333333 0.54444836875 0.10376695625 0.5515589984375 0.10294769375 0.5664916015625 0.0872953875 0.5786891765625 0.07670222916666666 0.57963325625 0.07250998958333334 0.584159240625 0.06658393333333333 0.5854864421875 0.0620473 0.5904487281249999 0.053128479166666666 0.5938144796875 0.030041429166666668 0.590480171875 0.0140917375 0.5361083921875001 0 0.5078664015625 0
0 0.94029286875 0.15622226875 0.9521622171875 0.15929849375000002 0.9795085484375001 0.15440626249999997 0.98608395 0.14812397916666667 0.9924357671875 0.1342409833333333 0.995526471875 0.12217494791666667 0.9959627718749999 0.11918218125 0.8888178453125001 0.09141302916666666 0.8879452421874999 0.09739856041666667 0.8944343031249999 0.11682803333333333 0.8882088625 0.14582930625 0.89157805 0.15468896666666668 0.8951691046875 0.15517598125 0.9034108015625 0.14888186458333333 0.9154139562499999 0.15332384375 0.9227207203125 0.15344279791666665 0.932674459375 0.15824100416666667 0.94029286875 0.15622226875
0 0.8195002718750001 0.40932253333333335 0.8134052 0.40774285208333333 0.804111346875 0.40755258749999995 0.7928670046875 0.41617433958333333 0.7909622625 0.43609051041666663 0.7920950484375 0.4465890125 0.791347103125 0.45171946875 0.792452440625 0.45555547916666667 0.791829153125 0.45983085833333337 0.7933799406250001 0.46289493125000003 0.8180186875000001 0.46972434166666666 0.8305828 0.47031847708333335 0.83198148125 0.4675751375 0.8335122500000001 0.45022419374999995 0.8377889203125 0.44600829166666667 0.8384122078124999 0.4417329104166667 0.8365663578125 0.4292748333333333 0.8322347921875 0.42016575 0.8243836484375 0.4123629458333333 0.8195002718750001 0.40932253333333335
0 0.5781396875 0.27000949999999996 0.5720720671875 0.2750923125 0.5712526421875 0.27842947500000004 0.571743840625 0.28876169583333333 0.5801062 0.3273117375 0.5882964359375 0.33963934791666667 0.60054890625 0.3423711729166667 0.603685359375 0.34140929166666667 0.6085853171875 0.33291800833333335 0.6081381484375 0.3177165875 0.6116817359375 0.29112609375 0.6096763484375 0.2866131229166667 0.607876246875 0.2852591979166667 0.603713365625 0.2704258395833333 0.599409246875 0.26797924791666666 0.5879321703125 0.2667794604166666 0.5860165609375 0.26850144375 0.5781396875 0.27000949999999996
0 0.8878509578125 0.4634199770833333 0.890292646875 0.46494018125000003 0.8983748046875 0.4665911729166667 0.9006643875 0.4623039625 0.904754071875 0.4593706708333333 0.9083800046875 0.45276765416666664 0.90771096875 0.44593888125 0.90590171875 0.442364125 0.903397703125 0.44127145833333337 0.888775021875 0.43881272083333334 0.8844983515625 0.44302862291666667 0.8833672859374999 0.4485034770833333 0.88376870625 0.4526007416666667 0.8878509578125 0.4634199770833333
0 0.033961239062499995 0.319316575 0.0372846796875 0.31707208125 0.0378456375 0.31322423958333334 0.0296554015625 0.30089663125 0.0277380734375 0.28664526041666666 0.024565021875000002 0.2787238166666667 0.0228831453125 0.2788425333333333 0.013728362499999999 0.34163889583333334 0.0188873953125 0.34735565208333335 0.0284580125 0.35249825625 0.038340271875 0.3555031708333333 0.0419845046875 0.3533418166666667 0.042206370312500005 0.34496917083333334 0.0381681484375 0.3292807354166667 0.036617360937499996 0.32621666250000003 0.02524664375 0.3197201333333333 0.0263602703125 0.3177902979166667 0.033961239062499995 0.319316575
0 0.5166342921875 0.15068869583333333 0.5149239671875 0.15556972708333333 0.5170540124999999 0.15922762291666667 0.5183005875 0.15067686458333332 0.5166342921875 0.15068869583333333
0 0.5158131515625 0.13805250208333333 0.5153328203124999 0.14591446875 0.516526215625 0.14001207708333335 0.516517065625 0.13779124583333333 0.5158131515625 0.13805250208333333
0 0.43463361562499997 0.19022206875 0.44115583750000004 0.18658815416666666 0.44807033125 0.18483067291666666 0.451830071875 0.1795934125 0.4468752171875 0.17475970833333332 0.44648294687499995 0.17288327499999998 0.433088540625 0.15743211458333334 0.432500134375 0.1546174625 0.4272244859375 0.14970061875 0.42425672031249995 0.144938225 0.42382785 0.13417846458333335 0.42773797968749994 0.11877526458333333 0.42845847499999995 0.10698231666666666 0.4239399203125 0.09915584583333333 0.41784485 0.09757616458333333 0.4129797734375 0.09897741666666666 0.41047575625 0.09788474999999999 0.40918343437500004 0.09533135208333333 0.409315521875 0.08072375416666668 0.41255661562499996 0.05849177916666667 0.4089381125 0.051342270833333335 0.4057833609375 0.04786248958333333 0.401666228125 0.0441332875 0.3969789875 0.042031091666666666 0.392363225 0.04172219375 0.385538509375 0.04971462708333333 0.3782426125 0.06778985833333334 0.3739659421875 0.0720057625 0.373217996875 0.07713621875 0.38189943125000003 0.09979604791666666 0.382577615625 0.10884565208333334 0.380573946875 0.1203060375 0.381956046875 0.1290943875 0.3814225375 0.13960472499999999 0.3822070796875 0.14335759166666667 0.3845241109375 0.14573287291666667 0.38692176875 0.15212227708333334 0.39013142031250003 0.16892704583333332 0.3922614640625 0.17258493958333335 0.3992034078125 0.17748995416666666 0.4282269 0.19078007500000002 0.43463361562499997 0.19022206875
0 0.1581625015625 0.19355195208333334 0.1623328125 0.1946327875 0.16047038281249998 0.19370640208333334 0.1581625015625 0.19355195208333334
0 0.25116563593749996 0.13335445416666666 0.25391896875 0.13273696875000002 0.254149984375 0.12658515625 0.2510484109375 0.12045700625000001 0.24706508437500002 0.11809355833333333 0.2444364109375 0.11785596666666667 0.24509629687499998 0.12246391041666667 0.25045257187500003 0.13139487916666667 0.25175404375 0.13616910416666667 0.2527164234375 0.1364185291666667 0.25116563593749996 0.13335445416666666
0 0.220030396875 0.1208481 0.22131357031249999 0.12118066458333333 0.220805790625 0.12238013541666667 0.22278372968750002 0.12023061458333334 0.22346934687500003 0.11552769583333333 0.2252511484375 0.11243995833333333 0.2366750453125 0.11628811666666666 0.2395090046875 0.11968475416666666 0.2433493734375 0.11846161666666667 0.24225318749999997 0.11684643958333334 0.23262939062500002 0.11435220625 0.2322994484375 0.11204823124999999 0.23056167656249998 0.11026677291666667 0.22607057031250002 0.10910279583333334 0.22204321562499998 0.11160854583333334 0.220030396875 0.1208481
0 0.15438673593750002 0.1326749625 0.15714921875 0.13427830625 0.16112339375 0.13442092708333334 0.1661571578125 0.12729539791666666 0.17079121875 0.13204596041666666 0.171183490625 0.13392239583333332 0.16818084375 0.13625003125 0.166096546875 0.14369629166666667 0.16809278593750002 0.14598843125000002 0.17049044375 0.1523778375 0.1714985703125 0.16373141666666668 0.17725626875 0.17675965000000002 0.1848672453125 0.1884934375 0.1854648015625 0.19352892083333334 0.1915598734375 0.19510860416666667 0.195898871875 0.19046516249999998 0.197207775 0.18148686666666666 0.19660106875 0.17423055208333332 0.192830459375 0.16127362708333332 0.19348862656250002 0.14990821666666668 0.203904396875 0.14240279375 0.20669260937499997 0.13469528125 0.20955972968749997 0.11502853333333334 0.20736735624999997 0.11179817708333334 0.2031970453125 0.11071734166666666 0.20166455781249998 0.11209492916666666 0.192246046875 0.11275973958333334 0.18588336249999998 0.10844854791666667 0.173066496875 0.07761785208333333 0.1706505390625 0.06678678541666666 0.1649643203125 0.05555184375 0.160194734375 0.03346217083333333 0.1579308828125 0.028438522916666667 0.15426835 0.0261582125 0.1497772453125 0.024994237500000002 0.14798629375 0.02586114583333333 0.14448329843750002 0.01563573125 0.13920765 0.010718885416666666 0.1308670265625 0.008557214583333334 0.128247503125 0.010540454166666666 0.12485258437499999 0.01099165625 0.1185979765625 0.01735708125 0.1170123109375 0.021383035416666665 0.1169774296875 0.02847306875 0.11910747343750001 0.0321309625 0.1224234828125 0.04363899166666666 0.1327620609375 0.06406615833333333 0.1326299734375 0.07867375624999999 0.13933175 0.08750975416666668 0.13827216250000002 0.0947779 0.1411776 0.09996783125 0.1410803921875 0.10748540000000001 0.1425065203125 0.11140455 0.14219487656250002 0.11354223958333334 0.144449578125 0.1163450625 0.144851 0.12044232708333333 0.1503851109375 0.12586985 0.15438673593750002 0.1326749625
0 0.328387065625 0.39606771458333334 0.3295638796875 0.4016970166666667 0.3336810125 0.40542622083333335 0.338813703125 0.4067564791666667 0.3461827984375 0.40644789583333335 0.3547635859375 0.40467858333333334 0.361544271875 0.40155534583333335 0.367718253125 0.3911757979166667 0.37120123125000004 0.3809861958333334 0.3698282796875 0.3744186770833334 0.36139787968750003 0.36602205 0.34439583906250004 0.36161556666666667 0.33602948593750004 0.36876475833333333 0.3342659828125 0.3762941625 0.3306400484375 0.382897175 0.328387065625 0.39606771458333334
0 0.9798476859375 0.4078422541666667 0.97598901875 0.40462373125 0.9745005609374999 0.4011321166666667 0.9661599359374999 0.3989704458333333 0.9561987671875001 0.40792476250000004 0.9500413671875 0.40677261875 0.9449269749999999 0.40988402291666665 0.9396970765624999 0.4160713333333333 0.93804908125 0.420524825 0.934921775 0.4237075395833333 0.92983483125 0.43348143541666667 0.9269311124999999 0.44426485625 0.9247661875000001 0.44769699375 0.92401824375 0.4528274479166667 0.9261574375 0.458706175 0.929312190625 0.4621859583333333 0.9359333390625 0.4670078270833333 0.9393905859375 0.4661290875 0.9459659874999999 0.4598468041666666 0.9570324937500001 0.45472849791666664 0.9624493796875001 0.44725857291666665 0.9706910765625001 0.4409644583333333 0.973719453125 0.4293259583333333 0.9747075640625 0.4202645208333333 0.9801959281249999 0.4145878895833333 0.9807568859375 0.41074004583333334 0.9798476859375 0.4078422541666667
0 0.3580109484375 0.27507478333333335 0.3580458296875 0.26798475208333333 0.3503816734375 0.2588993333333333 0.349516503125 0.2511323416666667 0.34440039218749996 0.23827038958333333 0.3443912421875 0.23604955625 0.342902784375 0.23255794583333333 0.33833104999999997 0.22737984375 0.33043587812499997 0.2244462375 0.32505387343750003 0.22482613125 0.316313546875 0.23454055000000001 0.3146655515625 0.23899404583333334 0.3100772375 0.2453476375 0.307261578125 0.2463926604166667 0.3029849078125 0.25060856458333336 0.29752399218750003 0.26294768749999997 0.2978007546875 0.2679000270833333 0.2966788375 0.27559571250000003 0.2952801578125 0.27833905416666666 0.296768615625 0.2818306666666667 0.2976520859375 0.2940393208333333 0.29939900937499997 0.29804161458333334 0.29976555 0.30922891041666667 0.3023410453125 0.31211487083333334 0.3135505078125 0.31058315000000003 0.3175961625 0.31251906041666666 0.32559769375 0.3101559291666666 0.3439160671875 0.29183158958333333 0.35215776249999997 0.28553747291666665 0.356362953125 0.27952827916666667 0.3580109484375 0.27507478333333335
0 0.7670600359375 0.48358240625 0.766917078125 0.47999581875 0.7650454984375 0.47684860416666663 0.7498344109375 0.4715752125 0.7406028874999999 0.4709574125 0.7313181828124999 0.4729879791666667 0.7230490390625001 0.4726196020833333 0.721133428125 0.4743415854166667 0.720821784375 0.4764792770833333 0.7218647921875 0.480742825 0.720368903125 0.49100373541666664 0.721688675 0.5002196250000001 0.7249955328125 0.5095068208333333 0.7274463703125 0.5132478583333333 0.73226741875 0.51671580625 0.7374001109375 0.5180460645833334 0.7443769328125 0.5158610479166666 0.7490990531249999 0.5108732104166667 0.7553628109375 0.5067286166666667 0.757848528125 0.5033796229166667 0.7597458390625 0.497215975 0.765670503125 0.48854657916666666 0.7670600359375 0.48358240625
0 0.7717255390625 0.449296225 0.771093103125 0.45135077291666664 0.7640631015625 0.4561841625 0.7644553734375 0.45806059583333336 0.7677347828125 0.4606853020833333 0.7712543578125 0.4593790229166667 0.7732048484375 0.45056700833333335 0.7731333703125001 0.4487737145833333 0.7717255390625 0.449296225
0 0.7626884328125 0.43364328541666664 0.7637846203125 0.4352584666666666 0.76377546875 0.4330376354166667 0.7626884328125 0.43364328541666664
0 0.7550534437499999 0.44719371458333335 0.7522818124999999 0.4433695395833333 0.7523881703125 0.4380728 0.74615014375 0.43290653124999995 0.74459935625 0.4298424583333333 0.7453473015625 0.4247120020833333 0.744054978125 0.42215860625 0.739314559375 0.42270478125 0.7372742921875 0.4252818395833333 0.7356079984375 0.425293675 0.7308950265624999 0.4325023416666667 0.7339434203125 0.44127886041666664 0.7322147984375 0.44171823125000004 0.727065525 0.4519196645833333 0.72523054375 0.45765577291666665 0.7256942937499999 0.4613255 0.7317893640625 0.46290518333333336 0.741644175 0.45924760416666666 0.7449144375000001 0.45965147708333337 0.7461884609375 0.4577632104166666 0.7463039671875 0.45468730625000003 0.74412074375 0.45367777708333334 0.7426322859375001 0.45018616666666667 0.7407698546875 0.44925977916666665 0.7365097671874999 0.44194398958333336 0.7369552171875 0.44117205625 0.7550534437499999 0.44719371458333335
0 0.778594284375 0.4364345916666667 0.781534603125 0.4345344916666667 0.7799655171875 0.4270287541666667 0.7764367921875001 0.42611420208333334 0.7754835625000001 0.42808561041666665 0.7746724296874999 0.425656925 0.7728457375 0.4256271875 0.7759381624999999 0.42953450624999995 0.7770526484375 0.4355913458333333 0.778594284375 0.4364345916666667
0 0.3009377671875 0.18929220208333333 0.3042080265625 0.189696075 0.301766340625 0.18817587083333331 0.3009377671875 0.18929220208333333
0 0.29085022031249996 0.18312823958333332 0.297907671875 0.18495734583333334 0.295145190625 0.18335399791666665 0.29085022031249996 0.18312823958333332
0 0.286857746875 0.17854396041666665 0.28878250625 0.17904280625 0.288069440625 0.17708323125 0.286857746875 0.17854396041666665
0 0.28465622343749997 0.17309277083333333 0.2847277015625 0.17488606458333333 0.285618603125 0.17334219374999998 0.28465622343749997 0.17309277083333333
0 0.28142084375 0.16559886666666665 0.2822053859375 0.16935173541666665 0.282570209375 0.164565675 0.28142084375 0.16559886666666665
0 0.34330304375 0.14303591041666666 0.34505911718750004 0.14925903333333332 0.3417556953125 0.17191854583333335 0.34512488124999996 0.18077820416666668 0.3474419125 0.18315348541666668 0.351032965625 0.18364050208333332 0.352752440625 0.18098029999999998 0.3567872265625 0.164722025 0.3619988265625 0.15409305416666666 0.3671755484375 0.15055411041666666 0.3722367609375 0.15009107708333333 0.377217346875 0.14561391875000002 0.3792484640625 0.14081602708333335 0.3810028171875 0.13106579583333333 0.379994690625 0.11971221666666666 0.38185540156250003 0.10466524583333332 0.3771041140625 0.08701723541666667 0.372781696875 0.08012898333333333 0.3720411828125 0.07150691458333333 0.370624203125 0.06980859375 0.368342053125 0.06034328333333334 0.3718947890625 0.035973618750000005 0.371431040625 0.032303889583333335 0.3640070484375 0.01928748958333333 0.3547663734375 0.01644885625 0.3473441 0.019405810416666665 0.3374178109375 0.021270095833333332 0.33262421249999996 0.02446464166666667 0.3227694 0.02812221875 0.31913431718749996 0.03250440416666667 0.317621846875 0.05429700833333333 0.31279336875 0.06458158333333333 0.3115999734375 0.07048397499999999 0.310934375 0.09560191041666667 0.312771075 0.10583915625000001 0.31042831249999997 0.11277473750000001 0.3126115375 0.11378426250000001 0.3161842921875 0.10982961666666666 0.32111169687499996 0.10800082708333333 0.324061165625 0.10832156041666667 0.333569453125 0.11389170208333334 0.3385243078125 0.11872540416666667 0.3412427609375 0.12519795208333334 0.341983271875 0.13382002083333333 0.3432755953125 0.13637341666666666 0.34330304375 0.14303591041666666
0 0.345227803125 0.14353475833333332 0.34059202499999996 0.12281083958333333 0.3354942125 0.11439055 0.328480790625 0.10769224375 0.3230896359375 0.10585130625 0.3121918171875 0.1052453375 0.30446705 0.11256081041666667 0.30126826875 0.11395022916666667 0.283972884375 0.11612309791666667 0.277958440625 0.11855754166666667 0.2740648921875 0.12242904583333333 0.2721675828125 0.12859269375000001 0.2699145984375 0.14176322916666667 0.2709759046875 0.1504684375 0.2776153546875 0.15973197083333332 0.2803521046875 0.17064618125 0.28339135 0.17720186875000002 0.291438628125 0.18594289166666667 0.3013300390625 0.19116863750000002 0.30947452656249996 0.19239208958333334 0.314660396875 0.19107398125000002 0.3176007140625 0.18917388124999998 0.322955271875 0.18213149583333335 0.3262787125 0.179887 0.3334516703125 0.1786402 0.34060632812499997 0.17295173541666667 0.3435008984375 0.15994748125 0.345227803125 0.14353475833333332
0 0.2630355890625 0.30769592291666664 0.266029084375 0.30314745625 0.267587303125 0.29245900625 0.27257531875 0.2742293229166667 0.2731803078125 0.2655122833333333 0.2694903265625 0.25656948125 0.263750928125 0.24798291041666667 0.2634118359375 0.24345810416666666 0.261281790625 0.23980021041666666 0.2522189546875 0.23345813541666666 0.2505966890625 0.22860076458333334 0.24693415624999998 0.22632045833333334 0.23231147812500003 0.22386171875 0.22576180625000003 0.22083314166666668 0.2161820390625 0.21346970416666666 0.204954278125 0.21055976458333334 0.1993852859375 0.21222227083333334 0.1981112625 0.2141105375 0.1958051 0.22992944166666665 0.19459340625 0.23139017083333335 0.18951389375 0.22741154375 0.1827772359375 0.22566557708333335 0.181440884375 0.22798138124999998 0.1788579578125 0.23884794583333332 0.17947381406250001 0.24832508958333335 0.1810154515625 0.24916833541666666 0.1830831671875 0.25325376666666666 0.19240446875 0.26010652500000003 0.204763296875 0.2575416125 0.21175841874999998 0.25979825625 0.2135053421875 0.2638005479166667 0.213666596875 0.27182879583333336 0.2196129984375 0.2995477729166666 0.2243185390625 0.30609162916666666 0.2318929171875 0.30894209166666664 0.23611640781249998 0.3073745583333333 0.24836887968750002 0.31010638333333335 0.25670035156250004 0.31004722291666664 0.2630355890625 0.30769592291666664
0 0.4503210390625 0.23333272708333333 0.4432452890625 0.22706196041666665 0.43666816875 0.2173708875 0.435980834375 0.20610045000000002 0.430169959375 0.19572058541666668 0.39722546875 0.179639475 0.390364153125 0.1787485875 0.3872991796875 0.18150376041666666 0.3837464421875 0.205873425 0.38643001250000003 0.21943600208333333 0.38921079375 0.2254810125 0.39871908125 0.23105115208333335 0.41052610156249997 0.23455491666666667 0.4246684515625 0.24487562083333334 0.42744008125 0.24869979791666666 0.4297130828125 0.2559442791666667 0.42989263749999995 0.2684141895833333 0.432726596875 0.27181082916666666 0.4394541046875 0.2713359625 0.449362096875 0.2650300145833333 0.453343703125 0.2514201104166667 0.45375255625 0.24176484791666666 0.4503210390625 0.23333272708333333
0 0.0726296625 0.2002240625 0.06860230625 0.2027298125 0.06601938125 0.21359637499999998 0.064987240625 0.22752701458333335 0.0655756484375 0.23034166666666664 0.0736412265625 0.24352435 0.07734950625 0.2569088145833333 0.0821705546875 0.2603767625 0.087552559375 0.25999687083333334 0.09425261874999999 0.25285951041666666 0.0954551640625 0.24917795 0.09194301875000001 0.23673170416666667 0.092040228125 0.22921413541666666 0.0904179609375 0.22435676875 0.09090744218749999 0.21871563333333333 0.0872266125 0.21199366458333332 0.07782468125 0.20112678333333334 0.0726296625 0.2002240625
0 0.288146075 0.22679658958333335 0.2861589859375 0.22672527916666668 0.2881020453125 0.23166579166666665 0.289883846875 0.22857805208333334 0.288146075 0.22679658958333335
0 0.30494110937499996 0.21207066875 0.30533338125 0.21394710208333334 0.30273215468750003 0.22037200416666666 0.30333886250000003 0.22762831875 0.3045322578125 0.22172592708333333 0.3034360703125 0.22011075 0.3049685578125 0.2187331625 0.3057696828125 0.21095433541666667 0.30494110937499996 0.21207066875
0 0.2832369671875 0.23306704166666667 0.28334332500000003 0.22777030208333335 0.275492184375 0.21996749791666667 0.2719983375 0.21196291458333333 0.271008509375 0.20505099791666667 0.2727537140625 0.19307993541666668 0.2715768984375 0.18745063125 0.2680481734375 0.18653607916666667 0.2601896 0.19248579791666665 0.246743734375 0.19565636041666667 0.23945526718750001 0.19997907083333333 0.23775409375 0.20708093333333333 0.23930488125 0.21014500833333333 0.24612216562499997 0.21590509583333334 0.24613131406250002 0.21812592708333334 0.2541345640625 0.23173614791666666 0.2647481890625 0.24114230208333334 0.2665757390625 0.24915871875 0.2722619578125 0.26039365833333333 0.27547903906250004 0.26344590208333335 0.280334965625 0.25982382083333333 0.283773915625 0.2545034166666667 0.28826501875 0.2556673916666667 0.2888700078125 0.24695035208333332 0.28821927187499996 0.2445632375 0.2857775828125 0.24304303333333335 0.2832369671875 0.23306704166666667
0 0.294219409375 0.1919879 0.2969287109375 0.19623961458333333 0.299289771875 0.19374569583333334 0.29767665625 0.19110916041666667 0.295368775 0.19095470833333333 0.294219409375 0.1919879
0 0.41379125156249996 0.4359499125 0.4122862140625 0.44398999375 0.4084109640625 0.4523031604166666 0.407600690625 0.4578611541666667 0.4098205140625 0.46775400624999997 0.4099726203125 0.47356142291666664 0.414339065625 0.475580475 0.4184910796875 0.4722196479166667 0.42102997656249996 0.46622228541666666 0.4297079734375 0.45693540416666667 0.43314692031249996 0.45161500208333333 0.4335208921875 0.44904977291666665 0.4300893765625 0.44061765 0.425776109375 0.4359502291666667 0.419288765625 0.43249411249999997 0.41551072656250004 0.4332897125 0.41379125156249996 0.4359499125
0 0.784633253125 0.08215879583333334 0.79435425625 0.0771354625 0.7970269609375 0.07250385416666667 0.7957878171874999 0.06730208958333334 0.74381931875 0.05383321875 0.742108996875 0.058714252083333335 0.7441875796875 0.08099387083333333 0.7489828968750001 0.09377268124999999 0.7511129421875 0.09743057708333333 0.7545170078125001 0.09920020416666667 0.758811978125 0.09942596458333333 0.7623224046875 0.09589885625 0.767953725 0.09380881041666668 0.7809175421875 0.08252685833333334 0.784633253125 0.08215879583333334
0 0.2811366484375 0.17439905 0.27620009375 0.17400700833333332 0.272814325 0.17667904166666668 0.2709078640625 0.18062185625000002 0.2694560046875 0.18601356666666666 0.27089128281249997 0.19215354791666667 0.269466871875 0.20420775416666667 0.2714373796875 0.21581075624999999 0.27858460625000003 0.22387481666666667 0.28467967656250004 0.2254545 0.292048771875 0.22514591666666667 0.2960320984375 0.2275093625 0.303276534375 0.22805585625000002 0.3067412109375 0.21342459166666666 0.3064644484375 0.20847225 0.308040965625 0.20222546458333335 0.3050731984375 0.19746306875 0.30454711875 0.19422087916666667 0.2879722328125 0.1846008 0.2811366484375 0.17439905
0 0.2397830796875 0 0.2395941859375 0.00035370000000000003 0.23741267968750002 0.015317529166666666 0.2333229953125 0.018250816666666666 0.23186198593750001 0.021421697916666666 0.229750240625 0.022205464583333334 0.22696202968749998 0.02991298125 0.216733246875 0.0361357875 0.20937330156249997 0.038665202083333336 0.20340288750000002 0.03623044166666667 0.1890992828125 0.01788149166666667 0.18792246875000002 0.012252187500000001 0.18475856562499998 0.0065515750000000005 0.180784390625 0.006408958333333333 0.17842332968750002 0.008902875000000001 0.1768193640625 0.008487170833333333 0.16947771875 0.015458247916666668 0.1669571203125 0.025897272916666665 0.16851705781249998 0.03118218125 0.1673694109375 0.048188727083333334 0.1715854703125 0.06037371458333333 0.1714076328125 0.06387716041666666 0.1738676203125 0.06983902708333334 0.1761589203125 0.08152517083333333 0.1791266875 0.08628756666666666 0.17887737343750001 0.08799771875000001 0.18418961875 0.1017978875 0.188895159375 0.10834174166666667 0.1960149375 0.10974331041666667 0.21419207343750002 0.10380574166666667 0.22013503750000002 0.09957800416666666 0.22346762656250002 0.09955434166666667 0.238180084375 0.10824803541666667 0.24831165937500002 0.10954279791666667 0.26326428125 0.11430550833333333 0.274741359375 0.11550529791666667 0.2853000859375 0.11158646458333334 0.293186109375 0.1122992375 0.29971748125 0.11088615625 0.3063020328125 0.10682470416666666 0.30770071250000003 0.10408136041666666 0.309009615625 0.0951030625 0.308545865625 0.09143333541666668 0.3118933171875 0.06390462291666667 0.3158308953125 0.05516391666666667 0.31695281249999996 0.04746823333333334 0.3178602953125 0.03439267083333333 0.3162288796875 0.027314470833333333 0.3283641234375 0.01714885 0.33649031093750004 0.013930641666666667 0.338075978125 0.009904685416666666 0.336693878125 0.0011163354166666666 0.3356049203125 0 0.2397830796875 0
0 0.417631575 0.1858155875 0.42244347343750005 0.18706270416666668 0.4189770765625 0.18572061458333333 0.417631575 0.1858155875
0 0.46803270625 0.207752075 0.47196285156249995 0.21276389375000002 0.4763567484375 0.22144543958333335 0.4801439390625 0.22287067083333334 0.4845452640625 0.21779969166666666 0.48586331875 0.211042225 0.49115554687499996 0.20442737708333333 0.49234894218749997 0.1985249854166667 0.495538575 0.19491473541666665 0.4980059921875 0.18712408125 0.5012047749999999 0.18573466041666667 0.5092228875 0.17183983541666667 0.5173307765625 0.16417996458333334 0.5196992671875 0.14793352083333333 0.5178534171875 0.13547544374999998 0.5125503203124999 0.12389610416666666 0.509804421875 0.11076106458333333 0.50709511875 0.10650935 0.5049118953125 0.10549982291666667 0.4979333546875 0.09171148541666667 0.49419934374999996 0.08763788541666666 0.48951210312500004 0.08553569166666668 0.4834976609375 0.08797013333333334 0.483061359375 0.0909629 0.4841758453125 0.09701973958333333 0.4887750265625 0.10886033541666666 0.49080786249999997 0.12003579791666666 0.4872551265625 0.1444054625 0.48235516875 0.15289674583333335 0.47975566093750005 0.17529500208333332 0.47880243125 0.17726640833333332 0.47630756406249997 0.17839457291666666 0.4666929171875 0.17812116875 0.4620863046875 0.1800331 0.45946678125 0.18201633958333333 0.45910195781249996 0.18680239791666667 0.46168660156249997 0.19190918958333333 0.46228415937499995 0.19694467291666667 0.46803270625 0.207752075
0 0.3478267984375 0.4476936354166667 0.35530396875000003 0.45806166875 0.370898178125 0.46299066250000004 0.3721722015625 0.46110239583333335 0.37292014687499997 0.4559719395833334 0.371039415625 0.45060389375000004 0.37036123125 0.44155428541666664 0.369318225 0.4372907395833333 0.366288128125 0.43295588125 0.3628840625 0.43118625208333333 0.356602003125 0.4308891833333333 0.35257465 0.4333949354166667 0.348939565625 0.4377771208333333 0.347238390625 0.4448789833333333 0.3478267984375 0.4476936354166667
0 0.1325928171875 0.1474363791666667 0.1275133046875 0.14345775 0.1206519890625 0.1425668625 0.11162575156250001 0.14510810833333335 0.0930672125 0.16736343125 0.091606203125 0.17053431041666667 0.0905466140625 0.17780245625 0.09107269375 0.18104464791666666 0.09910167187499999 0.18534400625 0.105544984375 0.193669325 0.1172896765625 0.19760062291666666 0.13283985625 0.20739881666666668 0.13681403125 0.20754143541666667 0.1417946171875 0.20306427708333336 0.146106165625 0.19175834166666667 0.147165753125 0.18449019583333334 0.1461576265625 0.17313661875 0.1467185859375 0.1692887770833333 0.144436434375 0.15982346458333332 0.1376631796875 0.14919417499999998 0.1325928171875 0.1474363791666667
0 0 0.4800146875 0.0012409359375 0.48210142291666663 0.0107051953125 0.49254076458333335 0.01732634375 0.49736263541666664 0.022459034375 0.49869289375000003 0.027199454687500003 0.49814671875 0.029560515625 0.49565280208333334 0.0301838015625 0.4913774229166667 0.03133316875 0.49034423125 0.041277757812499996 0.4929216083333333 0.0459466984375 0.4905821395833333 0.05351020937499999 0.47523841666666666 0.054881440625 0.46583258125 0.053838434375 0.4615690333333333 0.044623490625 0.44941953749999997 0.0412543015625 0.44055987916666667 0.0371371703125 0.436830675 0.0218546046875 0.4297639916666667 0.016802540625 0.43244785625 0.015279203124999998 0.436046275 0.01412240625 0.45083198958333337 0.010932771875 0.4544422395833333 0.0081794421875 0.45505972291666663 0.002815734375 0.45988128125000005 0 0.4645747708333333 0 0.4800146875
0 0.7258292156249999 0.3073993666666667 0.7183520453125001 0.29703133125000003 0.715622725 0.2723646 0.7129666015625 0.26546451666666665 0.7096871921875 0.26283981041666665 0.70597148125 0.2632078708333333 0.6995207375 0.2686350791666667 0.6918857468749999 0.2821855083333333 0.6905585453125 0.28672214375 0.692519903125 0.29610431249999997 0.6923878140624999 0.3107119145833333 0.6891907500000001 0.32807468958333336 0.6893428562499999 0.33388210625 0.69102745 0.33831193541666665 0.695019925 0.34289621666666664 0.700002228125 0.35439241250000003 0.7046711703125 0.35205294375 0.7088048828125 0.34425045625 0.7126526828124999 0.32927479374999996 0.71545919375 0.32600894166666666 0.7193710421875 0.32657909791666667 0.7229163453125 0.31596195833333335 0.724894284375 0.3138124333333333 0.7258292156249999 0.3073993666666667
0 0.923210246875 0.39671285416666663 0.91974385 0.3953707625 0.9165450671875 0.39676018125 0.91571649375 0.39787651458333334 0.9195751640625 0.40109503958333337 0.923673996875 0.40038258125 0.923210246875 0.39671285416666663
0 0.91189270625 0.38756795833333335 0.914788996875 0.3905370583333333 0.9129357140625001 0.39183150625 0.9126863999999999 0.3935416583333333 0.9136487796875 0.39379108125 0.9132565078124999 0.39191464583333335 0.9147266671875001 0.3909645958333333 0.9172930125000001 0.391629725 0.9174799984374999 0.39034711041666664 0.9150383109375 0.38882690625 0.9154746125000001 0.3858341416666667 0.9141822890625001 0.3832807458333333 0.91207054375 0.3840645125 0.9112419703124999 0.38518084375 0.91189270625 0.38756795833333335
0 0.927303925 0.34808033125000004 0.9221089046875001 0.34717760833333333 0.918019221875 0.35011089791666666 0.91668286875 0.35242670416666666 0.9162116875 0.3625095 0.9163637937500001 0.3683169166666667 0.918431509375 0.37240235 0.918119865625 0.3745400395833334 0.9214267250000001 0.3838272354166667 0.9244476703125001 0.3859412625 0.9277362312499999 0.39078679791666665 0.9321026781249999 0.39280585208333335 0.9364416765625 0.38816241041666666 0.9348102624999999 0.3810842104166667 0.9346490062499999 0.37305596249999995 0.9325812906250001 0.36897052916666667 0.9330616203125001 0.36110856458333335 0.9310470843750001 0.3543747625 0.927303925 0.34808033125000004
0 0.98765879375 0.37481502708333336 0.9853766421874999 0.3653497145833333 0.9857506140625001 0.3627844875 0.9830321640624999 0.35631193958333335 0.96447190625 0.36259390625 0.9585729703125001 0.3619524416666666 0.9490921312499999 0.3630447916666667 0.94755964375 0.36442237916666664 0.9409567937500001 0.36404216875 0.9396827703125 0.36593043750000004 0.9402711765625 0.3687450875 0.9437209937500001 0.3816188708333333 0.9469563750000001 0.38911277708333336 0.9482046671875001 0.3965353708333333 0.9503347124999999 0.40019326666666666 0.953480315625 0.4014522166666667 0.96167798125 0.4000273 0.9682002031250001 0.39639338749999997 0.9729497734375 0.3980680416666667 0.9773968484375001 0.40410121875 0.9821555671875 0.40799670624999995 0.986949165625 0.4048021625 0.9891929984375001 0.38941079375 0.9873563000000001 0.3791735458333333 0.98765879375 0.37481502708333336
0 0.47619205625000005 0.18147048124999998 0.47990776718749995 0.18110241875 0.48103883437499995 0.17562756666666665 0.48110859375 0.16144750416666667 0.4822928390625 0.15332428333333334 0.48566945937500006 0.14843141875 0.48933942343750003 0.13695920208333331 0.49052366875000003 0.12883598125 0.4907180859375 0.11380084375 0.48605657343750003 0.10238778750000001 0.4817598875 0.08618867291666667 0.48205323125 0.07960932083333333 0.4781122171875 0.05640331666666667 0.4796612859375 0.0434940375 0.47731680625 0.03445626041666667 0.46825396875 0.028114185416666666 0.45362213906250004 0.023434614583333332 0.44888172031250007 0.023980791666666668 0.44734923125000003 0.025358377083333335 0.432726553125 0.0228996375 0.42850306250000003 0.02446717291666667 0.4265874515625 0.02618915625 0.4248147984375 0.031497727083333336 0.423568225 0.04004848541666666 0.413491546875 0.05207870833333333 0.41282423125 0.06122328958333333 0.4103568109375 0.06901394583333334 0.408567578125 0.08585421041666666 0.40710656875 0.08902508958333333 0.40893411874999996 0.09704150416666667 0.41259665156249997 0.0993218125 0.4168824703125 0.09732674166666667 0.42355679999999996 0.09950024583333333 0.42828978749999996 0.11270659375 0.4243264796875 0.13075816041666666 0.424683871875 0.13972462708333333 0.4263152859375 0.146802825 0.43404177187500004 0.15546070833333334 0.44339052187499994 0.16897595625 0.4472491890625 0.17219448125 0.46047318906249995 0.1773965625 0.4690008 0.17827561875 0.47619205625000005 0.18147048124999998
0 0.8262546703125 0.49315610625 0.8073095718750001 0.4838091145833333 0.800385928125 0.4833457625 0.7948260875 0.4872291020833333 0.785675190625 0.490625425 0.7812738625 0.4956964020833333 0.7798751828125 0.49843974583333334 0.7785662796875 0.50741804375 0.77909235625 0.5106602333333333 0.78527720625 0.5184748708333333 0.784903234375 0.5210400979166666 0.78647231875 0.5285458333333334 0.7894400859374999 0.5333082291666666 0.796239071875 0.5346266562499999 0.8188890140625 0.5254114 0.8233618187499999 0.5221337145833334 0.8342504890625 0.5205188520833334 0.8361569484375 0.5165760375 0.83627245625 0.5135001291666667 0.8332149109375001 0.5025027791666666 0.83043413125 0.49645777083333337 0.8262546703125 0.49315610625
0 0.636532084375 0.4426539166666667 0.6380737203125 0.4434971583333333 0.6397840453125 0.43861612916666665 0.6538257484375001 0.42450768958333335 0.6549476656250001 0.4168120083333333 0.653129265625 0.4110164229166667 0.6543226609375 0.40511403125 0.6571566203125 0.40851067083333337 0.6600437593749999 0.40925894166666665 0.6640802640625 0.4089740229166667 0.666503653125 0.40605256666666667 0.6685605 0.3919438125 0.6668393078125 0.3786306583333333 0.6633546124999999 0.37284690625 0.6570817046874999 0.37477066875 0.65136975625 0.3728465875 0.644704578125 0.37289391666666666 0.6413628375 0.3706967520833333 0.6396067671875 0.36447362916666665 0.6342596390625 0.3577634895833333 0.6317556234375 0.3566708229166667 0.6283332578125 0.35045953125 0.6281903 0.34687294583333333 0.6256679843749999 0.3413386145833333 0.619376778125 0.3388207166666667 0.61727418125 0.3418253145833334 0.61726675 0.3555778375 0.615948696875 0.36233530625000004 0.612768215625 0.3681663854166667 0.6063174703125 0.37359359375 0.6043303828125001 0.3735222833333333 0.6038317531249999 0.37694258750000004 0.610729665625 0.3867168 0.61171949375 0.39362871875 0.609261225 0.4036402041666667 0.6086562375 0.41235724791666667 0.614716428125 0.42102696041666665 0.6184321390624999 0.4206589 0.6222193296875 0.42208413125 0.62338699375 0.4254926041666666 0.63245898125 0.4340555104166667 0.636532084375 0.4426539166666667
0 0.21463984531250002 0.29027240625 0.21349047968749998 0.2913055958333333 0.21292952031249998 0.2951534375 0.2145334875 0.29556914375 0.21463984531250002 0.29027240625
0 0.20940595 0.34215895208333336 0.2204633078125 0.33481981250000004 0.225808715625 0.32555659583333335 0.22674364531250002 0.31914352500000004 0.2261992671875 0.311459675 0.22464848124999998 0.3083956 0.2189897109375 0.3038231520833333 0.21648569375 0.30273048333333336 0.21296611875 0.3040367625 0.21122834531249998 0.3022553 0.2094631234375 0.2938113479166667 0.21102134218750002 0.28312289791666667 0.2064404609375 0.27572396666666665 0.20344524375 0.26429907708333333 0.1817559640625 0.25779040208333337 0.1763922578125 0.26261195833333334 0.17614294218749998 0.26432211041666664 0.17396886875 0.26553341458333335 0.173407909375 0.26938125625 0.1744509171875 0.27364480416666664 0.1764471546875 0.27593694375 0.18479692812499998 0.28031944583333335 0.19295228281250001 0.2997370875 0.1933537046875 0.3038343520833333 0.1958136921875 0.3097962166666666 0.195600975 0.32038969375 0.1974102265625 0.32396445 0.19729471875 0.32704035416666666 0.20009379843750003 0.337527025 0.202740771875 0.34220628125 0.20736568437499997 0.3447360104166667 0.20940595 0.34215895208333336
0 0.508438946875 0.3393522104166667 0.5169025109375001 0.32468545 0.5291532625 0.31144392291666667 0.5306765999999999 0.3078455041666667 0.5369312078124999 0.30148008125000003 0.5397468671875 0.30043505833333334 0.5400310625 0.2916348729166666 0.5379358984375 0.2808869479166667 0.5386215140624999 0.2761840291666667 0.5357675375000001 0.25237237291666664 0.534929815625 0.2512678729166667 0.5350270234375001 0.24375030416666668 0.5331811734375 0.23129222708333333 0.5305782296875 0.22174377291666666 0.5244557109375 0.21350159791666667 0.5197684703125 0.21139940208333333 0.5160527593750001 0.21176746458333331 0.49567581875 0.22822720208333333 0.494081003125 0.23003232708333332 0.4906603546875 0.23979439166666666 0.48707844843750003 0.24152820833333333 0.48567976875 0.24427155 0.48228485 0.24472275208333333 0.47753528125000005 0.24304809583333334 0.46645962656249995 0.2459455729166667 0.45959831093750003 0.24505468333333333 0.4548047125 0.24824922916666667 0.450262146875 0.26570697708333335 0.44707251406250004 0.26931722708333333 0.43632679999999996 0.27451867500000005 0.43635425000000005 0.28118116875 0.43999105156249996 0.2927723375 0.4409991796875 0.30412591666666666 0.44325388125 0.30692873541666665 0.45082826093749995 0.30977920000000003 0.459597753125 0.32270062916666664 0.462360234375 0.324303975 0.468224290625 0.33203547083333335 0.48069119374999997 0.34014717916666665 0.48730319375000003 0.34274821875 0.4926411703125 0.347237525 0.498477778125 0.3483065270833333 0.508438946875 0.3393522104166667
0 0.388904909375 0 0.38869725625 0.007495172916666667 0.3903378203125 0.016794204166666667 0.39487467187499997 0.029062335416666665 0.3954099015625 0.03452535416666667 0.4021648578125 0.04071298333333333 0.40371564375 0.043777056249999995 0.410399121875 0.048171389583333335 0.4140525046875 0.048230866666666664 0.4173759453125 0.04598637083333333 0.4215811359375 0.039977177083333336 0.42245373906249994 0.033991643749999995 0.421722375 0.027590408333333333 0.425036665625 0.023125081250000002 0.43034719218750006 0.02095189375 0.4458699234375 0.024087595833333333 0.45258828125 0.021391897916666666 0.4564103515625 0.015727097916666665 0.46060753437499996 0 0.388904909375 0
0 0.8452614484375 0.08189912291666666 0.8451899703124999 0.08010582916666667 0.8204888953125 0.07370396041666667 0.8203019093749999 0.074986575 0.8207748078125 0.08087713333333334 0.834856546875 0.10759873125 0.8407114515625 0.11310939583333333 0.8449440921875 0.11376269375 0.8544598125 0.10558031041666666 0.85610780625 0.10112681666666666 0.8558933734374999 0.0957469375 0.8531749203125001 0.08927439166666667 0.8452614484375 0.08189912291666666
0 0.6325578625 0.19360010833333333 0.631863096875 0.19608219375 0.6282188640624999 0.19824355 0.627595578125 0.20251892708333333 0.630937315625 0.20471609583333333 0.6359362 0.20468059791666665 0.636630965625 0.20219851249999998 0.634037171875 0.19487088958333335 0.6325578625 0.19360010833333333
0 0.7025862703125 0.18823395833333334 0.7071214046875001 0.18452873541666664 0.7098124078125 0.18433878958333333 0.7103110375 0.18091848541666666 0.7067457140625 0.1711206083333333 0.70555975 0.163270475 0.7025205046874999 0.15671478749999998 0.6980111 0.1511091479166667 0.694891228125 0.1405393354166667 0.6896155796875 0.13562249166666665 0.6816580796875 0.133116425 0.6767306718749999 0.13494521458333333 0.67545665 0.13683347916666666 0.67206173125 0.13728468333333332 0.6696383421875 0.14020613958333333 0.66730473125 0.14936255208333332 0.6639281109375 0.15425541458333333 0.6631801671875001 0.15938587083333333 0.665702484375 0.16492020000000002 0.6644284609375 0.16680846666666668 0.6621829078125 0.16622647708333332 0.6607218984375 0.16939735833333333 0.6615779203125001 0.17494352083333334 0.6652587515625 0.1816654895833333 0.6630240671875 0.19927768958333333 0.665671040625 0.20395694166666667 0.6674362625 0.21240089583333335 0.6705286874999999 0.21630821458333335 0.6771847156249999 0.21404005416666666 0.6886783734375 0.20370815 0.694995309375 0.19691518958333332 0.7002160609375 0.18850704791666667 0.7025862703125 0.18823395833333334
0 0.659065959375 0.5141605124999999 0.657229259375 0.5039232666666666 0.659249509375 0.4809311875 0.656157084375 0.47702387083333336 0.6508997359375 0.4765486854166667 0.6437359265625 0.48001631875 0.6359213828125 0.4810968375 0.62860546875 0.4787570520833333 0.617779128125 0.479944375 0.606676021875 0.47617936041666664 0.6006084015625001 0.48126216875 0.5976955312500001 0.48982476041666667 0.5956735640625 0.49684348333333334 0.5934920578125 0.5118073125 0.5949181875 0.5157264625 0.6045345515625 0.5319732229166667 0.612964953125 0.5403698499999999 0.62209011875 0.5462843875 0.6271164515625001 0.5529113854166667 0.63161670625 0.5562961916666667 0.63667791875 0.5558331583333334 0.639092159375 0.5506908708333333 0.642281790625 0.54708061875 0.643101215625 0.5437434583333334 0.6470570906249999 0.5394444145833333 0.650477740625 0.5296823479166667 0.6580687000000001 0.52100111875 0.659065959375 0.5141605124999999
0 0.6714458750000001 0.12780753749999998 0.6746538078125 0.12863895 0.6818799453125 0.12474377916666667 0.6892747703125 0.11512433333333334 0.6910657203125 0.114257425 0.6927228671875 0.1120247625 0.693666946875 0.10783252291666666 0.6998592265625 0.10189463541666667 0.7054539484375 0.09092126875 0.710559190625 0.08558903333333333 0.7210721703125 0.07056604375 0.7254203171875 0.06814343333333334 0.728565921875 0.06940238333333333 0.7298582437500001 0.07195577916666666 0.7344116781250001 0.07269221875000001 0.736701259375 0.06840500625 0.7396049796875 0.05762158541666666 0.73587096875 0.053547983333333334 0.7357994890625 0.05175468958333333 0.7181558640625 0.047181925 0.71758575625 0.048808935416666664 0.713228459375 0.04901071458333333 0.702963075 0.04635019791666666 0.7005837171875 0.04440245416666667 0.7001914453125 0.04252601875 0.62544663125 0.023154125 0.617811640625 0.03670455416666667 0.6156026859375 0.045005891666666666 0.6218773125 0.05905548333333333 0.627928353125 0.06550436458333334 0.6357611984375 0.06886551041666666 0.6489686156250001 0.08559928333333335 0.6557858999999999 0.09135937291666667 0.66515295 0.10931628333333333 0.6668649921875 0.12040860625000001 0.6714458750000001 0.12780753749999998
0 0.2072719109375 0.3842002895833333 0.2194363234375 0.3966705166666667 0.23521751875 0.40031689791666664 0.2401449234375 0.39848810625000003 0.245704765625 0.39460476875 0.24819048437500002 0.39125577500000003 0.24817218593749998 0.3868141125 0.24655907031250002 0.38417757708333333 0.2386015671875 0.38167150625 0.2332635921875 0.37718220208333336 0.2307504265625 0.37386870208333334 0.2268019796875 0.36441522291666667 0.21839902812499998 0.36268108958333334 0.2131508296875 0.3644267395833333 0.209640403125 0.3679538479166667 0.2072719109375 0.3842002895833333
0 0.9050851296875001 0.3063827541666667 0.9048706953125001 0.301002875 0.90286530625 0.2964899041666667 0.9043263156249999 0.2933190229166666 0.9072317546875001 0.29850895625 0.91102809375 0.30215502083333334 0.9205272328125 0.30550432916666664 0.9255261171875 0.3054688354166667 0.9285287625 0.30314119791666666 0.9290897203125 0.29929335625 0.934612965625 0.28652669375 0.935173925 0.2826788520833333 0.9373388500000001 0.2792467166666667 0.9384075875000001 0.2741994020833333 0.936455378125 0.2670380625 0.9364096296875 0.25593390625 0.934983503125 0.25201475625 0.9309286984374999 0.2478580145833333 0.9281479171875 0.24181300625000002 0.9142548828124999 0.22978214791666665 0.9032141078125001 0.22558959375 0.894695646875 0.22693136875 0.8901971109375 0.23951991666666667 0.8857957843750001 0.24459089374999998 0.8743278562500001 0.24561193541666665 0.8594484296875 0.25861587291666666 0.84253616875 0.2604443458333333 0.840620559375 0.26216632916666666 0.8345969656250001 0.26237993958333333 0.8294202468749999 0.26591888125 0.8279592375 0.2690897625 0.826463346875 0.27935067291666665 0.8268024390625 0.2838754770833333 0.8295832187500001 0.28992048541666665 0.8352511390625 0.2967137645833333 0.8364096546875001 0.29790140625 0.8417293328125 0.29794905 0.8473166234375 0.30072820624999996 0.8516024421875 0.29873313333333334 0.8621720375 0.31300848541666665 0.885377225 0.3296712666666667 0.8898591796875 0.3286144125 0.8940111921874999 0.32525358541666666 0.8983684890625 0.3250518083333333 0.9016296015625 0.32323485 0.9050851296875001 0.3063827541666667
0 0.784669896875 0.3399533104166667 0.7792438609375 0.3452024020833333 0.7738984531249999 0.35446562083333333 0.7685347453125 0.359287175 0.758359140625 0.3628616145833333 0.7539669640625 0.37015342291666664 0.74725775625 0.3750699520833333 0.746304525 0.37704136041666664 0.7469735609375 0.38387013541666665 0.7541831171875 0.3915066583333333 0.7573910484375 0.39233806875 0.7608665953125 0.39590099166666665 0.767282459375 0.3975638166666667 0.77009811875 0.39651879375000004 0.7806751453125 0.39704162083333333 0.784497215625 0.3913768208333333 0.794966165625 0.38122303125 0.7994464015625 0.36419282291666666 0.799400653125 0.35308866666666666 0.796156121875 0.34337393125000004 0.79364295625 0.3400604333333333 0.78921418125 0.33846891875 0.784669896875 0.3399533104166667
0 0.8176704000000001 0.21406751666666668 0.8207977046874999 0.21088480416666666 0.8221963859375 0.20814146458333335 0.82337148125 0.19779741041666668 0.8159108921874999 0.17589768333333333 0.8131375421874999 0.15610015 0.8110698265625 0.15201471666666666 0.808261596875 0.13930721458333334 0.8064506265625001 0.11975910625000001 0.8050959765625001 0.11763324791666667 0.8042308046875 0.10986625624999999 0.8016993390625 0.10211109583333333 0.79963905625 0.08427313750000001 0.7980350890625 0.08385743125 0.7964843015625 0.08079335833333333 0.7884736218749999 0.08093565833333334 0.7841254734375 0.08335826875 0.7799826109375 0.08893992708333333 0.778022971875 0.09553111041666668 0.7791283078125 0.09936712083333334 0.7793976406249999 0.11807198541666668 0.7805653046875001 0.12148045833333333 0.7799694671874999 0.13241832916666665 0.7830893390625 0.14298814375 0.7857912109375 0.16099238333333332 0.78575633125 0.1680824125 0.782434609375 0.1863002625 0.7822933703125 0.19868703333333335 0.78036118125 0.2119407083333333 0.783204290625 0.21755818124999998 0.7907878187499999 0.22262947500000002 0.8074690656250001 0.22695281666666667 0.8123249921875001 0.22333073541666665 0.8176704000000001 0.21406751666666668
0 0.24182552343750002 0.44861717083333336 0.237895378125 0.44360535416666663 0.23072241875000002 0.44485215624999996 0.2297691890625 0.4468235625 0.2267573921875 0.4469303666666667 0.221723628125 0.45405589583333333 0.217232525 0.45289191875 0.2111814828125 0.44644303541666663 0.20849791093749998 0.43288045833333333 0.20573542968749997 0.4312771125 0.20276766249999997 0.42651471875 0.1995597296875 0.42568330625 0.191495871875 0.428473975 0.18524126406250002 0.4348394020833333 0.18340628125 0.4405755104166667 0.1830597578125 0.44980323125 0.1895836984375 0.4621426708333333 0.19814790625 0.47190505 0.19996630625 0.47770063541666663 0.2001807421875 0.4830805166666667 0.20185618593750002 0.4852895145833333 0.20563422656250002 0.4844939166666667 0.208948515625 0.48002858958333333 0.21770714062500002 0.47475583125000004 0.223989196875 0.47505290208333334 0.2299413125 0.4730459979166667 0.2301282984375 0.47176338333333334 0.23887777500000001 0.46426979583333333 0.241541328125 0.4574173541666667 0.24182552343750002 0.44861717083333336
0 0.2181108375 0.41718050833333337 0.21971480468750001 0.4175962145833333 0.21881475312499998 0.4169192520833333 0.2181108375 0.41718050833333337
0 0.2844075109375 0.3460681666666667 0.2915896203125 0.34704219791666663 0.3012574453125 0.3446672333333333 0.30560559375 0.342244625 0.3203146140625 0.31899160625 0.32100022968749997 0.31428868958333334 0.3180324625 0.3095262958333333 0.3153323109375 0.30749541041666667 0.3076515734375 0.30994168333333333 0.2992486203125 0.30820755 0.2968252328125 0.31112900833333335 0.29177316875 0.31381287291666665 0.2857861734375 0.3229098083333334 0.2822774671875 0.34241027291666665 0.2844075109375 0.3460681666666667