0 0.8998161765624999 0.12009803958333333 0.8988970593750001 0.1233660125 0.8964460781250001 0.12622548958333332 0.8955269609375 0.12949346458333333 0.89613970625 0.13071895416666665 0.8998161765624999 0.13398692708333335 0.91636029375 0.134395425 0.9148284312499999 0.13848039166666667 0.9108455875000001 0.13970588333333334 0.9083946078125 0.14338235208333333 0.9123774515624999 0.1535947708333333 0.9132965687500001 0.1609477125 0.9148284312499999 0.16421568541666665 0.921568628125 0.16666666666666666 0.9304534312499999 0.1589052291666667 0.933210784375 0.1589052291666667 0.9353553921875 0.16135620833333333 0.940257353125 0.16135620833333333 0.94301470625 0.15686274583333332 0.9460784312499999 0.15563725416666668 0.948835784375 0.15073529375 0.952818628125 0.14746732083333333 0.9546568625 0.14011437916666666 0.9506740203125 0.1327614375 0.950367646875 0.12867647083333333 0.9469975484375001 0.11805555625 0.941789215625 0.109477125 0.9420955875000001 0.10661764791666667 0.9460784312499999 0.10702614375 0.9494485296875 0.1045751625 0.9512867640625 0.0984477125 0.9512867640625 0.09354575208333334 0.94914215625 0.09027777708333334 0.9436274515624999 0.08782679791666667 0.9353553921875 0.08782679791666667 0.9350490203125 0.09232026041666666 0.9384191171875 0.09885620833333333 0.9353553921875 0.09926470625 0.934436275 0.09640522916666666 0.9276960781250001 0.08782679791666667 0.9234068625 0.08578431458333333 0.917585784375 0.08619281041666667 0.9041053921875 0.09395424791666666 0.8979779406249999 0.10212418333333333 0.8964460781250001 0.10661764791666667 0.8973651953124999 0.11233660208333333 0.8988970593750001 0.11356209166666667 0.8998161765624999 0.11642156875000001 0.8998161765624999 0.12009803958333333
0 0.1228553921875 0.40277777708333334 0.1369485296875 0.41053921666666665 0.14368872500000002 0.4052287583333333 0.1482843140625 0.39869281041666665 0.15318627499999998 0.3954248375 0.15716911718749998 0.3958333333333333 0.1642156859375 0.39950980416666665 0.1752450984375 0.4011437916666667 0.1786151953125 0.4056372541666667 0.1813725484375 0.40318627500000004 0.1881127453125 0.40073529375 0.1896446078125 0.39338235208333333 0.1969975484375 0.38112745000000003 0.1969975484375 0.37622548958333335 0.1927083328125 0.36887254999999997 0.1875 0.36764705833333333 0.18198529375 0.36315359375 0.177696078125 0.3619281041666667 0.17493872500000002 0.35539215625 0.160539215625 0.3545751625 0.153492646875 0.35784313749999996 0.15073529375 0.3619281041666667 0.1467524515625 0.3643790854166667 0.14215686249999998 0.365604575 0.13511029375 0.37254901875 0.1228553921875 0.37622548958333335 0.116727940625 0.38316993541666666 0.11427696093749999 0.3864379083333333 0.11427696093749999 0.390522875 0.117647059375 0.3974673208333333 0.1228553921875 0.40277777708333334
0 0.20894607812500002 0.22630718958333332 0.20894607812500002 0.22753267916666667 0.21323529375 0.22712418333333334 0.20710784375000002 0.2250817 0.20526960781249998 0.22589869375 0.20465686249999998 0.22671568541666665 0.206188725 0.22753267916666667 0.207414215625 0.22589869375 0.20894607812500002 0.22630718958333332
0 0.21537990156250003 0.19934640625 0.2138480390625 0.19199346458333333 0.21323529375 0.19076797291666667 0.2123161765625 0.19199346458333333 0.211397059375 0.19934640625 0.21323529375 0.20383986875 0.21476715624999998 0.20220588333333334 0.21537990156250003 0.19934640625
0 0.129289215625 0.16135620833333333 0.13051470625 0.16421568541666665 0.1354166671875 0.16789215625 0.1369485296875 0.1797385625 0.137867646875 0.18096405208333335 0.137867646875 0.18545751666666668 0.140318628125 0.19035947708333334 0.1498161765625 0.19076797291666667 0.16176470625 0.18423202708333333 0.1666666671875 0.18341503333333334 0.171568628125 0.178104575 0.1755514703125 0.17687908541666666 0.1767769609375 0.1670751625 0.1767769609375 0.15645424791666668 0.17432597968750002 0.14869281041666668 0.17095588281250002 0.14787581666666666 0.17003676406249998 0.14624182916666667 0.17279411718749998 0.14256536041666665 0.1813725484375 0.140522875 0.1841299015625 0.13684640625 0.1841299015625 0.12785947708333334 0.18198529375 0.12173202708333333 0.177696078125 0.12173202708333333 0.1770833328125 0.12295751666666667 0.167585784375 0.12581699375 0.15441176406249998 0.11519607916666666 0.14460784375 0.11478758125 0.137867646875 0.11805555625 0.125306371875 0.12990196041666666 0.125 0.13684640625 0.129289215625 0.14215686249999998 0.1311274515625 0.15114379166666667 0.129289215625 0.16135620833333333
0 0.825061275 0.29738562083333336 0.827818628125 0.2916666666666667 0.8287377453125 0.2826797395833333 0.8290441171875 0.26184640625 0.827818628125 0.25449346458333333 0.8244485296875 0.25367647083333333 0.812806371875 0.259395425 0.8103553921875 0.26266339791666665 0.8079044124999999 0.2691993458333333 0.809436275 0.28594771249999995 0.813725490625 0.3002450979166667 0.8177083328125001 0.30228758125 0.825061275 0.29738562083333336
0 0.5643382359375 0.17565359375 0.5646446078125 0.17728758125 0.563725490625 0.17851307291666665 0.565257353125 0.178104575 0.5643382359375 0.17565359375
0 0.5983455875 0.21486928125 0.6041666671875 0.21691176458333333 0.6099877453125 0.21568627499999998 0.6142769609375 0.21119281041666668 0.6176470593750001 0.20547385624999998 0.6231617640625 0.20261437916666666 0.6243872546875 0.19934640625 0.6302083328125 0.19199346458333333 0.6311274515624999 0.18382352916666667 0.6302083328125 0.17769607916666666 0.6268382359375 0.16870915 0.626225490625 0.16176470625 0.625306371875 0.1589052291666667 0.6225490203125 0.15563725416666668 0.6167279406249999 0.13929738541666667 0.6102941171875 0.12990196041666666 0.6099877453125 0.12581699375 0.606617646875 0.11846405208333333 0.596813725 0.1172385625 0.5952818625 0.11601307291666667 0.5916053921875 0.1172385625 0.58976715625 0.12173202708333333 0.5888480390625 0.12826797291666667 0.5873161765625 0.12990196041666666 0.5854779406249999 0.13643790833333333 0.5790441171875 0.14338235208333333 0.5762867640625 0.15073529375 0.5762867640625 0.15400326875 0.5729166671875 0.15808823541666667 0.5719975484375001 0.1609477125 0.57107843125 0.19035947708333334 0.5686274515624999 0.19607843125000002 0.5818014703125 0.20016339791666665 0.5983455875 0.21486928125
0 0.6314338234375 0.15849673125 0.63664215625 0.1589052291666667 0.639399509375 0.1625817 0.6397058828125 0.17524509791666668 0.6412377453125 0.17728758125 0.6412377453125 0.18096405208333335 0.6397058828125 0.18423202708333333 0.640318628125 0.19607843125000002 0.64613970625 0.20383986875 0.65073529375 0.21323529375 0.6541053921875 0.21650326875 0.657475490625 0.21772875833333333 0.659007353125 0.2140522875 0.660539215625 0.21323529375 0.6623774515624999 0.20506536041666665 0.6657475484375001 0.20057189583333335 0.671875 0.196895425 0.677696078125 0.18872548958333332 0.6795343140625 0.18014705833333336 0.688725490625 0.17156862708333334 0.6893382359375 0.16789215625 0.67738970625 0.15441176458333333 0.6700367640625 0.1499183 0.6642156859375 0.14338235208333333 0.6583946078125 0.14174836666666665 0.6513480390625 0.13643790833333333 0.6473651953124999 0.13643790833333333 0.641850490625 0.13194444375 0.6338848046875001 0.13194444375 0.6271446078125 0.14338235208333333 0.626225490625 0.14583333333333334 0.626225490625 0.15277777708333332 0.6274509796875 0.15522875833333333 0.6314338234375 0.15849673125
0 0.691789215625 0.15073529375 0.69607843125 0.14950980416666668 0.6979166671875 0.14338235208333333 0.700367646875 0.13970588333333334 0.700367646875 0.13235294166666667 0.6954656859375 0.11519607916666666 0.6920955875 0.11070261458333334 0.690563725 0.11070261458333334 0.6807598046875001 0.11642156875000001 0.6767769609375 0.12377451041666668 0.676164215625 0.134395425 0.6795343140625 0.14460784375 0.6825980390625 0.14746732083333333 0.691789215625 0.15073529375
0 0.6657475484375001 0.12622548958333332 0.66482843125 0.12459150416666667 0.66482843125 0.11764705833333333 0.6614583328125 0.10988562083333334 0.657475490625 0.11029411666666666 0.6528799015625 0.11315359374999999 0.65226715625 0.11601307291666667 0.6541053921875 0.12050653541666666 0.6614583328125 0.12622548958333332 0.6657475484375001 0.12622548958333332
0 0.6786151953124999 0.10988562083333334 0.68198529375 0.10906862708333334 0.6786151953124999 0.10825163333333333 0.6786151953124999 0.10988562083333334
0 0.5104166671875 0.10661764791666667 0.515318628125 0.10620915 0.53125 0.09640522916666666 0.5435049015625 0.07761437916666666 0.5431985296875 0.07434640625000001 0.5373774515624999 0.06535947708333333 0.535539215625 0.05555555625 0.5321691171875 0.05024509791666667 0.5263480390625 0.0453431375 0.5232843140625 0.04575163333333333 0.515625 0.05106209166666666 0.5104166671875 0.058823529166666666 0.5079656859375 0.06576797291666667 0.50704656875 0.07066993541666666 0.50704656875 0.09885620833333333 0.50857843125 0.10498366041666667 0.5104166671875 0.10661764791666667
0 0.950367646875 0 0.9469975484375001 0.00694444375 0.9463848046875001 0.013888889583333335 0.9479166671874999 0.020016339583333334 0.950367646875 0.025326797916666664 0.95710784375 0.03308823541666667 0.969056371875 0.038398693750000004 0.9764093140625001 0.04003267916666667 0.985600490625 0.03921568541666667 0.99448529375 0.034313724999999996 0.9993872546875 0.03308823541666667 0.9993872546875 0.012254902083333333 0.9978553921875 0.012254902083333333 0.9950980390625 0.008578431249999999 0.9950980390625 0.00694444375 0.9926470593750001 0.004901960416666667 0.9837622546875 0.004493464583333333 0.9791666671874999 0.0016339875 0.9785539218749999 0 0.950367646875 0
0 0.7012867640625 0 0.7012867640625 0.0020424833333333335 0.6997549015625 0.004493464583333333 0.6997549015625 0.01184640625 0.7022058828125 0.022875816666666667 0.706188725 0.028186275 0.71476715625 0.031454247916666664 0.719975490625 0.036356208333333334 0.7239583328125 0.036764706249999994 0.7337622546875 0.036356208333333334 0.7377450984375 0.03472222291666667 0.7463235296875 0.03390522916666667 0.7536764703125 0.030228758333333335 0.7552083328125 0.02614379166666667 0.7552083328125 0.015114379166666667 0.7594975484375001 0.01184640625 0.7619485296875 0.004901960416666667 0.7594975484375001 0 0.7012867640625 0
0 0.2098651953125 0.09150326874999999 0.215686275 0.09395424791666666 0.21660539218750002 0.09640522916666666 0.219975490625 0.09926470625 0.235600490625 0.09885620833333333 0.2420343140625 0.10130718958333333 0.24908088281250002 0.10171568541666667 0.25704656875 0.09885620833333333 0.26225490156250003 0.09354575208333334 0.2650122546875 0.09313725416666667 0.26807597968749997 0.09027777708333334 0.271446078125 0.07965686250000001 0.271446078125 0.07148692708333333 0.26868872499999996 0.061274510416666664 0.2637867640625 0.05106209166666666 0.26194852968750004 0.039624183333333333 0.2549019609375 0.031045752083333333 0.24785539218750002 0.031045752083333333 0.238664215625 0.039624183333333333 0.23805147031249999 0.043709149999999995 0.234068628125 0.04575163333333333 0.23069852968750001 0.0453431375 0.2279411765625 0.04738562083333333 0.2138480390625 0.0375817 0.20649509843749997 0.039624183333333333 0.206188725 0.047794116666666664 0.2080269609375 0.06004901875 0.207414215625 0.08496732083333333 0.2098651953125 0.09150326874999999
0 0.4286151953125 0.2892156854166667 0.427696078125 0.29125817083333333 0.42738970624999995 0.2933006541666667 0.4286151953125 0.29534313749999996 0.4307598046875 0.29289215625 0.4286151953125 0.2892156854166667
0 0.754289215625 0.22671568541666665 0.75857843125 0.23039215625 0.76164215625 0.23039215625 0.7637867640625 0.23202614375000002 0.776960784375 0.23202614375000002 0.781556371875 0.22671568541666665 0.7827818625 0.2214052291666667 0.7846200984375 0.2214052291666667 0.7864583328125 0.21895424791666668 0.78982843125 0.22058823541666667 0.78982843125 0.21568627499999998 0.7873774515624999 0.2124183 0.78676470625 0.20915032708333334 0.784007353125 0.20710784375 0.7830882359375 0.20261437916666666 0.784007353125 0.19812091458333334 0.785539215625 0.19607843125000002 0.7830882359375 0.19362745 0.778186275 0.19240196041666666 0.7680759796875 0.19362745 0.7647058828125 0.19158496666666666 0.75704656875 0.19117647083333333 0.7536764703125 0.19199346458333333 0.7466299015625 0.196895425 0.740196078125 0.19893790833333333 0.740196078125 0.20424836666666665 0.7432598046875001 0.2079248375 0.7475490203125 0.21813725416666668 0.754289215625 0.22671568541666665
0 0.022977940625000002 0.3374183 0.0248161765625 0.34558823541666667 0.030943628125 0.3517156854166667 0.034007353125 0.35784313749999996 0.032475490625 0.3627450979166667 0.032475490625 0.36805555624999997 0.0333946078125 0.3696895416666666 0.0401348046875 0.37418300625 0.0431985296875 0.37867647083333333 0.0490196078125 0.3815359479166667 0.0493259796875 0.38316993541666666 0.05208333281250001 0.384395425 0.052696078125000004 0.38684640625 0.056678921874999996 0.390522875 0.05851715625 0.39011437916666664 0.05851715625 0.38316993541666666 0.0606617640625 0.3807189541666667 0.066789215625 0.3815359479166667 0.0744485296875 0.3888888895833333 0.0787377453125 0.3897058833333333 0.0787377453125 0.38194444375000003 0.075367646875 0.37622548958333335 0.07291666718749999 0.37540849583333336 0.0713848046875 0.3733660125 0.0735294125 0.36764705833333333 0.0735294125 0.3627450979166667 0.05729166718749999 0.3272058833333333 0.0422794125 0.31944444375000003 0.0376838234375 0.3190359479166667 0.02573529375 0.3108660125 0.0189950984375 0.31127451041666665 0.0180759796875 0.31372548958333335 0.0189950984375 0.32679738541666664 0.021446078125 0.33537581666666666 0.022977940625000002 0.3374183
0 0.219975490625 0.30228758125 0.219975490625 0.30555555624999997 0.22334558750000003 0.31004901875 0.22395833281250002 0.31372548958333335 0.2236519609375 0.3108660125 0.2251838234375 0.30555555624999997 0.2248774515625 0.2977941166666667 0.22579656875 0.2965686270833333 0.22395833281250002 0.2949346395833333 0.22089460781249998 0.29534313749999996 0.219975490625 0.2957516333333333 0.219975490625 0.2977941166666667 0.22150735312499997 0.3002450979166667 0.219975490625 0.30228758125
0 0.23651960781249998 0.27205882291666666 0.23345588281250002 0.27900326875000003 0.2325367640625 0.28553921666666665 0.2319240203125 0.30065359375 0.230085784375 0.30841503333333337 0.230085784375 0.32066993541666666 0.2282475484375 0.33088235208333333 0.22916666718749998 0.33455882291666666 0.23069852968750001 0.3357843145833333 0.2319240203125 0.3329248375 0.23774509843749997 0.3300653604166667 0.2392769609375 0.3272058833333333 0.248774509375 0.2826797395833333 0.251225490625 0.27655228750000005 0.2545955875 0.2724673208333333 0.252757353125 0.2553104583333333 0.25367647031249996 0.23856209166666667 0.2552083328125 0.22998366041666665 0.25551470625 0.21895424791666668 0.2545955875 0.21037581666666666 0.2506127453125 0.20996732083333333 0.2475490203125 0.21691176458333333 0.23590686249999998 0.22998366041666665 0.2325367640625 0.23733660208333335 0.23345588281250002 0.24795751666666668 0.23774509843749997 0.2565359479166667 0.238664215625 0.26307189583333335 0.23651960781249998 0.27205882291666666
0 0.5110294125 0.3733660125 0.5165441171875 0.36151960833333335 0.5223651953124999 0.35661764791666667 0.5238970593750001 0.3525326791666667 0.5238970593750001 0.34722222291666666 0.5217524515624999 0.3423202604166667 0.5180759796875 0.33905228750000005 0.5134803921875 0.33700980416666665 0.50704656875 0.33047385625000003 0.5018382359375 0.3272058833333333 0.49754902031250003 0.33047385625000003 0.49264705937500003 0.34068627500000004 0.49264705937500003 0.35702614374999997 0.49693627500000004 0.3696895416666666 0.5018382359375 0.3733660125 0.5110294125 0.3733660125
0 0.8388480390625 0.4464869270833333 0.8455882359375 0.4473039208333333 0.8498774515624999 0.44607843125 0.8520220593750001 0.44076797291666664 0.8532475484375001 0.4432189541666667 0.855085784375 0.45710784375 0.8569240203125 0.46200980416666665 0.859068628125 0.46486928125000004 0.8658088234375001 0.46568627500000004 0.8682598046875001 0.46323529375 0.8685661765624999 0.4550653604166667 0.8700980390625 0.453022875 0.8704044124999999 0.44199346458333333 0.8734681375 0.4358660125 0.8743872546875 0.43137254999999997 0.8734681375 0.4285130729166667 0.8685661765624999 0.421977125 0.8682598046875001 0.4174836604166667 0.8691789218749999 0.41339869375 0.8682598046875001 0.40972222291666666 0.8642769609375 0.40400326875000003 0.8642769609375 0.3958333333333333 0.8627450984375 0.39297385625000003 0.859068628125 0.39297385625000003 0.8526348046875001 0.39787581666666666 0.840686275 0.40073529375 0.8339460781250001 0.40400326875000003 0.8305759796875 0.40808823541666667 0.828125 0.4170751625 0.828125 0.43137254999999997 0.8305759796875 0.43790849583333336 0.8348651953124999 0.44362745000000003 0.8388480390625 0.4464869270833333
0 0.5735294125 0.32434640625 0.576899509375 0.3255718958333333 0.5848651953124999 0.3316993458333333 0.5946691171875 0.3333333333333333 0.5989583328125 0.33210784375 0.6014093140625 0.32761437916666664 0.6017156859375 0.32107843125 0.60079656875 0.31740196041666663 0.6020220593750001 0.31372548958333335 0.6056985296875 0.31168300625 0.6127450984375 0.3108660125 0.6142769609375 0.30841503333333337 0.6158088234375 0.30800653541666667 0.6200980390625 0.2977941166666667 0.6200980390625 0.2875817 0.6167279406249999 0.27736928125000004 0.6161151953124999 0.27205882291666666 0.6127450984375 0.26307189583333335 0.6017156859375 0.25816993541666666 0.5998774515624999 0.2557189541666667 0.5989583328125 0.2483660125 0.5946691171875 0.24305555625 0.5873161765625 0.2422385625 0.583946078125 0.24305555625 0.5805759796875 0.24673202708333333 0.5787377453125 0.2540849666666667 0.575367646875 0.26184640625 0.5719975484375001 0.2818627458333333 0.5713848046875001 0.2924836604166667 0.5686274515624999 0.2949346395833333 0.5661764703125 0.2994281041666667 0.565563725 0.3108660125 0.5670955875 0.3182189541666667 0.5692401953124999 0.3190359479166667 0.5735294125 0.32434640625
0 0.4767156859375 0 0.4751838234375 0.004084966666666667 0.4767156859375 0.028186275 0.47824754843750006 0.033496731249999995 0.48069852968750004 0.03553921666666667 0.49142156875 0.03553921666666667 0.49448529375000005 0.038398693750000004 0.49754902031250003 0.03921568541666667 0.501225490625 0.0375817 0.5018382359375 0.041666666666666664 0.5 0.0453431375 0.5009191171875 0.049836602083333334 0.511335784375 0.051879085416666665 0.518688725 0.04901960833333333 0.5205269609375 0.04575163333333333 0.5238970593750001 0.04452614375 0.5248161765625 0.0420751625 0.5260416671875 0.0420751625 0.5287990203125 0.03880718958333333 0.532475490625 0.02614379166666667 0.532475490625 0.020016339583333334 0.5306372546875 0.014705883333333334 0.5306372546875 0.009395425 0.5278799015625 0.004901960416666667 0.5229779406249999 0.0028594770833333333 0.5220588234375 0 0.4767156859375 0
0 0 0.6049836604166666 0.001225490625 0.6049836604166666 0.002757353125 0.6078431375 0.003063725 0.6156045750000001 0.0052083328125 0.6172385625000001 0.011335784375000001 0.6180555562500001 0.0245098046875 0.6172385625000001 0.03125 0.60702614375 0.0330882359375 0.5943627458333334 0.0364583328125 0.5874183 0.040747548437499996 0.5816993458333334 0.0401348046875 0.578022875 0.029718137500000002 0.5641339875 0.022977940625000002 0.5592320270833333 0.00857843125 0.5604575166666667 0.003063725 0.5674019604166667 0.003063725 0.57434640625 0.0018382359375 0.5772058833333333 0 0.5772058833333333 0 0.6049836604166666
0 0.1951593140625 0.14338235208333333 0.1951593140625 0.14746732083333333 0.202818628125 0.15849673125 0.2037377453125 0.1576797395833333 0.2037377453125 0.14583333333333334 0.201899509375 0.14011437916666666 0.2012867640625 0.12867647083333333 0.2037377453125 0.12826797291666667 0.20465686249999998 0.13684640625 0.20649509843749997 0.13807189583333335 0.2107843140625 0.14705882291666666 0.21476715624999998 0.15114379166666667 0.21323529375 0.15318627499999998 0.21323529375 0.16053921666666668 0.21476715624999998 0.16789215625 0.21721813750000002 0.171977125 0.2193627453125 0.17892156874999998 0.22334558750000003 0.18137255 0.22426470625 0.18341503333333334 0.22732843125 0.18382352916666667 0.230085784375 0.1858660125 0.234375 0.1858660125 0.23651960781249998 0.18341503333333334 0.2368259796875 0.17606209166666667 0.23590686249999998 0.17075163333333335 0.23774509843749997 0.16789215625 0.241727940625 0.16870915 0.249693628125 0.16666666666666666 0.2552083328125 0.16380718958333332 0.25704656875 0.16135620833333333 0.2594975484375 0.15604575208333332 0.2594975484375 0.14910130625 0.26194852968750004 0.14460784375 0.261335784375 0.13684640625 0.2647058828125 0.13071895416666665 0.2637867640625 0.1233660125 0.2594975484375 0.11356209166666667 0.251225490625 0.10498366041666667 0.24540441249999997 0.10253267916666667 0.21875 0.10253267916666667 0.21721813750000002 0.1045751625 0.21660539218750002 0.109477125 0.21875 0.11356209166666667 0.219056371875 0.11642156875000001 0.22150735312499997 0.11968954166666666 0.22089460781249998 0.12949346458333333 0.2181372546875 0.12622548958333332 0.2181372546875 0.12418300625 0.21660539218750002 0.12295751666666667 0.2138480390625 0.11519607916666666 0.20465686249999998 0.10171568541666667 0.201899509375 0.10171568541666667 0.198835784375 0.10784313749999999 0.20036764687500003 0.11151960833333334 0.2006740203125 0.12009803958333333 0.1997549015625 0.12173202708333333 0.19914215625 0.12214052291666667 0.1927083328125 0.11315359374999999 0.18596813750000002 0.1172385625 0.18504902031249998 0.11887255000000001 0.1853553921875 0.1233660125 0.18933823593750002 0.13398692708333335 0.1951593140625 0.14338235208333333
0 0.42524509843749997 0.29452614374999997 0.427696078125 0.2977941166666667 0.43259803906250005 0.29738562083333336 0.4384191171875 0.29411764791666667 0.44301470624999995 0.2892156854166667 0.450367646875 0.2863562083333333 0.4537377453125 0.2814542479166667 0.45649509843749997 0.27941176458333333 0.4620098046875 0.2810457520833333 0.46507352968750004 0.2806372541666667 0.4672181375 0.27900326875000003 0.4672181375 0.27573529375 0.46323529375000005 0.2700163395833333 0.4595588234375 0.26960784375 0.45680147031249996 0.2675653604166667 0.450367646875 0.2675653604166667 0.44240196093749995 0.27369281041666665 0.44056372499999996 0.27369281041666665 0.4375 0.27818627500000004 0.4286151953125 0.28431372499999996 0.42432597968749997 0.2892156854166667 0.42432597968749997 0.2908496729166667 0.421875 0.29289215625 0.4227941171875 0.29452614374999997 0.42524509843749997 0.29452614374999997
0 0.452818628125 0.25 0.4522058828125 0.24795751666666668 0.4512867640625 0.25122548958333335 0.452818628125 0.25204248333333334 0.451899509375 0.25081699375 0.452818628125 0.25
0 0.05698529375 0.16053921666666668 0.049938725 0.16503267916666667 0.044117646875 0.17075163333333335 0.042585784375000005 0.17401960833333333 0.042585784375000005 0.18218954166666668 0.05238970625 0.19893790833333333 0.0625 0.21078431458333335 0.0670955875 0.2201797395833333 0.06954656875000001 0.22222222291666668 0.06954656875000001 0.22385620833333333 0.073835784375 0.23161764791666667 0.0790441171875 0.23856209166666667 0.0814950984375 0.24468954166666668 0.08363970625 0.24673202708333333 0.0870098046875 0.2532679729166667 0.08823529375 0.25816993541666666 0.0916053921875 0.26021241875 0.0928308828125 0.259395425 0.09221813749999999 0.24632352916666667 0.0870098046875 0.22998366041666665 0.08823529375 0.22712418333333334 0.0903799015625 0.2295751625 0.0955882359375 0.2295751625 0.0983455875 0.22712418333333334 0.09895833281250001 0.2234477125 0.098039215625 0.21691176458333333 0.0955882359375 0.20833333333333334 0.0842524515625 0.18995098125 0.0814950984375 0.18096405208333335 0.07965686250000001 0.17851307291666665 0.0787377453125 0.17075163333333335 0.0744485296875 0.16176470625 0.072303921875 0.1609477125 0.07107843124999999 0.15849673125 0.073835784375 0.15318627499999998 0.0719975484375 0.13684640625 0.06770833281250001 0.13357843125000002 0.05851715625 0.13235294166666667 0.053615195312499996 0.134395425 0.05085784375 0.13194444375 0.046875 0.13194444375 0.0444240203125 0.13970588333333334 0.0444240203125 0.14828431458333335 0.0459558828125 0.15522875833333333 0.05238970625 0.15686274583333332 0.05698529375 0.16053921666666668
0 0.9240196078125 0.3941993458333333 0.9295343140625001 0.39787581666666666 0.9368872546875 0.40073529375 0.9457720593750001 0.40073529375 0.950367646875 0.3950163395833333 0.950367646875 0.39338235208333333 0.952818628125 0.3897058833333333 0.95710784375 0.37581699375 0.9564950984375 0.3660130729166667 0.9494485296875 0.35702614374999997 0.9411764703125 0.3517156854166667 0.9325980390625 0.3517156854166667 0.9267769609375 0.3549836604166667 0.9243259796875 0.35988562083333336 0.9240196078125 0.3627450979166667 0.9185049015625 0.3651960791666667 0.9160539218749999 0.36805555624999997 0.9157475484375001 0.37295751666666666 0.9200367640625 0.37908496666666663 0.921875 0.3897058833333333 0.9240196078125 0.3941993458333333
0 0.1853553921875 0.490604575 0.1994485296875 0.49877451041666665 0.201899509375 0.4946895416666666 0.202818628125 0.48815359375 0.20649509843749997 0.4767156854166667 0.20649509843749997 0.46323529375 0.2037377453125 0.4550653604166667 0.1979166671875 0.45261437916666664 0.191789215625 0.45261437916666664 0.18198529375 0.45547385625000003 0.1770833328125 0.4591503270833333 0.177696078125 0.46323529375 0.180147059375 0.46568627500000004 0.18351715625 0.47467320208333336 0.1853553921875 0.490604575
0 0.590686275 0.3349673208333333 0.5955882359375 0.33455882291666666 0.6014093140625 0.32883986875000004 0.6017156859375 0.3190359479166667 0.60079656875 0.3141339875 0.5983455875 0.31127451041666665 0.590686275 0.30759803958333337 0.5857843140625 0.2986111104166667 0.5830269609375 0.2957516333333333 0.57107843125 0.29289215625 0.5670955875 0.2957516333333333 0.565563725 0.29983660208333335 0.565257353125 0.31372548958333335 0.5661764703125 0.3182189541666667 0.573835784375 0.32679738541666664 0.590686275 0.3349673208333333
0 0.7306985296875 0.384395425 0.73988970625 0.384395425 0.7515318625 0.37826797291666664 0.7552083328125 0.3733660125 0.75857843125 0.365604575 0.7576593140625 0.3619281041666667 0.7561274515624999 0.3602941166666667 0.7518382359375 0.35988562083333336 0.7475490203125 0.36315359375 0.7389705875 0.36478758125 0.734068628125 0.3635620916666667 0.728553921875 0.365604575 0.7239583328125 0.37132352916666667 0.7233455875 0.3733660125 0.72426470625 0.37581699375 0.7276348046875001 0.37908496666666663 0.7306985296875 0.384395425
0 0.0364583328125 0.5400326791666666 0.0416666671875 0.5392156854166666 0.041053921874999996 0.5375817 0.038296568749999996 0.5367647062500001 0.037377451562500004 0.5326797395833334 0.0358455875 0.5318627458333334 0.03523284375 0.5339052291666667 0.032475490625 0.5355392166666667 0.0330882359375 0.5388071895833334 0.0364583328125 0.5400326791666666
0 0.0392156859375 0.50694444375 0.041053921874999996 0.5142973854166667 0.0416666671875 0.52900326875 0.044117646875 0.5318627458333334 0.042585784375000005 0.5363562083333334 0.045649509375 0.5416666666666666 0.046875 0.546977125 0.045649509375 0.56004901875 0.041053921874999996 0.5641339875 0.039828431250000004 0.5669934645833333 0.0416666671875 0.5776143791666667 0.0459558828125 0.5816993458333334 0.0591299015625 0.5825163395833334 0.0689338234375 0.5910947708333333 0.0735294125 0.5992647062500001 0.075367646875 0.6200980395833333 0.077818628125 0.6282679729166667 0.0848651953125 0.6339869270833333 0.0962009796875 0.6335784312499999 0.1041666671875 0.6262254895833334 0.10753676406249998 0.6180555562500001 0.11182597968750001 0.6123366020833333 0.1115196078125 0.6074346395833333 0.1047794125 0.5980392166666667 0.10355392187500001 0.5955882354166667 0.10355392187500001 0.5915032687499999 0.1056985296875 0.5882352937499999 0.11580882343750001 0.5882352937499999 0.11948529375000001 0.5870098041666666 0.1234681375 0.5849673208333334 0.126225490625 0.5816993458333334 0.12683823593750002 0.56004901875 0.1240808828125 0.5559640520833333 0.12101715625000001 0.5551470583333333 0.1182598046875 0.5502450979166666 0.121936275 0.5424836604166666 0.121936275 0.5392156854166666 0.12009803906250001 0.5355392166666667 0.12009803906250001 0.5306372541666666 0.1216299015625 0.5257352937499999 0.12101715625000001 0.5200163395833334 0.10753676406249998 0.5049019604166667 0.10079656875000001 0.5044934645833333 0.0986519609375 0.5057189541666667 0.0958946078125 0.50245098125 0.0955882359375 0.49918300625 0.0919117640625 0.49550653541666667 0.0814950984375 0.4983660125 0.0805759796875 0.5 0.07261029375 0.5036764708333333 0.0600490203125 0.5044934645833333 0.055759804687500004 0.5020424833333333 0.05085784375 0.49142156875 0.0477941171875 0.48978758125 0.046568628125 0.48733660208333335 0.03676470625 0.48161764791666667 0.0361519609375 0.4799836604166667 0.031556371875 0.48039215625 0.03125 0.48202614374999997 0.031556371875 0.4946895416666666 0.030637254687499997 0.4983660125 0.0361519609375 0.5016339875 0.0392156859375 0.50694444375
0 0.42738970624999995 0.09517973958333334 0.43014705937500003 0.09517973958333334 0.4286151953125 0.09436274583333333 0.42738970624999995 0.09517973958333334
0 0.390318628125 0.10375817083333333 0.3912377453125 0.10171568541666667 0.38664215625 0.09395424791666666 0.3802083328125 0.08537581666666667 0.37837009843749997 0.08660130625 0.37806372499999996 0.08986928125 0.38357843125 0.0984477125 0.3854166671875 0.09885620833333333 0.390318628125 0.10375817083333333
0 0.400428921875 0.06658496666666666 0.40012254843750006 0.06781045833333334 0.40134803906250005 0.06821895416666666 0.40134803906250005 0.06658496666666666 0.400428921875 0.06658496666666666
0 0.36948529375 0.0625 0.36948529375 0.06821895416666666 0.3704044125 0.06699346458333334 0.3704044125 0.06372548958333334 0.36948529375 0.0625
0 0.41758578437500005 0.060866012500000004 0.41237745156249994 0.058006535416666664 0.4114583328125 0.052696079166666666 0.41053921562499995 0.05718954166666667 0.407475490625 0.05923202708333333 0.4071691171875 0.060866012500000004 0.4108455875 0.06372548958333334 0.41574754843750006 0.06372548958333334 0.41758578437500005 0.060866012500000004
0 0.2610294125 0 0.2604166671875 0.0016339875 0.259803921875 0.006535947916666667 0.2637867640625 0.017156862499999998 0.265625 0.028594770833333335 0.264399509375 0.042483660416666666 0.2647058828125 0.05024509791666667 0.2671568625 0.05514705833333333 0.271446078125 0.05841503333333333 0.273897059375 0.0625 0.27573529375 0.08006536041666666 0.282475490625 0.08864379166666667 0.28431372499999996 0.09517973958333334 0.2873774515625 0.10089869375 0.28829656875 0.10661764791666667 0.2916666671875 0.11356209166666667 0.2916666671875 0.115604575 0.294117646875 0.11887255000000001 0.2950367640625 0.12295751666666667 0.2984068625 0.12785947708333334 0.301164215625 0.12908496666666666 0.305147059375 0.13480392083333334 0.30698529375 0.13970588333333334 0.30943627500000004 0.14133986875 0.32107843125 0.12826797291666667 0.3287377453125 0.1172385625 0.33057597968749997 0.10825163333333333 0.3330269609375 0.10661764791666667 0.336397059375 0.10171568541666667 0.33700980468749997 0.09477124166666666 0.34068627500000004 0.08823529375 0.3431372546875 0.07434640625000001 0.3498774515625 0.06903594791666667 0.3532475484375 0.06331699375000001 0.3547794125 0.05718954166666667 0.355085784375 0.05065359375 0.3584558828125 0.04289215625 0.3609068625 0.04084967291666666 0.36182597968749997 0.0375817 0.36611519531250003 0.03472222291666667 0.36948529375 0.03717320208333333 0.37162990156250003 0.036356208333333334 0.37101715625 0.03472222291666667 0.36795343125 0.03390522916666667 0.367647059375 0.03267973958333333 0.3731617640625 0.031045752083333333 0.3768382359375 0.03267973958333333 0.37806372499999996 0.031045752083333333 0.3811274515625 0.030228758333333335 0.3826593140625 0.025326797916666664 0.38694852968750004 0.02573529375 0.3921568625 0.022467320833333335 0.3900122546875 0.01756536041666667 0.386335784375 0.015522875 0.3887867640625 0.014297385416666667 0.390318628125 0.01184640625 0.3897058828125 0.008578431249999999 0.3912377453125 0.00612745 0.3912377453125 0.0032679729166666667 0.390318628125 0.0020424833333333335 0.38388480468749997 0.004493464583333333 0.3814338234375 0 0.36611519531250003 0 0.3655024515625 0.0016339875 0.36243872499999996 0.0032679729166666667 0.353553921875 0.0028594770833333333 0.35049019531250003 0.0016339875 0.3498774515625 0 0.2610294125 0
0 0.225 0.0010416666666666667 0.0046875 0.0010416666666666667
0 0.3728553921875 0.19893790833333333 0.37193627500000004 0.19934640625 0.3728553921875 0.20057189583333335 0.373774509375 0.19934640625 0.3728553921875 0.19893790833333333
0 0.3970588234375 0.16380718958333332 0.39399509843749997 0.16421568541666665 0.39399509843749997 0.16748366041666665 0.39736519531250003 0.16462418333333334 0.3970588234375 0.16380718958333332
0 0.38817402031250003 0.15073529375 0.387867646875 0.1360294125 0.38694852968750004 0.13235294166666667 0.38357843125 0.12540849583333333 0.3802083328125 0.12254901875 0.376225490625 0.12622548958333332 0.376225490625 0.13071895416666665 0.375306371875 0.13194444375 0.3759191171875 0.140522875 0.3743872546875 0.14950980416666668 0.373774509375 0.17156862708333334 0.3765318625 0.17279411666666666 0.38357843125 0.16666666666666666 0.38817402031250003 0.15073529375
0 0.3799019609375 0.115604575 0.3802083328125 0.10825163333333333 0.3795955875 0.10906862708333334 0.3799019609375 0.115604575
0 0.3262867640625 0.17279411666666666 0.3262867640625 0.17524509791666668 0.33057597968749997 0.18137255 0.33149509843749997 0.18504901875 0.3330269609375 0.18668300625 0.3330269609375 0.18872548958333332 0.33486519531250003 0.19076797291666667 0.346507353125 0.19117647083333333 0.35232843125 0.1858660125 0.356617646875 0.18545751666666668 0.356617646875 0.18096405208333335 0.359068628125 0.17769607916666666 0.36274509843749997 0.17728758125 0.3639705875 0.17361111041666666 0.36611519531250003 0.17238562083333334 0.367647059375 0.16870915 0.367647059375 0.16135620833333333 0.37162990156250003 0.13153594791666667 0.37101715625 0.1172385625 0.3743872546875 0.11233660208333333 0.3728553921875 0.10008170000000001 0.3700980390625 0.09640522916666666 0.36488970625 0.09640522916666666 0.3609068625 0.08700980416666666 0.3572303921875 0.0829248375 0.3529411765625 0.08047385625 0.34681372499999996 0.08251633958333333 0.3373161765625 0.096813725 0.336397059375 0.10498366041666667 0.3330269609375 0.11029411666666666 0.33149509843749997 0.11846405208333333 0.333946078125 0.12173202708333333 0.333946078125 0.12581699375 0.322303921875 0.12949346458333333 0.3170955875 0.134395425 0.313725490625 0.13970588333333334 0.312806371875 0.14297385624999998 0.313725490625 0.14950980416666668 0.323835784375 0.16625817083333333 0.3262867640625 0.17279411666666666
0 0.1047794125 0 0.1041666671875 0.0020424833333333335 0.1026348046875 0.04084967291666666 0.105085784375 0.05637255 0.1084558828125 0.06290849583333333 0.11642156875000001 0.06617647083333333 0.11948529375000001 0.06903594791666667 0.1243872546875 0.07761437916666666 0.125306371875 0.08374182916666667 0.127757353125 0.08986928125 0.13051470625 0.09354575208333334 0.1360294125 0.096813725 0.140931371875 0.10171568541666667 0.14154411718749998 0.10416666666666667 0.1455269609375 0.10906862708333334 0.15441176406249998 0.11356209166666667 0.166053921875 0.1233660125 0.171568628125 0.12377451041666668 0.1783088234375 0.11846405208333333 0.181678921875 0.11764705833333333 0.186274509375 0.11356209166666667 0.1911764703125 0.11151960833333334 0.198835784375 0.09763071875 0.20465686249999998 0.090686275 0.20649509843749997 0.08210784375 0.20649509843749997 0.05555555625 0.20465686249999998 0.04901960833333333 0.1951593140625 0.03553921666666667 0.191789215625 0.02900326875 0.191789215625 0.011437908333333333 0.18933823593750002 0 0.1047794125 0
0 0.12101715625000001 0.240604575 0.1216299015625 0.24795751666666668 0.11948529375000001 0.25122548958333335 0.11856617656249999 0.2557189541666667 0.12101715625000001 0.26266339791666665 0.1228553921875 0.2724673208333333 0.1286764703125 0.2814542479166667 0.1311274515625 0.2875817 0.13204656875 0.2957516333333333 0.1344975484375 0.303104575 0.1344975484375 0.33129085 0.1354166671875 0.3349673208333333 0.13878676406249998 0.33782679791666664 0.1482843140625 0.34068627500000004 0.1654411765625 0.3431372541666667 0.17279411718749998 0.33537581666666666 0.17493872500000002 0.3349673208333333 0.177696078125 0.33210784375 0.179227940625 0.32761437916666664 0.179227940625 0.31944444375000003 0.180147059375 0.31658496666666663 0.1822916671875 0.31454248333333334 0.18596813750000002 0.31372548958333335 0.1927083328125 0.3026960791666667 0.1927083328125 0.29738562083333336 0.18933823593750002 0.28349673124999997 0.18933823593750002 0.27900326875000003 0.1829044125 0.2691993458333333 0.18198529375 0.26633986875 0.18198529375 0.2598039208333333 0.1853553921875 0.2549019604166667 0.1911764703125 0.25285947708333334 0.19607843125 0.24918300625 0.1979166671875 0.24387255 0.1979166671875 0.23774509791666668 0.19454656875 0.23243463958333335 0.19056372500000002 0.22875817083333333 0.1881127453125 0.22385620833333333 0.1822916671875 0.21854575208333332 0.1795343140625 0.21813725416666668 0.1764705875 0.21568627499999998 0.1651348046875 0.21486928125 0.150428921875 0.20833333333333334 0.14215686249999998 0.20874182916666667 0.1354166671875 0.21486928125 0.1234681375 0.21936274583333332 0.11948529375000001 0.2234477125 0.11856617656249999 0.22589869375 0.11856617656249999 0.23202614375000002 0.11948529375000001 0.23774509791666668 0.12101715625000001 0.240604575
0 0.48927696093749995 0.24550653541666667 0.5021446078125 0.25367647083333333 0.509803921875 0.2614379083333333 0.515318628125 0.2610294125 0.5205269609375 0.24877451041666668 0.5248161765625 0.23406862708333334 0.52573529375 0.22589869375 0.525428921875 0.21650326875 0.5238970593750001 0.21486928125 0.51960784375 0.20179738541666667 0.5189950984375 0.18709150416666667 0.51960784375 0.18096405208333335 0.5223651953124999 0.17524509791666668 0.5229779406249999 0.17034313750000002 0.5263480390625 0.1609477125 0.528186275 0.14828431458333335 0.5278799015625 0.14501633958333335 0.52573529375 0.14501633958333335 0.5235906859375 0.14256536041666665 0.51960784375 0.14133986875 0.515318628125 0.14338235208333333 0.5137867640625 0.14950980416666668 0.5137867640625 0.1576797395833333 0.511335784375 0.16421568541666665 0.5104166671875 0.17524509791666668 0.5036764703125 0.19035947708333334 0.5009191171875 0.19403594791666665 0.49264705937500003 0.19975490208333332 0.484681371875 0.20751633958333335 0.4834558828125 0.20751633958333335 0.47824754843750006 0.21323529375 0.47824754843750006 0.2214052291666667 0.484068628125 0.22998366041666665 0.4859068625 0.23774509791666668 0.48927696093749995 0.24550653541666667
0 0.8272058828125 0.2651143791666667 0.8287377453125 0.26797385625000003 0.8287377453125 0.27205882291666666 0.8360906859374999 0.27573529375 0.840686275 0.2806372541666667 0.846507353125 0.2810457520833333 0.8547794124999999 0.27736928125000004 0.86335784375 0.26797385625000003 0.8664215687500001 0.2667483666666667 0.8716299015625 0.26184640625 0.8734681375 0.25857843125 0.8734681375 0.24795751666666668 0.871936275 0.24591503333333334 0.86948529375 0.23815359375 0.8658088234375001 0.23325163333333335 0.8602941171875 0.23202614375000002 0.8560049015625 0.22916666666666666 0.8483455875000001 0.22058823541666667 0.844056371875 0.2201797395833333 0.8416053921875 0.22222222291666668 0.83823529375 0.22181372500000002 0.8360906859374999 0.22385620833333333 0.83210784375 0.2250817 0.827818628125 0.23202614375000002 0.827818628125 0.24795751666666668 0.825367646875 0.25449346458333333 0.827818628125 0.25816993541666666 0.8272058828125 0.2651143791666667
0 0.754289215625 0.28594771249999995 0.75857843125 0.27818627500000004 0.75857843125 0.2732843145833333 0.7561274515624999 0.2700163395833333 0.7561274515624999 0.26797385625000003 0.7521446078125 0.2598039208333333 0.7478553921875 0.25367647083333333 0.7368259796875 0.2540849666666667 0.7334558828125 0.2598039208333333 0.7325367640625 0.2651143791666667 0.7306985296875 0.26838235208333333 0.730085784375 0.27655228750000005 0.734068628125 0.28676470625 0.7515318625 0.28717320208333336 0.754289215625 0.28594771249999995
0 0.147977940625 0.43341503333333337 0.150428921875 0.4358660125 0.15808823593750002 0.43627451041666665 0.1614583328125 0.43504901875 0.167585784375 0.428104575 0.171875 0.42728758125 0.17493872500000002 0.4244281041666667 0.17738970625 0.4199346395833333 0.1810661765625 0.41625817083333333 0.1829044125 0.41053921666666665 0.1813725484375 0.4060457520833333 0.1740196078125 0.40073529375 0.1642156859375 0.40032679791666664 0.15318627499999998 0.39624182916666667 0.148897059375 0.39869281041666665 0.13817402031249998 0.4113562083333333 0.13878676406249998 0.41870915 0.14215686249999998 0.4252450979166667 0.1455269609375 0.428104575 0.147977940625 0.43341503333333337
0 0.578125 0 0.5772058828125 0.008578431249999999 0.5796568625 0.013888889583333335 0.5854779406249999 0.01756536041666667 0.5900735296875 0.01797385625 0.5922181375 0.019607843750000003 0.60232843125 0.022467320833333335 0.6075367640625 0.020016339583333334 0.612438725 0.014705883333333334 0.6176470593750001 0.004493464583333333 0.6155024515624999 0.0032679729166666667 0.613664215625 0 0.578125 0
0 0.386335784375 0.19444444375 0.387867646875 0.20261437916666666 0.387867646875 0.21772875833333333 0.3897058828125 0.2234477125 0.3921568625 0.22712418333333334 0.39307597968749997 0.23406862708333334 0.398897059375 0.24591503333333334 0.406556371875 0.2724673208333333 0.40992647031249996 0.27900326875000003 0.4108455875 0.28594771249999995 0.41482843125 0.28880718958333335 0.4209558828125 0.2810457520833333 0.42585784374999996 0.27818627500000004 0.4283088234375 0.2724673208333333 0.42922794062499997 0.26470588333333334 0.43045343125 0.2622549020833333 0.4329044125 0.26021241875 0.4466911765625 0.25857843125 0.44944852968750004 0.24305555625 0.44699754843750006 0.23529411666666666 0.440257353125 0.2214052291666667 0.4283088234375 0.20179738541666667 0.42585784374999996 0.19444444375 0.4234068625 0.19117647083333333 0.419117646875 0.18055555625 0.4166666671875 0.17769607916666666 0.4080882359375 0.16135620833333333 0.40318627500000004 0.1589052291666667 0.39736519531250003 0.15849673125 0.39399509843749997 0.15972222291666668 0.3921568625 0.16421568541666665 0.3921568625 0.171977125 0.3897058828125 0.18055555625 0.3897058828125 0.1875 0.386335784375 0.19444444375
0 0.919117646875 0.44485294166666667 0.92585784375 0.44362745000000003 0.9292279406249999 0.44035947708333334 0.9325980390625 0.43259803958333337 0.93351715625 0.4252450979166667 0.9325980390625 0.41952614374999997 0.9286151953124999 0.4142156854166667 0.922181371875 0.4113562083333333 0.9181985296875 0.4113562083333333 0.9148284312499999 0.4142156854166667 0.9114583328125001 0.41462418333333334 0.9080882359375 0.4125817 0.9037990203125 0.4142156854166667 0.8998161765624999 0.41952614374999997 0.8988970593750001 0.42401960833333335 0.8964460781250001 0.428104575 0.8955269609375 0.43259803958333337 0.90073529375 0.43872548958333335 0.9099264703125 0.4440359479166667 0.919117646875 0.44485294166666667
0 0.41574754843750006 0.46446078333333335 0.4142156859375 0.47630718958333335 0.4126838234375 0.4795751625 0.4126838234375 0.48284313749999996 0.41482843125 0.4852941166666667 0.419117646875 0.4840686270833333 0.420649509375 0.48039215625 0.41942402031250003 0.47549019583333335 0.42432597968749997 0.4685457520833333 0.42585784374999996 0.46282679791666664 0.427696078125 0.46037581666666666 0.4359681375 0.45955882291666666 0.437806371875 0.45261437916666664 0.44117647031249996 0.4464869270833333 0.44117647031249996 0.44485294166666667 0.443321078125 0.44240196041666663 0.4451593140625 0.44117647083333333 0.4595588234375 0.44076797291666664 0.46139705937500003 0.4358660125 0.452818628125 0.4174836604166667 0.44699754843750006 0.4113562083333333 0.4420955875 0.40972222291666666 0.436274509375 0.41339869375 0.42524509843749997 0.41176470625 0.4209558828125 0.4142156854166667 0.420649509375 0.4285130729166667 0.41819852968750004 0.43709150416666664 0.4172794125 0.45955882291666666 0.41574754843750006 0.46446078333333335
0 0.5349264703125 0.3488562083333333 0.5379901953124999 0.35089869375 0.5392156859375 0.35375817083333333 0.543811275 0.35539215625 0.55698529375 0.3517156854166667 0.5618872546875 0.34640522916666666 0.5643382359375 0.34109477083333334 0.565257353125 0.3300653604166667 0.563725490625 0.3263888895833333 0.5536151953124999 0.31617647083333333 0.5502450984375 0.31454248333333334 0.546568628125 0.31454248333333334 0.542585784375 0.31699346458333333 0.5431985296875 0.32883986875000004 0.544117646875 0.33047385625000003 0.5431985296875 0.33537581666666666 0.5392156859375 0.3316993458333333 0.5330882359375 0.3333333333333333 0.5297181375 0.33660130625 0.5291053921875 0.34068627500000004 0.531556371875 0.3443627458333333 0.534007353125 0.34640522916666666 0.5349264703125 0.3488562083333333
0 0.30912990156250003 0.08006536041666666 0.30960124375000003 0.08179361458333334 0.30943627500000004 0.08047385625 0.3109681375 0.08129085 0.3118872546875 0.07924836666666667 0.3125 0.07148692708333333 0.30943627500000004 0.0625 0.30361519531250003 0.06045751666666667 0.3045343140625 0.06372548958333334 0.302696078125 0.06617647083333333 0.302696078125 0.06862744999999999 0.3060661765625 0.07107843124999999 0.30361519531250003 0.07434640625000001 0.30912990156250003 0.08006536041666666
0 0.313725490625 0.03921568541666667 0.315257353125 0.0359477125 0.312806371875 0.03267973958333333 0.3134191171875 0.028594770833333335 0.3103553921875 0.028186275 0.30943627500000004 0.03390522916666667 0.30912990156250003 0.04738562083333333 0.3103553921875 0.049836602083333334 0.3134191171875 0.04575163333333333 0.313725490625 0.03921568541666667
0 0.366727940625 0.004901960416666667 0.36335784375 0.0036764708333333336 0.3575367640625 0.004084966666666667 0.35692402031250003 0.006535947916666667 0.35539215625 0.004493464583333333 0.353553921875 0.004493464583333333 0.3532475484375 0.005310458333333334 0.35569852968750004 0.007352941666666667 0.3642769609375 0.006535947916666667 0.366727940625 0.004901960416666667
0 0.3844975484375 0 0.38357843125 0.022875816666666667 0.38174019531250003 0.02573529375 0.36948529375 0.031045752083333333 0.36182597968749997 0.04003267916666667 0.3602941171875 0.04452614375 0.3602941171875 0.04942810416666667 0.36182597968749997 0.05106209166666666 0.36182597968749997 0.052696079166666666 0.3658088234375 0.05637255 0.367647059375 0.06168300625 0.3685661765625 0.07516339791666667 0.37101715625 0.08169934583333333 0.376225490625 0.09150326874999999 0.3897058828125 0.10661764791666667 0.39460784375 0.10825163333333333 0.40134803906250005 0.10825163333333333 0.4080882359375 0.10702614375 0.4142156859375 0.10416666666666667 0.41881127500000004 0.10416666666666667 0.42555147031249996 0.09885620833333333 0.434742646875 0.09640522916666666 0.4393382359375 0.09191176458333333 0.44240196093749995 0.09191176458333333 0.45067402031250003 0.10375817083333333 0.452818628125 0.10498366041666667 0.45618872499999996 0.1045751625 0.46476715625000004 0.09395424791666666 0.4672181375 0.07720588333333334 0.4666053921875 0.06658496666666666 0.469975490625 0.06168300625 0.47242647031249996 0.06045751666666667 0.4739583328125 0.05637255 0.4739583328125 0.0420751625 0.47242647031249996 0.04003267916666667 0.47242647031249996 0.0359477125 0.47579656875 0.02900326875 0.47487745156249994 0.013071895833333335 0.47242647031249996 0.004901960416666667 0.46568627500000004 0.0016339875 0.46537990156250003 0 0.42738970624999995 0 0.4270833328125 0.0016339875 0.422181371875 0.0036764708333333336 0.41819852968750004 0.0016339875 0.41758578437500005 0 0.3844975484375 0
0 0.284375 0.0010416666666666667 0.00390625 0.0010416666666666667
0 0.275 0.0010416666666666667 0.00234375 0.0010416666666666667
0 0.827818628125 0.3958333333333333 0.8314950984375 0.39705882291666666 0.8348651953124999 0.3888888895833333 0.8363970593750001 0.37908496666666663 0.83823529375 0.37540849583333336 0.8422181375 0.3582516333333333 0.8455882359375 0.35212418333333334 0.8455882359375 0.3427287583333333 0.8416053921875 0.34068627500000004 0.8339460781250001 0.3439542479166667 0.8296568625 0.35130718958333335 0.8287377453125 0.35661764791666667 0.8262867640625 0.35988562083333336 0.825367646875 0.36233660208333335 0.8272058828125 0.3766339875 0.8262867640625 0.39297385625000003 0.827818628125 0.3958333333333333
0 0.7662377453125 0.43872548958333335 0.7705269609375 0.43872548958333335 0.771446078125 0.4358660125 0.7705269609375 0.4252450979166667 0.7723651953124999 0.4207516333333333 0.778492646875 0.41911764791666667 0.7830882359375 0.4207516333333333 0.7858455875 0.41870915 0.781556371875 0.39011437916666664 0.7794117640625 0.3872549020833333 0.7766544125 0.38766339791666665 0.7745098046875001 0.3950163395833333 0.7622549015625 0.40318627500000004 0.7579656859375 0.40931372499999996 0.75551470625 0.4150326791666667 0.7545955875 0.4174836604166667 0.7552083328125 0.4252450979166667 0.7610294125 0.43055555624999997 0.7662377453125 0.43872548958333335
0 0.481617646875 0.26266339791666665 0.48100490156250003 0.2691993458333333 0.484375 0.27287581666666666 0.49295343125 0.2761437916666667 0.501225490625 0.2814542479166667 0.5079656859375 0.28717320208333336 0.5140931375 0.29452614374999997 0.5189950984375 0.2977941166666667 0.534007353125 0.29738562083333336 0.53829656875 0.29370915 0.5401348046875001 0.28962418333333334 0.5536151953124999 0.2875817 0.5536151953124999 0.28594771249999995 0.5493259796875 0.2806372541666667 0.5490196078125 0.27205882291666666 0.5450367640625 0.2622549020833333 0.544117646875 0.25449346458333333 0.5373774515624999 0.24795751666666668 0.5373774515624999 0.23856209166666667 0.5364583328125 0.23406862708333334 0.5291053921875 0.23406862708333334 0.52573529375 0.23651960833333333 0.5171568625 0.25735294166666667 0.5140931375 0.2614379083333333 0.51164215625 0.2622549020833333 0.5088848046875001 0.2610294125 0.5024509796875 0.2540849666666667 0.4954044125 0.25122548958333335 0.48805147031249996 0.24591503333333334 0.48774509843749997 0.24387255 0.4852941171875 0.2422385625 0.484068628125 0.23406862708333334 0.481617646875 0.23284313750000002 0.48069852968750004 0.22712418333333334 0.47732843125 0.22671568541666665 0.47732843125 0.25081699375 0.4797794125 0.25694444375 0.48008578437500005 0.2614379083333333 0.481617646875 0.26266339791666665
0 0.1920955875 0 0.191789215625 0.004493464583333333 0.19301470625 0.01184640625 0.198835784375 0.01633986875 0.203125 0.02614379166666667 0.2123161765625 0.0359477125 0.22150735312499997 0.0420751625 0.230085784375 0.049836602083333334 0.2325367640625 0.04942810416666667 0.234068628125 0.04738562083333333 0.2392769609375 0.02900326875 0.242647059375 0.025326797916666664 0.246936275 0.01756536041666667 0.2515318625 0.012254902083333333 0.25857843125 0.011437908333333333 0.2604166671875 0.006535947916666667 0.2594975484375 0 0.1920955875 0
0 0.49264705937500003 0.453022875 0.49601715625000004 0.4607843145833333 0.4993872546875 0.47303921666666665 0.5052083328125 0.47467320208333336 0.515318628125 0.4701797395833333 0.5189950984375 0.46323529375 0.5189950984375 0.4522058833333333 0.5150122546875 0.44240196041666663 0.5119485296875 0.44076797291666664 0.5036764703125 0.428104575 0.504289215625 0.4207516333333333 0.5018382359375 0.41380718958333335 0.49754902031250003 0.40972222291666666 0.4911151953125 0.40931372499999996 0.48743872499999996 0.4166666666666667 0.48192402031250003 0.42238562083333336 0.48069852968750004 0.42483660208333335 0.48069852968750004 0.43790849583333336 0.484375 0.44076797291666664 0.49264705937500003 0.453022875
0 0.437806371875 0.49877451041666665 0.44178921562499995 0.5032679729166667 0.4525122546875 0.5065359479166667 0.45649509843749997 0.509395425 0.4669117640625 0.509395425 0.4739583328125 0.5114379083333334 0.4797794125 0.509395425 0.4911151953125 0.49591503333333337 0.49264705937500003 0.4885620916666667 0.49754902031250003 0.4791666666666667 0.4984681375 0.47467320208333336 0.4978553921875 0.46609477083333334 0.49601715625000004 0.45874182916666667 0.48927696093749995 0.4473039208333333 0.4849877453125 0.44158496666666663 0.4825367640625 0.44035947708333334 0.48069852968750004 0.43668300625 0.47732843125 0.43831699375 0.46629902031250003 0.4375 0.46139705937500003 0.44199346458333333 0.46017156875 0.4473039208333333 0.45802696093749995 0.4432189541666667 0.4552696078125 0.44117647083333333 0.44362745156249994 0.44158496666666663 0.437806371875 0.4505718958333333 0.4375 0.45383986875000004 0.4353553921875 0.45874182916666667 0.4353553921875 0.46691176458333333 0.43351715625000004 0.4767156854166667 0.43351715625000004 0.48202614374999997 0.437806371875 0.49877451041666665
0 0.0021446078125 0 0.0018382359375 0.0016339875 0 0.0020424833333333335 0 0.03880718958333333 0.0018382359375 0.03921568541666667 0.002757353125 0.04493463958333333 0.003063725 0.07761437916666666 0.0036764703125 0.08455882291666666 0.0052083328125 0.08700980416666666 0.011948529687499999 0.08986928125 0.015318628125 0.08619281041666667 0.02113970625 0.08864379166666667 0.021446078125 0.090686275 0.030024509375 0.10539215625 0.034007353125 0.10906862708333334 0.0379901953125 0.11029411666666666 0.041053921874999996 0.11356209166666667 0.0431985296875 0.11968954166666666 0.0459558828125 0.1233660125 0.05238970625 0.12622548958333332 0.054227940625000005 0.12540849583333333 0.055759804687500004 0.12132352916666668 0.059742646875000006 0.11601307291666667 0.0689338234375 0.10988562083333334 0.07107843124999999 0.10620915 0.0747549015625 0.10498366041666667 0.0762867640625 0.08864379166666667 0.077818628125 0.08496732083333333 0.086397059375 0.09517973958333334 0.08823529375 0.10089869375 0.09068627500000001 0.10375817083333333 0.0974264703125 0.10702614375 0.10539215625000001 0.10825163333333333 0.1102941171875 0.11070261458333334 0.11182597968750001 0.11274509791666666 0.11948529375000001 0.11274509791666666 0.121936275 0.10212418333333333 0.125 0.09558823541666667 0.1243872546875 0.08864379166666667 0.12009803906250001 0.07393790833333333 0.1127450984375 0.06617647083333333 0.1078431375 0.0641339875 0.10324754843749999 0.05637255 0.10324754843749999 0.05351307291666666 0.1017156859375 0.049836602083333334 0.10079656875000001 0.03186274583333333 0.1017156859375 0.01184640625 0.10355392187500001 0.005718954166666667 0.1017156859375 0 0.0735294125 0 0.0670955875 0.01184640625 0.066789215625 0.014705883333333334 0.06403186250000001 0.016748366666666667 0.0609681375 0.017156862499999998 0.057598039062499995 0.015522875 0.052696078125000004 0.015522875 0.048406862499999995 0.009395425 0.046875 0.009395425 0.044117646875 0.004493464583333333 0.0416666671875 0.0036764708333333336 0.037377451562500004 0.0036764708333333336 0.030637254687499997 0.008986927083333334 0.025428921875 0.009395425 0.0235906859375 0.004493464583333333 0.0189950984375 0.0036764708333333336 0.0171568625 0 0.0021446078125 0
0 0.6127450984375 0.12540849583333333 0.6167279406249999 0.125 0.6204044125 0.12132352916666668 0.629289215625 0.1172385625 0.6302083328125 0.115604575 0.6299019609375 0.11233660208333333 0.626225490625 0.10988562083333334 0.6213235296875 0.10906862708333334 0.6161151953124999 0.1045751625 0.6115196078125 0.10375817083333333 0.6099877453125 0.10171568541666667 0.608149509375 0.10171568541666667 0.605085784375 0.1045751625 0.6041666671875 0.11356209166666667 0.606617646875 0.11601307291666667 0.6075367640625 0.12009803958333333 0.6127450984375 0.12540849583333333
0 0.5984375 0.05 0.00078125 0.0010416666666666667
0 0.60232843125 0.04084967291666666 0.5983455875 0.041666666666666664 0.5974264703125 0.04289215625 0.5983455875 0.04452614375 0.60232843125 0.04493463958333333 0.60232843125 0.04084967291666666
0 0.6360294125 0 0.6357230390625 0.0016339875 0.6268382359375 0.0036764708333333336 0.62101715625 0.00694444375 0.6127450984375 0.017156862499999998 0.61335784375 0.03063725416666667 0.6109068625 0.03472222291666667 0.6099877453125 0.04003267916666667 0.6075367640625 0.04411764791666666 0.606617646875 0.05065359375 0.6041666671875 0.053104575 0.60232843125 0.06045751666666667 0.6017156859375 0.06535947708333333 0.6029411765625 0.06821895416666666 0.605085784375 0.07148692708333333 0.608149509375 0.071895425 0.6127450984375 0.07883986875 0.6155024515624999 0.07761437916666666 0.6182598046875001 0.07393790833333333 0.6204044125 0.07352941249999999 0.6268382359375 0.07352941249999999 0.63204656875 0.07720588333333334 0.6353146453125 0.07720588333333334 0.6338848046875001 0.08210784375 0.6302083328125 0.08251633958333333 0.627757353125 0.08537581666666667 0.6268382359375 0.090686275 0.6271446078125 0.09517973958333334 0.636335784375 0.10334967291666668 0.6412377453125 0.10539215625 0.6577818625 0.10171568541666667 0.659007353125 0.09885620833333333 0.659313725 0.09354575208333334 0.6580882359375 0.08455882291666666 0.6556372546875 0.07883986875 0.6556372546875 0.07557189583333333 0.651960784375 0.07230392083333334 0.6421568625 0.071895425 0.6421568625 0.06617647083333333 0.6577818625 0.06576797291666667 0.659007353125 0.07107843124999999 0.66482843125 0.07271241875 0.6694240203125 0.07107843124999999 0.6694240203125 0.06740196041666667 0.6740196078125 0.058006535416666664 0.6752450984375 0.052696079166666666 0.6743259796875 0.04942810416666667 0.6743259796875 0.042483660416666666 0.6709558828125 0.032271241666666665 0.669117646875 0.022467320833333335 0.6657475484375001 0.014297385416666667 0.66482843125 0.006535947916666667 0.6614583328125 0.0028594770833333333 0.6571691171875 0.0028594770833333333 0.6556372546875 0 0.6360294125 0
0 0.8661151953124999 0.18218954166666668 0.863664215625 0.19117647083333333 0.8651960781250001 0.1956699354166667 0.8651960781250001 0.20016339791666665 0.8661151953124999 0.20138888958333334 0.86948529375 0.1956699354166667 0.87101715625 0.1985294125 0.87101715625 0.20138888958333334 0.8734681375 0.20424836666666665 0.8728553921875 0.23039215625 0.876225490625 0.23488562083333334 0.8774509796875 0.23488562083333334 0.8844975484375001 0.23202614375000002 0.8897058828125 0.22834967291666666 0.8912377453125 0.22671568541666665 0.890318628125 0.22467320208333333 0.890625 0.21282679791666667 0.889399509375 0.20996732083333333 0.889399509375 0.20588235208333333 0.890625 0.20261437916666666 0.893688725 0.19975490208333332 0.9010416671874999 0.19975490208333332 0.90226715625 0.196895425 0.905024509375 0.19485294166666664 0.910539215625 0.19362745 0.9123774515624999 0.1891339875 0.9123774515624999 0.16421568541666665 0.9114583328125001 0.1589052291666667 0.9080882359375 0.1535947708333333 0.9080882359375 0.14746732083333333 0.907475490625 0.14624182916666667 0.905024509375 0.14746732083333333 0.9044117640625 0.15073529375 0.9010416671874999 0.15114379166666667 0.8985906859374999 0.14910130625 0.8955269609375 0.14338235208333333 0.887867646875 0.14256536041666665 0.8667279406249999 0.1499183 0.859068628125 0.15073529375 0.856617646875 0.1535947708333333 0.8560049015625 0.1576797395833333 0.8584558828125 0.16870915 0.8658088234375001 0.17851307291666665 0.8661151953124999 0.18218954166666668
0 0.715686275 0.10620915 0.719056371875 0.11233660208333333 0.7233455875 0.11478758125 0.7389705875 0.11805555625 0.7417279406249999 0.12050653541666666 0.750306371875 0.12377451041666668 0.7552083328125 0.1233660125 0.7604166671875 0.11968954166666666 0.7604166671875 0.11601307291666667 0.7622549015625 0.11029411666666666 0.7671568625 0.10253267916666667 0.7671568625 0.096813725 0.7640931375 0.09272875833333334 0.7631740203125 0.08946078333333334 0.762867646875 0.07434640625000001 0.761335784375 0.06576797291666667 0.761335784375 0.05228758125 0.7576593140625 0.04493463958333333 0.7518382359375 0.0420751625 0.7411151953124999 0.04084967291666666 0.7368259796875 0.0420751625 0.734681371875 0.04452614375 0.7276348046875001 0.04575163333333333 0.7208946078125 0.05637255 0.717524509375 0.06617647083333333 0.7181372546875 0.07434640625000001 0.7166053921875 0.07965686250000001 0.71476715625 0.10171568541666667 0.715686275 0.10620915
0 0.046875 0.5825163395833334 0.058210784375000005 0.5825163395833334 0.0701593140625 0.5935457520833333 0.0735294125 0.6021241833333334 0.0747549015625 0.6229575166666667 0.077818628125 0.6294934645833333 0.0814950984375 0.6335784312499999 0.0870098046875 0.6352124187499999 0.09895833281250001 0.6335784312499999 0.1056985296875 0.6254084958333334 0.106617646875 0.6221405229166667 0.1127450984375 0.6127450979166666 0.11335784374999999 0.6082516333333333 0.1047794125 0.5976307187500001 0.10355392187500001 0.5951797395833334 0.10324754843749999 0.5882352937499999 0.09681372499999999 0.578022875 0.096507353125 0.5739379083333334 0.09221813749999999 0.5694444437499999 0.08210784374999999 0.5690359479166667 0.077818628125 0.5637254895833334 0.053615195312499996 0.5637254895833334 0.0502450984375 0.56168300625 0.046568628125 0.56168300625 0.0422794125 0.5637254895833334 0.039828431250000004 0.5682189541666667 0.0416666671875 0.5776143791666667 0.0435049015625 0.58047385625 0.046875 0.5825163395833334
0 0.9292279406249999 0.3300653604166667 0.9322916671874999 0.328022875 0.934742646875 0.32965686250000004 0.938725490625 0.34068627500000004 0.94301470625 0.34599673124999997 0.9460784312499999 0.34599673124999997 0.9473039218749999 0.3439542479166667 0.94914215625 0.3435457520833333 0.956188725 0.3349673208333333 0.956188725 0.33088235208333333 0.9546568625 0.32965686250000004 0.9537377453125 0.3255718958333333 0.9497549015625 0.3202614375 0.9469975484375001 0.31045751666666666 0.9436274515624999 0.30392156875 0.9393382359375 0.29901960833333335 0.9359681375 0.3002450979166667 0.9316789218749999 0.30514705833333333 0.924938725 0.30841503333333337 0.9209558828125 0.3141339875 0.9194240203125 0.31985294166666667 0.919117646875 0.32598039166666665 0.920649509375 0.3292483666666667 0.92585784375 0.33047385625000003 0.9292279406249999 0.3300653604166667
0 0.825367646875 0.3627450979166667 0.8296568625 0.3590686270833333 0.8318014703125 0.3500817 0.8363970593750001 0.3435457520833333 0.844975490625 0.34109477083333334 0.8489583328125001 0.33823529375 0.8514093140625001 0.3316993458333333 0.8514093140625001 0.32761437916666664 0.8452818625 0.3214869270833333 0.8373161765624999 0.3190359479166667 0.8314950984375 0.3108660125 0.823835784375 0.31004901875 0.8204656859374999 0.31372548958333335 0.8195465687500001 0.31862745000000003 0.8195465687500001 0.321895425 0.8213848046875001 0.32434640625 0.8204656859374999 0.3255718958333333 0.8210784312499999 0.33129085 0.8189338234375001 0.33210784375 0.81801470625 0.3349673208333333 0.812806371875 0.34191176458333333 0.812806371875 0.34844771249999995 0.8177083328125001 0.35784313749999996 0.8213848046875001 0.36151960833333335 0.825367646875 0.3627450979166667