0 0.1050916609375 0.021228618749999997 0.0920750328125 0.015814829166666666 0.078142575 0.014515825000000001 0.0711032765625 0.015259570833333335 0.068195003125 0.017321847916666668 0.0577456578125 0.01634759375 0.0522287109375 0.021433452083333335 0.0396871109375 0.04033163125000001 0.0367788375 0.042393906249999995 0.0369225890625 0.059674697916666665 0.0441056375 0.07621174583333333 0.05180016875 0.08299607083333332 0.0632213796875 0.08546099583333334 0.065165109375 0.08844233750000001 0.063228703125 0.09199528333333333 0.062588115625 0.09753579166666666 0.0680125734375 0.12090916666666666 0.0671211015625 0.12455953958333334 0.068044253125 0.12697904166666665 0.067484059375 0.13766059375 0.0683341421875 0.14147333958333333 0.07074796562499999 0.14216508125 0.072691696875 0.14514642291666666 0.07452096875 0.15698413125000002 0.07695915 0.15721145625000002 0.0784741765625 0.15501928125 0.0820303609375 0.1539507875 0.0878712640625 0.14936181875 0.10078314375 0.15009898333333332 0.1103093359375 0.14865373333333334 0.11074774999999999 0.14029425833333334 0.1093715359375 0.13316565208333334 0.104609634375 0.12385463541666668 0.104828840625 0.11967489791666666 0.10900125624999998 0.11353031041666667 0.10961748593750001 0.10845421666666667 0.11272061093750001 0.10267661874999999 0.11460830468750001 0.10005250208333334 0.1195820921875 0.09864949166666667 0.1219155234375 0.09420018958333333 0.12344264687499999 0.05840773541666667 0.11778195 0.04621280208333333 0.1159039640625 0.03530392708333333 0.11102028125 0.028314985416666667 0.11081810624999999 0.025496018750000002 0.1050916609375 0.021228618749999997
0 0.8642212390624999 0.32254960416666667 0.8643917343749999 0.31929869791666665 0.86341986875 0.31780802708333333 0.8607308015624999 0.31569056458333333 0.8576763906249999 0.32053933333333334 0.8578785640625 0.32335829791666665 0.8602436750000001 0.3249788708333333 0.8642212390624999 0.32254960416666667
0 0.857381403125 0.21270732291666666 0.8507878421875 0.21162587916666667 0.8447204078125001 0.21386029583333332 0.8335257281249999 0.213749925 0.8271099843749999 0.21595186458333335 0.8224601546875 0.21785176458333336 0.8194544562500001 0.22177170000000002 0.8117892156250001 0.24112453333333334 0.8082452921875 0.27532888958333335 0.8101549578125 0.2923076416666667 0.8142933031249999 0.3001604625 0.8179542359375 0.30376859375 0.8252200640625 0.3053794020833333 0.8320158 0.30927981041666663 0.8369725515625 0.31487550416666665 0.8397834015625 0.31467088958333334 0.8433882968749999 0.31267356458333334 0.8504202718749999 0.3053955291666667 0.8538960640625 0.29918599375 0.8552576296875 0.29324601875 0.8582633296875001 0.2893260833333333 0.8671416093750001 0.2868870520833333 0.8683083265624999 0.28466240000000004 0.8817316890625 0.2756468416666667 0.8832467156250001 0.2734546666666667 0.8830372203125 0.2641014104166667 0.8782996734375 0.2543259770833333 0.871075234375 0.24525205 0.8598488765625 0.23907180416666665 0.8593007781249999 0.21615308125 0.857381403125 0.21270732291666666
0 0.20710569531249998 0.10494307708333334 0.2023024046875 0.10309517916666668 0.19282492499999998 0.1036116 0.18872557968749998 0.10836293958333335 0.1863264015625 0.12073977916666667 0.17606219843749998 0.12958319583333333 0.1748467703125 0.13273667916666668 0.17236481406249998 0.16003975416666666 0.173044403125 0.16710341041666668 0.18061715312499999 0.17620981249999998 0.1877124875 0.18107152708333332 0.1896562171875 0.18405286875 0.1913977765625 0.18421524375 0.1929444828125 0.18809294166666665 0.197116896875 0.1819483541666667 0.20077782812499997 0.1855564875 0.20393698750000003 0.18538434583333335 0.21011887968749998 0.17429356666666665 0.21140737656250003 0.1697468375 0.2162033453125 0.16506044583333335 0.222270778125 0.16282603125 0.22530083437499998 0.15844167916666668 0.2258439953125 0.15475883125 0.22309889374999997 0.14703591041666667 0.22471134531249998 0.14298607291666665 0.23043046718750002 0.14071918333333333 0.2363687953125 0.13427255625 0.23685592187500001 0.12498425 0.23600583749999998 0.1211715 0.23256411250000003 0.11338362916666668 0.22920277812499998 0.11073680416666667 0.214922009375 0.109405325 0.21009436093749997 0.10802184375 0.20710569531249998 0.10494307708333334
0 0.271721134375 0.11423434791666667 0.26970433437499997 0.11264625208333333 0.2717868796875 0.10630681458333333 0.27212786875 0.09980499999999999 0.27092947343749996 0.09595977708333334 0.26550262812500003 0.09265368333333333 0.2592330203125 0.09206913124999999 0.246596384375 0.09275768958333333 0.24045588125 0.09638535000000001 0.239191740625 0.10046766458333334 0.2392063859375 0.11353624375 0.2448914421875 0.12526676041666668 0.2446965921875 0.12898208333333333 0.24621894218749998 0.13332419583333335 0.24585359687500002 0.140290425 0.24742465937499997 0.14370370833333332 0.248006825 0.15262502291666669 0.25471978125 0.17145167291666666 0.255472440625 0.17712208124999998 0.2607287921875 0.18367908125000001 0.2644871484375 0.18542955208333334 0.26946093437499996 0.18402654166666668 0.28015622812499996 0.16028935833333333 0.2826845109375 0.15212473541666668 0.2835102390625 0.15640189791666667 0.28545397031249997 0.15938323958333334 0.29007944375 0.15794775416666665 0.2908978484375 0.15569062916666668 0.29820506562500004 0.14983831458333335 0.2984973421875 0.14426533333333333 0.29440770625 0.13548368125000002 0.2894265984375 0.13035240208333335 0.2875486125 0.11944352500000001 0.2856292375 0.11599776666666667 0.271721134375 0.11423434791666667
0 1 0.2595702 0.9888922265625 0.26790396041666664 0.9796729578125 0.27684480624999996 0.97687675625 0.2901179979166667 0.981363415625 0.29800329166666667 0.9830148703124999 0.30655761875000004 0.9846102906249999 0.30950648750000004 0.9844154406250001 0.3132218083333333 0.9874918203125 0.32797590833333334 0.987952203125 0.3392193 0.9900493953125 0.34594844166666666 1 0.3465065666666666 1 0.2595702
0 0.3782896359375 0.04436700833333333 0.36820325 0.05649380833333333 0.3646543890625 0.06409659375 0.3627326265625 0.08071811666666666 0.36743849375000004 0.084423675 0.377191215625 0.08533297708333333 0.3876088796875 0.08023735625 0.38947221875000004 0.07807765625 0.39370066875 0.07753852708333334 0.3998655265625 0.07344645 0.40374566562499997 0.07287484375 0.40707531875 0.06945179791666667 0.40906044062499997 0.06497002083333334 0.4091505421875 0.056578070833333334 0.40747473125000006 0.04848816041666667 0.3976659734375 0.0419734 0.390027478125 0.04079453125 0.38333649062499997 0.041570752083333336 0.3782896359375 0.04436700833333333
0 0.7486007640625 0.08449347708333334 0.745570709375 0.08887782916666667 0.7426454031249999 0.09793881041666667 0.7368532125 0.10159894583333333 0.734795025 0.10747396875 0.7353771890624999 0.11639528541666667 0.7384706015625 0.12415068124999999 0.737530415625 0.12872988333333332 0.7382100046875 0.1357935375 0.744511290625 0.1424479625 0.7466328390625 0.14871268750000002 0.7584754296875 0.14981683958333333 0.7697602125 0.1415352625 0.7764268421875 0.14122345833333333 0.779505609375 0.135910275 0.7791499749999999 0.12934351041666667 0.7694800328125 0.11350796875000001 0.760764921875 0.10616180208333333 0.7550481875 0.08836141041666666 0.750366678125 0.08419143541666667 0.7486007640625 0.08449347708333334
0 0.1138855875 0.38746379999999997 0.10707281875 0.3905620979166667 0.0876697390625 0.41348740208333334 0.0863325296875 0.41896296041666664 0.0882275484375 0.42287313541666666 0.087740421875 0.43216144166666665 0.09476268593750001 0.43841640000000004 0.0986501484375 0.44437908541666665 0.10452273125 0.44585999375 0.1092699859375 0.4421024291666667 0.11127946250000001 0.4371562375 0.1146091171875 0.43373318958333335 0.1167720546875 0.4325347958333333 0.1212513921875 0.4338858020833333 0.1252045984375 0.4319209520833333 0.126687946875 0.4236589020833333 0.128972665625 0.42013842916666666 0.1373564984375 0.4204534166666667 0.1406130828125 0.4184236145833333 0.14366749375 0.41357484791666665 0.1475329875 0.3999346645833333 0.155310296875 0.3917927520833333 0.155456434375 0.3890062604166667 0.15288915 0.3845667208333333 0.15206342343749998 0.38028955833333333 0.14752805 0.37333309375 0.146653609375 0.36998476041666667 0.14811992499999999 0.36872141458333335 0.159735984375 0.36747101666666665 0.1627173265625 0.36401549375000003 0.162636934375 0.35887445208333335 0.1568300984375 0.34946600833333336 0.14971773125 0.351603 0.12760122812500002 0.37287526041666663 0.12253001562500002 0.37613592916666666 0.1138855875 0.38746379999999997
0 0.10594988125 0.36525634583333333 0.10565760625000001 0.37082932916666667 0.10802271562500002 0.3724499 0.11195156718749999 0.37094946458333333 0.1297178390625 0.3525384125 0.1354856734375 0.34934268958333337 0.1377460359375 0.3462866333333333 0.13992600625 0.3380895333333333 0.137212584375 0.33643648750000005 0.1274111515625 0.33645601458333335 0.1257499859375 0.3414346833333333 0.12129500468750001 0.3396192625 0.11589012968750001 0.3559160375 0.10594988125 0.36525634583333333
0 0 0.52019784375 0.0031375124999999996 0.5236775791666667 0.0094071171875 0.52426213125 0.013757349999999998 0.521400925 0.02228731875 0.51892941875 0.0288492015625 0.5139409875000001 0.0353209828125 0.5173445062500001 0.039573789062499996 0.5163409604166667 0.047027145312500004 0.5077021583333333 0.0490366203125 0.5027559645833334 0.049798990625 0.49489337916666665 0.048827125 0.49340270833333333 0.04909504375 0.48829413958333334 0.056628790625 0.48479637708333334 0.0574812625 0.4685418416666666 0.056655534375000004 0.4642646791666667 0.0529946015625 0.4606565458333333 0.040350640625 0.4548108166666667 0.0305492078125 0.4548303458333333 0.0280136015625 0.45646068125 0.019929368750000002 0.457107 0.018414340625 0.459299175 0.01560349375 0.4595037916666667 0.011852459375 0.46428760625 0.011608896875 0.4689317604166667 0 0.48279796875 0 0.52019784375
0 1 0.23335588541666666 0.99566838125 0.23213422083333332 0.9837283640625 0.23288772708333333 0.9825616484375 0.23511237916666666 0.9716738906250001 0.24249760208333332 0.9638235109375 0.25203276041666667 0.9653215046874999 0.25683928958333335 0.964883090625 0.2651987645833333 0.963521525 0.2711387375 0.9550792703125 0.28528557499999996 0.9558075734375 0.29142039999999997 0.9640696234374999 0.2940574625 0.9702101265625 0.29042980208333335 0.9747064953125 0.28478210416666666 0.97559796875 0.28113173125 0.979373359375 0.27588349791666666 0.991152590625 0.26484790416666665 1 0.2581219833333333 1 0.23335588541666666
0 0.959624515625 0.3454451854166667 0.9546994421875 0.34591936458333333 0.9478136062500001 0.35041090625 0.94480790625 0.3543308416666667 0.9430566390624999 0.3677014604166667 0.9404236078125001 0.37118945833333333 0.9371426671875 0.373683675 0.9273412343749999 0.3737032020833333 0.919936590625 0.38141317708333333 0.915708140625 0.38195230625 0.9102642624999999 0.3856449166666666 0.9181682906249999 0.40178250000000004 0.9186286734375001 0.41302588958333336 0.923132365625 0.4139124833333333 0.9284958515625 0.4050788270833333 0.9433782078125 0.38826563541666664 0.9469587484374999 0.386732725 0.9499644453125 0.3828127875 0.967786753125 0.3700071916666667 0.9711407640624999 0.3661197291666667 0.9746969468750001 0.3650512354166667 0.9798899406249999 0.3594684875 0.9856991640625001 0.34880964791666663 0.9862276781249999 0.3320582208333333 0.9840817734374999 0.3262579125 0.9791567015625 0.32673209166666667 0.9738419265625 0.33463691458333333 0.9653923484375 0.34224946458333333 0.959624515625 0.3454451854166667
0 0.7398108484375 0.36555238958333336 0.7347810265625 0.3613499416666667 0.7360208125 0.35773204374999995 0.7353729 0.3567382645833333 0.7340356906250001 0.3622138229166667 0.7310787046875 0.36520492916666664 0.7290935843749999 0.36968670625000005 0.7262340234375 0.37082015208333335 0.717760090625 0.3788971145833333 0.7158650718749999 0.37498694166666663 0.716108634375 0.3703427875 0.7179963296875 0.36771867291666666 0.7187586984375 0.3598560895833333 0.72069510625 0.35630314166666666 0.7215061875 0.34751172500000005 0.7204295734375 0.341344425 0.7157967765625 0.3362456208333333 0.711146946875 0.33814552291666666 0.7088622265625 0.34166599375 0.7087988671875001 0.32952624583333334 0.7058589140625 0.32551865 0.6813236500000001 0.3194975958333333 0.673668121875 0.32531743333333335 0.6606831734374999 0.3259735166666667 0.65745094375 0.3275389 0.6562355156249999 0.33069238333333334 0.6568907484375 0.33822045208333334 0.65056271875 0.35209772708333337 0.65041658125 0.35488421875 0.65784319375 0.3667771125 0.654562253125 0.3692713270833333 0.64717464375 0.3699825958333333 0.6427026296875 0.37516588125 0.638384078125 0.3840969583333333 0.6380187328125 0.3910631895833333 0.642132725 0.39938042500000004 0.65007081875 0.40152059791666667 0.6530838421875 0.40413495000000005 0.6571004078125 0.41430984583333336 0.6608100515625 0.41698915 0.66411535 0.41403051874999997 0.6690160671875 0.41402075416666667 0.6706845546875 0.415576375 0.6736561875 0.42565384791666666 0.6735904421875001 0.43358138125 0.66979801875 0.44582831875 0.668638625 0.4545872604166667 0.6728256859374999 0.46151125 0.6793705343750001 0.46352152291666665 0.6872282390625 0.4605206520833333 0.69418714375 0.4546358645833333 0.6994288484375 0.44812428541666666 0.7006442765625 0.4449708041666666 0.6998282609375 0.4271606479166667 0.7043563093749999 0.42758282291666666 0.70506025625 0.43418206249999997 0.7076031828125 0.4390860166666667 0.7124795453125 0.43954066875000003 0.7244122375 0.43225286875 0.725578953125 0.43002821875 0.739423696875 0.4196518895833333 0.7417571281249999 0.4152025875 0.7420347578125 0.39656102499999996 0.741832584375 0.3937420583333333 0.7366249453125 0.3862562270833333 0.7405464734375 0.37822150416666667 0.741211415625 0.3722165791666667 0.7398108484375 0.36555238958333336
0 0.44707781406249997 0.1809859666666667 0.4434972734375 0.18251887708333334 0.4363191609375 0.19258340208333333 0.4354106546875 0.20323247916666667 0.433425534375 0.20771425625 0.43245128125 0.22629086666666665 0.4340053109375 0.23670285416666664 0.43921295000000005 0.2441886854166667 0.45630456875 0.24531555 0.46726539687499996 0.23653708125 0.4817750828125 0.22015582708333334 0.4822378515625 0.21133193541666667 0.48138776875 0.20751918958333335 0.47293325625 0.18853016458333333 0.46832481406250004 0.18296694791666665 0.45827249375 0.1810963375 0.45295039687500005 0.18246687291666666 0.44707781406249997 0.1809859666666667
0 0.1709591453125 0.06003785625 0.1674029625 0.06110635 0.158929028125 0.06918331458333334 0.154610475 0.07811439375 0.15389682031250002 0.08504815 0.161291753125 0.09087116875 0.16555920625 0.10293620208333333 0.16931756250000002 0.10468667291666667 0.17322937968750002 0.11018494375 0.1770608078125 0.11054217083333334 0.1801395734375 0.10522898750000001 0.1978888125 0.09381663750000001 0.1990555296875 0.09159198541666667 0.19954265468750002 0.08230367916666667 0.19377720781250002 0.06543211875 0.192320603125 0.053162470833333336 0.18861095781249998 0.05048316875 0.1805997953125 0.04973624166666667 0.1709591453125 0.06003785625
0 0.317830065625 0.2361382625 0.31698730468749997 0.23885980625 0.3176352140625 0.2398535875 0.317830065625 0.2361382625
0 0.3514602671875 0.18887169374999999 0.3482280390625 0.19043708125 0.3439582 0.19843932916666668 0.343892453125 0.20636686458333334 0.346791015625 0.21783758333333333 0.34550251875 0.22238431041666665 0.342521178125 0.22583983333333332 0.337968771875 0.22588207291666668 0.3352553484375 0.224229025 0.3307930453125 0.21587931458333334 0.329723753125 0.21624630416666665 0.329626328125 0.21810396458333334 0.325575696875 0.22192647708333332 0.325081246875 0.22468049375000002 0.3214276375 0.22760664791666668 0.3211353625 0.23317963333333333 0.32360522187499996 0.23947683333333333 0.320972190625 0.24296482916666667 0.316670671875 0.24489720625 0.3086254421875 0.2581476875 0.30422649687500003 0.26193772291666667 0.30286493124999997 0.2678776958333334 0.303244921875 0.27398004583333335 0.3123010203125 0.27482439791666663 0.315686709375 0.27700681041666664 0.3183830984375 0.28565856041666665 0.32451389062499997 0.29556389375 0.32827224843749997 0.2973143645833333 0.332208421875 0.30234821875 0.3440266578125 0.3039167875 0.3477363015625 0.30659608958333334 0.349655675 0.31004184791666667 0.357294171875 0.31122071458333334 0.3614178734375 0.30600495624999996 0.364691490625 0.29697645208333334 0.3680211453125 0.29355340416666664 0.368167284375 0.2907669125 0.3725589046875 0.28044258749999995 0.3728268234375 0.27533401874999996 0.3691658921875 0.2717258875 0.37030825156249997 0.26996565 0.37520896875 0.26995588541666665 0.384445271875 0.2540163375 0.38573376875 0.24946961041666665 0.3850785359375 0.24194153958333334 0.38248689375 0.23796641666666665 0.381709878125 0.23276042291666668 0.3749798890625 0.22093247916666667 0.37609056875 0.21310237083333333 0.37921805000000003 0.20686035625 0.37993170468750004 0.19992660208333335 0.37905726562500003 0.19657827083333332 0.37073917968750003 0.18833574791666668 0.3592449 0.18726407083333332 0.355988315625 0.18929387083333332 0.3514602671875 0.18887169374999999
0 0.6072495046874999 0.016712204166666668 0.6068208 0.011538685416666666 0.6059834703125 0.0086605 0.53765295625 0.0022896520833333334 0.53962104375 0.004806579166666667 0.5500533546875 0.0127795375 0.5599595359375 0.01743663541666667 0.5628751328125 0.02190864791666667 0.568577221875 0.026640464583333336 0.580824159375 0.033382550000000004 0.5897998640625 0.029085858333333332 0.5971874734375 0.02837458958333333 0.6044703359375 0.022986691666666666 0.6072495046874999 0.016712204166666668
0 0.64535714375 0.1910723375 0.6445874515625001 0.19240063125 0.64516229375 0.19478766041666665 0.64535714375 0.1910723375
0 0.6870301890625 0.15062256875 0.6851912062500001 0.15231785416666668 0.686413959375 0.15569866041666666 0.687831559375 0.15536414791666667 0.6879630515625 0.13950907499999998 0.6878899828125 0.14090232083333334 0.6868450484374999 0.14080489583333333 0.6872006828125 0.1473716604166667 0.68533734375 0.1495313625 0.6870301890625 0.15062256875
0 0.717026365625 0.14595230625 0.7145881843749999 0.14572497916666668 0.7072176078125 0.13943754583333332 0.7028673750000001 0.14229875 0.6916873421874999 0.15525695625000002 0.6919382296875 0.15714709375 0.6925130703125 0.15953411874999998 0.69694369375 0.16181395625 0.706647703125 0.16365208958333335 0.7076195671875001 0.16514276041666667 0.7032449796875 0.16846838333333333 0.684711403125 0.16814045 0.6803855265625 0.17053723958333336 0.6773798296875 0.17445717708333333 0.6760913328125 0.17900390416666667 0.6731099890625 0.18245942708333332 0.6691811390625 0.18395986041666665 0.6616790703125 0.19352749791666665 0.6599131546875 0.19382953541666667 0.6575797234375 0.19827883958333334 0.6434183484375 0.21469256666666667 0.639148509375 0.22269481666666666 0.63060150625 0.23216502708333334 0.6297343875 0.23535098333333335 0.6263560218750001 0.23970285833333332 0.626185528125 0.24295376666666665 0.6495540765625 0.2511994708333333 0.653085903125 0.25059539166666667 0.6635449578125 0.23803665000000002 0.6757528921875 0.23217457500000002 0.683554559375 0.22356824583333335 0.6948466640625 0.22182095625 0.6960133796875 0.21959630416666667 0.69654921875 0.20937916666666664 0.6977646484375 0.20622568541666667 0.7071056984374999 0.19496276458333334 0.7128248203124999 0.19269587500000002 0.717021590625 0.18608687083333333 0.7185292953125 0.17736040625 0.71775228125 0.1721544125 0.7098385421875 0.169549825 0.7096120109374999 0.16719527291666667 0.721771234375 0.16226202708333334 0.73082733125 0.16310637916666665 0.7319940484374999 0.16088172708333334 0.7337356046875 0.16104410416666667 0.735145884375 0.1541753 0.73427144375 0.15082696666666667 0.738621675 0.14796576041666668 0.7387434578125001 0.14564368333333333 0.7356817234374999 0.14395816250000001 0.7378690171875 0.14229535208333333 0.7380151546875 0.13950886041666666 0.7307736828125 0.1374336375 0.72741235 0.13478681041666668 0.7227381625 0.13715112499999998 0.721376596875 0.1430911 0.717026365625 0.14595230625
0 0.3764173984375 0.39374039166666663 0.3627845390625 0.39340269375 0.35689492343749996 0.39892049166666665 0.354293571875 0.4084783604166667 0.35504623125 0.41414876874999995 0.348662165625 0.42242058541666666 0.346603975 0.42829560625 0.3468865421875 0.4362556166666666 0.34863542187499996 0.44295228333333336 0.3541913734375 0.4504705875 0.365393375 0.4571152479166667 0.3727395953125 0.4638671 0.377194575 0.46568252083333334 0.383335078125 0.4620548604166667 0.3874100671875 0.4577679333333334 0.390245271875 0.4570989041666667 0.39441768593750004 0.4509543145833333 0.4010867046875 0.43057522708333335 0.40077978124999997 0.42307963333333337 0.3992817875 0.41827310416666663 0.39011361875 0.4062178354166667 0.389312246875 0.40147625833333334 0.3866475359375 0.39889438125 0.3764173984375 0.39374039166666663
0 0.0336593296875 0.32211476041666665 0.02849069375 0.3272330916666667 0.0320542 0.33269888750000004 0.040194468750000004 0.3376580270833333 0.0450951859375 0.3376482625 0.050465996874999995 0.3353488958333333 0.061960273437500005 0.336420575 0.06775246406249999 0.3327604375 0.0711308296875 0.32840856041666666 0.0730428828125 0.3253200291666667 0.0722415109375 0.32057845208333335 0.070597378125 0.31855841458333334 0.066466353125 0.31723988125 0.0490020671875 0.3165449604166667 0.04609379375 0.3186072354166667 0.0336593296875 0.32211476041666665
0 0.0463274859375 0.2607599375 0.040082234375 0.25971097083333333 0.0386402765625 0.26050990208333336 0.038832740625 0.2768618625 0.0377147375 0.27815768333333335 0.035388628125 0.28914127500000003 0.0322611484375 0.2953832875 0.032017584375000005 0.30002744166666667 0.03674780625 0.30326858333333334 0.0757684015625 0.2933728 0.0819576171875 0.28881630625 0.0821768234375 0.28463656875 0.08030616093750001 0.28026198125 0.0773662078125 0.27625438541666664 0.06827843125000001 0.26934015833333336 0.0568328640625 0.26733964791666665 0.048967839062500004 0.26380623125 0.0463274859375 0.2607599375
0 0.252248021875 0.38543016875 0.2459784140625 0.38484561666666667 0.2426170828125 0.38219878958333336 0.23854209218750003 0.3864857166666667 0.23720249531249998 0.41202855833333335 0.239874528125 0.42114472500000005 0.2474302453125 0.43724983125 0.2507428671875 0.44082548958333334 0.260641725 0.4389483 0.2692594109375 0.44815212708333335 0.2748080375 0.44913614375 0.2770684 0.4460800875 0.27646187968749997 0.4376231875 0.2719362171875 0.41713372708333335 0.2713954421875 0.4007492916666667 0.268901225 0.3949165083333333 0.2579914984375 0.38269886458333335 0.252248021875 0.38543016875
0 0.8650547765625 0.53356946875 0.84797048125 0.5389768958333333 0.832223396875 0.5389087625 0.8245532203125 0.5316600208333333 0.8214671296875 0.5304389145833334 0.8185832140624999 0.532036775 0.8201689234374999 0.5485186354166667 0.8232306578124999 0.5502041583333334 0.8251743890625001 0.5531855 0.8319701234375 0.5570859083333333 0.8406048421874999 0.5592910333333333 0.8459342624999999 0.5644547854166666 0.8527299984375001 0.56835519375 0.867634321875 0.57114486875 0.8764151765625 0.5705635 0.87932345 0.568501225 0.88485504375 0.5764839458333333 0.8933923374999999 0.58054673125 0.9031450578125 0.5814560333333334 0.9088154671875 0.5801179729166667 0.914178953125 0.5712843166666667 0.9198250046875 0.5704106729166667 0.9228063484375 0.5669551520833332 0.9240217765625 0.5638016687499999 0.9245819718750001 0.5531201166666667 0.9264696671875001 0.5504960020833334 0.9354039828125 0.5536624291666666 0.9404264828125 0.5513305895833334 0.9419902234374999 0.54820958125 0.9417393359374999 0.5463194458333334 0.9366608031249999 0.5430458270833333 0.8893391546875 0.5377003854166666 0.8755284781249999 0.5340793083333334 0.8691858015625 0.5348880020833333 0.8650547765625 0.53356946875
0 0.9179541812500001 0.49929994791666665 0.9115481484375 0.48796889374999997 0.9071175234375 0.48568905625000003 0.9032130281249999 0.486725075 0.893523665625 0.49795552083333333 0.888825121875 0.5007842520833333 0.8795084281250001 0.5115827583333333 0.87374059375 0.5147784770833334 0.872549521875 0.5174675458333333 0.8772797453125 0.5207086895833333 0.8940230515625001 0.5218030770833333 0.901863721875 0.5258009104166667 0.9286837046875001 0.5283014916666666 0.9434345671875001 0.52734336875 0.946391553125 0.5243522625 0.9467568984374999 0.5173860333333333 0.9492121125 0.5106146541666666 0.94938260625 0.5073637479166666 0.9481111406249999 0.5049117708333334 0.9415589687500001 0.4963672083333333 0.938375453125 0.4970037625 0.9313434781250001 0.5042817979166666 0.9240289374999999 0.5035998208333333 0.9179541812500001 0.49929994791666665
0 0.8573600828125001 0.46004900625 0.8525080796875001 0.45912993958333337 0.84290881875 0.46196843541666666 0.8403732125 0.46359877083333334 0.8354311078125001 0.4710716541666667 0.8353336812500001 0.4729293145833333 0.8236835546875 0.48817712291666665 0.821503584375 0.496374225 0.819194509375 0.5003591104166667 0.8190240140625 0.50361001875 0.82131605625 0.5066238354166667 0.8326885531249999 0.5100175895833333 0.8520965703125001 0.5136938541666667 0.8573699546875 0.51325215 0.8643775734375 0.50643853125 0.8667353625 0.5015248145833333 0.8763346234375 0.49868631874999997 0.8935333765625 0.4844225270833334 0.9006140640625 0.4762156645833333 0.8998126921875 0.47147408541666663 0.8916724234375 0.46651494583333336 0.87634671875 0.46508604166666667 0.868294165625 0.47180223541666666 0.862762571875 0.4638195145833333 0.8573600828125001 0.46004900625
0 0.6167659859375 0.02879994791666667 0.6121478328125 0.03676972291666667 0.6119773390625001 0.04002062916666667 0.6084284796875 0.04762341458333333 0.6048479390625 0.049156325 0.599606234375 0.05566790208333334 0.5985028765625 0.0700323 0.599482065625 0.0780572625 0.6037178390625 0.08405242083333334 0.6054910765625 0.09028467083333333 0.603861590625 0.10133321249999999 0.59780148125 0.11010191666666666 0.5976796984375 0.11242399375 0.6013649859375 0.11556771041666666 0.6089547718749999 0.11767540833333333 0.617750271875 0.13016261666666668 0.6243438343750001 0.13124406041666667 0.6247919578125 0.10935159166666668 0.629110509375 0.10042051041666666 0.636166840625 0.0926780625 0.6393990703125 0.09111267708333333 0.64225863125 0.08997923125 0.6520357078125001 0.09042411874999999 0.6567098953125 0.08805980208333333 0.6564443625 0.0731010875 0.6532462015625 0.060669064583333335 0.6535871890625 0.05416725 0.6578326718749999 0.046629416666666666 0.6580031671875 0.04337851041666666 0.6558572609375 0.03757820208333333 0.6499042875 0.03095625 0.6315095265624999 0.02130753541666667 0.624097559375 0.02248322083333333 0.6167659859375 0.02879994791666667
0 0.6667208265625 0.09739352916666667 0.6647283828125 0.09534102083333333 0.6616179359375 0.09458432916666666 0.658305315625 0.09100867083333333 0.64225863125 0.08997923125 0.63547021875 0.0926131125 0.6280168625 0.10125191666666668 0.6254885812500001 0.10941654166666666 0.6257370796874999 0.13137396041666666 0.6262875640625001 0.1342254020833333 0.6289035625 0.13773611041666667 0.6410043625 0.1472646875 0.6590678453125001 0.14988222291666667 0.6688863125 0.14286398958333332 0.6728809109375 0.13343602083333334 0.6784709265625 0.12695691666666667 0.6800590234375 0.12337149583333333 0.6799542749999999 0.11869486666666668 0.679476859375 0.11445017916666668 0.6766099734375 0.10904933541666666 0.67294904375 0.10544120208333332 0.669514640625 0.10418762083333334 0.6667208265625 0.09739352916666667
0 0.6361770390625 0.27935348125000004 0.6237596078125 0.27586230208333334 0.6205517359375 0.27696327291666667 0.6186640390625 0.2795873895833333 0.615122503125 0.2937244625 0.6054161078125 0.3119536125 0.603884046875 0.3211444916666667 0.6018989265625 0.32562627083333334 0.6014605125 0.3339857458333333 0.6030072203125 0.33786344375 0.603491959375 0.34864242083333336 0.6060592437500001 0.35308195833333333 0.6078081234375 0.35977862499999996 0.6098639265625 0.37397088333333334 0.6143505859375 0.38185617916666664 0.6198017874999999 0.38469785624999997 0.625496553125 0.38289538125 0.6316370546875001 0.3792677208333333 0.6419256140625 0.3699598854166667 0.65027044375 0.35767071041666665 0.6579576515625 0.3579207458333334 0.6571319250000001 0.35364358333333334 0.6593922890624999 0.35058752708333335 0.6561454125 0.33908433541666666 0.6545670265625 0.3291367625 0.654834946875 0.32402819375 0.65386308125 0.3225375229166667 0.655127221875 0.31845521041666663 0.6592265671875001 0.31370386875 0.6616087125 0.3083257354166667 0.6628728546875 0.30424342083333333 0.6627924609375 0.29910237916666665 0.6604443828125001 0.29048310208333333 0.6569783015625 0.28315964791666665 0.6478661671875 0.2767098375 0.640227671875 0.27553097083333333 0.6361770390625 0.27935348125000004
0 0.415055878125 0 0.41306952187499996 0.0018744895833333333 0.40379421562499995 0.005209877083333333 0.401161184375 0.008697872916666667 0.3998726875 0.0132446 0.4022037328125 0.02886258125 0.4081323515625 0.03594894583333333 0.418209028125 0.037355139583333336 0.424649128125 0.034688783333333334 0.43019043124999995 0.029138510416666666 0.4344675953125 0.027670552083333334 0.44255915 0.033558520833333334 0.44813213437500005 0.03407812291666667 0.454944903125 0.030979827083333335 0.46374279218750003 0.023399752083333333 0.4669506640625 0.022298783333333336 0.471050009375 0.017547441666666667 0.4746232265625 0.009480241666666667 0.4813846234375 0 0.415055878125 0
0 0.0971254109375 0.46010425625 0.0926874625 0.4512901270833333 0.0909629390625 0.44412904791666663 0.091376996875 0.4362339875 0.08873664375 0.43318769583333333 0.0849295734375 0.4323660541666667 0.0832684078125 0.43734472291666665 0.07959044374999999 0.44073529375000003 0.07613900625 0.44648041666666666 0.0739493265625 0.4682105125 0.0754619671875 0.48608561875 0.07703303125 0.48949890208333335 0.0796636734375 0.5060781875 0.08061611875 0.5346348458333333 0.07830465625000001 0.5586870145833333 0.08027274375 0.5612039416666667 0.0865179953125 0.5622529083333333 0.0904955578125 0.5598236416666666 0.0937301734375 0.5381909749999999 0.0969550796875 0.5300913 0.1021967828125 0.5235797208333334 0.1042793296875 0.5172402833333334 0.1057236765625 0.49637407083333335 0.11621440937500001 0.4898852020833333 0.11613401718750001 0.48474415833333334 0.1050294390625 0.47624183541666665 0.102980959375 0.4685838666666667 0.10064020625 0.4664988791666667 0.099466165625 0.46218924166666664 0.0971254109375 0.46010425625
0 0.4971224328125 0.10771532291666668 0.49162251718750005 0.10580247708333333 0.48669744374999996 0.10627665416666666 0.48254938750000004 0.11195682916666666 0.4821109734375 0.12031630208333333 0.47835993906249996 0.12510012083333333 0.47049252499999994 0.14163398541666666 0.4710016203125 0.15194854791666668 0.4686438328125 0.15686226458333333 0.46835155781250004 0.16243524791666666 0.4743362109375 0.17512707291666668 0.47681339375 0.1879585625 0.4821671703125 0.1926579 0.486022953125 0.19255071041666666 0.48935260625000004 0.18912766458333333 0.4894500328125 0.18727000208333333 0.493622446875 0.18112541458333334 0.4988154390625 0.17554266666666668 0.511744353125 0.169281125 0.516272403125 0.1697033 0.518435340625 0.1685049041666667 0.520420459375 0.16402312916666667 0.52117550625 0.14962625416666667 0.520447203125 0.14349142916666666 0.5183013 0.13769112083333335 0.5153613453125 0.13368352291666669 0.49571947656250004 0.12111841666666666 0.49991624687499997 0.11450941249999999 0.4971224328125 0.10771532291666668
0 0.7354477078125 0.06833318333333334 0.7395056640625 0.0710449625 0.74408975 0.07707259583333334 0.7485447296875 0.07888801875000001 0.754870371875 0.08507802708333333 0.759339996875 0.09996202708333332 0.7777250484375 0.12314373541666666 0.781839040625 0.13146097291666667 0.7860821375 0.14399042291666667 0.78762645625 0.16793540208333332 0.793028946875 0.17170590833333332 0.7969577984375 0.170205475 0.8017294109374999 0.16598349791666667 0.8025721703125 0.16326195625 0.8099768140625001 0.15555198125 0.8175349187500001 0.15158980625000001 0.8260332078125 0.14304842916666666 0.8313796625000001 0.14121347708333334 0.8364752296875 0.13748838958333334 0.8408424953125 0.12762848125 0.8515767921874999 0.11649546041666667 0.85314053125 0.11337445208333333 0.8545921999999999 0.09904252916666666 0.856229009375 0.09452827708333333 0.8580777015625 0.07929999583333333 0.859641440625 0.07617899166666667 0.862250115625 0.07315540833333332 0.869062884375 0.0700571125 0.8775855312499999 0.06105131875 0.8833046515625 0.05878442916666667 0.9035578171875001 0.03967187083333333 0.9051215578124999 0.036550862499999996 0.68951675625 0.0164487875 0.688106478125 0.02331759166666667 0.6840314890625 0.027604518749999998 0.6824653625 0.05079281041666666 0.6849668999999999 0.06315988125 0.68678885 0.06846329999999999 0.6884573390625001 0.07001892291666666 0.691129371875 0.0791350875 0.7023240515625 0.07924546041666666 0.7188822171875 0.07052217916666666 0.7354477078125 0.06833318333333334
0 0.5295980171875 0.029073129166666666 0.522251796875 0.022321279166666666 0.5145889421875001 0.021606827083333332 0.5074838984375 0.030278104166666667 0.5025831828125 0.03028786875 0.5021374453125 0.03211305625 0.4944819171875 0.03793289166666667 0.4932908453125 0.040621960416666665 0.49309599375 0.04433728125 0.49406785937500003 0.04582795208333333 0.50475105625 0.05569104583333333 0.5128742921875 0.06764889166666667 0.5205444671875 0.07489763125 0.5240349046875 0.08175667083333332 0.52772019375 0.08490038958333333 0.5309110328125 0.09079812291666665 0.53489591875 0.09490314791666667 0.5568395421875 0.09694907708333332 0.559845240625 0.09302913958333334 0.5611580953125 0.08801799583333333 0.562327196875 0.0657260625 0.5610240531249999 0.0572042125 0.5523089421875 0.04985804583333333 0.5428411750000001 0.036841470833333334 0.5344256640625 0.030456610416666665 0.5295980171875 0.029073129166666666
0 0.5331039109375 0.38268143541666666 0.5324730343749999 0.37468895 0.5299057484375 0.3702494125 0.531681371875 0.35641437708333334 0.5297376421875 0.35343303541666665 0.5174566390625001 0.36068835833333335 0.5082130125 0.37009361875 0.5024525015625 0.3798236291666666 0.5130309515625 0.38501009375 0.517938990625 0.39153461875 0.5181411640625 0.39435358541666665 0.5225547546875 0.40363212708333335 0.52795724375 0.4074026354166667 0.5317643140625 0.40822427708333336 0.537020665625 0.414781275 0.5380412437500001 0.4153431166666667 0.5410225859375 0.4118875958333333 0.5414366421875 0.40399253541666663 0.5399386484375001 0.39918600625 0.5401335 0.3954706854166667 0.5367404859375 0.38675398333333333 0.5350232859374999 0.38612719375 0.5331039109375 0.38268143541666666
0 0.48897548906250005 0.36316644583333335 0.49156713124999996 0.36714156875000004 0.49365699999999996 0.36733642083333334 0.49479935937499997 0.3655761833333333 0.49835554374999996 0.3645076875 0.5099326 0.35065312708333335 0.515254696875 0.34928259166666664 0.5165431953125 0.34473586250000005 0.5148990640625 0.342715825 0.5097474609375 0.34083545416666666 0.5085247093749999 0.33745464583333334 0.5090118343750001 0.3281663416666667 0.498562490625 0.3271920895833333 0.49520848125 0.33107955 0.49358631875 0.34866238125 0.48836896875 0.3547095458333333 0.48897548906250005 0.36316644583333335
0 0.5252606921874999 0.3320147458333333 0.5262569140625 0.33304100416666665 0.5326653359375 0.32430477291666665 0.5403208640625 0.31848493541666667 0.5404913578125 0.3152340270833333 0.5387498015625 0.3150716520833334 0.5332084984375001 0.32062192500000003 0.5285830234375 0.3220574104166667 0.5245323890625 0.3258799229166666 0.5243131828125 0.33005965833333334 0.5252606921874999 0.3320147458333333
0 0.7585972109375 0.14749476250000002 0.7555428 0.15234353125 0.7546659734375 0.16906248333333332 0.7582781921875 0.17359944583333334 0.7500307875 0.18403096041666667 0.74622371875 0.18320932083333333 0.7446282984375 0.18026045208333336 0.7435102953125 0.18155627291666668 0.7416616031250001 0.19678455208333334 0.7422681234375 0.20524145416666667 0.7431912765625001 0.20766095416666666 0.746876565625 0.21080467083333332 0.7502208640625 0.22045020416666666 0.757009278125 0.21781632291666667 0.76289889375 0.212298525 0.77120233125 0.20747246875 0.7757547375 0.20743022916666665 0.781498215625 0.204698925 0.7873317953125001 0.19357566666666667 0.79215211875 0.18842486041666667 0.7848302546875 0.18120859583333332 0.7807908625 0.18036529375 0.7814932781249999 0.17809735208333333 0.784004528125 0.17693143125 0.78517124375 0.17470678125 0.78512491875 0.15556832916666666 0.7810352828125 0.14678667708333334 0.7753819078124999 0.14112603333333332 0.766576696875 0.14217181666666667 0.76250170625 0.14645874374999998 0.7585972109375 0.14749476250000002
0 0.9067540781250001 0.2723795895833333 0.8957688953125 0.28162247291666664 0.8923174609375 0.2873675958333333 0.8877553453125 0.3009428291666667 0.8783899390625001 0.31267016458333335 0.876687384375 0.32511195416666666 0.8791328875 0.3318735666666666 0.8671831609374999 0.34616006875 0.8636830140624999 0.35283402291666666 0.8634150937499999 0.35794259166666664 0.8660067343750001 0.3619177145833333 0.8787164421875 0.3598359104166667 0.8812764046874999 0.3577411583333333 0.890527353125 0.35487018958333333 0.8968139921875 0.34845603541666664 0.9023723296874999 0.33590705833333334 0.9064960328125 0.3306913020833333 0.9177321015625 0.3233385541666667 0.9194736578124999 0.3235009291666667 0.9233951859375 0.31546620416666665 0.9292848015624999 0.30994840625000003 0.9319909015625001 0.30506716458333333 0.9324707046875 0.28924456875 0.9313210234374999 0.28447051458333333 0.93192993125 0.2728601333333333 0.9347334546875 0.2661212291666667 0.9339807953125 0.26045082291666666 0.9307168875 0.25594633333333333 0.92725813125 0.25515716666666666 0.9133646734375 0.266462325 0.91087778125 0.26716383125000004 0.9067540781250001 0.2723795895833333
0 0.41694298593749995 0.26171314791666667 0.40724630156249997 0.26640930416666664 0.406103940625 0.2681695416666667 0.3983436640625 0.26931275 0.38887350781249996 0.2763634583333333 0.38571434843749997 0.27653559791666665 0.3820120265625 0.28039058333333333 0.37895761562499997 0.28523935 0.3756839984375 0.29426785625 0.37427371875 0.30113666041666665 0.37512380312500004 0.30494940833333334 0.37318739375 0.30850235416666666 0.3729681875 0.31268209375 0.3747097453125 0.31284446875 0.3792694734375 0.31933651875 0.3886008140625 0.32160659166666666 0.3904958328125 0.32551676458333334 0.3902766265625 0.32969650208333334 0.386881228125 0.34104708333333333 0.39109264375 0.3475066583333334 0.3980345171875 0.348620575 0.40854960625 0.3416672916666667 0.4193472609375 0.34267401875000003 0.42322740156250005 0.34210241458333335 0.42722932187499996 0.3392087333333333 0.4324466703125 0.33316157291666665 0.4349749515625 0.32499694583333333 0.4375592703125 0.3224377791666667 0.4407184296875 0.3222656395833334 0.4436997734375 0.31881011875 0.4354304 0.30963876875 0.44273761718750004 0.30378645416666666 0.44307860468750004 0.29728463958333334 0.44230159062499996 0.2920786479166667 0.43738622656250004 0.27901983125 0.4272705484375 0.26500947708333333 0.423560903125 0.262330175 0.41694298593749995 0.26171314791666667
0 0.055699890625000005 0.12209461666666667 0.0549959453125 0.11549537708333334 0.05150550625 0.10863633541666666 0.0521874828125 0.09563270833333333 0.0517100671875 0.09138802083333333 0.04979069375 0.08794226249999999 0.036693671875 0.07738742916666667 0.030497134375000002 0.07540963125000001 0.028529046875000002 0.07289270625 0.021733312499999997 0.06899229583333333 0.0213866234375 0.06892885833333334 0.014910789062499999 0.19240721041666667 0.0194586265625 0.19245204999999999 0.0299006484375 0.18689201458333335 0.033766140625 0.17325183125 0.035444339062500003 0.16127445833333331 0.039373190625 0.15977402291666667 0.047708309375 0.16101783958333332 0.051685873437499995 0.158588575 0.0528525890625 0.15636392083333334 0.05542958437499999 0.14727046875 0.055699890625000005 0.12209461666666667
0 0.756342271875 0.3773608041666667 0.752849446875 0.39056904791666663 0.7542256593750001 0.3976976520833333 0.7570438312500001 0.40402732708333333 0.7608752562500001 0.4043845520833333 0.7714877718750001 0.39557361041666667 0.78030269375 0.38099483125 0.7823852390625 0.37465539375 0.7819565359375 0.369481875 0.7754603999999999 0.36654277291666665 0.77055968125 0.3665525354166667 0.7645409625 0.36785812083333336 0.7594210390625 0.3720476229166667 0.756342271875 0.3773608041666667
0 0.4925288 0.18195682083333334 0.48828331562500005 0.18949465208333333 0.48837835468749996 0.20770427500000002 0.4925727390625 0.2211625541666667 0.4951887359375 0.2246732625 0.50066429375 0.227050525 0.5123461 0.21787259166666667 0.5165258374999999 0.21826229166666666 0.5243665078124999 0.22226012708333334 0.536606121875 0.22246792291666667 0.542018321875 0.21270543749999998 0.5465073671875 0.20052345208333333 0.5467509296874999 0.19587929791666667 0.5405227125 0.18783162708333334 0.5398187671875 0.1812323875 0.5342628171875 0.17371408124999999 0.520201253125 0.16820286666666667 0.513534621875 0.16851466874999999 0.4981188171875 0.17547771666666667 0.4925288 0.18195682083333334
0 0.332851721875 0.41021270416666666 0.3280240734375 0.40882922083333334 0.327536946875 0.41811752708333333 0.322740978125 0.42280392083333335 0.3159282109375 0.4259022145833333 0.3074542765625 0.4339791791666666 0.30118467031249996 0.4333946270833334 0.29789640624999997 0.42935455624999996 0.290654934375 0.4272793333333333 0.283915234375 0.42898438125 0.27770166406249996 0.43400528958333334 0.27689790625 0.44933099375 0.27468625625 0.45145821875000003 0.27025563125 0.4491783833333333 0.268019625 0.451770025 0.26765428125 0.45873625416666663 0.272455184375 0.4806514333333334 0.279484771875 0.49344068333333335 0.2877955359375 0.4951489145833333 0.291561215625 0.5034336770833333 0.295716596875 0.5042877916666667 0.2994018859375 0.5074315083333334 0.3045534890625 0.5093118833333333 0.31432085625 0.5232897625 0.31668596875 0.5249103354166667 0.3257420671875 0.5257546875 0.3290960765625 0.5218672249999999 0.331178621875 0.5155277854166667 0.33194099062500004 0.5076652 0.3317728828125 0.490848825 0.3329152421875 0.4890885895833333 0.335750446875 0.48841955833333334 0.33950148125 0.4836357416666666 0.34028820625 0.4753087416666667 0.34446794375 0.47569844375 0.35046963125 0.4813915625 0.356042615625 0.48191116250000005 0.362280540625 0.4764258416666667 0.36662344999999996 0.4670303458333333 0.3669400828125 0.4609929479166667 0.3649963515625 0.45801160625000004 0.358200615625 0.45411119583333337 0.348586709375 0.4438811125 0.34686218593749996 0.43672003333333337 0.346377446875 0.42594105625 0.34311353906250003 0.42143656875 0.33828589062500003 0.4200530854166667 0.34166425624999996 0.4157012104166667 0.3460144890625 0.4128400020833333 0.3442972875 0.41221321250000004 0.3427579046875 0.41486980208333335 0.341535153125 0.4114889958333333 0.336756215625 0.40917668333333335 0.332851721875 0.41021270416666666
0 0.2208577875 0.056289841666666666 0.22030730312500002 0.0534384 0.21911623125 0.05612746666666667 0.20508634531249997 0.056686125000000004 0.19993474375 0.054805754166666665 0.19700211406249998 0.05733244375 0.199155340625 0.06966704375 0.20119649687500002 0.07079072291666666 0.2027188484375 0.07513283541666667 0.212607996875 0.08678863958333333 0.2188776046875 0.08737319166666667 0.22444326406249998 0.08135850416666666 0.2298140734375 0.0790591375 0.2343421234375 0.07948131458333334 0.238034734375 0.08915932083333335 0.246394209375 0.08993872291666666 0.261956153125 0.08018918541666667 0.2627672359375 0.07139776875 0.2617953703125 0.06990709791666667 0.24870567187499998 0.06588655208333333 0.2424117109375 0.06576641666666666 0.2390503765625 0.06311959166666667 0.23556726249999999 0.06279483958333333 0.2208577875 0.056289841666666666
0 0.2290881578125 0.05285703125 0.22814065 0.05090194583333333 0.2263016671875 0.05259723125 0.2290881578125 0.05285703125
0 0.229908659375 0 0.229750553125 0.00018325208333333333 0.21627115468749997 0.0035933520833333335 0.2104058953125 0.008646735416666666 0.20961916875000003 0.016973735416666667 0.21163596875000001 0.01856183125 0.2094892765625 0.019450460416666666 0.2093098609375 0.029545422916666668 0.205381009375 0.031045858333333332 0.2042142921875 0.03327050833333333 0.20392201718749997 0.03884349375 0.2114630875 0.04188002083333333 0.21668776093750003 0.04236714791666667 0.22174193749999999 0.046105181249999995 0.2331875046875 0.04810568958333334 0.2351068796875 0.051551445833333334 0.2570261453125 0.054061793749999996 0.2756888265625 0.05860193958333334 0.283699990625 0.059348864583333334 0.2869078625 0.058247895833333334 0.293065396875 0.04762152916666666 0.301821896875 0.047504575 0.301215375 0.039047677083333336 0.294962803125 0.03146441875 0.295206365625 0.026820264583333333 0.30184863906250003 0.02697287916666667 0.3050248328125 0.019802033333333333 0.3055499640625 0 0.229908659375 0
0 0.79023768125 0.211580675 0.7834419453125 0.20768026666666667 0.778938253125 0.206793675 0.7718746000000001 0.20800183541666667 0.75820035 0.21512725625 0.7537283359375 0.22031053958333333 0.748657125 0.22357121041666667 0.7448573781250001 0.22928385833333334 0.7429843296875001 0.24497655416666667 0.739296653125 0.26190011875 0.738193296875 0.27626451874999997 0.7311930015625 0.28961242499999995 0.73082765625 0.2965786541666667 0.7335410796875 0.2982317020833333 0.7340672078125 0.30154755833333335 0.7301943921875 0.30865345208333334 0.7283944124999999 0.3229529 0.73171435625 0.3330628479166667 0.7352535062500001 0.3389930583333333 0.738315240625 0.3406785791666667 0.7435642687499999 0.34070128958333334 0.7466673921875 0.3349236916666667 0.7498996203125 0.33335830625 0.7523938375 0.33919109166666667 0.7562009078124999 0.34001273125 0.7730586734375 0.33225075625 0.783953753125 0.3313998208333333 0.7861654031249999 0.32927259375 0.7933021265625 0.3266711895833333 0.7995887671874999 0.32025703541666667 0.805074034375 0.3091013041666667 0.8048158265625001 0.30067688125 0.8012279625 0.2956755020833333 0.80139845625 0.29242459375 0.8079043031250001 0.28183070208333333 0.8085619234375001 0.2692914895833333 0.8119987125 0.25047778958333333 0.8118866406249999 0.2392668708333333 0.8110122000000001 0.2359185375 0.802962034375 0.22256745 0.8002973250000001 0.21998557083333334 0.7961662984375 0.21866703958333333 0.79023768125 0.211580675
0 0.695940959375 0.48793410000000004 0.692555271875 0.4857516895833333 0.684916775 0.48457282291666665 0.672287459375 0.49179566875 0.665969140625 0.49213995 0.6506751140625 0.49678091874999997 0.6475963484375 0.5020941020833333 0.6464272453125 0.5243860354166666 0.647179903125 0.53005644375 0.6506459859375 0.5373799 0.6543312734375 0.5405236166666667 0.6598799 0.5415076333333333 0.662868565625 0.5445864 0.6692088546875 0.5638449895833334 0.6730719609375 0.5702720895833333 0.6764332937499999 0.5729189166666667 0.68317299375 0.57121386875 0.6882442046875 0.5679531958333333 0.698776328125 0.5540012083333333 0.7086678625 0.5455897291666666 0.7113983187499999 0.5402440708333334 0.720293634375 0.5308063375000001 0.7224736046875 0.5226092375 0.7220936140624999 0.5165068895833334 0.7199890984375 0.5032434604166667 0.7180697234375 0.49979770208333335 0.7173414203124999 0.4936628791666667 0.715373334375 0.49114595 0.695940959375 0.48793410000000004
0 0.125678978125 0.18928837083333333 0.12311169531249999 0.18484883333333332 0.1229825890625 0.18063662083333334 0.1204883734375 0.17480383541666666 0.11464014687499999 0.1728585125 0.1030728 0.17318008125 0.101533415625 0.17583667291666666 0.0986495 0.17743453333333334 0.0912862453125 0.17768138958333332 0.088377971875 0.17974366458333335 0.0827562765625 0.18015289166666668 0.0761700390625 0.18560573958333335 0.0742336296875 0.1891586875 0.07309859375 0.1974532125 0.0738512515625 0.20312362083333332 0.0762967546875 0.20988523541666665 0.0835942625 0.21756591666666666 0.08693856250000001 0.22721144791666664 0.08679242499999999 0.22999793958333334 0.0915543265625 0.23930895624999998 0.09675464375000001 0.24026050000000002 0.09968727187500001 0.23773380833333332 0.106823996875 0.23513240208333333 0.1201085453125 0.23543762499999998 0.1259494484375 0.23084865833333332 0.12761061406250002 0.22586998958333335 0.12886504375000002 0.23532067083333336 0.13071135 0.24015967500000002 0.1373536234375 0.24031228541666666 0.1437133328125 0.2325048875 0.1465728921875 0.23137144166666665 0.1518559875 0.21739674375 0.15217261875000002 0.21135934583333332 0.1497514734375 0.20413331458333334 0.14581529843750002 0.1990994625 0.14101200625000002 0.19725156458333334 0.1386956078125 0.1947021625 0.13881738906250002 0.19238008541666665 0.14030806093749998 0.19065232499999998 0.1477930953125 0.18808339375 0.149680790625 0.18545927708333335 0.1501679171875 0.17617097083333333 0.1439884125 0.16719447083333333 0.1370221828125 0.16654496875 0.132274928125 0.1703025291666667 0.12759103125 0.18619983958333333 0.125678978125 0.18928837083333333
0 0.08672651718749999 0.17118933958333335 0.095782615625 0.17203369166666665 0.099711465625 0.17053325416666668 0.10988556875 0.1700817875 0.1107039734375 0.16782465833333332 0.113190865625 0.16712315416666668 0.11507856093749999 0.16449903958333334 0.11417976406250001 0.16161512291666666 0.112309103125 0.1572405354166667 0.10996834687499998 0.1551555479166667 0.09670815625 0.15438590833333335 0.09119120625 0.15947176666666665 0.08672651718749999 0.17118933958333335
0 0.4826246796875 0.0237601625 0.478866321875 0.022009689583333332 0.47769960625 0.024234341666666666 0.47961898124999996 0.027680097916666667 0.48327259062500005 0.02475394375 0.4826246796875 0.0237601625