0 1 0.2140877875 0.9998206953125001 0.213399925 0.9979804265625001 0.19951491041666666 0.9956605375 0.19295415624999998 0.9929052 0.1902060958333333 0.9883039218749999 0.18018476874999997 0.9839449874999999 0.17554104375000001 0.9820548718750001 0.17177934166666667 0.9825565781250001 0.1626993 0.9817576140625001 0.15844559374999997 0.9789416921875 0.15435313333333334 0.9741693984375001 0.15176631875 0.944605278125 0.14120407708333332 0.9360844453125001 0.14212814166666668 0.9324802999999999 0.14524968749999997 0.9298461359375001 0.14519042708333335 0.9295154468750001 0.14683595833333335 0.9259113031249999 0.14995750416666667 0.9222188140625001 0.16010217916666666 0.91867525625 0.16456812708333332 0.9076810640625 0.16989956458333333 0.897568509375 0.17907332708333332 0.8920300781250001 0.18194473958333335 0.886447475 0.1883277125 0.8830250875000001 0.19548246041666667 0.880192146875 0.21122524583333335 0.8769351046875 0.21755722708333333 0.87171034375 0.23861834999999998 0.8735341999999999 0.24764739791666665 0.873710284375 0.25829234791666666 0.8762561046874999 0.2653747375 0.873957696875 0.2817494083333333 0.8741779546874999 0.28888279166666664 0.8820362749999999 0.2925721375 0.8829179093749999 0.2964144604166667 0.87967728125 0.3076024104166667 0.88123670625 0.31300963958333333 0.8880038765625 0.31719098958333336 0.8939001515625 0.3289977291666667 0.9089718281250001 0.34452344166666665 0.9177559562500001 0.34854354375 0.9218889609375 0.35266563333333334 0.9268266015625001 0.35442968333333336 0.9299567984375001 0.35202065 0.9317093265624999 0.3482375833333334 0.9362613640624999 0.34369101458333334 0.9380965671875 0.33949656666666667 0.9464401796875 0.32924990416666666 0.949697221875 0.3229179208333333 0.9515709234375 0.3218236583333333 0.9529763499999999 0.31483015833333333 0.9607248453125001 0.3026072041666667 0.9604604140624999 0.29898538750000003 0.9617610828125001 0.29415905000000003 0.9611659640625 0.2921827625 0.963480784375 0.28066405625 0.9671676015624999 0.2771311270833333 0.9723147593749999 0.27456084583333334 1 0.27841614375 1 0.2140877875
0 0.10995987031250001 0.34566086041666666 0.10048660625000001 0.35329934583333333 0.0961219984375 0.3552673708333333 0.094286796875 0.35946181666666666 0.09279869843750001 0.36686669791666665 0.0935976625 0.37112040625000003 0.092936284375 0.37441146666666664 0.0894533125 0.3802218104166667 0.0885439171875 0.38474701875 0.0897947421875 0.3900439958333333 0.09873853906249999 0.39985308333333336 0.10519710625 0.4039241791666666 0.12156438437499999 0.39654409583333333 0.122925640625 0.3930621604166667 0.12202759062499999 0.38436386875 0.12518047968749998 0.35550784375 0.12508139375 0.3510632604166667 0.12292684843749999 0.34367974166666665 0.1204580296875 0.34279771666666664 0.10995987031250001 0.34566086041666666
0 0.176275371875 0.40903575625 0.17802790156249998 0.4052526895833333 0.178838209375 0.39628290208333333 0.173482140625 0.37849630416666663 0.173118625 0.3704299020833333 0.16824724375 0.36339850625000003 0.163331690625 0.35987867291666664 0.1636238796875 0.3551329625 0.16175584999999998 0.34961547916666663 0.1557106453125 0.34348746875 0.14846953125 0.34001863125000004 0.1404237796875 0.33890783541666664 0.13611975625 0.34222025625 0.1327522828125 0.3573311520833334 0.132619765625 0.3678658458333333 0.1309827359375 0.38094946041666666 0.132624834375 0.38594530833333335 0.1316933546875 0.39222629791666663 0.13283941875 0.39969043958333333 0.135842771875 0.4012043520833333 0.138884625 0.40581844791666666 0.1442962109375 0.4068699854166667 0.1510577078125 0.41766308333333335 0.1555819859375 0.42148404375 0.1595553203125 0.41981715000000003 0.16193072656250002 0.4096428458333333 0.1654301125 0.40868846249999996 0.1710676296875 0.4102616354166667 0.176275371875 0.40903575625
0 0.8662343124999999 0.16876053333333332 0.8704335750000001 0.167615275 0.8764623671875 0.16888732083333335 0.8805789578125 0.16815344375 0.8870596109375001 0.17046875833333336 0.891727146875 0.1752227354166667 0.8968907187499999 0.17750842083333335 0.9010293953125 0.17501876458333332 0.9064908265625 0.1659469875 0.917176415625 0.16050529583333334 0.920246028125 0.1567518625 0.9214034390625001 0.15099250833333333 0.920240959375 0.1386724 0.9186209468750001 0.13192076875 0.8115358796875001 0.09366296041666668 0.8097997640625 0.10230198958333332 0.8110890875000001 0.11069915000000001 0.8128965296875 0.11487223333333334 0.8193935968750001 0.12204351249999999 0.83681859375 0.12915070208333332 0.84140913125 0.12770431458333334 0.8465727015625 0.12998999791666666 0.851388565625 0.15375645625 0.861605275 0.16710673750000002 0.8662343124999999 0.16876053333333332
0 0.692540575 0.33686509375 0.69694935625 0.33138550625 0.7023337890625 0.31611336458333333 0.7131298078125 0.3018927604166667 0.7180787937499999 0.29043331250000004 0.7232095359375 0.28300706666666664 0.7258714609375 0.2746987979166667 0.7319500953125 0.2658475270833333 0.733300609375 0.25089787916666667 0.7305124468749999 0.2384378875 0.731736115625 0.22741118541666666 0.72648480625 0.207457425 0.7278630781250001 0.18414024375 0.7256643625 0.18026828958333332 0.720726721875 0.17850424166666665 0.7165552171875 0.17128196874999999 0.7098101359375 0.1653448375 0.7089064140625 0.16325829583333332 0.7066414375 0.1646536875 0.705098425 0.16410242291666668 0.698507340625 0.17056602083333333 0.69162406875 0.18177533333333334 0.6847849687500001 0.18947307708333333 0.678496815625 0.20265867708333335 0.6734209843750001 0.2180410729166667 0.6685382578125 0.22423317083333333 0.6670501578125 0.23163805416666666 0.6726984171875 0.24467893958333334 0.6746049453125 0.25329660833333334 0.6746213578125 0.25815257291666666 0.673463946875 0.263911925 0.665324178125 0.2764360083333333 0.6622103953125 0.28370100625 0.6615490171875 0.28699206666666666 0.66283266875 0.302000975 0.6616254125000001 0.3178836395833333 0.670624125 0.335648875 0.6794631671875 0.3476251270833333 0.682609778125 0.3500720583333334 0.690098909375 0.35230674791666666 0.6922648 0.3464667708333333 0.692540575 0.33686509375
0 0.5407724203125001 0 0.541999053125 0.0013349916666666667 0.5442583546875001 0.006551345833333333 0.5452832484375 0.0113266875 0.5443738546875 0.01585189375 0.5446546984375 0.024329677083333334 0.5480379796875 0.038765956250000004 0.5505232125 0.04450394583333333 0.5802758984375 0.05116529166666666 0.5861229328124999 0.048404133333333335 0.5862333640624999 0.03962522083333333 0.5875119468750001 0.03655466875 0.5924275 0.0400745 0.6005559234375 0.040773914583333334 0.6024296234375 0.03967965 0.60560399375 0.03375905 0.6079188140625 0.02224034375 0.608514009375 0.021130231250000003 0.5493696875 0 0.5407724203125001 0
0 0.54457044375 0.31442381875 0.5505443203125 0.3077397145833333 0.5542973953125 0.29893943749999996 0.55619885625 0.28947764374999996 0.5537962953125 0.2833282729166667 0.551410146875 0.2820348645833333 0.5499718921875 0.2793164354166667 0.5249037640625 0.2575738229166667 0.5159820515625 0.24600895416666668 0.5122788203125 0.24468591666666667 0.5102618609375 0.24484716458333333 0.503836121875 0.25048799791666665 0.50027615 0.2500979791666667 0.49438494374999997 0.25637070208333335 0.49023492031250004 0.27208385625 0.49109446874999996 0.2776819625 0.48007251875 0.29138093125 0.4777135265625 0.3064112041666667 0.4806613609375 0.32466017708333333 0.481873684375 0.32685697291666665 0.48541157031250004 0.329002775 0.4900570203125 0.3355125354166667 0.4937823375 0.33507978958333334 0.5006542640625 0.33709397291666665 0.504544925 0.3358384625 0.507939553125 0.33705124791666663 0.5123369875 0.3447951541666667 0.518426365625 0.34741159791666665 0.525596153125 0.33806832291666666 0.5324516671875 0.33522654166666666 0.5357030375 0.33550630833333334 0.539389853125 0.33197337916666664 0.54457044375 0.31442381875
0 0.05092519375 0.23947257083333331 0.0492389234375 0.23798828541666667 0.044483040625 0.24025743958333334 0.04330921875 0.24116082708333333 0.04406968125 0.24231435 0.046417328125000004 0.24050757291666666 0.0469297765625 0.24289524583333336 0.0484948734375 0.24169072916666667 0.047982428125 0.23930305624999998 0.05092519375 0.23947257083333331
0 0.0717964796875 0.16359560208333335 0.0697025203125 0.15755648333333333 0.0592100359375 0.15380787916666666 0.052718401562499996 0.14990133333333333 0.042938559375000004 0.19856648333333335 0.0524195703125 0.20076472916666666 0.05634873124999999 0.2026094020833333 0.058630121874999996 0.20606997500000002 0.0661798390625 0.20964906458333335 0.0686707453125 0.20877530625000001 0.0714317546875 0.20491161875000002 0.07359764375 0.19907164166666666 0.0754826921875 0.18475388125 0.073162803125 0.17819312708333335 0.0717964796875 0.16359560208333335
0 0.3781566953125 0.24879705833333335 0.38091770468749997 0.24493337083333333 0.38810390625 0.24044606041666666 0.388765284375 0.237155 0.3929481328125 0.23115377708333332 0.40581602656250004 0.22472807708333334 0.40816934531250004 0.21630955000000002 0.408445121875 0.206707875 0.40304488125000004 0.19243283958333332 0.40070290625 0.18762787083333335 0.39527490468750004 0.18172036666666666 0.3919080359375 0.17214005208333333 0.3859840015625 0.16870084375 0.3838843703125 0.16927347291666667 0.37283526718750004 0.1666487625 0.3697877421875 0.16864641458333332 0.3680352140625 0.17242947916666665 0.36515303125 0.17360436875 0.3593836015625 0.15787468125 0.35710221249999996 0.15441411041666667 0.3511781796875 0.15097490208333333 0.348444928125 0.14647105833333332 0.344636940625 0.1473151875 0.3443889234375 0.14854933541666665 0.339467696875 0.15164125 0.3385803890625 0.154410675 0.3379795984375 0.15904613333333334 0.3386573890625 0.16061103958333334 0.337334634375 0.16719315833333334 0.3347389703125 0.17023408125 0.332837509375 0.17969587708333332 0.33700273593749996 0.21822110625000002 0.3389755234375 0.22157142500000002 0.33952646875000003 0.22705927916666668 0.34427100624999996 0.23801362291666667 0.3496769203125 0.24567690833333333 0.3553529359375 0.2503502625 0.35829003125000003 0.25713152499999997 0.36370161875 0.25818306041666667 0.36652321250000003 0.25566377291666664 0.3718963 0.25361512708333334 0.3781566953125 0.24879705833333335
0 0.3506066359375 0 0.350768446875 0.004884560416666667 0.3523720453125 0.006780225 0.355490896875 0.017594685416666665 0.36557002031249997 0.02340020208333333 0.37346116875 0.03680147708333333 0.38119264531249997 0.04441376666666667 0.392528265625 0.048904514583333336 0.402524715625 0.0551214125 0.4094187296875 0.05537981458333333 0.41199230781249996 0.054094675 0.41560212500000004 0.04436137916666667 0.417900534375 0.02798670625 0.4205788703125 0.024534402083333334 0.42238124375 0.010628022916666667 0.4207493875 0 0.3506066359375 0
0 1 0.53966585 0.9987822671875 0.5362220479166666 0.99376195625 0.5348693791666667 0.9822774046875 0.5360573645833333 0.97548815 0.5336317979166666 0.9715482484375 0.5203194125 0.9677017609374999 0.5180633583333333 0.958972546875 0.5219994041666667 0.948115940625 0.5348756062500001 0.9465287546875001 0.5378359083333333 0.9438005734375 0.551411525 0.9438169875 0.5562674916666667 0.945007225 0.5602200666666667 0.9530416296875 0.5745543604166666 0.9590483359374999 0.5775821874999999 0.962172859375 0.5817849 0.9682622375 0.5844013416666667 0.9834279328125 0.5862921791666668 0.9876713687500001 0.5816353562500001 0.9950008296874999 0.5780810625 0.999800884375 0.5723003458333333 1 0.5709104833333334 1 0.53966585
0 0.5730117171875 0.3144437875 0.57457114375 0.31985101875 0.5751549171875 0.33505080416666666 0.5778383203125 0.3496779583333333 0.5819549125 0.3489440833333333 0.583768028125 0.3465054208333333 0.595401509375 0.3396387041666667 0.6050565328124999 0.33603341875 0.6092778812499999 0.3331323770833333 0.6146894671875 0.33418391666666664 0.6191973328125 0.33314891041666667 0.6294638890625001 0.33637587916666667 0.633045946875 0.3350101166666667 0.644012378125 0.3380462083333333 0.647511765625 0.33709182708333335 0.6522070609374999 0.333478275 0.65651675625 0.3235541041666667 0.658809490625 0.31379118125 0.6583633015625 0.3061361625 0.6567212046875001 0.3011403145833333 0.6571787375 0.29557183541666665 0.6616152765625001 0.2817247166666667 0.6745771859375 0.2616641375 0.675651925 0.25631616458333334 0.670031425 0.23490775 0.6668684015624999 0.22760485416666668 0.6621787765625 0.22460665833333332 0.6600242328125 0.21722313958333334 0.6620361234375001 0.19898243125 0.6669409359375 0.19103455 0.66667650625 0.18741273125 0.6584874984375 0.18536891666666666 0.6552803015625 0.18157758541666666 0.6540900640625 0.17762500833333333 0.654266753125 0.16357874791666666 0.6517815203125 0.15784075833333333 0.6486349078125 0.15539382708333335 0.6472793265625 0.15226401458333333 0.6383298546875 0.14906667499999998 0.632256890625 0.15130619791666666 0.6276221796875 0.15626415000000002 0.626547440625 0.16161212083333334 0.629115346875 0.16693872916666666 0.6324878890625001 0.16990729375000002 0.6310881328125 0.17028904583333335 0.6285637953125 0.18614208333333335 0.626442078125 0.18847049375 0.622799434375 0.18849185833333332 0.6208430609375 0.18999750416666666 0.6117061578125 0.1893787125 0.6039633359375001 0.19498991875000002 0.6016377734375 0.1950409125 0.598650834375 0.19838296458333332 0.596159928125 0.19925672291666666 0.5911118578125001 0.20627158541666668 0.5872211968750001 0.20752709791666665 0.5848899624999999 0.2141898375 0.582255796875 0.21413057708333336 0.5788719109375 0.22438550625 0.5756369546875 0.22896170624999998 0.5752949218750001 0.24383073125000002 0.58076709375 0.24622667083333333 0.5890551890625 0.25271506666666665 0.5940149156250001 0.2527233333333333 0.5970567671875 0.2573374291666667 0.59664340625 0.25939434166666664 0.5948523781249999 0.2600772229166667 0.5871259703125 0.27054439375 0.5845523921875 0.2718295333333333 0.5814001078125 0.27599435 0.57776253125 0.294095175 0.574913178125 0.3049819916666667 0.5735740093749999 0.30670814583333333 0.5730117171875 0.3144437875
0 0.51730155 0.14727375 0.5193241828125 0.14050075416666666 0.526846746875 0.12775616666666667 0.5345674812500001 0.12390074375 0.53802836875 0.11984618125 0.5456058453125 0.11505774166666667 0.546900840625 0.11684315416666666 0.5417423390625 0.13263693125 0.5406455140624999 0.13974068541666668 0.542039596875 0.14597068125 0.5458198249999999 0.15349408125 0.5496057265625 0.1544057375 0.5515621015625001 0.15290008958333334 0.553479975 0.14829426041666668 0.5620716046875 0.13681344791666666 0.572018815625 0.12846245208333334 0.5746365671875 0.12366574583333333 0.5870141 0.11309658958333334 0.5916323953125 0.10328267083333334 0.5991657 0.1020058 0.6005048671875 0.10027964583333333 0.601496934375 0.09534305625 0.601050746875 0.0876880375 0.5988962015625 0.08030451875 0.5932643578125 0.07211959999999999 0.5867837046875 0.06980428541666667 0.583592921875 0.07086891875 0.5816971343749999 0.07371896666666666 0.5785890218749999 0.07437221875 0.5777679734375 0.07187429375000001 0.5792724859375 0.069325375 0.5814219625 0.058629433333333335 0.5798625375 0.05322220416666667 0.576324653125 0.05107640208333333 0.557229796875 0.047340893749999995 0.55171345 0.048456525 0.5448964375 0.05439848541666667 0.53660266875 0.054521835416666664 0.52974715625 0.057363616666666666 0.522682125 0.06453972916666667 0.5165208171875 0.07380237916666667 0.5146029421875 0.07840820833333333 0.5129494984375 0.08663585625 0.5133792734375 0.08943491041666667 0.5167076421875 0.09591504375 0.5203887843749999 0.09899386041666666 0.5218655390625 0.10481247291666666 0.517825946875 0.11174671458333334 0.5118520703125 0.11843081875 0.5161062453125 0.12524171041666668 0.5115428609375 0.143011775 0.5102863656250001 0.14432654583333332 0.5086329218750001 0.15255419374999998 0.50947605625 0.15329633541666665 0.5082195609375 0.15461110625 0.5124188249999999 0.15346584791666668 0.51730155 0.14727375
0 0.0457666921875 0.25526634791666664 0.0392254546875 0.25160663333333333 0.0385697484375 0.24828594375 0.036123015625 0.2456481354166667 0.044312025 0.24769195208333333 0.052032759375 0.24383652916666668 0.0563317125 0.22244464583333334 0.0529541046875 0.20139661875 0.043078825 0.19786852083333334 0.029344907812499998 0.26620941875 0.031432787499999996 0.26734114791666663 0.0360782375 0.2738509104166667 0.0395334515625 0.2764080958333333 0.0438482140625 0.28456338333333336 0.04682948125 0.28783308124999996 0.0487031828125 0.28673881458333333 0.050147109375 0.2828454979166667 0.052627274999999994 0.2705040270833334 0.05191098281249999 0.2658389375 0.0457666921875 0.25526634791666664
0 0.08521713125 0.088584125 0.0889146890625 0.09651891250000001 0.099302415625 0.10243467916666667 0.1152948328125 0.10021169166666667 0.11978061250000001 0.10093246874999999 0.134230015625 0.09815821458333333 0.136186390625 0.09665256666666666 0.139658621875 0.07937450625 0.1402158453125 0.05355940416666667 0.1427786828125 0.04080655 0.1372295109375 0.03221024791666667 0.13384055625 0.024385714583333332 0.12790010937500002 0.016090541666666666 0.12568497812499999 0.007362622916666667 0.1231334859375 0.00689198125 0.1119960359375 0.011290402083333335 0.10182856874999999 0.012508016666666667 0.098042665625 0.011596360416666666 0.0842268796875 0.0194470875 0.0774253578125 0.026957841666666666 0.07290845 0.049434279166666664 0.0738877890625 0.05279042291666667 0.0721516734375 0.06142945416666667 0.0725814484375 0.06422850625 0.0796793046875 0.06676432708333334 0.09029296249999999 0.07320173125 0.089097053125 0.07586090208333333 0.08747136718750001 0.07572102083333333 0.0843411703125 0.07813005416666667 0.083762465625 0.08100972916666667 0.08521713125 0.088584125
0 1 0.4553370520833333 0.9989330140625 0.4564696895833333 0.9948385078124999 0.45544778333333336 0.9913391234375 0.4564021645833333 0.9839269906249999 0.4603678395833333 0.9817226 0.4631076333333333 0.9775340765625 0.47572060416666667 0.977109371875 0.49100101041666666 0.9722537984375 0.5135167895833334 0.973168259375 0.52707104375 0.9745844281249999 0.53154525625 0.9757967531249999 0.5337420520833334 0.9810429953125 0.5356163541666666 0.9848509828124999 0.534772225 0.9912710499999999 0.5357431375 0.993844628125 0.5344579979166666 0.9979391328125 0.53547990625 1 0.5340636166666666 1 0.4553370520833333
0 0.310260890625 0.13238829791666668 0.30984753125000003 0.13444520833333332 0.310321478125 0.13373269791666667 0.310260890625 0.13238829791666668
0 0.42062001875000005 0.14447888125 0.4278283078125 0.13823578958333332 0.43128919374999997 0.134181225 0.4339511171875 0.12587295416666666 0.4341827203125 0.11978284166666667 0.4324415359375 0.11034241041666666 0.4323039515625 0.10279764583333333 0.4306012671875 0.09645739583333333 0.42628083125 0.09491385416666667 0.42498583593749995 0.09312844166666667 0.4259779015625 0.08819185208333334 0.42517893906250004 0.08393814583333332 0.41847802968750003 0.07448944791666667 0.40699915000000003 0.06906568541666666 0.4018134953125 0.06853578333333334 0.3944234484375 0.070745675 0.3830436546875 0.06976649375 0.3754882640625 0.07279915208333333 0.370853553125 0.07775710416666667 0.3660093265625 0.08704938541666667 0.3626311125 0.09069256875 0.3577647984375 0.10174063125 0.3566900609375 0.10708860208333333 0.3570756625 0.11339922291666667 0.353570603125 0.12096535208333334 0.35335541406250004 0.13191142916666668 0.3589210015625 0.14536369791666667 0.3670879234375 0.14916329583333335 0.37011336250000004 0.14892142500000002 0.37754758125 0.14319996875 0.37983464375 0.14004879166666667 0.381934275 0.1394761625 0.3856375046875 0.14079919791666665 0.3867671578125 0.14340737708333334 0.39119234999999997 0.14278375416666667 0.41018244687500005 0.14868642708333332 0.4155776203125 0.14488199791666664 0.42062001875000005 0.14447888125
0 0.539363909375 0.2662672833333333 0.5515760968750001 0.25652089166666664 0.5588392984375 0.2582339458333333 0.5655515531249999 0.25445914791666663 0.56846149375 0.24491673125 0.5685996828125 0.2277702875 0.5603506921875 0.19969086249999998 0.560279365625 0.18687875 0.55627320625 0.1788337125 0.55396973125 0.17712892291666668 0.5528400796875 0.17452074583333335 0.5486849890625 0.1721544375 0.5382530890624999 0.16975023541666667 0.5338278953125 0.17037385624999998 0.5202878859375 0.16862290416666664 0.513432371875 0.17146468541666668 0.5084063875 0.17672376666666667 0.50580505 0.1863764375 0.505611946875 0.19556673333333335 0.5098661234375 0.20237762291666667 0.5135472671875 0.20545644375000002 0.5160325 0.21119443333333335 0.5157623984375 0.2141843625 0.5145059015625 0.21549913333333331 0.506542821875 0.21397695416666668 0.5044211046875 0.21630536458333335 0.5029330046875 0.2237102479166667 0.5045145171875001 0.22736169583333332 0.50796973125 0.22991887916666667 0.5158387921875 0.24507593749999998 0.5203630703125001 0.24889689791666667 0.526220846875 0.2576034541666667 0.539363909375 0.2662672833333333
0 0.9734786765625 0.45310766875 0.973809365625 0.45146213958333337 0.9692522609375 0.43792924791666665 0.9660450640624999 0.4341379166666667 0.9621985750000001 0.4318818625 0.9607218218750001 0.42606325 0.9567762468750001 0.41936261249999995 0.9476671031249999 0.41037628958333333 0.941698896875 0.4104486479166667 0.933531975 0.40664905 0.9283463171875 0.4061191479166667 0.91953443125 0.410466575 0.9131692765625001 0.4174518104166667 0.9118080234375 0.4209337458333334 0.9117966765625001 0.43415723958333335 0.9090520812499999 0.44287689375 0.90894165 0.45165580833333335 0.9049184734375 0.4634460125 0.906147209375 0.47049877500000004 0.912952878125 0.47778030624999995 0.9298654296875 0.4824998229166667 0.937288303125 0.4900018625 0.9413828078125 0.4910237708333333 0.9565377625 0.48144689166666665 0.9599380625 0.4760479270833333 0.9653553234375 0.47048771666666667 0.9752198625 0.4625481 0.9760465843749999 0.45843427708333334 0.9734786765625 0.45310766875
0 0.6327875640625 0.08447620624999999 0.6320435140625 0.08817864791666666 0.6275741484374999 0.09231383541666666 0.62658208125 0.097250425 0.6376475984375001 0.1047311 0.6383418046875 0.11115197083333334 0.6396973874999999 0.11428178333333333 0.6458694359375 0.11648684375 0.6552045109375 0.12599480208333333 0.6612553890624999 0.12551106041666665 0.6755337765625 0.13017132083333333 0.680140728125 0.13358089791666666 0.68462650625 0.13430167708333332 0.6866049671875001 0.13104024791666666 0.68836316875 0.12064543541666667 0.691642296875 0.11255767083333333 0.6975057437500001 0.11465247916666667 0.70363929375 0.11375735625 0.7072655250000001 0.10888002916666667 0.7081749187499999 0.10435482291666666 0.707976746875 0.09546565625 0.7092995015625 0.08888353750000001 0.7126392171875 0.08214017291666667 0.7135101109375 0.07451478541666666 0.7040980359375 0.05880646041666667 0.696239715625 0.05511711875 0.696344475 0.052949952083333335 0.6956042078125 0.0522445625 0.635838190625 0.03089222083333333 0.6359189703125 0.03268475416666667 0.639451184375 0.04144230416666667 0.6371805359375 0.04944944375 0.6377756531250001 0.051425733333333334 0.63694893125 0.055539558333333336 0.6320662046875001 0.06173165625 0.6294869546874999 0.06962854583333335 0.6301647453125 0.07119345208333333 0.6295033671875 0.07448451041666666 0.6327875640625 0.08447620624999999
0 0.2490044328125 0.28907538541666666 0.249500465625 0.28660709166666665 0.24857465781250002 0.28627633333333335 0.24207191875 0.2857168 0.241410540625 0.28900786041666665 0.24573097656249998 0.2905514041666667 0.2490044328125 0.28907538541666666
0 0.20125250625 0.3209572 0.2033300515625 0.3221403520833333 0.20499423593750002 0.32538041875 0.20791491875 0.3273057125 0.209579103125 0.33054577916666666 0.212273853125 0.3319494375 0.2154589625 0.33749655208333335 0.2192227796875 0.3401639895833333 0.22379123124999997 0.3404733833333333 0.2274452203125 0.327228525 0.23249329218749998 0.3202136604166667 0.23462635468749998 0.30466175416666663 0.23348028906249998 0.29719761041666665 0.233959909375 0.2898733520833333 0.230146853125 0.27263801875000004 0.2297725953125 0.25310390416666667 0.22811408437499997 0.24325209166666667 0.22441085468750002 0.24192905625 0.2230716859375 0.24365520625 0.2131522328125 0.243638675 0.20652265 0.24700209166666667 0.20216878437500002 0.26043782708333335 0.1979310203125 0.25848290208333335 0.1968455421875 0.2523631604166667 0.19448147968750001 0.24931396875 0.193908446875 0.24558189791666668 0.19067916406250002 0.24354635 0.186193384375 0.24282557291666668 0.18477154375 0.24496310833333332 0.18213738125 0.24490384791666667 0.1811068140625 0.24674025416666667 0.1769075515625 0.2478855125 0.1782631328125 0.25101532291666667 0.1773262828125 0.25156245625 0.17063074218750002 0.24784761458333332 0.16945691875 0.24875100208333334 0.16887821249999999 0.25163067916666665 0.16990310625 0.2564060208333333 0.16823325 0.2597777041666667 0.1697762609375 0.26032896875 0.1713356875 0.2657362 0.1745649703125 0.2677717479166667 0.17929876718749999 0.26725837916666667 0.183354771875 0.26518010416666665 0.18639662343750002 0.26979419791666664 0.1791498359375 0.27293710833333334 0.1756447765625 0.2805032375 0.18180548125 0.2959317958333333 0.18879290937499998 0.30724652708333333 0.19309125625 0.3105458520833333 0.20125250625 0.3209572
0 0.8020535453125 0.47166958124999997 0.8052500015625 0.4639932 0.8055421890625001 0.45924748541666666 0.8027155265625 0.4436873145833333 0.7995304156249999 0.43814020000000004 0.7977614734375 0.43706729791666665 0.7956126 0.42307203125000004 0.7897548265625 0.4143654770833333 0.7824310390625 0.41130802083333334 0.7724674140625 0.41480305208333335 0.7690892 0.41844623333333336 0.766680965625 0.41890861041666666 0.762051928125 0.4172548145833333 0.7592524187499999 0.41801832083333335 0.751426925 0.42404090625 0.7478833671875 0.4285068541666667 0.745882821875 0.43352406458333337 0.7416393859375 0.4381808875 0.7394072375 0.4492882125 0.744994909375 0.4609846958333333 0.7445815484375 0.46304160833333335 0.746201559375 0.46979323958333336 0.751690146875 0.47704514375 0.7498215125 0.49621886666666665 0.7546102218749999 0.5036616458333333 0.7584567109375 0.5059177020833333 0.763041575 0.5110830604166667 0.7744819546875 0.5134066416666667 0.777755409375 0.511930625 0.7834206859374999 0.5051362666666667 0.7852558875 0.5009418208333334 0.7944811359374999 0.49453748125 0.8009623921875001 0.4721615854166667 0.8020535453125 0.47166958124999997
0 0.1628936234375 0 0.163070053125 0.017191677083333336 0.1643429625 0.02073287083333333 0.1687018984375 0.025376595833333335 0.169892134375 0.029329175 0.169478775 0.03138608541666667 0.16395675625 0.0391134625 0.16296469062500002 0.04405005208333333 0.16412716875 0.05637016041666667 0.162947671875 0.06388529375 0.16333327343749998 0.0701959125 0.1668434015625 0.08070924583333333 0.1740239296875 0.08283368333333334 0.176244734375 0.08494985416666667 0.1743376 0.10102339791666666 0.178476278125 0.09853373958333332 0.1823448515625 0.09903401041666667 0.18495125625 0.10746080208333333 0.183606415625 0.11579870208333333 0.182680609375 0.11546794375 0.1818759734375 0.11782598333333333 0.177737296875 0.12031564166666667 0.1801013578125 0.12336483125 0.1799524265625 0.12904356250000001 0.1826471765625 0.13044722083333332 0.1827683484375 0.13313602291666665 0.185071825 0.13484081041666668 0.188482865625 0.14090956041666666 0.19605467031249998 0.14273286875 0.199432884375 0.1390896875 0.201064240625 0.13261782083333334 0.2033513046875 0.12946664583333334 0.21339192968749998 0.13217197708333334 0.21836806874999998 0.13703621041666667 0.2220712984375 0.13835924791666668 0.2288441390625 0.13592884791666665 0.2361956859375 0.130618775 0.240042175 0.13287482708333334 0.24807658125 0.14720912083333332 0.2528267890625 0.15155171666666664 0.2556042125 0.15254399375000002 0.25722989687500003 0.15268387708333334 0.26153391875 0.14937145416666667 0.2704833921875 0.15256879375 0.275624875 0.15661026041666667 0.282827490625 0.15697891458333332 0.29440038749999997 0.1487678 0.29685279375 0.14479386041666667 0.297806359375 0.13675708749999999 0.2971784140625 0.12506886875 0.2931671859375 0.09894437083333334 0.290026246875 0.08988569166666666 0.2882023921875 0.08085664166666667 0.2886378390625 0.07704394791666667 0.2871389984375 0.07298111875 0.283336684375 0.06721349791666667 0.280190071875 0.06476656666666666 0.2751369328125 0.05370197083333333 0.2773854953125 0.0474506125 0.2781131328125 0.03889220625 0.27034315625 0.028179729166666667 0.266667684375 0.018489164583333332 0.26642534218749997 0.0131115625 0.2747853671875 0.007720864583333333 0.2878293453125 0.011940110416666667 0.2958088375 0.018318254166666666 0.2992861375 0.01911965625 0.3010165796875 0.017092372916666664 0.3043619671875 0.0037372604166666665 0.306847909375 0 0.1628936234375 0
0 0.115737996875 0.23132275416666664 0.112613471875 0.22712003958333332 0.110811703125 0.21633520833333333 0.1090648453125 0.21350652708333331 0.1065960265625 0.21262450208333333 0.1022812640625 0.20446921041666669 0.09981244375000001 0.20358718750000002 0.09357413437499999 0.2066494729166667 0.08947962968749999 0.20562756666666668 0.087402084375 0.2044444125 0.0854292984375 0.20109409375 0.07925724843750001 0.19888903333333333 0.0735313859375 0.20433898958333332 0.0701254125 0.21634970208333335 0.066995215625 0.21875873541666666 0.063357640625 0.23685956249999998 0.064096015625 0.23976886875 0.0662120625 0.24405220416666668 0.0695240171875 0.24567637083333332 0.07334841875 0.24968820833333333 0.0757509796875 0.25583758125 0.08041851718750001 0.26059155833333336 0.0828210796875 0.2667409291666667 0.08242413125 0.27365380624999996 0.0848266921875 0.27980317916666664 0.1067374703125 0.2876311458333333 0.1256726546875 0.28557767083333335 0.12739235625 0.272082675 0.126390153125 0.24086033958333333 0.1244173671875 0.23751002291666667 0.115737996875 0.23132275416666664
0 0.09780115625 0.19713668541666665 0.10086509531250001 0.19999499791666667 0.1037472765625 0.19882011041666667 0.10278297031250001 0.19538916874999998 0.0983577765625 0.19601278958333335 0.09780115625 0.19713668541666665
0 0.0278047421875 0.34629210416666667 0.0186350125 0.33596138124999997 0.015600657812499998 0.3346017375 0.007470734375 0.3750567895833333 0.0090727984375 0.37531420833333334 0.0207996921875 0.37950382499999996 0.0242990796875 0.37854944375 0.0532692140625 0.38581304791666665 0.057821253125000006 0.38126647916666667 0.0578490109375 0.3728989479166666 0.05571088125 0.37037139375 0.049026384374999996 0.3657786604166667 0.038478984375000004 0.3540739104166667 0.0278047421875 0.34629210416666667
0 0.08025703125 0.3288762041666667 0.0811664265625 0.3243509958333333 0.08063756562499999 0.31710735833333337 0.079138725 0.31304452916666664 0.0772871109375 0.31238301041666666 0.0752316515625 0.30944407291666665 0.0740414140625 0.3054914979166667 0.0745487921875 0.28979970625 0.07939301875 0.280507425 0.07898533125 0.27595258958333335 0.0719259734375 0.2765169520833333 0.0680738125 0.2808726458333333 0.0651916328125 0.2820475333333333 0.06335643125 0.28624197916666666 0.056848020312500004 0.2922941958333333 0.053618735937499995 0.29025864791666667 0.049645403125 0.2919255416666667 0.04368286875 0.28538615 0.0426579765625 0.2806108083333333 0.031878975 0.2749961666666667 0.0276408828125 0.27468876666666664 0.017757515625 0.3238690666666667 0.019241476562500002 0.32471417708333333 0.0198365953125 0.32669046458333334 0.0228399484375 0.32820437708333333 0.0280420171875 0.33359024583333335 0.031844334375 0.33935786458333334 0.041901371874999996 0.3469191625 0.0478639046875 0.3534585541666667 0.055578967187499995 0.35621487916666666 0.0736823609375 0.3401957666666667 0.08025703125 0.3288762041666667
0 0.7317790796875 0.2732820395833333 0.7326607140625 0.27712436458333334 0.7300044640625 0.2788208875 0.7270616984375 0.27865137291666664 0.7316686484375 0.2820609520833333 0.73454515625 0.2874978125 0.7349528453125 0.2920526479166667 0.7294529140625 0.2980242416666667 0.7285435203125 0.30254944791666666 0.7272043499999999 0.3042756020833333 0.7268238171875 0.31604444375 0.728504415625 0.324140475 0.72767769375 0.32825429791666666 0.7304715296875 0.3341025395833333 0.7305927 0.33679134166666663 0.7363072171875 0.34456487916666667 0.7404402218749999 0.34868697083333333 0.75251421875 0.3560870208333334 0.7671617953125 0.36220193125000005 0.7706775953125 0.3661035166666667 0.7764583703125 0.36860970833333334 0.7787233453125 0.3672143145833333 0.7919989265625 0.3653434479166667 0.7956472437500001 0.35871033541666664 0.8038255109374999 0.3492864375 0.8057433843749999 0.34468060833333336 0.810295421875 0.34013403750000004 0.8196146890625 0.3200948208333333 0.8232964359375 0.29848243125 0.8277878890625001 0.29259146041666667 0.8301797093750001 0.28727312083333334 0.8312765343749999 0.28016936666666664 0.830588003125 0.2671367479166667 0.8325279625 0.26077513333333335 0.8343189921875 0.2600922520833333 0.8430425328125001 0.26276795625 0.860814634375 0.27308558125 0.8618010265624999 0.27476074166666664 0.8667828406250001 0.2730132229166667 0.868022921875 0.26684248958333334 0.8659510499999999 0.2590475875 0.864992415625 0.24900489583333335 0.8655711203124999 0.24612522083333335 0.8637914375 0.23358460625 0.861102359375 0.22556919791666666 0.85958710625 0.21665040208333333 0.8575922328125 0.21505586666666668 0.8544733796875 0.20424140416666667 0.8525611796874999 0.20223548541666667 0.84227314375 0.17607309166666668 0.8362115250000001 0.16508911875 0.8264630890625 0.15763807291666668 0.8193652328125 0.15510225208333334 0.8164224656249999 0.15493273958333334 0.80598489375 0.15914028333333335 0.7945666 0.15506092083333334 0.7892818578125 0.15008643541666666 0.7860197484375 0.13833895833333332 0.7819309171875 0.13070530208333334 0.772303653125 0.12594305833333333 0.7707000546875 0.12404739166666667 0.7663796203125 0.12250385 0.7622630296875 0.12323772291666667 0.756542840625 0.12207593541666667 0.75220031875 0.12228817291666667 0.747835709375 0.12425619583333333 0.7345929578125 0.13583899375000003 0.7303217625 0.14886334791666667 0.7252572796875 0.15102224583333335 0.7217137203124999 0.15548819166666666 0.7197131734375 0.16050540208333333 0.7208592390625 0.16796954583333334 0.7228926125 0.17266426666666668 0.7289378171875 0.17879227291666666 0.7304366578125 0.18285510416666667 0.728033490625 0.20139693958333332 0.7296314171875 0.20990435416666667 0.72962574375 0.21651610208333333 0.73223215 0.22494289166666667 0.73331195625 0.23767438333333332 0.73487138125 0.24308161250000002 0.7350032953125 0.2572381270833333 0.737323184375 0.26379887916666667 0.736744478125 0.2666785583333333 0.7330576625 0.2702114875 0.7317790796875 0.2732820395833333
0 0.5295124265625 0 0.5262546515625 0.002323833333333333 0.52152085625 0.0028372020833333333 0.5175254375 0.006259877083333334 0.5101959765624999 0.00981416875 0.505418009375 0.013839104166666666 0.50092655625 0.019730072916666667 0.5000392484375 0.022499495833333334 0.4968263796875 0.025319914583333332 0.4900756234375 0.025994529166666665 0.4775440921875 0.02416295625 0.47716923125 0.02932005 0.4801889984375 0.03568992708333333 0.47950553281249997 0.04073676875 0.4708369046875 0.046017214583333334 0.4670453296875 0.05171730833333333 0.4661359359375 0.05624251458333333 0.4601399703125 0.06468240208333334 0.4592690765625 0.07230778958333332 0.463131978125 0.07941981041666667 0.4695735265625 0.10332615 0.476506040625 0.1066847375 0.48751664375 0.1062092625 0.4912198734375 0.1075323 0.495352878125 0.11165439166666666 0.507531634375 0.11688727708333334 0.5108215031250001 0.120267225 0.5147506640625 0.12211189791666667 0.516007159375 0.12079712708333333 0.5173299140625 0.11421500833333333 0.5239651703125 0.10423984375 0.5214799375 0.09850185416666667 0.51703833125 0.0942695125 0.5137099625 0.08778938124999999 0.513197515625 0.08540170833333334 0.5159421109375 0.07668205833333334 0.5210949406250001 0.06750002708333333 0.5269255609375 0.05988290416666667 0.533103284375 0.05547621875 0.5427141328125 0.05538249791666667 0.54810930625 0.05157807083333333 0.5492667171875001 0.04581871666666667 0.5458998484375 0.03623840208333333 0.5458834359375 0.03138243541666667 0.5440759921875 0.027209354166666665 0.543299115625 0.021199864583333335 0.5441700093749999 0.013574475 0.5418116203125 0.003913539583333333 0.539673490625 0.0013859833333333333 0.5367802828125 0 0.5295124265625 0
0 0.8808122328125 0.5438991812499999 0.87780320625 0.5489970145833334 0.877736946875 0.5542643645833334 0.8839146703124999 0.5498576770833333 0.885749871875 0.5456632291666667 0.888797396875 0.5436655770833333 0.89075944375 0.5355481833333333 0.8891779312500001 0.5318967354166666 0.8850834265625 0.5308748270833333 0.8846700656250001 0.5329317395833333 0.8795229078125001 0.5355020208333333 0.8786135140625 0.5400272270833334 0.8808122328125 0.5438991812499999
0 0.9299343390624999 0.5940767729166667 0.9329105375 0.5792670062499999 0.932133659375 0.5732575208333334 0.93296038125 0.5691436958333332 0.9319960734375 0.5657127520833334 0.9334841734375001 0.5583078708333333 0.93903395 0.5422129645833333 0.9416296140625 0.5391720416666667 0.9377061281250001 0.5307156208333333 0.9374031984375 0.5239936208333333 0.93014566875 0.5156688166666666 0.9215047984375 0.51258173125 0.9193004078125 0.515321525 0.9173383625 0.5234389187499999 0.9161645390625001 0.5243423083333333 0.9063277578125 0.5239143916666666 0.9023544250000001 0.5255812854166667 0.8990424703125001 0.52395711875 0.8959122718750001 0.5263661541666667 0.8930023328125 0.5359085729166666 0.8928534015625 0.5415873 0.8901914796874999 0.5498955729166667 0.8891003265625 0.5503875770833333 0.8888024640625 0.5617450374999999 0.8859916109375 0.5757320375 0.8867079015625 0.5803971270833334 0.890691975 0.5901979479166666 0.898213934375 0.6021445708333334 0.9034986765624999 0.60711905625 0.9089323484375 0.6064148104166667 0.9121893906249999 0.6000828270833334 0.91593679375 0.5978942979166667 0.9184882875 0.5983649416666666 0.9201524703124999 0.60160500625 0.9246382499999999 0.6023257833333333 0.9299343390624999 0.5940767729166667
0 0.7170535265625 0.5259583145833333 0.720239240625 0.50681421875 0.716359925 0.49484623333333333 0.704489771875 0.4897236 0.6988080828125 0.49166199375 0.693412909375 0.4954664208333333 0.68333318125 0.5143521145833333 0.678918728125 0.5264434479166666 0.6768796828125 0.5283604770833333 0.67353996875 0.5351038437500001 0.671059803125 0.5474453145833333 0.6694726171875 0.5504056145833334 0.66798451875 0.5578104958333333 0.66824895 0.5614323145833333 0.670221734375 0.5647826333333333 0.6749719453125 0.56912523125 0.681287253125 0.5722633083333334 0.685789446875 0.5778400520833333 0.68934941875 0.5782300708333333 0.6935985265625 0.5669615 0.696811396875 0.5641410833333332 0.6989552 0.5600568875 0.7024545859375 0.5591025083333334 0.7070066234375 0.5545559395833333 0.710098321875 0.5490467208333333 0.7170535265625 0.5259583145833333
0 0.2481690140625 0.42325700208333333 0.24858237343749998 0.42120009166666667 0.2507646796875 0.4202160791666667 0.247270965625 0.4145587125 0.251823003125 0.41001214375 0.25339377500000004 0.40219587916666666 0.25290341562499996 0.3980524270833333 0.24733215625 0.3912119041666667 0.24478066406250001 0.39074126249999996 0.24156779374999998 0.3935616791666667 0.24127560468749998 0.39830739374999996 0.23962783437500002 0.3999232916666667 0.23432100625 0.3967045895833333 0.229411125 0.3865730104166667 0.22531662031250002 0.38555110416666666 0.2200924640625 0.38192101875 0.218301434375 0.38260390208333334 0.217722728125 0.3854835770833333 0.2155183390625 0.3882233708333333 0.20942896093750002 0.3856069270833334 0.20539504218750002 0.38592942083333337 0.19375588906250002 0.3994078833333334 0.19239463437499998 0.40288981875 0.1925486328125 0.41529055 0.19427340312500002 0.4198750145833333 0.1951714515625 0.42857330624999995 0.1980700453125 0.43225438125 0.21049681874999998 0.4362531229166667 0.2132963265625 0.4354896166666667 0.2229677625 0.43674029583333335 0.2248414640625 0.43564603125 0.23467824531249998 0.43607394791666665 0.2372518234375 0.4347888083333334 0.2420462046875 0.4356198375 0.2433027015625 0.43430506874999997 0.2459368640625 0.43436432708333333 0.248697875 0.43050063958333334 0.2481690140625 0.42325700208333333
0 0.41500565468749995 0.5476769833333334 0.41457587812499996 0.54487793125 0.40945648125 0.5390806812500001 0.4034169484375 0.526340925 0.395707559375 0.5169728499999999 0.389254665625 0.50629000625 0.3851601609375 0.5052681 0.3743698140625 0.51287695625 0.37253461250000003 0.5170714020833334 0.37441905468750003 0.52744485 0.37218690625 0.5385521770833334 0.372324490625 0.5460969416666667 0.37644047812500003 0.570054275 0.3777626265625 0.5881633645833334 0.37950948281249997 0.59099205 0.3844471234375 0.5927561 0.390084640625 0.5943292708333333 0.39459250625000003 0.5932942666666666 0.3962623640625 0.5899225854166666 0.396273709375 0.5766990895833334 0.40436930625 0.5676865729166667 0.41158326718750005 0.55483173125 0.4136223125 0.5529147020833334 0.41500565468749995 0.5476769833333334
0 0.8388157421875 0.4878898770833333 0.8313045234375 0.48741096875 0.8307150765625 0.4788229333333333 0.828742290625 0.47547261458333334 0.8228788437500001 0.47337780625000003 0.8143976437499999 0.4760797041666667 0.8105290703125 0.47557943125 0.80562993125 0.4769155666666667 0.80367355625 0.47842121249999997 0.8011769781250001 0.48590671875 0.7948724109375 0.49423635208333333 0.7903916984375 0.5115950354166666 0.7911685765625001 0.517604525 0.7951968218750001 0.5238937791666667 0.8005863218749999 0.5267011 0.8054135312499999 0.5372440624999999 0.82469014375 0.54501276875 0.8283327875 0.54499140625 0.837618621875 0.5399314666666667 0.84266669375 0.5329166020833334 0.8478359375 0.5285905395833334 0.850145084375 0.52368358125 0.8504265328124999 0.5074701541666667 0.8484758328125 0.5023640520833333 0.8458031671875 0.49920461041666664 0.843935140625 0.49368712708333334 0.8388157421875 0.4878898770833333
0 0.9153130812500001 0.4133676166666667 0.9266379609375001 0.40639064999999996 0.9286605937499999 0.39961765416666667 0.9259551015625 0.38674627916666665 0.9142338796875 0.3759449166666667 0.9176676109375 0.35556667291666666 0.9110436999999999 0.35231834375000004 0.9081451062499999 0.34863726458333333 0.901460609375 0.34404453125 0.8979833109375001 0.34324313125 0.8986446875 0.3399520729166667 0.8947982 0.33769601875 0.8933984453124999 0.33807776875 0.89405415 0.3413984583333333 0.8929794125000001 0.3467464291666667 0.8957511609375001 0.35435045625 0.896015590625 0.35797227291666667 0.8935852703125 0.36019043125 0.8903339015625 0.35991066666666666 0.8886034578125 0.3619379479166666 0.8781053015625 0.3648010916666667 0.8759835828125 0.3671295041666667 0.8744954843749999 0.3745343875 0.8750079296875001 0.37692205624999997 0.8736466765625 0.38040399375 0.8571418109375 0.3802393104166667 0.8518293124999999 0.38363235625 0.85052296875 0.39507044166666666 0.8548541453125 0.4080816958333333 0.8556089359374999 0.41584696875000005 0.8585460312500001 0.4226282270833333 0.85860094375 0.4305843770833333 0.8604689703125 0.43610186041666665 0.8633069796875 0.4384385375 0.8666353484375 0.4449186708333333 0.8730939140625 0.4489897666666666 0.8992039546875 0.455672475 0.9039377515625 0.45515910625 0.9075639828125001 0.45028177708333333 0.9117802640624999 0.42930127500000004 0.9110639734375001 0.4246361875 0.9119954531250001 0.4183552 0.9153130812500001 0.4133676166666667
0 0.8251841328125 0.40100896875 0.8243851703124999 0.39675526041666664 0.8252118906250001 0.3926414375 0.8211672328124999 0.3814962166666667 0.821233490625 0.37622887083333334 0.8167148843750001 0.3657961604166667 0.8121300203124999 0.36063080000000003 0.8050542484375001 0.35633919583333334 0.8011635874999999 0.35759470833333334 0.7952061234375 0.36913477708333337 0.79324975 0.37064042500000005 0.7843608625 0.36878748749999996 0.7808999765625 0.37284205 0.7745455625 0.39129499791666666 0.776716521875 0.40353448125 0.779449771875 0.408038325 0.783153003125 0.40936136250000005 0.7870436625 0.40810585 0.7901076015624999 0.4109641625 0.7982631796875 0.42798725833333334 0.8001753812500001 0.42999317708333334 0.8047217453125001 0.43205835416666666 0.8092516968749999 0.42926756666666666 0.8129000140624999 0.42263445625 0.8160579703125 0.4118578916666667 0.81918816875 0.40944885625 0.8212493000000001 0.40577604375000004 0.8236575343749999 0.40531366874999997 0.8251841328125 0.40100896875
0 1 0.35776758125 0.9991834484375 0.35647070625 0.997772953125 0.34538474583333334 0.995100290625 0.3422253041666667 0.9907798546875 0.34068176041666665 0.98612873125 0.3407837458333333 0.977399515625 0.34471979166666666 0.9713650515625 0.35005949583333335 0.9616879421875 0.3554205645833333 0.959874828125 0.3578592291666667 0.95787428125 0.3628764395833333 0.9589540875000001 0.37560793125 0.9564575078124999 0.3830934375 0.9579121765625 0.3906678333333333 0.9531007765625 0.40967204583333333 0.9542910140625 0.41362462291666663 0.9594104109374999 0.41942187291666666 0.96349924375 0.4270555291666666 0.9697924656250001 0.43194938958333334 0.9806762265625 0.43539686250000004 0.9849524875 0.44045197291666666 0.988793303125 0.4493197729166667 0.9972688281250001 0.45322962499999997 1 0.45248475833333335 1 0.35776758125