0 0.1356993890625 0.7609504833333334 0.1368036171875 0.76305555 0.1366192390625 0.7595399041666667 0.1356993890625 0.7609504833333334
0 0.1098852234375 0.68563491875 0.10960865625 0.6803614520833333 0.111141740625 0.6780104916666667 0.1106807953125 0.6692213791666667 0.115586665625 0.6616983083333333 0.11782517343750001 0.6601647854166667 0.1216037703125 0.6500971916666667 0.127828296875 0.6424511729166666 0.1283262953125 0.6393135083333333 0.1261248390625 0.6289202604166667 0.1176437171875 0.6124884333333332 0.113809984375 0.6088714354166667 0.10804435937500001 0.6063177666666667 0.1060042359375 0.5990007041666666 0.103841871875 0.5956694791666667 0.1004299921875 0.5937795666666666 0.09678063906249999 0.5936782145833334 0.08865426875 0.5966439020833333 0.07993070937499999 0.6071725479166666 0.0673804203125 0.6079010770833333 0.059277098437499995 0.6113062229166667 0.055789075 0.6142810583333334 0.05064572656250001 0.6235926895833334 0.051574621875000004 0.6349877958333334 0.049160778125 0.6458113583333334 0.049720915625 0.650175175 0.0543292125 0.6559279791666667 0.054421401562500006 0.6576858020833334 0.058255134374999996 0.6613028 0.061192064062499996 0.6667698291666666 0.06363099531250001 0.6753745208333334 0.07549190624999999 0.6804511208333334 0.080291584375 0.6835364541666666 0.0813958140625 0.6856415229166667 0.08923161093750001 0.68976859375 0.0994972984375 0.689694675 0.10257951406250002 0.6916153229166666 0.10806856875 0.688895525 0.1098852234375 0.68563491875
0 0.7599872609375 0.16398721458333335 0.7592337015624999 0.14330206666666667 0.7618389265625 0.1298110375 0.76248016875 0.10413819791666666 0.7678840375 0.09347746458333334 0.784664825 0.07866476250000001 0.788404328125 0.06153514166666666 0.7872980578125001 0.04044127708333333 0.7832108046874999 0.03199026875 0.7824502437499999 0.017488235416666668 0.7813229671874999 0.014943710416666667 0.772989171875 0.013954302083333333 0.76780673125 0.01620390625 0.7589448890625 0.02409581875 0.7535179734375 0.03431709791666667 0.753349640625 0.03742402291666667 0.7509427984375 0.04206446875 0.7462143046875 0.0592863 0.7439297015624999 0.059940910416666666 0.7382472234375 0.04633938125 0.7343904453125 0.04228292708333334 0.7306719484374999 0.04086320625 0.7224533890625 0.042071075 0.718282990625 0.044667927083333336 0.7151937734375 0.04893039166666667 0.704238709375 0.05480944375 0.6998308343749999 0.05919485416666667 0.69150608125 0.07101112708333333 0.6864549249999999 0.08208058125 0.6849609328125 0.09149356458333333 0.6793656828125 0.10482176875 0.6786532578125 0.11018744583333334 0.6801953859375 0.12064216874999999 0.68308621875 0.1252302875 0.6833166921875 0.12962484166666666 0.686230575 0.13465241666666666 0.6906635375 0.14969525833333333 0.6978790984375001 0.16094582708333333 0.709770059375 0.16027876875 0.7123542765625 0.16533708125000002 0.7141338796875 0.17400324583333332 0.7319908875000001 0.18602806875000003 0.7468187765625001 0.19082804166666667 0.7529671609374999 0.18804677083333335 0.756178615625 0.17979846875 0.756844946875 0.17355388125 0.7599872609375 0.16398721458333335
0 0.3632397890625 0.6968999583333333 0.3674863328125 0.6894383604166666 0.38294146093750003 0.6809317208333333 0.4015709921875 0.67610355 0.405059015625 0.6731287166666667 0.3985398328125 0.6498899020833334 0.3970898953125 0.641193 0.39780232031249996 0.6358273249999999 0.3971730421875 0.6301451375 0.3858401765625 0.6161872187499999 0.3853952765625 0.6140206770833333 0.37949136875 0.6088302770833334 0.36981587031249996 0.60752435625 0.3620492125 0.6047156520833333 0.3568437265625 0.6065258020833333 0.3519378546875 0.614048875 0.353219459375 0.6258526999999999 0.3514949953125 0.63087113125 0.3465269828125 0.6308927229166666 0.339403609375 0.621399975 0.333944603125 0.6183761145833333 0.3237250125 0.6193289458333333 0.3183742390625 0.6246854791666667 0.316718915625 0.631022275 0.313652746875 0.6357241958333333 0.3089773484375 0.6476418229166666 0.309936290625 0.6532932708333333 0.3168983328125 0.6597098291666667 0.319505596875 0.6652075958333333 0.320817253125 0.6712677645833334 0.324129940625 0.67758296875 0.3279406265625 0.6807605124999999 0.3346491484375 0.6823430583333334 0.33777745625 0.6851426208333333 0.34120538125 0.6936551020833334 0.3437595484375 0.7044570708333333 0.34848308281249996 0.71240715 0.353589378125 0.7150222916666666 0.36022875781249997 0.7152864729166667 0.36400035000000003 0.7114019916666667 0.3632397890625 0.6968999583333333
0 0.55303453125 0.32371279375 0.5557409875 0.32478526875 0.5642661625 0.32310720833333334 0.57253781875 0.3165951375 0.5766921734375 0.3073757166666667 0.5803715765625 0.3017334104166667 0.5860750593749999 0.2967856 0.5875620500000001 0.29355572916666667 0.5882123359375 0.28068857291666666 0.58965323125 0.27657978958333335 0.5902504203125 0.2690168375 0.5949719124999999 0.2579781208333333 0.5943496359375 0.24611282083333333 0.5860598953125 0.227013525 0.5808383625 0.22220110625 0.5731178031249999 0.2202713125 0.56188616875 0.22087689791666668 0.5587047640625 0.22338153958333334 0.55735605625 0.22924814583333333 0.5554241656250001 0.23031147500000002 0.552097475 0.23636249791666666 0.5458338515625 0.23694649166666668 0.541034175 0.23386115833333332 0.5360962125000001 0.22813909166666668 0.5356513125 0.22597255 0.5322163875 0.22364318125 0.5163995031249999 0.2189354208333333 0.5055436296875 0.22038917916666667 0.501066615625 0.22345622291666667 0.4986136796875 0.22721776041666666 0.499136765625 0.24350834999999998 0.49528902812500003 0.25225758125000003 0.49123386562500004 0.2570517104166667 0.4851727078125 0.28676271458333336 0.484552471875 0.2938862125 0.48577193750000003 0.2981885583333333 0.4906407578125 0.3025922583333333 0.49812384375 0.30631061041666663 0.498898409375 0.30844641458333333 0.510139084375 0.3206465125 0.5146090984375 0.3237625833333333 0.5232495109374999 0.32428179999999995 0.5289990890625 0.3202128979166667 0.531475071875 0.31689081875 0.5358969499999999 0.30013918125 0.5404431093750001 0.29839050208333334 0.5465313953125001 0.30709654791666663 0.5477969546875 0.31227780625 0.55064169375 0.31598701458333334 0.55303453125 0.32371279375
0 0 0.35434225 0.00285493125 0.36926834375 0.01030796875 0.37873035625 0.0168942515625 0.3842987395833333 0.02347353125 0.3960502375 0.0289555859375 0.3995135541666667 0.0395278890625 0.39896943958333336 0.051257518749999995 0.39522619375 0.06203724687499999 0.39863718125 0.0723029359375 0.3985632604166666 0.0740664921875 0.4006068541666667 0.0805144921875 0.40353850625000004 0.090895415625 0.4056618645833333 0.0949896703125 0.40792975833333334 0.09960496875 0.4074994479166667 0.099213165625 0.4000287041666667 0.0937982125 0.37889495833333336 0.0844042421875 0.35769059375 0.08401243750000001 0.35021985 0.085453334375 0.34611106666666663 0.0881898375 0.3414398833333333 0.0924524265625 0.34060085416666663 0.10662098906249999 0.3454623 0.11090662343749999 0.345062725 0.11664920000000001 0.34717693749999995 0.130211528125 0.34679565208333335 0.132097325 0.3448534125 0.1329249859375 0.3416850125 0.13296203906249998 0.32975823958333333 0.1353989296875 0.3193741354166667 0.1343387546875 0.29915918125 0.12792780625 0.2843007583333333 0.12118019218750001 0.2756561833333333 0.11991463124999999 0.27047492708333337 0.11422515312499999 0.2630565125 0.1122241203125 0.262801475 0.11010785000000001 0.2603491625 0.09281097968749999 0.25268815625 0.08716759375000001 0.24614865208333334 0.084468140625 0.2388930625 0.0805652671875 0.2339577 0.07317436875 0.23199716875 0.059658134375000005 0.23325736458333332 0.051508715625 0.2357836 0.0450767625 0.23947451666666666 0.0413051703125 0.243359 0.0349123078125 0.2541119416666667 0.0224311609375 0.25615884166666664 0.0163288703125 0.2598190229166667 0.011162476562499999 0.2686911979166667 0.0085712578125 0.26981600208333334 0.00175654375 0.27884186041666664 0 0.28579137499999996 0 0.3254299479166667 0.0062236359375 0.3261186375 0.0099120828125 0.3332820166666667 0.006938103125 0.3397417583333333 0.004040265625 0.3413367541666667 0.000031196875000000004 0.34700979375 0 0.34712921875 0 0.35434225
0 0.966378375 0.2714846354166667 0.970809296875 0.26753868124999997 0.96911488125 0.26681345208333335 0.967581796875 0.26916441041666667 0.9664775671875001 0.26705934374999996 0.9655116218750001 0.2675910083333333 0.9650136234375 0.2707286708333333 0.966378375 0.2714846354166667
0 0.979902490625 0.20089181875 0.96463174375 0.21291410416666665 0.9634283218749999 0.21523432916666665 0.96469388125 0.22041558541666667 0.9635756499999999 0.23067674583333334 0.968467515625 0.2355199 0.9846210640624999 0.2340138125 0.9871477515624999 0.23165853333333333 0.98485945625 0.18802633125 0.979902490625 0.20089181875
0 0.8153439734375001 0.7647071729166667 0.8172227671875 0.7689480437499999 0.8209412640625 0.7703677645833333 0.831979475 0.7534408520833333 0.8308271109375 0.7314680770833333 0.8287408890625001 0.7232721041666667 0.8288701312500001 0.7131031541666667 0.8381377828125001 0.7003157604166667 0.8484244750000001 0.6816924979166666 0.853422534375 0.6759272479166667 0.8540197234375 0.6683642937500001 0.8520256937499999 0.66192614375 0.843161809375 0.65082925625 0.8291846296875001 0.6433003416666666 0.8255583218749999 0.64363844375 0.8218097765625 0.64796238125 0.818360846875 0.6579992395833333 0.8159379609374999 0.65601711875 0.8116062312500001 0.6555377812500001 0.8067374109375001 0.6511340833333333 0.8030419609375 0.65015381875 0.7976450953125 0.6546314354166667 0.795966725 0.6605287770833334 0.796044909375 0.6746528291666666 0.7971721859375 0.67719735 0.8005840640624999 0.6790872645833333 0.8115321265625 0.679391325 0.812138359375 0.68463405625 0.8101072765625 0.6901226770833334 0.8052014046875 0.69764575 0.80354608125 0.7039825479166667 0.797229365625 0.70987074375 0.7943084812500001 0.7110262833333334 0.790958740625 0.71663785 0.788069946875 0.7310385291666667 0.788392609375 0.7371909062499999 0.7931391921875 0.7455804416666666 0.79956414375 0.7480726375 0.8153439734375001 0.7647071729166667
0 0.6484705578125001 0.69062005625 0.6440696859374999 0.6888223520833333 0.6394543859375 0.6892526625 0.6353761765625 0.6936073374999999 0.635791028125 0.7015175354166666 0.6385666265625 0.7039083791666666 0.640214946875 0.7037546958333334 0.6430366390625 0.7070244479166666 0.6427921609375 0.7149961208333333 0.64363586875 0.7184502916666666 0.646127896875 0.72175078125 0.65248370625 0.7229246083333333 0.6616912593750001 0.72162453125 0.6645890953125 0.7200295375 0.666382703125 0.7163294729166666 0.667378696875 0.7100541499999999 0.666963846875 0.70214395 0.6640339203125001 0.69049380625 0.6585749125 0.6874699458333333 0.6484705578125001 0.69062005625
0 0.2528288296875 0.45503811666666666 0.26230390625 0.44620582291666666 0.2662137828125 0.4449580729166666 0.267746865625 0.44260711458333335 0.2785796921875 0.4407138979166667 0.28124705625 0.43472435 0.281491534375 0.426752675 0.2839905625 0.42387005208333334 0.2925778796875 0.4296934729166667 0.30131048125 0.4319705104166667 0.309720421875 0.428095175 0.31241083281250004 0.42254507916666667 0.3152395265625 0.41963171666666665 0.318190459375 0.41273251875 0.3179348984375 0.38890971041666667 0.3192144640625 0.38172473958333336 0.3179098109375 0.36948145833333335 0.3193968015625 0.3662515875 0.3192124234375 0.36273594374999996 0.3151943109375 0.3556033020833333 0.3117363375 0.3528344770833333 0.31060906093749996 0.35028995416666664 0.307925653125 0.34965693333333336 0.302021746875 0.3444665333333334 0.300848375 0.34104309791666665 0.3040828765625 0.3332342520833333 0.303760215625 0.32708187708333336 0.3014826140625 0.3215533729166667 0.2986609234375 0.31828362083333334 0.29360072187499997 0.31654738958333334 0.28095824375 0.3155181 0.27403529375 0.3161635666666667 0.2728088265625 0.31804433541666666 0.2676494359375 0.32073339375000004 0.25998196875 0.3134993979166667 0.25318125937499997 0.3101590291666667 0.24944671718749997 0.30211673749999995 0.248158109375 0.296496025 0.24315100625000002 0.28945559374999996 0.239386415625 0.28715696041666666 0.23406569375 0.2867698354166667 0.22629203437499998 0.29014424375000003 0.2224973953125 0.29358926875 0.21627986875 0.295052175 0.204052240625 0.3019330833333333 0.1994299390625 0.30854650833333336 0.20001312499999999 0.31334978125 0.20299614687499998 0.31969572291666665 0.20212239062499998 0.32198521041666667 0.1989409859375 0.32448985208333336 0.18872139375000002 0.32544268541666665 0.185164228125 0.32709915208333334 0.176394575 0.33674888541666664 0.17598876562500002 0.34164436875 0.17795975 0.3476430645833333 0.178259365625 0.3533559854166667 0.1741972 0.36433322916666666 0.17130840625 0.3787339083333333 0.172613059375 0.39097718958333333 0.1691340796875 0.40675770624999996 0.1689126484375 0.41516883541666666 0.17072230156249998 0.41809134166666667 0.18245193125 0.41434809375000003 0.18846203125 0.4089300895833333 0.19717858906250002 0.4045845604166667 0.1982597703125 0.40625017291666665 0.1994191359375 0.4220398354166666 0.2030153953125 0.4274453916666667 0.20428095625 0.43262664999999995 0.21585129374999998 0.44479601041666667 0.2183824140625 0.455158525 0.223043809375 0.455607125 0.2314858390625 0.4649769270833334 0.2377955546875 0.46527184375 0.2495782796875 0.45622439375 0.2528288296875 0.45503811666666666
0 0 0.52328050625 0.0041267859375 0.6019682291666667 0.005440590625 0.6017527666666667 0.021080096875000003 0.5967617708333334 0.026407821874999998 0.5909657833333333 0.0279779578125 0.5766880520833334 0.026511973437500003 0.5613685812500001 0.021834534375 0.5542974104166666 0.0194877921875 0.5474505416666666 0.0128093203125 0.5401243354166667 0.0042220046875 0.5343009145833334 0.00274901875 0.5251645583333333 0.0005405609375 0.5209544229166666 0 0.52081103125 0 0.52328050625
0 0.084460540625 0.45351349166666666 0.0900718359375 0.44680785625 0.0971170234375 0.4421765541666666 0.098228253125 0.43809850833333336 0.10016014531249999 0.4370351791666666 0.1019768 0.4337745708333333 0.10356298125 0.42611940833333334 0.103378603125 0.4226037625 0.100303390625 0.41450000000000004 0.095319334375 0.40789902291666663 0.077877178125 0.40378439791666665 0.0767959953125 0.4021187854166667 0.07312359375000001 0.4015779770833333 0.069995284375 0.39877841666666664 0.059399934375 0.3988830729166667 0.050950903125 0.3956963875 0.046335603125 0.39612669791666666 0.0396431265625 0.40116671875 0.0208983578125 0.4037976104166667 0.0125275109375 0.41473497291666667 0.0101437171875 0.41981487500000003 0.0083962046875 0.4243938479166667 0.00885715 0.4331829583333333 0.010007475 0.4361669375 0.0195076375 0.4467628979166667 0.0218543796875 0.45360976666666664 0.0246760734375 0.45687952083333333 0.0247682625 0.4586373416666667 0.029844507812499997 0.46699613958333336 0.0367604546875 0.4725337895833333 0.043247546875 0.48252746458333334 0.0473878953125 0.4856742708333333 0.04971859375 0.48589856875 0.053981181249999996 0.48505954166666665 0.057469203125 0.48208470625 0.0697890203125 0.4769616208333333 0.084460540625 0.45351349166666666
0 0.4802248234375 0.33138447083333333 0.4733158796875 0.31966370833333335 0.47200422499999994 0.3136035395833333 0.46807830156249997 0.3082287208333333 0.46469647187499996 0.3005951479166667 0.453969840625 0.29187995833333336 0.446618034375 0.2969814520833333 0.44289253593750005 0.30174484791666667 0.43924318281249997 0.30164349375000005 0.4354785921875 0.2993448625 0.43121600468750004 0.30018388958333336 0.4275366015625 0.3058261958333333 0.411913140625 0.31743976041666666 0.40952934531249996 0.3225196645833333 0.4088169203125 0.3278853395833333 0.40638703125 0.33208633125000003 0.4070093078125 0.34395162916666666 0.41093523125000003 0.34932645 0.41254650000000004 0.3610995395833333 0.4136507296875 0.36320460833333335 0.419386303125 0.3715019354166667 0.42493749999999997 0.37628361875 0.431738209375 0.3796239875 0.4478456640625 0.37723898958333335 0.45420847656249996 0.37222970208333334 0.4683910421875 0.3647249208333333 0.473389103125 0.35895966875 0.478525446875 0.35583115416666666 0.48192128125 0.3510984958333333 0.4827258953125 0.3474906416666667 0.4823110453125 0.33958044375 0.4802248234375 0.33138447083333333
0 0.954754059375 0.32776898125000004 0.9542560625000001 0.33090664375 0.9570316609375 0.33329748541666665 0.9593623578124999 0.3335217875 0.9577671328124999 0.32837126666666666 0.9602200671875 0.32460972916666664 0.95850260625 0.32344504375 0.9570386624999999 0.32711437083333333 0.954754059375 0.32776898125000004
0 0.9670117375 0.31514441666666665 0.9653634156249999 0.3152980979166667 0.9654786515625 0.317495375 0.9671039265625 0.3169022375 0.9670117375 0.31514441666666665
0 0.9684987265625 0.31191454583333333 0.9672261640625001 0.3129164020833333 0.9696029546875 0.3140196125 0.96948771875 0.31182233541666665 0.9684987265625 0.31191454583333333
0 0.9644415234375 0.2977198770833333 0.9639735765624999 0.29511388125 0.960653884375 0.2949817895833334 0.9598492703125 0.29858964374999997 0.9614214484374999 0.30330070833333334 0.9636138609374999 0.300888275 0.9644415234375 0.2977198770833333
0 0.9505705359375 0.27958255625 0.9494202125 0.2765985770833333 0.9487147890625 0.2757811416666666 0.9373148234374999 0.27949365 0.9365633062500001 0.27779729999999997 0.9264659515625 0.27476429583333334 0.9158936499999999 0.2753084083333333 0.9095147906250001 0.273695125 0.9056049140625 0.27494287291666664 0.8996178609375001 0.28080033125 0.89211376875 0.2956313208333333 0.8919223890625 0.2982987916666667 0.8888331703125001 0.30256125624999997 0.8866568031250001 0.3115962583333333 0.8858682328124999 0.32182668125 0.8828712062499999 0.32784696875 0.882343159375 0.33672828958333334 0.88464380625 0.34269624583333336 0.8875576890625 0.3477238208333333 0.8962832875 0.35618397500000004 0.9012513 0.35616238541666667 0.9096842859375001 0.35272650208333334 0.9122063640625001 0.35028333125 0.9204018749999999 0.3486360083333333 0.9257296 0.34284002291666665 0.93309745 0.3443610979166667 0.9366776625 0.34314408333333335 0.9389692671875001 0.33630635833333333 0.9447258484375001 0.32605434583333337 0.94921686875 0.31062107083333335 0.9514232859374999 0.2958424125 0.9505705359375 0.27958255625
0 0.3554568078125 0.542180875 0.358140215625 0.5428138958333334 0.3653697828125 0.5416982375 0.36624353906249996 0.53940875 0.37295906093750003 0.5348081854166666 0.375649471875 0.5292580895833333 0.381567384375 0.5220822625 0.3814751953125 0.5203244416666667 0.38541512187500004 0.51333303125 0.38610449999999996 0.5075279020833333 0.3848619859375 0.5027861020833334 0.38135791874999997 0.4991383666666667 0.3756383890625 0.49746360833333336 0.36937476875 0.4980476020833333 0.3635560484375 0.5007981375 0.3626431984375 0.4960256 0.3562873890625 0.49485177083333337 0.34809887968750003 0.4903159791666667 0.330211821875 0.4840348125 0.3175923921875 0.4834449770833333 0.3017294140625 0.47785830625 0.2981031078125 0.4781964083333333 0.29360304375 0.4808239958333333 0.2936952328125 0.48258181666666666 0.29124229687500003 0.48634335416666663 0.291357534375 0.48854063125 0.2816910765625 0.5000403958333333 0.2811469859375 0.5022991458333333 0.28093255781250004 0.5045271604166667 0.28243559375 0.5079198583333333 0.28518814375 0.50987124375 0.29106200000000004 0.5208053041666667 0.2932013171875 0.5236970729166667 0.297648284375 0.5263736895833333 0.30859634687500004 0.52667775 0.3186315609375 0.522209275 0.32258753125 0.5218404375 0.32879805625 0.5265606458333333 0.3291668125 0.5335919354166666 0.33093036875 0.53563553125 0.335239053125 0.5356754104166667 0.343319328125 0.5318308104166667 0.3463784953125 0.5333120041666667 0.3554568078125 0.542180875
0 0.2928261578125 0.3144115854166667 0.300945525 0.31762900833333335 0.305553821875 0.32338181250000003 0.3110128296875 0.32640567291666667 0.32455211093749997 0.32558493125 0.3279870359375 0.3279143 0.3306864921875 0.3351698895833334 0.3374802 0.3446933729166667 0.3390293296875 0.34896498125 0.3444191953125 0.35067047500000004 0.3542309375 0.33562433125 0.3569443953125 0.33051369166666666 0.35685220625 0.32875586875 0.3642340609375 0.31791071666666665 0.3662881890625 0.31286154791666665 0.370343353125 0.3080674208333333 0.37263495625 0.3012296958333333 0.367879334375 0.280034475 0.364896309375 0.2736885333333333 0.362296046875 0.26200765416666666 0.3577568921875 0.25757321875 0.35196822031249997 0.25458009375 0.34039788125000003 0.24241073333333332 0.33557515625 0.23888594375000002 0.3309137625 0.23843734374999997 0.329502915625 0.23680246666666666 0.33233861249999996 0.22770599375 0.3416062640625 0.21491859791666668 0.34023246875 0.20135694791666667 0.3302182609375 0.18727608333333334 0.31594146562500003 0.17403424791666666 0.3098000828125 0.17063240416666667 0.30191118906250003 0.1718095375 0.299573490625 0.17776835 0.295755803125 0.18077392083333335 0.28819657187500003 0.18192031458333335 0.2788507359375 0.18058366041666665 0.27701103437499996 0.18340481250000001 0.275975946875 0.18261811041666667 0.2783226890625 0.18946498125 0.2786914453125 0.19649626874999998 0.28183579999999997 0.20591839791666666 0.2838178671875 0.24371157291666667 0.28526780625 0.252408475 0.28375776875000003 0.25519888958333337 0.2699579640625 0.25736873541666666 0.264959903125 0.26313398541666666 0.2601532234375 0.2662317645833333 0.257723334375 0.27043275625 0.25630548750000004 0.27498099375 0.25653596093750003 0.27937555000000003 0.26168338750000003 0.3080415125 0.2628106640625 0.3105860354166667 0.267280678125 0.31370210625 0.2928261578125 0.3144115854166667
0 0.3779699671875 0.43453840208333333 0.3701341671875 0.43041133125000003 0.35859591874999996 0.4314871083333333 0.351596825 0.4369973208333333 0.346951475 0.44317129166666663 0.341201896875 0.44724019375 0.338725915625 0.4505622729166667 0.33819786875 0.45944359375 0.34053760781250003 0.4724735770833333 0.34168793124999997 0.47545755625 0.35156385625 0.4869016895833333 0.36516527656250003 0.49358242916666667 0.3717585609375 0.4929677 0.37689490625 0.4898391833333333 0.3821995828125 0.48360373958333336 0.3837166234375 0.47463021041666664 0.3824510625 0.46944895416666665 0.37805719375 0.4614681375 0.38317749375 0.45171705 0.3848558640625 0.4458197104166667 0.3838207765625 0.44503300625000003 0.3836824921875 0.442396275 0.3779699671875 0.43453840208333333
0 0 0.28111492083333334 0.0016643546875000001 0.2770840375 0.009491109374999999 0.26840542500000003 0.015224642187500002 0.25771395416666665 0.020690651562500002 0.2545547020833333 0.0321828046875 0.2526000125 0.04595051875 0.23718503125 0.06373634375000001 0.22890268958333332 0.0655299515625 0.22520262708333333 0.0648385328125 0.21201896041666668 0.0656892421875 0.20929001875 0.08025252656250001 0.17746149791666666 0.08190785 0.17112470208333336 0.0806653375 0.16638290208333334 0.0750910953125 0.1611617625 0.07273735 0.16049800625000002 0.06320013437500001 0.16182882083333333 0.054130865625 0.16576563125000002 0.0389432625 0.16674005625000002 0.0342588203125 0.16585199791666666 0.0321655984375 0.16383914166666666 0.0301024265625 0.15608262291666666 0.0240602359375 0.14825548958333332 0.0228638171875 0.14439259791666667 0.0189148484375 0.13857832291666666 0.0176492875 0.13339706666666667 0.01508811875 0.12877821041666668 0.013354609375000001 0.12099095833333333 0.010625106249999999 0.11947902708333333 0.0070448937500000005 0.12069603958333334 0 0.12891297083333333 0 0.28111492083333334
0 0.8647688421874999 0.38694332291666667 0.8616565765624999 0.3907663333333333 0.85846816875 0.39945408958333334 0.856905034375 0.40754870625 0.857389028125 0.41677727291666666 0.858470209375 0.4184428854166667 0.8634151734375 0.41798183958333335 0.86947136875 0.41344274583333335 0.875665846875 0.4115403854166667 0.8842832125 0.4116201479166667 0.8910147828125 0.4136421520833334 0.8952773703125001 0.4128031208333333 0.9023756546874999 0.4028676145833333 0.9035630296875 0.39392482291666664 0.9012162874999999 0.3870779541666666 0.897596984375 0.3812329395833334 0.8882281015625001 0.3794568291666666 0.871883171875 0.3836303875 0.8647688421874999 0.38694332291666667
0 0.4365472140625 0.5408028125000001 0.4409250375 0.5421610604166667 0.445448146875 0.5399729270833333 0.45407951718749995 0.5276864604166667 0.467586709375 0.5136205833333334 0.46935726874999995 0.5094810625 0.4694795078125 0.5054952270833334 0.46489425781250004 0.5001818791666667 0.45361653124999995 0.4999085541666667 0.445160496875 0.5029049791666667 0.43368438593749997 0.5114822375 0.42967531875000003 0.5171552791666667 0.4273606671875 0.5235535479166666 0.42680957187499996 0.5319954125 0.4365472140625 0.5408028125000001
0 0.9370840687499999 0.1298112875 0.9333194796875001 0.12751265416666666 0.920416478125 0.12783246666666667 0.915517609375 0.129172425 0.9110405921875 0.13223947083333334 0.9064874328125001 0.14017126041666667 0.8992047703124999 0.14659112291666665 0.8980243953124999 0.1493508 0.898393153125 0.15638208958333333 0.896308975 0.16717491458333333 0.8853168578125 0.18498073750000002 0.8838990093750001 0.18952897708333336 0.88320963125 0.19533410833333334 0.886031325 0.19860386041666667 0.89874294375 0.20095151875 0.9106108578125 0.19984500416666667 0.9134325499999999 0.20311475416666666 0.91387745 0.20528129583333332 0.9118694156249999 0.211209375 0.90556874375 0.22372013958333334 0.9075948640625 0.24340342708333335 0.9097802749999999 0.24717411041666668 0.9214267578124999 0.2544787229166667 0.9247003546875 0.2537319041666667 0.9262103906249999 0.2509414875 0.92852504375 0.24454321875 0.929926846875 0.23337241041666665 0.9324559265625 0.22474612708333333 0.9346483390625 0.22233369375 0.936679421875 0.21684507291666666 0.9388948828125001 0.21487209583333333 0.9402896828125 0.20988440208333334 0.9439460390625 0.20380264166666665 0.94738796875 0.19994889583333333 0.9523098859375001 0.19904839375 0.960468346875 0.20932784166666665 0.971347265625 0.2083135375 0.97224406875 0.20646350625 0.9767671796874999 0.20427537291666667 0.9811289609375 0.19901105208333333 0.9810367703124999 0.19725322916666668 0.9848966375 0.18873529375 0.9834670984375 0.16147748541666665 0.9827271046874999 0.16000086458333335 0.982312253125 0.15209066458333334 0.9804104125 0.14741033541666668 0.9751197390625 0.14127955 0.9717539531250001 0.14026855 0.9648149593750001 0.13429144583333336 0.9583669609375001 0.13135979583333332 0.9484770328125001 0.13228189166666668 0.941009990625 0.13518610625 0.9370840687499999 0.1298112875
0 0.6918085828125 0.5315762708333334 0.683751353125 0.5358603270833334 0.6799176218749999 0.53224333125 0.677686115625 0.5275937374999999 0.6704104546874999 0.5278304854166667 0.6669915734375 0.5321236854166667 0.666777146875 0.5343517 0.657516496875 0.54095598125 0.6567349296875 0.5450032916666667 0.6568131140625 0.5591273395833334 0.6588532390624999 0.5664444020833332 0.6692802578125 0.5694466708333333 0.6738194140625 0.5738811062500001 0.6853807093750001 0.5732447854166666 0.69013429375 0.57545120625 0.6944429750000001 0.5754910875 0.6998859375 0.5718923791666667 0.7114241859375 0.5708166020833333 0.7144442625 0.5652357708333333 0.714135603125 0.5467171645833333 0.7067978015625 0.53945243125 0.70438191875 0.5312871958333333 0.7015602265625 0.52801744375 0.6943076125000001 0.5286936458333333 0.6918085828125 0.5315762708333334
0 0.41377444687500003 0.08763195208333333 0.41250188281250005 0.08863381041666667 0.4126171203125 0.0908310875 0.4136522078125 0.09161778958333334 0.41447986875 0.08844939166666667 0.412531934375 0.08289015208333333 0.41238664687500004 0.08643653333333333 0.41377444687500003 0.08763195208333333
0 0.377035546875 0.15773959166666665 0.37988028749999997 0.16144879791666666 0.3836448796875 0.16374742916666665 0.3903534 0.16532997916666667 0.4012553671875 0.1647551270833333 0.403869634375 0.16406978125 0.405732384375 0.16168808541666665 0.405409721875 0.15553570625 0.4030399328125 0.14824938333333335 0.40196575156250003 0.14040065416666667 0.40259999375 0.12091093125 0.407835528125 0.11335712083333332 0.40896980781250003 0.10971853125 0.409022903125 0.10441432916666667 0.4068374921875 0.10064364791666666 0.40285847343750003 0.10057302916666666 0.3977521796875 0.09795788750000001 0.39115889375 0.09857261875000001 0.3758630578125 0.09116664999999999 0.36625669843750003 0.09117909791666667 0.3541352640625 0.0874516 0.3505089578125 0.08778970208333334 0.3453726125 0.09091821875 0.34206896875 0.09740869583333334 0.34147178125 0.10497165 0.33821422968750003 0.11234104166666666 0.3385138453125 0.11805396250000001 0.34257805 0.12606551666666668 0.343246421875 0.13880972500000002 0.3462524921875 0.14559512291666668 0.35125959687499997 0.15263555625 0.35137483281250004 0.15483283541666668 0.3541965234375 0.1581025875 0.35649717187499996 0.16407054375 0.361151565625 0.17070225833333333 0.36477787031250003 0.17036415624999998 0.372627675 0.162125 0.374091615625 0.15845567291666668 0.3746888046875 0.15089272083333333 0.377035546875 0.15773959166666665
0 0.283412903125 0.6844704833333334 0.27312417031249997 0.6841049479166668 0.269359578125 0.6818063145833333 0.2717433734375 0.6767264125000001 0.27525444375 0.6741910333333333 0.281907828125 0.6620889875 0.285105278125 0.6662069125 0.2871063109375 0.6664619500000001 0.293653503125 0.6649683104166667 0.2948569234375 0.6626480854166666 0.2968118609375 0.6620242104166666 0.30079788125 0.6559117166666667 0.302361015625 0.6478170958333334 0.3082558796875 0.6402018145833334 0.309911203125 0.63386501875 0.3096346359375 0.6285915520833334 0.3062067109375 0.62007906875 0.3023499328125 0.6160226166666667 0.295311746875 0.6144708041666667 0.29114835 0.6108845416666667 0.2898597421875 0.6052638291666667 0.288142278125 0.6040991458333332 0.28692281249999996 0.5997968 0.279492821875 0.59077424375 0.2779206453125 0.5860631791666666 0.2724846875 0.583478775 0.2671639625 0.5830916479166667 0.2625787140625 0.5777783020833334 0.2563912359375 0.5734975479166666 0.24770472968749999 0.57209941875 0.2372015671875 0.5739618958333333 0.23402016250000002 0.5764665395833333 0.2280722 0.5893860249999999 0.22724453906250003 0.5925544229166667 0.22754415312499998 0.59826734375 0.2294459953125 0.6029476729166666 0.22901713906249999 0.6074037000000001 0.224862784375 0.6166231208333334 0.2241273125 0.62154934375 0.21834768593749998 0.6313619020833333 0.2157795140625 0.6329261604166666 0.211579065625 0.6412666708333333 0.20767823124999998 0.6553201041666666 0.20208298125000002 0.66864830625 0.2014166515625 0.6748928937500001 0.2023154953125 0.6920316604166667 0.20883263593749998 0.6962816770833334 0.217940996875 0.6994068916666667 0.224151521875 0.7041271020833333 0.23053037812500002 0.7057403854166666 0.24919900312499998 0.7079742416666667 0.254611915625 0.7101191916666667 0.2641952265625 0.7096672875 0.271938834375 0.7120365375 0.28290994375 0.7127800562500001 0.2857616859375 0.71030615 0.2900613265625 0.6975403458333334 0.2902296609375 0.6944334229166667 0.287905965625 0.6880260083333333 0.283412903125 0.6844704833333334
0 0.3607367140625 0.1627920604166667 0.36101328125 0.16806552708333333 0.364662634375 0.16816687916666667 0.36654843125 0.1662246375 0.3607367140625 0.1627920604166667
0 0.382517603125 0.16120290416666666 0.384649115625 0.15885748541666667 0.382685934375 0.15809598125 0.382517603125 0.16120290416666666
0 0.3891108859375 0.160588175 0.3847419203125 0.15889348333333334 0.385507628125 0.16136573333333332 0.385745103125 0.159577175 0.3891108859375 0.160588175
0 0.40064913593749996 0.15951239791666666 0.40205998281250005 0.16114727499999998 0.402581028125 0.15844906875 0.4017834140625 0.15587380833333334 0.4008405171875 0.15684492916666667 0.40064913593749996 0.15951239791666666
0 0.34788476875 0.13881887083333336 0.34823047812499996 0.14541070416666668 0.34861323906249997 0.14007576458333335 0.34788476875 0.13881887083333336
0 0.48127363437500004 0.17451713541666666 0.48276062499999994 0.17128726458333335 0.48418547500000003 0.1605559125 0.4883328265625 0.15751960625 0.49551629999999997 0.1555250375 0.49803837656249994 0.15308186666666668 0.498889084375 0.15035292291666666 0.497485240625 0.14253493333333334 0.493727653125 0.1340531875 0.48683271093749997 0.10996619791666666 0.48199394218749997 0.09981884166666667 0.4778305453125 0.09623257916666667 0.474893615625 0.09076554791666666 0.472323403125 0.07334100833333333 0.4630467078125 0.07332272083333334 0.4535856359375 0.0697887875 0.445650646875 0.07008700833333334 0.4425223375 0.06728744583333333 0.43461039531249995 0.06802512291666667 0.4327245984375 0.06996736249999999 0.4304560421875 0.07724454375 0.43087089375 0.08515474375 0.4328879703125 0.09203235 0.433655534375 0.10035126874999999 0.431762734375 0.10847662291666667 0.42855828125000006 0.11054181041666666 0.4261654453125 0.10281603125 0.41817531875 0.08942965625 0.4169789 0.08556676458333333 0.41248583906249997 0.08201124166666666 0.4102864234375 0.09060678750000001 0.40988965781250003 0.10830795416666666 0.40741367500000003 0.11163003541666666 0.40689262968750006 0.11432824166666666 0.4043244578125 0.1158925 0.40520025625 0.13259181041666668 0.4104909296875 0.13872259583333332 0.4110741125 0.14352587083333335 0.41784477343750004 0.15260989791666668 0.42315149218750003 0.16536325416666667 0.42698522499999997 0.16898025 0.4328360359375 0.17947485625 0.43587215625000003 0.18051659375 0.440111696875 0.1792381083333333 0.4460526546875 0.1725017375 0.45149561718750003 0.16890302916666666 0.46421627968749996 0.18405637083333334 0.46840272499999996 0.18808208541666666 0.47108613281249995 0.18871510625000001 0.473324640625 0.18718158333333335 0.48127363437500004 0.17451713541666666
0 0.010507829687500001 0.09829295208333333 0.0108535390625 0.10488478541666665 0.0149177421875 0.11289633958333334 0.016344634375 0.12115378333333333 0.0193276578125 0.127499725 0.019465942187499998 0.13013645833333334 0.027617399999999997 0.14659902083333334 0.03188903125 0.15856567500000002 0.0367809 0.16340883125 0.05667599062499999 0.16376191666666667 0.065155071875 0.1612049458333333 0.074300484375 0.15240338958333333 0.0894259484375 0.14392748541666667 0.09814950624999999 0.13339884166666666 0.1012457265625 0.12295326458333333 0.0988508484375 0.09623868541666666 0.0997246046875 0.0939492 0.10233887187499999 0.09326385208333333 0.102461109375 0.08927801458333334 0.0948998375 0.0714356125 0.0933807578125 0.061420345833333334 0.08922436406249999 0.05165097083333334 0.0866241015625 0.0399700875 0.0857118234375 0.03740551875 0.0069048640625 0.044753145833333334 0.005948546875 0.04925835208333333 0.0020777609375 0.05756812708333334 0.0015036203125 0.06557053541666666 0.0033824140625 0.06981140833333334 0.004786259375 0.07762939791666666 0.007538809374999999 0.07958078333333334 0.0076309984375 0.08133860624999999 0.012615054687499998 0.08793958333333333 0.012845528125 0.0923341375 0.010507829687500001 0.09829295208333333
0 0.2927106046875 0.6659394291666667 0.2987437515625 0.66096088125 0.300820928125 0.6563511708333334 0.3023840625 0.6482565520833333 0.31007253437500004 0.6369412062500001 0.30956549375 0.6272731854166668 0.30545519374999996 0.6183827208333333 0.301644509375 0.6152051770833334 0.293241571875 0.6128974020833333 0.2911022546875 0.6100056333333334 0.2901663578125 0.6047936395833333 0.2868767171875 0.5989178895833334 0.283395696875 0.5957096104166666 0.2818465671875 0.591438 0.27721522187500003 0.58524574375 0.2741330078125 0.58332509375 0.26714091562500003 0.58265219375 0.2580165109375 0.5729044083333333 0.2479882984375 0.5711897708333333 0.23557629375000003 0.5745550354166666 0.23213436562499998 0.57840878125 0.23135279843749998 0.5824560895833333 0.2279800109375 0.5876282020833333 0.22639382968750002 0.5952833666666667 0.2286714296875 0.6008118666666667 0.22901713906249999 0.6074037000000001 0.2275301484375 0.6106335729166666 0.2260822515625 0.62092546875 0.2317256375 0.6274649729166666 0.2393009125 0.6329411479166667 0.24040514218750003 0.6350462166666666 0.24105046562500002 0.6473509708333334 0.2438260640625 0.6497418104166666 0.2547741265625 0.6500458729166667 0.2588683796875 0.65231376875 0.2698625375 0.65349674375 0.2765410109375 0.6608229479166667 0.28153206875 0.6612408104166666 0.287765640625 0.6664004770833334 0.2927106046875 0.6659394291666667
0 0.7927010453125 0.09293005 0.7854714796875 0.09404570625 0.781485459375 0.10015820208333334 0.7791938546875 0.10699592708333333 0.7801297515625001 0.11220792083333334 0.7856118046875 0.1156712375 0.7869325015624999 0.13453708958333335 0.7992613609375 0.14221968541666669 0.8108687531250001 0.142462275 0.8180291765625001 0.14002825 0.82250619375 0.13696120625 0.8249591281249999 0.13319967083333334 0.8280553484375 0.12275409166666668 0.8214209296874999 0.097318 0.819258565625 0.09398677500000001 0.811798525 0.09070787708333333 0.8039326796875 0.0923244625 0.7978003390625 0.10172830208333333 0.794787265625 0.10112602083333333 0.7927010453125 0.09293005
0 0.24070855781249997 0.533448925 0.24593709062500002 0.5320782291666667 0.2494712078125 0.5299823041666667 0.25527388281249996 0.5206092 0.26711874999999996 0.5190632333333334 0.27034625 0.5174375 0.27374908593749997 0.5065217291666666 0.2723892953125 0.48059385416666667 0.27328609843749996 0.4787438229166667 0.2715134984375 0.46389454375 0.269067565625 0.46147296666666665 0.267518434375 0.45720135624999997 0.263378084375 0.45405455 0.254852909375 0.4557326104166667 0.2452395484375 0.4619281708333334 0.2395591125 0.4673154395833333 0.23430753124999998 0.4682466791666667 0.22273719218750002 0.4560773166666667 0.21477915625000002 0.45593608125 0.21118289687499997 0.45053052499999996 0.2027869625 0.44203963541666663 0.1970443859375 0.4399254208333333 0.18913244375 0.44066309791666664 0.1840421953125 0.44467052500000004 0.177534096875 0.4532261895833333 0.173363696875 0.45582304375 0.172842653125 0.45852125000000005 0.167537975 0.46475669166666667 0.1618505359375 0.4763270729166667 0.16136858437499998 0.4860873041666667 0.1643516078125 0.49243324374999997 0.1651422171875 0.50119161875 0.1698517484375 0.5215079270833333 0.17274258125 0.5260960479166666 0.17441394999999998 0.52638181875 0.184871015625 0.5236404291666666 0.188965271875 0.525908325 0.19110458749999998 0.5288000958333333 0.191242871875 0.5314368270833333 0.193972375 0.5329487583333333 0.21461898437500002 0.5349981958333333 0.2187362875 0.5377055458333333 0.2226922578125 0.5373367083333334 0.23041982187499999 0.5330833875 0.24070855781249997 0.533448925
0 0.8349464890625 0.25415129375 0.842881478125 0.25385307291666664 0.8482092031249999 0.2480570875 0.851436703125 0.24643135625 0.864692415625 0.24652026249999998 0.872489121875 0.24358530833333333 0.876675565625 0.24761102708333332 0.877918078125 0.25235282708333334 0.8928472 0.27171630416666664 0.89559975 0.27366769166666666 0.8999084343750001 0.27370757083333336 0.9033503609375 0.269853825 0.905227115625 0.25510590208333334 0.903945509375 0.243302075 0.9056238796875 0.23740473333333334 0.904556703125 0.22337289375 0.9053613171875 0.21976503958333332 0.910175 0.21048414375 0.9112401374999999 0.20552718749999999 0.9090086312500001 0.20087759583333334 0.8963892 0.2002877625 0.8879171203125 0.19666161875 0.8819210234374999 0.18971339583333335 0.8832005890625 0.182528425 0.8878459375000001 0.17635445416666667 0.8901074921875001 0.17526038958333334 0.89440013125 0.16867769999999999 0.8969522578125 0.16049087291666667 0.8960464109374999 0.14953521875 0.89003426875 0.13596442916666665 0.8886765203125 0.12902534999999998 0.8843748390625 0.12280235416666667 0.8809399140625 0.12047298541666666 0.873710346875 0.12158864375 0.869018903125 0.12688370208333333 0.867063965625 0.12750757708333332 0.8622041875 0.13590956041666666 0.8599426328125 0.13700362708333333 0.8556039 0.14270740416666666 0.85138740625 0.14442534583333336 0.847968525 0.14871854375 0.8438973187500001 0.14689010624999999 0.84265480625 0.14214830625000002 0.8391276890625001 0.13806111458333334 0.8357919546874999 0.13130645416666667 0.8330854999999999 0.13023397916666665 0.828493246875 0.13110374583333334 0.8236334703124999 0.13950572916666668 0.8101332796875 0.14738849375 0.800934771875 0.16149425625 0.793430678125 0.17632524375 0.7937763875 0.18291707916666666 0.7971121234375 0.18967173958333333 0.8020039890625 0.19451489166666666 0.8112045390624999 0.19939792916666665 0.8041593515625 0.20402923333333334 0.79795786875 0.21211470625 0.7922934781250001 0.22412454375 0.792025953125 0.2316567625 0.7938817015625 0.23545817708333333 0.80084374375 0.24187473541666668 0.8112477140625 0.24443754999999998 0.812819890625 0.24914861458333334 0.81036695625 0.25291015 0.8291347703125 0.25071871458333334 0.8331598828125 0.25166824375 0.8349464890625 0.25415129375
0 0.03630183125 0.6280212833333334 0.033410996875 0.6234331645833334 0.0328578625 0.61288623125 0.0317536328125 0.6107811625 0.026479004687500002 0.6112729479166668 0.0223777484375 0.6151881666666666 0.0153947 0.6273209479166667 0.0155099359375 0.6295182270833333 0.012252384375 0.6368876166666666 0.0105509671875 0.6423455020833334 0.0108044875 0.6471795124999999 0.013741417187499999 0.65264654375 0.0151683078125 0.6609039875 0.017330671875000002 0.6642352145833333 0.01934775 0.6711128208333333 0.019103271875 0.6790844916666666 0.022844817187499998 0.68094366875 0.026731645312500003 0.6792564645833333 0.035985292187500004 0.6788352979166666 0.038883128125 0.6772403020833334 0.042186771875 0.670749825 0.0438420953125 0.6644130270833333 0.0427819203125 0.6441980729166666 0.04112455625 0.6315460729166666 0.03630183125 0.6280212833333334
0 0.5347294203125 0.20839432916666667 0.5346442328125 0.20045339166666667 0.5381001671875 0.18423342083333333 0.531903646875 0.16714698333333333 0.525838409375 0.15888039166666665 0.5282292046875 0.147617375 0.5258363687500001 0.13989159583333333 0.523014675 0.13662184166666666 0.51835328125 0.13617324375 0.5049061890625001 0.13875180625 0.4997698453125 0.14188032291666666 0.49834499374999996 0.15261167291666666 0.4942437359375 0.15652689375 0.4848908984375 0.16137335208333334 0.4833578140625 0.16372431041666669 0.4828989078125 0.17392399791666666 0.47700404531249996 0.18153927916666665 0.47532567343750004 0.18743662083333332 0.47372344687499995 0.18846921458333332 0.4713396515625 0.19354911666666666 0.4705580859375 0.19759642708333333 0.47386377187499995 0.21009474375 0.4760261359375 0.21342596875 0.48461345 0.21924938958333332 0.49165163593749994 0.22080120208333334 0.49410457343749997 0.21703966458333335 0.49557551875000005 0.207187225 0.49746131406250005 0.20524498333333333 0.50174695 0.20484541041666665 0.5057951093749999 0.20623439375 0.5108022140624999 0.213274825 0.5138152875 0.21387710833333334 0.5162612203125 0.21629868541666666 0.5264046687499999 0.22021060208333332 0.532599146875 0.21830824166666665 0.5347294203125 0.20839432916666667
0 0.11632973906249999 0.4421516604166667 0.096787359375 0.44220728958333333 0.09355985781250001 0.4438330208333333 0.0898574078125 0.44903587291666663 0.083824259375 0.45401441875 0.07467184375 0.46899909166666665 0.0745195578125 0.47872858541666663 0.0764213984375 0.48340891458333335 0.085177046875 0.48612540833333334 0.09152585625000001 0.49348235208333335 0.0995069390625 0.49406304375 0.10729664218749999 0.49731120416666663 0.11259431875 0.497258875 0.11904931875 0.4940074125 0.12298924687499999 0.4870160041666667 0.12455238125000001 0.4789213854166666 0.1260624171875 0.47613097083333333 0.1274411734375 0.46452070833333337 0.1270954640625 0.457928875 0.12477176875 0.4515214604166667 0.11816243906249999 0.44551362083333335 0.11632973906249999 0.4421516604166667
0 0.1798300640625 0.62965386875 0.176019378125 0.6264763250000001 0.1696174734375 0.6244235875 0.15252102812499999 0.6269007958333332 0.14175734375 0.6301123770833333 0.13629133437500002 0.6332716312500001 0.13348568593750001 0.6366244479166667 0.130649990625 0.6457209249999999 0.1301680375 0.6554811541666666 0.128796284375 0.6609083041666667 0.12810690625 0.6667134354166666 0.1293955125 0.6723341458333334 0.1370860265625 0.6800075979166667 0.13943977031250002 0.6806713562500001 0.14757518281249998 0.69051135 0.1597657578125 0.6955572125 0.16506343437499998 0.6955048833333334 0.16763160625 0.693940625 0.1784553890625 0.6792417270833333 0.182280078125 0.6700530416666666 0.186925428125 0.6638790729166666 0.1884424671875 0.6549055416666667 0.1880967578125 0.6483137104166666 0.183871221875 0.63722596875 0.181118671875 0.63527458125 0.1798300640625 0.62965386875
0 0.5917149625 0.05691019583333334 0.5919454359375 0.06130475208333333 0.5928191921875 0.05901526458333333 0.5927039546875 0.05681798541666667 0.5917149625 0.05691019583333334
0 0.5546181078125 0.00649321875 0.5572323765625 0.0058078708333333335 0.5552082953124999 0.005113377083333333 0.5546181078125 0.00649321875
0 0.5580826484375 0 0.55766123125 0.0013518395833333333 0.5581522265625 0.0043972937500000005 0.5681804390625 0.00611193125 0.5759170453125 0.014664295833333334 0.5802648203125 0.0217662 0.584780928125 0.025761183333333333 0.5848731171875 0.02751900416666667 0.5895044625 0.0337112625 0.591046590625 0.04416598541666667 0.592104725 0.04539214375 0.5930105718750001 0.05634779583333334 0.5992972390625 0.05620325625 0.6087031734374999 0.046052595833333335 0.6116541062499999 0.03915339791666667 0.6148264703125 0.02384307083333333 0.6151009968750001 0.010127741666666667 0.6099325624999999 0.00001111875 0.6099319796875 0 0.5580826484375 0
0 0.2435016765625 0.27087551458333337 0.24916606875 0.25886567708333336 0.25289156562500004 0.2541022854166667 0.263065065625 0.2522705416666667 0.270762578125 0.25376088125 0.27933385 0.25296173125 0.28256135 0.251336 0.2840944359375 0.24898503958333332 0.2815172203125 0.23774361666666666 0.2798808625 0.20654227291666669 0.27843092343750003 0.19784537083333334 0.2764138453125 0.19096776666666668 0.27053998749999997 0.18003370625 0.2687673875 0.16518442708333334 0.2574876203125 0.14592230416666666 0.25131414687500003 0.12927532291666666 0.23535898125000002 0.12193082708333333 0.22337583125 0.1208400625 0.2068695703125 0.12193743333333333 0.20425530468750003 0.12262277916666667 0.195109890625 0.13142433750000002 0.19058678125 0.13361247083333333 0.18439930468750002 0.12933171666666668 0.17804349375 0.12815788958333335 0.170223740625 0.13065338541666666 0.157735590625 0.13888339791666665 0.15273753125 0.14464864791666668 0.151886821875 0.14737759166666667 0.15152010625 0.15933509999999998 0.148769596875 0.17637251041666666 0.1451753796875 0.18995575208333332 0.1401703171875 0.2019041166666667 0.1370971453125 0.21278914999999998 0.13920641250000002 0.22142457916666666 0.1331061625 0.24407355833333336 0.13896397656249998 0.24838504791666666 0.1495132328125 0.24740147916666666 0.15852940468750001 0.24876887291666666 0.1742470953125 0.2579019270833333 0.180595903125 0.26525886875 0.184046875 0.27421080625 0.18478438749999998 0.28827338333333336 0.1860960421875 0.29433355208333334 0.18722331875 0.2968780729166667 0.1916933328125 0.29999414375 0.20318548593750002 0.29803945625 0.2242679546875 0.28944975208333334 0.235230021875 0.27738758541666664 0.2435016765625 0.27087551458333337
0 0.4032251546875 0.5876284520833334 0.4021649796875 0.5674134958333333 0.3989514828125 0.5566730020833333 0.395800125 0.5534339854166667 0.3905254984375 0.55392576875 0.382560459375 0.5599676479166666 0.3799461921875 0.56065299375 0.37726278281250003 0.5600199770833334 0.3739270484375 0.5532653166666667 0.3701624578125 0.5509666854166666 0.3546221421875 0.5515323875 0.3488495171875 0.5551618333333334 0.347009815625 0.5579829875000001 0.34481039999999996 0.5665785333333333 0.3460920046875 0.5783823604166667 0.34526434375 0.5815507583333334 0.345656146875 0.5890215020833334 0.34718223125000003 0.59285365625 0.3517444328125 0.5977275458333333 0.357088203125 0.59855413125 0.36494704843750003 0.6031206583333333 0.3712798109375 0.60385503125 0.37554239843750004 0.603016 0.3831547265625 0.5965654020833333 0.3877239328125 0.59525618125 0.39351260312499997 0.5982493041666667 0.39609682031250004 0.6033076145833333 0.399416509375 0.60343970625 0.40099568906250005 0.60196765625 0.4032251546875 0.5876284520833334
0 0.0718819265625 0.8326996020833334 0.0704550359375 0.8244421541666667 0.06747201093750001 0.8180962125 0.0661142609375 0.8111571333333334 0.0666423078125 0.8022758145833334 0.0694549578125 0.7927398833333333 0.0721914625 0.7880687000000001 0.07418345312499999 0.7755180541666667 0.07379165 0.7680473104166666 0.07083167343749999 0.7621408229166666 0.0700711125 0.7476387916666667 0.0645730125 0.73755290625 0.040136725 0.7137765833333333 0.0354753296875 0.7133279854166666 0.030523364062500002 0.7199721458333334 0.026776859375 0.74328488125 0.0233349328125 0.7471386270833332 0.0186574921875 0.7400674562499999 0.016525178125 0.7309925729166667 0.015665425 0.72091583125 0.0105661328125 0.7121175770833333 0.0098875984375 0.7118128375 0.0180639 0.8677149166666667 0.0255325890625 0.8648420916666667 0.039309343749999996 0.8622327895833333 0.04741966875 0.8526445312500001 0.0533766734375 0.8525307291666666 0.058482968749999996 0.8551458708333333 0.0668628578125 0.85701419375 0.077933159375 0.8533324166666667 0.078998296875 0.8483754604166667 0.075524278125 0.83898406875 0.0718819265625 0.8326996020833334
0 0.8294040359375 0 0.826724446875 0.008944252083333333 0.8216111484375 0.012512227083333332 0.8172724171875 0.018216004166666667 0.8106420796875 0.03075750625 0.8093164203125 0.03706356458333333 0.8103906000000001 0.044912293750000006 0.81927753125 0.05644863333333334 0.8200751421874999 0.05902389583333333 0.8203286625 0.06385790625 0.8183897703125 0.07110435 0.8185971953125 0.07505945 0.82045294375 0.07886086458333333 0.8207525578125001 0.08457378750000001 0.8228157296875 0.09233030416666667 0.8232997234375 0.10155887083333333 0.8257156078125 0.10972410625000001 0.8285833953124999 0.11387277083333333 0.8298720015625 0.11949348333333334 0.833820971875 0.12530776041666666 0.8339362078124999 0.1275050375 0.836780946875 0.13121424375000001 0.838023459375 0.13595604583333334 0.8420646187499999 0.14352814374999998 0.846864296875 0.14661347708333333 0.8504675562499999 0.14583592083333335 0.8617592875 0.13374301666666666 0.8630779437499999 0.13362007083333335 0.8701762296875 0.12368456666666666 0.8765760921875 0.10674850833333333 0.8818095874999999 0.08020590208333332 0.8881102609375 0.06769513749999999 0.8998859843749999 0.06483080208333333 0.9098220078124999 0.06478761875 0.915211871875 0.06649311041666667 0.9186998953125001 0.06351827708333332 0.920777071875 0.05890856666666667 0.9266949828125 0.05173273958333333 0.9298372968749999 0.042166072916666665 0.9320437140625 0.027387410416666664 0.9295817359375 0.018343264583333335 0.9286828921874999 0.0012044979166666665 0.9284716015625 0 0.8294040359375 0
0 0.9292821796874999 0 0.92969493125 0.00155174375 0.9302941609375001 0.012977589583333334 0.932449521875 0.02249192708333333 0.932412471875 0.0344187 0.9300447234375 0.046121170833333336 0.924403378125 0.05857046666666667 0.9219043484375 0.06145308958333333 0.921145828125 0.06593985416666666 0.9265126453124999 0.06720589166666667 0.9408104484375001 0.0618983875 0.9490981484375001 0.06200888541666667 0.9519889828125001 0.06659700416666667 0.9525952140625 0.07183973541666666 0.956544184375 0.07765401250000001 0.96378979375 0.08316092083333333 0.9680523828125001 0.08232189166666666 0.9785263359374999 0.06726920625 0.97499839375 0 0.9292821796874999 0
0 0.61494315 0.25346646041666665 0.618232790625 0.25934221041666666 0.620985340625 0.26129359583333334 0.6282680046875 0.2548737354166667 0.6403252562499999 0.23211095208333335 0.642801240625 0.22878887291666666 0.6463353578125 0.22669294791666666 0.6487421984374999 0.22205250208333333 0.6492471984375 0.21273172708333332 0.64637036875 0.19577737916666665 0.648539734375 0.19292549166666667 0.6547572609375 0.19146258541666666 0.6551630687500001 0.18656710208333335 0.6522261406250001 0.18110007291666666 0.6504074453124999 0.16537188333333336 0.6455456265625 0.15478507083333334 0.64161970625 0.14941024791666668 0.6353099890625 0.14911533125 0.6275202875 0.14586717083333334 0.627619478125 0.14144188125 0.62978884375 0.13858999166666666 0.6408130515625 0.13402930625 0.641502428125 0.12822417291666668 0.64043525 0.11419233541666667 0.63683899375 0.10878677708333333 0.6355273390625 0.10272661041666667 0.630566328125 0.09656508541666667 0.6230601953125 0.09240727916666666 0.616420815625 0.09214309791666667 0.611881659375 0.0877086625 0.6037322421875 0.09023489583333334 0.6002903140625 0.09408864166666667 0.597078859375 0.10233694374999999 0.5921038453125 0.10854165 0.590448521875 0.11487844583333334 0.5913152765625 0.11877207291666667 0.5881799640625001 0.122155625 0.5852891296875 0.11756750625 0.5815245390625 0.11526887499999999 0.5741636921875 0.10756468541666667 0.5715564265624999 0.10206691875 0.569885059375 0.10178114791666666 0.5677457421875001 0.098889375 0.5591053296874999 0.09837015833333333 0.5453907124999999 0.10848093958333332 0.5369206734375 0.12384359375 0.5355489203125 0.12927074375 0.53587158125 0.13542311875 0.5339256859375 0.14885267708333333 0.53513815 0.15933813749999998 0.5412725296875001 0.16892309375 0.5540001953125 0.17789331875 0.5564922234375 0.18119380833333334 0.5616536546875001 0.19749354583333334 0.561847078125 0.21381487291666668 0.5640094421875 0.21714609791666667 0.57573206875 0.21958596458333332 0.581642978125 0.21859325208333333 0.5883354546875 0.21355323125 0.5933726078125 0.21485000625 0.603993046875 0.2341736 0.610625425 0.24062089583333332 0.61494315 0.25346646041666665
0 0.456961028125 0.37418108958333335 0.4560411765625 0.3755916645833333 0.45581974687500004 0.3840027916666667 0.45613540625000004 0.3963382833333334 0.458343865625 0.4005484208333333 0.468150646875 0.4106741854166666 0.47737424375000004 0.41599667916666666 0.48104664374999995 0.4165374875 0.485592803125 0.41478881041666665 0.4945538375 0.4024716104166667 0.498233240625 0.39682930625 0.5013064109375 0.3859442708333333 0.49882838906250004 0.3702775541666667 0.4949024671875 0.36490273333333334 0.49118397031249994 0.3634830125 0.48357864531250006 0.36375049791666664 0.4804272890625 0.36051148125 0.47635608124999995 0.35868304166666665 0.456961028125 0.37418108958333335
0 0.344755296875 0.05388100625 0.348450746875 0.054861275 0.3506131109375 0.0581925 0.35200295000000004 0.07837671666666667 0.354303596875 0.08434467500000001 0.363504146875 0.08922771041666668 0.37045014374999996 0.08902170208333333 0.3795124109375 0.09126800416666667 0.3911127984375 0.09769370833333334 0.4066531140625 0.09712800208333333 0.40846976875 0.09386739583333334 0.40807796406249996 0.08639664999999999 0.4103695703125 0.07955892708333333 0.409977765625 0.07208818125000001 0.41078237968750003 0.06848032708333333 0.4156351546875 0.06626146041666667 0.42071840156249996 0.06843714583333332 0.4236853796875 0.06816051666666666 0.4278557796875 0.06556366458333333 0.42969548125 0.0627425125 0.4304770484375 0.058695202083333335 0.430537146875 0.047207887500000004 0.4342626453125 0.04244449166666667 0.44010441250000004 0.0401334125 0.4457848484375 0.03474614583333333 0.44515557031249997 0.029063960416666666 0.4423108296875 0.025354754166666667 0.43977970937500005 0.014992239583333334 0.4347054640625 0.004866835416666667 0.3539259484375 0.012398375 0.3542423375 0.0136936875 0.35418924218750003 0.018997891666666666 0.353269390625 0.020408466666666666 0.344942596875 0.01323594375 0.3022025953125 0.01722083958333333 0.3021323375 0.01811059791666667 0.2988517390625 0.025040535416666666 0.2980932203125 0.029527297916666664 0.2993126859375 0.03382964583333334 0.3021574265625 0.03753885208333333 0.30909641875 0.04351595416666666 0.32493635 0.048663172916666664 0.3315226328125 0.05423155625 0.336230121875 0.05555906875 0.344755296875 0.05388100625
0 0.9481453265625 0.11332382916666667 0.9554670843749999 0.11396599375 0.9616084656250001 0.11736783541666668 0.9613108921875 0.13064371041666667 0.97932923125 0.14574472291666665 0.9824274890625 0.15428794166666665 0.9831287234375001 0.15502547916666665 0.9794076328125 0.08407338541666666 0.9761947984375 0.08597877083333333 0.960822815625 0.08343755 0.9516984109375001 0.07368976666666667 0.9480260093749999 0.07314895833333333 0.9445379875000001 0.07612379166666666 0.9443466046875001 0.0787912625 0.9413495781250001 0.08481154791666666 0.9419718546875 0.09667684791666667 0.9463817703125 0.11128023333333334 0.9481453265625 0.11332382916666667
0 0.6396915796875 0.5421762958333333 0.6244809296875 0.5427112645833333 0.6147362859375 0.5400869791666667 0.6098835125 0.5423058479166667 0.607714146875 0.5451577354166666 0.6036058859375 0.5552560666666667 0.6019966578125 0.562471775 0.5995437234375001 0.5662333104166667 0.597911446875 0.5730095625 0.5960577406249999 0.5881969437500001 0.600306325 0.5997241416666667 0.6038795343750001 0.6046902437499999 0.604370528125 0.6077356958333334 0.6072844109375 0.6127632708333334 0.611539996875 0.6181073541666666 0.6185320875 0.6187802541666667 0.625033184375 0.6164077020833333 0.6375122906249999 0.5953720062500001 0.6389531859375001 0.5912632250000001 0.638775809375 0.5815644666666666 0.645214765625 0.5716904354166666 0.6468239953125 0.5644747270833333 0.6437487828124999 0.5563709645833333 0.64229884375 0.5476740625000001 0.6396915796875 0.5421762958333333
0 0.3518859546875 0.20247845 0.352828853125 0.20150732916666667 0.3517015765625 0.19896280624999998 0.3518859546875 0.20247845
0 0.3688452796875 0.2795028125 0.37699673749999996 0.295965375 0.3783314390625 0.30246499791666664 0.3858305703125 0.31280591874999997 0.38721836875000004 0.3140013395833333 0.3988257609375 0.31424392916666666 0.40982692031249995 0.3092437875 0.41375984375 0.30843549375 0.417125628125 0.3094464979166667 0.4273983171875 0.3031894625 0.43131519531249995 0.2957586 0.43491845625 0.29498104166666667 0.43912794687499995 0.2994462145833333 0.44275425312500005 0.29910811249999997 0.45430650781250004 0.28566610833333334 0.4571882984375 0.27744854375 0.45695782500000004 0.2730539895833333 0.4578546296875 0.27120395833333333 0.4564277375 0.2629465125 0.454618084375 0.26002400416666666 0.45300681562499995 0.24825091458333332 0.443428465625 0.22353090833333333 0.4318581265625 0.21136154583333333 0.425677653125 0.20089767708333334 0.4186394671875 0.19934586666666665 0.41541896874999995 0.19478848333333335 0.41236680156250005 0.18712417708333332 0.41211328125 0.18229016666666667 0.41369946406249997 0.1746350041666667 0.4110621484375 0.17488089583333333 0.4061472359375 0.16959828333333335 0.40186159843749997 0.16999785833333333 0.399132096875 0.16848592708333332 0.383614828125 0.16949108958333334 0.37754258749999997 0.1674076125 0.3712789671875 0.16799160416666667 0.364985296875 0.17431925833333334 0.3638049234375 0.17707893541666667 0.3608609921875 0.17779502083333334 0.36099927656249997 0.18043175208333334 0.35758039531249997 0.18472495416666668 0.3575042515625 0.18958970208333334 0.354207609375 0.18989706666666667 0.353495184375 0.19526274166666668 0.35518959843750003 0.19598797083333333 0.35907642812499996 0.19430076666666668 0.3619672625 0.1988888854166667 0.3628570640625 0.20322196666666667 0.364221815625 0.20397793333333333 0.36513466562499997 0.20875047083333334 0.37007262500000004 0.21447253749999998 0.3682329234375 0.21729368958333334 0.3686938703125 0.2260828 0.369867240625 0.22950623541666668 0.3607609203125 0.24536981875 0.35929697968749996 0.24903914375 0.36016373281249997 0.2529327708333333 0.3653321671875 0.26304939166666663 0.3688452796875 0.2795028125
0 0.27975338125000004 0.0904122125 0.2857103859375 0.09029841041666667 0.2928477625 0.08742492916666667 0.2953006984375 0.08366339375 0.2975462078125 0.07594675625 0.3026204125 0.06531676041666666 0.3033789328125 0.06082999583333334 0.3025261828125 0.044570139583333335 0.29855416562500003 0.038316408333333336 0.294397771875 0.028547033333333336 0.284844509375 0.023255277083333335 0.2805127796875 0.022775941666666667 0.27479004218749997 0.019776670833333333 0.2313254046875 0.023829129166666668 0.2420042015625 0.03387359166666667 0.24771672812499998 0.041731462500000004 0.24914361875000002 0.04998890833333333 0.252901209375 0.058470654166666663 0.256683884375 0.08638065208333333 0.2585626796875 0.090621525 0.2595747203125 0.09096877083333334 0.26367597656249997 0.08705355416666666 0.268620940625 0.08659250624999999 0.27975338125000004 0.0904122125
0 0.6258590859375001 0.7395383145833333 0.6246396203125 0.7352359687500001 0.6167346796875 0.72979053125 0.6113909109375 0.72896395 0.6081634109375 0.73058968125 0.60726660625 0.7324397125 0.606577228125 0.7382448416666667 0.602492015625 0.74878263125 0.6028607734375 0.75581391875 0.6111505140625 0.7749132145833334 0.6171466109375 0.7818614395833333 0.6204893484375 0.7824329854166667 0.6235946109375 0.7847930916666667 0.63261078125 0.78616048125 0.6372260828125 0.7857301708333334 0.6400778234375 0.7832562666666667 0.6430518046875 0.7767965229166667 0.6437642296874999 0.7714308458333333 0.642704053125 0.7512158916666666 0.64028116875 0.74923376875 0.632583653125 0.7477434333333334 0.6258590859375001 0.7395383145833333
0 0.4869047078125 0 0.46095444687500003 0.002419491666666667 0.4653782859375 0.010397514583333333 0.46507370937500003 0.02985650416666667 0.4638402390625 0.03792038541666667 0.4623302015625 0.04071080208333333 0.462583721875 0.0455448125 0.470082853125 0.055885735416666665 0.4710117484375 0.06728084166666666 0.47481543125 0.07664149791666668 0.4776692140625 0.09315639166666667 0.48263022343750006 0.09931791250000001 0.4838496890625 0.10362025625 0.49082777499999997 0.11665938541666666 0.4922546671875 0.12491683125 0.49680986718750003 0.1359738375 0.49920970625 0.13751650416666666 0.5110776203125 0.13640998958333334 0.5208523109375001 0.13329061666666667 0.52519104375 0.12758683958333333 0.5322592796875 0.12339499375 0.541718309375 0.10794012916666666 0.547682315625 0.10164321458333332 0.5499508734375 0.09436603333333334 0.5504097781249999 0.08416634791666668 0.5527474781249999 0.07820753333333334 0.55240176875 0.07161569999999999 0.547233334375 0.06149907708333333 0.5412602843750001 0.05499031041666667 0.5320597359375 0.050107275 0.5291689015625 0.045519154166666666 0.52983523125 0.03927456875 0.535882384375 0.021929791666666667 0.541968628125 0.011647039583333333 0.5435708546875 0.010614447916666667 0.5426493140625 0 0.4869047078125 0
0 0.5940617046875001 0.06375706458333333 0.59350856875 0.05321013125 0.5905856453125 0.035376874999999995 0.5886377078125 0.029817635416666665 0.5816065234375001 0.022082710416666665 0.5757787609375 0.012027560416666666 0.5680421546875001 0.0034752 0.5571171390625 0.003610591666666667 0.55233350625 0.007147827083333333 0.5438083296875 0.008825887499999999 0.5351769609375 0.021112354166666666 0.5306398453125001 0.035666714583333335 0.5298582796875 0.039714025 0.5301117984375 0.044548035416666666 0.53119298125 0.04621364791666667 0.5345818125 0.047664104166666665 0.5435909828125001 0.055214610416666664 0.54932655625 0.0635119375 0.5545871796874999 0.07538638125 0.5660422828125 0.08535846458333333 0.5778661421875 0.1023618375 0.5827119140625 0.10632608125 0.5879865421875 0.10583429791666667 0.5931459359375 0.1031452375 0.5959515828125 0.09979241874999999 0.5977451890625 0.09609235416666667 0.5967080609375001 0.07631685625000001 0.5940617046875001 0.06375706458333333
0 0.152448084375 0.7328926437500001 0.157891046875 0.7292939333333333 0.1613099265625 0.7250007333333334 0.161830971875 0.7223025270833333 0.1578589546875 0.71604879375 0.1534720890625 0.7018848645833333 0.1476212765625 0.6913902583333333 0.13911010625 0.6807020916666667 0.13285348749999998 0.6751029708333333 0.12845261562500002 0.67330526875 0.1129583953125 0.6747498833333334 0.109232896875 0.679513275 0.1060053953125 0.68113900625 0.106420246875 0.6890492083333334 0.10547734843750001 0.6900203270833334 0.0975654078125 0.6907580020833334 0.0888328046875 0.6884809645833333 0.0825922328125 0.6895044124999999 0.0709778390625 0.6954449375 0.0694678015625 0.6982353541666666 0.069928746875 0.7070244625 0.0727203890625 0.7160378749999999 0.0749629796875 0.7524819479166667 0.077992096875 0.7597068 0.07939594062500001 0.7675247895833334 0.08431085625 0.7728073999999999 0.0886195375 0.77284728125 0.0941085953125 0.7701274833333334 0.099053559375 0.7696664354166667 0.1337304453125 0.7739405833333334 0.13721846875000002 0.77096575 0.14246100625 0.757228825 0.1476965421875 0.7496750187500001 0.1491213921875 0.7389436666666668 0.1506083828125 0.73571379375 0.152448084375 0.7328926437500001
0 0.064182090625 0.66693265625 0.06443560937500001 0.6717666666666666 0.06493360625 0.66862900625 0.064182090625 0.66693265625
0 0.05343036875 0.6387892145833334 0.0554774953125 0.6399231604166666 0.056734014062500004 0.6322987333333334 0.0555836890625 0.6293147541666666 0.053958415625 0.62990789375 0.05343036875 0.6387892145833334
0 0.054578651562500004 0.6227843958333333 0.0554063125 0.6196159979166667 0.054348178125 0.6183898416666668 0.054578651562500004 0.6227843958333333
0 0.0578131546875 0.61497555 0.057882296875 0.6162939166666667 0.059461476562500004 0.6148218666666666 0.0578131546875 0.61497555
0 0.10265245468749999 0.585623475 0.10602524218750001 0.5804513645833332 0.1108920203125 0.5658662666666667 0.10744104843749999 0.5569143270833333 0.10282575000000001 0.5573446395833332 0.09971348437500001 0.5611676479166667 0.09674650781250001 0.5614442770833333 0.0978807859375 0.5578056854166668 0.09779559843749999 0.5498647520833334 0.0921522140625 0.5433252458333333 0.0838945625 0.5374710895833333 0.0792792625 0.5379014000000001 0.072863353125 0.5482148875 0.0613251046875 0.5492906645833333 0.057246895312500004 0.5536453395833333 0.053092540625 0.5628647625000001 0.05339215625 0.56857768125 0.050365078125 0.5803416291666667 0.051653685937500006 0.5859623395833334 0.055740939062499995 0.5944133479166667 0.060471475 0.5961803166666667 0.06838341718749999 0.5954426395833334 0.07125820625 0.5934081895833334 0.0800899984375 0.5912599375 0.08291869375000001 0.588346575 0.0856091046875 0.5827964812499999 0.08852998749999999 0.5816409416666667 0.08874441718750001 0.5794129270833334 0.09175749062500001 0.5800152104166667 0.0906232109375 0.5836538020833333 0.0953998421875 0.5862996791666667 0.10265245468749999 0.585623475
0 0.1827853609375 0.806020075 0.182921603125 0.7896680104166667 0.184132025 0.7811646729166667 0.1907393140625 0.7681837166666666 0.191497834375 0.76369695 0.190301415625 0.7598340583333333 0.1863754953125 0.7544592395833334 0.1851560296875 0.75015689375 0.17119285312500002 0.7302617520833333 0.1652658984375 0.72463189375 0.16293520156250002 0.72440759375 0.1607267421875 0.7201974583333333 0.1599682234375 0.7246842229166667 0.1547096390625 0.7317985770833333 0.152448084375 0.7328926437500001 0.1491213921875 0.7389436666666668 0.14767349375 0.7492355624999999 0.1427445765625 0.7563191791666667 0.14200910312499998 0.7612454 0.137241515625 0.77140520625 0.1340601109375 0.7739098479166666 0.13109313281249999 0.774186475 0.1257263140625 0.7729204375 0.10983328750000002 0.7730774229166666 0.10378409531249999 0.7714334020833333 0.08831292187499999 0.7733174729166666 0.0832066265625 0.77070233125 0.076919959375 0.7708468687500001 0.077127384375 0.77480196875 0.0754259671875 0.7802598541666667 0.07506625156249999 0.7860342479166668 0.0686433421875 0.80253085 0.068889859375 0.8135479770833334 0.0700171359375 0.8160925 0.070408940625 0.82356324375 0.0725713046875 0.82689446875 0.07593708906249999 0.8279054708333333 0.08858656875000001 0.8227516458333334 0.0914152640625 0.8198382854166667 0.098506546875 0.8160858958333334 0.10830428437499999 0.8134059770833333 0.12650496093750002 0.8130338375 0.1362566046875 0.8094750104166667 0.15438813906249998 0.8077845020833333 0.16688533125 0.8123601729166666 0.1787762921875 0.8116931145833333 0.1807081828125 0.8106297833333334 0.1827853609375 0.806020075
0 0.8769080796875001 0.2709943791666667 0.8729821578125 0.26561955625 0.865545165625 0.26278011875 0.8613657234375 0.2525712854166667 0.857439803125 0.24719646458333333 0.85475639375 0.24656344583333334 0.849198196875 0.2479648770833333 0.8424987171874999 0.2591880125 0.8395778328124999 0.2603435520833333 0.8361890015625001 0.25889309375 0.8305456171875001 0.2523535895833333 0.8259303171875001 0.2527839 0.8107587593750001 0.26038089375 0.8048408468750001 0.2675567208333333 0.8027636703125 0.27216643124999995 0.7966613812500001 0.2758266145833333 0.7946302984375 0.2813152354166667 0.7938256828125 0.28492308958333334 0.794240534375 0.2928332895833333 0.797799740625 0.31016561875 0.799916009375 0.31261793125000004 0.8103199796875 0.31518074375 0.8168832171875 0.3203096729166666 0.8350999375000001 0.32656010208333336 0.8494899281249999 0.32301041875000003 0.8650141984375 0.31582214583333335 0.868103415625 0.31155967916666666 0.8696204546875 0.30258615 0.87551531875 0.29497086875 0.878113540625 0.2876629520833333 0.8785423968750001 0.28320692291666666 0.87808145 0.2744178125 0.8769080796875001 0.2709943791666667
0 0.9329367171875 0.13284759375000002 0.935550984375 0.13216224583333333 0.9331741921875001 0.13105903541666666 0.9329367171875 0.13284759375000002