0 0.18226331875 0.18813200208333333 0.1794701390625 0.19437809375 0.176619128125 0.19120934791666666 0.1746388453125 0.18644266666666667 0.170189896875 0.18172596041666667 0.162203421875 0.1829411875 0.15781230468750002 0.18763931875 0.151355215625 0.2017294395833333 0.1508668359375 0.2065461 0.14854489843750002 0.21080726458333335 0.1474760328125 0.21668921458333334 0.1480597265625 0.22457894375 0.154089471875 0.23367534166666667 0.15714182968749998 0.24151509375 0.16188101875 0.24569915 0.168580146875 0.24852660625 0.17778221249999998 0.24564061666666664 0.18211870937500002 0.24048266666666668 0.1821904671875 0.23811074791666667 0.1873602078125 0.22806331041666666 0.19157032499999999 0.22481745833333333 0.194547715625 0.22607410625 0.197996346875 0.22534582708333334 0.20307719062500001 0.22050203750000003 0.2058328890625 0.21096439374999998 0.204194259375 0.1971698625 0.197747890625 0.19051821249999998 0.1961670921875 0.18613851875 0.192571734375 0.1826556125 0.18567446875 0.18411217083333334 0.18226331875 0.18813200208333333
0 0.9499631109375001 0.17212900208333334 0.9480374484375 0.1678221375 0.944424953125 0.16717096458333333 0.9337341921875 0.16942863125000002 0.93186956875 0.18349162291666668 0.9326342625 0.18992906875 0.938807525 0.19428163333333334 0.946073209375 0.20783055 0.950303671875 0.21070798541666666 0.9640264437500001 0.21016678125 0.97025111875 0.2060241458333333 0.969704909375 0.20142596875000002 0.966963140625 0.19917685833333335 0.9661266875000001 0.1951113270833333 0.96287619375 0.19155559375 0.9622753625 0.18649759791666665 0.9580448984375 0.18362016458333336 0.9563548578125 0.1783208375 0.9541764359375 0.17783816875 0.9527766375000001 0.17200619375 0.9499631109375001 0.17212900208333334
0 0.9556994062499999 0.1728030229166667 0.9564266171875 0.17594892083333333 0.960202975 0.17797954583333334 0.9618383953125 0.1828190583333333 0.9640168171875001 0.183301725 0.9693791765625001 0.18975583541666668 0.959682653125 0.10812725208333333 0.9497393031250001 0.10477286041666667 0.9449658390625 0.10625226875 0.9390142687499999 0.11269399583333332 0.935640603125 0.12000537708333334 0.9329395265624999 0.13000283958333334 0.9328334937499999 0.13803822291666668 0.93702968125 0.14657912291666667 0.9436399124999999 0.15461022916666664 0.9479999640625 0.16453058541666668 0.9556994062499999 0.1728030229166667
0 0.5058617265625001 0.24281772916666666 0.5053358625000001 0.2443428375 0.5091293593749999 0.24354172916666667 0.5079855265625 0.24284057916666668 0.5058617265625001 0.24281772916666666
0 0.4955329671875 0.24217083333333334 0.49814835625000004 0.24633204374999998 0.500705915625 0.24107841458333334 0.4988177359375 0.24006310208333334 0.4955329671875 0.24217083333333334
0 0.5352330046875 0.09426667500000001 0.5379951203125 0.10263907083333333 0.5412627515625 0.10336307083333333 0.5432569640625 0.09634300208333334 0.542765375 0.09220464375 0.5442165875 0.08954141458333333 0.54541183125 0.0817473625 0.5449202421875 0.07760900416666666 0.5432676843750001 0.07560122916666666 0.538292871875 0.07240963125 0.53424661875 0.0770349375 0.5354825546875001 0.08148745833333333 0.5341952062499999 0.08553013958333334 0.5352330046875 0.09426667500000001
0 0.49108409062499997 0.08567861458333333 0.487618321875 0.08923862916666667 0.483442478125 0.08682101458333333 0.48070391875 0.09352692083333333 0.46328296562500004 0.10757562083333333 0.45221627499999995 0.12452460416666668 0.44922174843749996 0.12609968958333334 0.4484602640625 0.1286172625 0.4445403875 0.13133046875 0.437786640625 0.12804319583333335 0.43254193281250003 0.13150753125 0.4350855625 0.13804065624999998 0.4360141203125 0.14585755625000002 0.4394830984375 0.1512525625 0.462844903125 0.1515039125 0.466549503125 0.15590645416666668 0.466170365625 0.16164275 0.45329046406250006 0.18415952083333334 0.45302056718749995 0.19081545416666668 0.45547209375 0.19359721041666667 0.455038334375 0.1988736875 0.4564552703125 0.20187392708333332 0.4598321453125 0.2035175625 0.465534165625 0.20985505416666667 0.46989100937500006 0.21082038958333332 0.4738108828125 0.20810718333333333 0.5011643234375 0.20327341041666666 0.5068085140624999 0.20019606458333333 0.5082051046875 0.19707301875 0.5244682984375 0.19410992291666668 0.5260458890625 0.18953459375 0.5253904359375 0.18401678125 0.5209414906250001 0.17930007916666665 0.5202689 0.176614 0.5354053999999999 0.17011801875000002 0.5380722015625 0.16578402499999997 0.5383249609375 0.16195982708333334 0.5377584046874999 0.15123836458333334 0.5346139421875 0.13964724583333332 0.5330877640625 0.13572737083333333 0.5286763 0.13430221874999998 0.5268052578125 0.13045517291666667 0.5264775328125 0.12769626458333333 0.5307936828125001 0.11641502916666666 0.5294827796875 0.10537940625 0.5206673640624999 0.07283230833333333 0.5171094890625 0.07264095208333333 0.5089420125 0.07530845833333334 0.49585755625 0.08419920833333333 0.49108409062499997 0.08567861458333333
0 0.21566677812499999 0.35029342291666665 0.216181921875 0.36951008750000003 0.223556846875 0.3839786416666667 0.22710079374999997 0.39595674999999997 0.22808397187499999 0.40423346875 0.234861275 0.4225990479166667 0.2387640109375 0.422717575 0.24222978125 0.4191575604166667 0.24772724687499997 0.4118690291666667 0.249540459375 0.4063012375 0.25013808125 0.40240421249999997 0.24904566250000001 0.3932078583333333 0.244105125 0.38435279791666666 0.24355891562499998 0.37975462083333333 0.2386730015625 0.37135937291666665 0.2253261578125 0.3572092604166667 0.22194607500000002 0.34661060416666667 0.217988715625 0.3460322604166667 0.21566677812499999 0.35029342291666665
0 0.1349721328125 0.07273916041666667 0.1373690375 0.07506109791666667 0.1398377015625 0.07501112083333333 0.14223460625 0.07733305833333333 0.167174003125 0.07300907916666667 0.17292743593749998 0.07085137083333333 0.176338584375 0.0668315375 0.1787483453125 0.061609120833333336 0.1314035484375 0.07160736041666667 0.1349721328125 0.07273916041666667
0 0.5171115328125 0.28097831666666667 0.51500486875 0.27812373333333335 0.5062365625 0.27573324375 0.4951463171875 0.27760392083333335 0.485636871875 0.28385429166666665 0.47616811875 0.3023512333333333 0.4756251171875 0.3067080770833333 0.47758826406250005 0.3143064916666667 0.4797495484375 0.31762089375 0.48116969374999996 0.32957615416666663 0.48520201875 0.3367376 0.48943248125 0.33961503541666666 0.4933352203125 0.33973356250000003 0.5013934546875001 0.3361464208333333 0.5072764750000001 0.3410316291666666 0.5138663609375 0.34293945000000003 0.5231948046875 0.3381413625 0.530433725 0.32765695625 0.5306661390625 0.3177094729166667 0.528628025 0.30352795208333333 0.5252136671875001 0.29859276458333334 0.5162097375 0.2971947395833333 0.515137665625 0.2941216729166667 0.517876225 0.28741576458333334 0.5171115328125 0.28097831666666667
0 0 0.3363550270833333 0.00834723125 0.33704136041666666 0.014517285937499999 0.33243890625 0.0255293546875 0.31503010625 0.0338060734375 0.31328223541666667 0.0350559375 0.30594800208333334 0.0333626875 0.29169365625 0.0321096140625 0.29007286875 0.030911160937499998 0.28891190000000005 0.021599853125 0.2908782541666667 0.011981165625 0.29620898958333336 0.008225153124999999 0.30030164791666664 0.006176321875 0.3068619 0.00705025625 0.3142189833333333 0.0014606859375 0.3177561479166667 0 0.31980169375 0 0.3363550270833333
0 0.9360368046875 0.2632128625 0.9327520359375001 0.26532059375 0.9313554453125 0.26844363958333334 0.9326460015625001 0.27335597916666665 0.9358418765625001 0.27645189583333335 0.94214151875 0.2788923625 0.949168371875 0.2844787229166667 0.952872971875 0.28888126666666664 0.95597995 0.2971808354166667 0.9615727296875001 0.3025986895833333 0.9652569828124999 0.30087794791666667 0.9684667859375 0.2921871104166666 0.9718233140624999 0.2877074625 0.9807897578125001 0.28581393541666666 0.9785181671875 0.2666909291666667 0.9731042453125 0.2657547416666667 0.965913528125 0.25878892708333334 0.9644387609375 0.24637385 0.9589006046874999 0.2414158125 0.9544173828125 0.242362575 0.950896990625 0.24546277291666665 0.9443477984375 0.25580152291666663 0.939557196875 0.26011266666666666 0.9367982906250001 0.2606952895833333 0.9360368046875 0.2632128625
0 0.0580545765625 0.5084862583333334 0.054773015625 0.5195490104166667 0.055431675 0.5340218416666667 0.05263849375 0.5402679333333332 0.047448407812499996 0.5441920875 0.0461610609375 0.54823476875 0.046761890625000004 0.5532927625 0.050466490625000006 0.55769530625 0.057291996874999994 0.5586106625 0.0656404734375 0.554490875 0.07239101406250001 0.5488231291666666 0.078704584375 0.5394768416666668 0.08037427968750001 0.5386528833333333 0.088900546875 0.5241257958333333 0.089115821875 0.5170100458333333 0.0873882984375 0.5084191666666666 0.08099655 0.50222733125 0.07012158125 0.4969822604166667 0.064675528125 0.4957755916666667 0.0595571984375 0.4973278291666666 0.0580545765625 0.5084862583333334
0 0.3047529265625 0.23720978333333334 0.3040492703125 0.24914219166666665 0.30265268125 0.2522652375 0.29361768593750004 0.2654857 0.29062636875000003 0.27601580625 0.285999628125 0.28170640208333336 0.284131796875 0.28681437499999995 0.27883246875 0.28981889375 0.2760253578125 0.3078517375 0.272778071875 0.3132510229166667 0.2704186515625 0.31422063541666667 0.2610762765625 0.3308054791666667 0.256394915625 0.33603625625 0.2579210953125 0.33995613125 0.2653099484375 0.34263793124999997 0.269502928125 0.3422238145833333 0.2753281203125 0.3376941854166667 0.2774144375 0.33442548541666667 0.2910622421875 0.3273011791666667 0.30191365625 0.3174679458333333 0.3165071546875 0.31532880625 0.32681556875 0.30985241458333335 0.3281200546875 0.3029780020833333 0.32615369843750003 0.2864245645833333 0.3272771859375 0.28100243125 0.32252837031250003 0.24995331458333334 0.313463403125 0.23018543333333333 0.3122649515625 0.2290244625 0.306801759375 0.23064952916666667 0.30683924375 0.23394108125 0.3047529265625 0.23720978333333334
0 0 0.14608432291666668 0.0007646140625 0.14821625 0.0131861078125 0.16350448541666665 0.0160199828125 0.1695049625 0.02328245625 0.17409886041666667 0.0287456484375 0.17247379583333336 0.0326109015625 0.16930077291666665 0.040832998437500004 0.16709308333333334 0.044008525 0.16406571666666667 0.050052201562499996 0.16137536041666667 0.0792017140625 0.15380552916666668 0.085228253125 0.15394690625 0.0881135390625 0.1514521854166667 0.09057899375 0.14244718750000002 0.09148399375 0.13518578125 0.0905179546875 0.12407733125 0.0926760296875 0.1184367125 0.094926209375 0.1165474625 0.10002740000000002 0.11782696041666667 0.1069450109375 0.1224936875 0.11073850781250001 0.12169257916666668 0.1134599296875 0.11781840416666665 0.122044028125 0.11270615208333333 0.1269781453125 0.10365117708333332 0.1229565390625 0.07574795416666666 0.12305828593749998 0.07336970625 0 0.0993570625 0 0.14608432291666668
0 1 0.4475321958333333 0.9991424046875 0.4403126708333333 0.99482824375 0.4039946125 0.9805787125000001 0.40605338541666663 0.9787826390625 0.40878944166666664 0.9736096890624999 0.40988186041666663 0.9694541921875001 0.41358753125000003 0.9666952875 0.41417015625 0.9632841375 0.41818998541666663 0.948673503125 0.42316085833333333 0.9422678265625001 0.42875577708333334 0.9448114578125001 0.4352889020833333 0.9364833265625 0.44553197499999997 0.936776778125 0.45395434791666667 0.942062178125 0.4627365854166667 0.9452751875000001 0.46300076874999996 0.946637503125 0.4655411895833333 0.9531899046874999 0.46415745833333333 0.95798050625 0.45984631458333336 0.9659123609375 0.45817127083333337 0.9735197 0.4626923416666667 0.9772789203125001 0.46755470416666667 0.981509384375 0.47043213749999996 0.9839780484375 0.4703821583333333 0.9863749531250001 0.4727040979166667 0.9912030375 0.47168450624999997 1 0.4647641270833333 1 0.4475321958333333
0 0.8132987421875001 0.17930746666666667 0.808310003125 0.187902625 0.8070258640624999 0.20090032291666665 0.8048677874999999 0.20654094374999998 0.803891028125 0.21617426458333336 0.80674845625 0.23725304791666665 0.8061508343750001 0.24115007291666668 0.809565190625 0.24608526249999998 0.8154824875 0.24530700416666665 0.8183131515625 0.24235246458333334 0.8261903859374999 0.24021760416666668 0.8241383453125 0.2378228375 0.8237013765625001 0.23414429583333335 0.8285059078125 0.2180464 0.8288850453125001 0.21231010416666668 0.8424000515625 0.18918785833333332 0.8436467078125001 0.17289860625 0.8420112874999999 0.16805909375 0.8396143828125 0.16573715625000002 0.8333522234374999 0.16658824375 0.8229174296874999 0.17397673125 0.8144768484375 0.17434515 0.8132987421875001 0.17930746666666667
0 0.8447745328125 0 0.8450573 0.0062132916666666664 0.842103465625 0.020034952083333335 0.841509053125 0.032886995833333335 0.8422908828125 0.03649271041666667 0.8442883046875 0.03842765625 0.8562150000000001 0.04062251041666667 0.8630233703125001 0.04436960208333333 0.8751482046874999 0.042280439583333336 0.881970503125 0.034240779166666666 0.8875600734375 0.030703614583333334 0.8954919265625 0.029028570833333333 0.9081597640625001 0.022582568749999997 0.9164911015625 0.021294514583333334 0.9226236734375 0.013400508333333333 0.93159011875 0.01150698125 0.9367427203125 0.004291277083333334 0.9372775499999999 0 0.8447745328125 0
0 0.697050878125 0.2750308291666667 0.694274834375 0.2784451854166667 0.691464515625 0.28752301041666667 0.6873261562499999 0.2883969458333333 0.6821703453125 0.28665763333333333 0.675655428125 0.2913329145833333 0.6725891421875 0.29527991875000004 0.668126265625 0.30234996875 0.6660774328125 0.30891022291666664 0.6659746078125 0.325900625 0.6647965 0.3308629416666667 0.67064845625 0.35036663749999997 0.6778220359375 0.36016418749999995 0.6806559078125 0.36616466875 0.6836332984375 0.36742131250000004 0.69294460625 0.36545495833333336 0.6961747546875 0.36288741041666667 0.7073196203125 0.36147655 0.7118746015624999 0.35815786875 0.7157741296875 0.34932137708333333 0.7283327234375 0.3419557375 0.7339394312499999 0.33558683958333335 0.7389453078125 0.3241599479166667 0.7398674468750001 0.3140668104166667 0.7412640390624999 0.31094376458333334 0.7372252953125 0.28587227708333335 0.73564449375 0.2814925833333334 0.7239330734375 0.27218198125 0.7176880515625 0.27020133333333335 0.7064885640624999 0.271152375 0.697050878125 0.2750308291666667
0 0.95585670625 0.4598234666666666 0.9526265578125 0.46239101666666665 0.9443123578125 0.4608473354166666 0.940628103125 0.4625680791666667 0.9372715765624999 0.46704772916666665 0.933297078125 0.46930111666666663 0.9294693078125 0.4757656916666667 0.926279853125 0.49057981458333333 0.9231418078125 0.49689873333333334 0.9223460484375 0.5050797708333333 0.924947509375 0.5210277333333333 0.9277985203125001 0.52419648125 0.9420846375 0.5254217208333334 0.9477866593750001 0.5317592125 0.9546528578125001 0.5449211395833333 0.9587740796875 0.5468789395833333 0.965616725 0.5449625625 0.9790085609375 0.5327074333333334 0.98323260625 0.5176748291666666 0.9920866 0.5059066458333333 0.9937188125 0.5017911375 0.9907692796875001 0.47696098541666665 0.9886079953125 0.47364658125 0.980365553125 0.4697309854166667 0.9715222796875 0.46075739374999997 0.9655675 0.4582441 0.95585670625 0.4598234666666666
0 0.5987477859375 0.14684301875 0.5939368390624999 0.14503087499999998 0.5948825328125 0.15001604166666666 0.59985734375 0.1532076375 0.6002193453125 0.150303075 0.5987477859375 0.14684301875
0 0.5742839359375 0.11053025833333334 0.575157871875 0.11788733958333333 0.5775172937499999 0.116917725 0.5763906000000001 0.11338484166666667 0.5742839359375 0.11053025833333334
0 0.7446571015625 0.05381147083333333 0.742280540625 0.05761281875 0.742499025 0.0594520875 0.7439877203124999 0.0600804125 0.74543893125 0.05741718333333334 0.7446571015625 0.05381147083333333
0 0.6807995703125 0.05786980625 0.67869290625 0.05501522291666667 0.6780920765625 0.049957229166666665 0.6817185015625 0.03882165 0.6767983109375 0.036089870833333336 0.6738380578125 0.032001489583333334 0.6670671718750001 0.031545952083333335 0.6644517828125001 0.027384741666666667 0.66022131875 0.02450730833333333 0.651637221875 0.029619558333333334 0.6491342828125 0.03533300625 0.64450754375 0.0410236 0.6372718328125 0.06046302708333333 0.6377088015625 0.06414156875 0.6403788109375 0.06876259583333333 0.65089178125 0.07691222916666667 0.65470883125 0.09118942708333333 0.6610116828125 0.10258491041666667 0.6663142203125 0.10853541458333332 0.668622228125 0.116061 0.675358840625 0.12218000833333333 0.6789713359375 0.12283118125 0.6893172328125 0.12064634166666667 0.6954872875 0.1160438875 0.696429771875 0.11207403541666668 0.6985707109375 0.10926515208333334 0.699076228125 0.10161675625000001 0.7009986828125 0.0969686 0.700797334375 0.09229759583333334 0.7033174109375 0.08375241666666668 0.7004974671875 0.06596518333333333 0.6971548671875001 0.05865807916666667 0.69218005625 0.05546648333333334 0.6894040140625 0.05888084166666666 0.6835413375 0.06011891666666667 0.6807995703125 0.05786980625
0 0.6050624515624999 0.08988989791666667 0.6007463015625001 0.10117113541666667 0.5988409859375 0.10298755625 0.5914788953125 0.12433908125 0.59262914375 0.14295027083333334 0.5946469125 0.15100850416666667 0.5992051 0.15664484583333332 0.6041252906250001 0.15937662083333332 0.6017144562500001 0.16884143958333334 0.6064193718750001 0.17868896458333333 0.6106498359375 0.18156639791666668 0.62849061875 0.174027975 0.6351490546874999 0.16460886041666667 0.6346574656249999 0.16047050000000002 0.6303723812500001 0.15713324791666666 0.6299354140625 0.15345470833333333 0.6353439843750001 0.151369825 0.6401345859375 0.14705868333333333 0.640933553125 0.1478326625 0.6396258593749999 0.14575205833333332 0.6387519234375 0.138394975 0.635228325 0.13254015 0.6357167046875001 0.12772348958333332 0.63257545 0.12508738958333335 0.6333712109375 0.11690635 0.6320635171875 0.11482574583333333 0.630971096875 0.10562939166666667 0.628864434375 0.10277481041666667 0.6284788781249999 0.09060106666666666 0.6247914156250001 0.08336678958333334 0.6202707109375 0.081022 0.614408034375 0.082260075 0.60910870625 0.08526459375 0.6050624515624999 0.08988989791666667
0 0.414659434375 0.022630702083333332 0.41700171875 0.02449282083333333 0.42055959375 0.02468417708333333 0.425059953125 0.020905679166666667 0.4345490515625 0.008532022916666666 0.43690311875 0.0070921895833333335 0.4098093140625 0.012813839583333332 0.4143863296875 0.0203316125 0.414659434375 0.022630702083333332
0 0.7662763578125 0.10486552499999999 0.7694379578125 0.11362491041666667 0.7672423984375001 0.11597397499999999 0.7673891234375 0.12018516458333334 0.7657569109375 0.12430067291666667 0.7670474703125 0.1292130125 0.769843859375 0.1319219375 0.766268846875 0.13456231666666665 0.7575926453124999 0.13592320000000002 0.75102310625 0.14013866458333332 0.7528395265625 0.14352589375000002 0.7520062828125 0.14841538125 0.7456755734375 0.16059340416666668 0.7461125421875 0.16427194375 0.7448626765624999 0.17160617708333334 0.7413626328125 0.18082965833333334 0.7423458093749999 0.18910637500000002 0.7436535046875 0.19118698125 0.7534049875 0.2018541854166667 0.757362346875 0.20243253125 0.7702893578125 0.21007237083333333 0.7867710375 0.20894854375 0.791599121875 0.20792895208333334 0.7948292703125001 0.20536140208333334 0.7966253453125 0.20262534583333333 0.798039071875 0.19667056666666666 0.8088872796875 0.17788231458333334 0.8102463859375 0.17146771666666666 0.8102431765624999 0.16251269791666667 0.816683128125 0.15125431041666668 0.81782375 0.14300044166666667 0.8168405734374999 0.13472372500000002 0.8130813531250001 0.12986136458333333 0.8059281203124999 0.1261871 0.79921185625 0.12619137916666667 0.8058156703125 0.11631244791666666 0.80390714375 0.10917384791666666 0.7863298390625 0.09214630208333333 0.7762913203124999 0.09096676041666667 0.7732078984374999 0.09774549791666667 0.768779296875 0.09915207708333333 0.7662763578125 0.10486552499999999
0 0.119475675 0.2904770666666667 0.11862208437499999 0.28924327083333334 0.1162455265625 0.29304461875 0.1164640109375 0.29488388958333334 0.1199672640625 0.2946154270833333 0.119475675 0.2904770666666667
0 0.1912618515625 0.27578866874999997 0.17819453125 0.2818476833333333 0.1727281328125 0.27451772916666667 0.1673367 0.27377087916666665 0.160603296875 0.27660688958333335 0.1517664421875 0.2855433375 0.1432915859375 0.29157522291666665 0.1390643296875 0.29765281041666664 0.13318451874999998 0.30172261875 0.125419734375 0.3137321354166666 0.12260941562500001 0.3228099625 0.11790770937499999 0.32191745416666667 0.11467756250000001 0.32448500416666665 0.11264586562500001 0.32821352291666667 0.107927021875 0.33015275 0.10065061875 0.3373456041666667 0.10028861874999999 0.34025016666666663 0.09687746875 0.3442699979166666 0.0967885734375 0.3494736479166667 0.10243597499999998 0.35535132291666666 0.1107673125 0.35406326666666665 0.1134544609375 0.35585256041666663 0.11971662031250001 0.35500147708333335 0.12480067187499999 0.35911270625 0.13117528437499998 0.368136275 0.142702496875 0.3699441375 0.14876651875 0.37337706875 0.1601641421875 0.36814201041666667 0.1635378078125 0.36083062916666664 0.164606671875 0.35494867708333333 0.1670924734375 0.3520669645833333 0.17046934687499998 0.3537106020833333 0.178387271875 0.3638223104166666 0.1850146421875 0.3690216833333333 0.1933459796875 0.36773363125 0.1963233703125 0.36899027916666666 0.2003524875 0.36719670625 0.20423487968749998 0.36119195000000004 0.2074243359375 0.34637782708333337 0.2137004234375 0.33373998749999995 0.2151655640625 0.31929000625000004 0.2128746921875 0.30893268333333335 0.2122535140625 0.29775140624999996 0.2133598625 0.29516100416666663 0.21907581406249999 0.28971174166666663 0.22426269062499998 0.27683256875 0.2284353234375 0.2702951666666667 0.22834321875 0.2665437958333333 0.2259463140625 0.26422185833333334 0.2110797109375 0.2640619083333334 0.199989465625 0.26593258541666664 0.1963052109375 0.2676533291666667 0.1928940640625 0.27167316041666667 0.1912618515625 0.27578866874999997
0 0.12151801874999998 0.4177822895833333 0.12010429062500001 0.42373706875 0.1168741421875 0.4263046208333333 0.1142619609375 0.43109843124999997 0.11410130781250001 0.43867399791666667 0.1154090015625 0.4407546 0.11617369531249999 0.44719204791666667 0.118280359375 0.45004663333333333 0.12154799062499999 0.45077063333333334 0.127065803125 0.4496053875 0.14100385 0.4419484354166666 0.1449408625 0.43640349375000004 0.1456477265625 0.43342610416666666 0.1463888640625 0.4247852458333333 0.14520755000000002 0.42079254375 0.13690727656249999 0.4074621104166667 0.1321338125 0.40894151875 0.12970263124999998 0.41228305 0.12307847187500001 0.4160386979166667 0.12151801874999998 0.4177822895833333
0 0.89219848125 0.26021544166666666 0.8861987062500001 0.2841073875 0.888325715625 0.2930852583333333 0.8938295984375 0.30370676458333334 0.898404925 0.30651137083333335 0.9069890234375 0.30139911875000003 0.9172803 0.2987544625 0.918840753125 0.29701087083333333 0.9207803437500001 0.28953098125000004 0.9172503265625 0.26576611875 0.9157241484374999 0.26184624375000004 0.912528275 0.258750325 0.9022712734375 0.2557315145833333 0.8949745234375 0.25680108333333335 0.89219848125 0.26021544166666666
0 0.7397614140625 0.32210219375 0.7317984937500001 0.338395725 0.7276976187499999 0.3425612125 0.7173892046875 0.34803760208333334 0.71334295 0.35266290625 0.7090439359375 0.36111241041666664 0.7018564296875 0.3631016145833333 0.69651961875 0.36281458125000005 0.6933269515625 0.36867368125 0.6974138984375 0.3762949479166667 0.7012995 0.37924521041666664 0.7066363109375 0.37953224375 0.7181977984375 0.3756766395833333 0.7254602734375 0.3802705395833333 0.7300527375 0.3802434104166667 0.732104778125 0.382638175 0.7330536828125 0.3965783625 0.736031071875 0.39783501041666663 0.7434542000000001 0.3948533416666667 0.757262659375 0.38015346875 0.761561671875 0.37170396666666666 0.7681312109375 0.3674885 0.768892696875 0.3649709291666667 0.767492896875 0.35913895625 0.7618422890625001 0.34430626458333335 0.760350384375 0.33472291875 0.7584793421875 0.33087587291666665 0.74344566875 0.32038145 0.7397614140625 0.32210219375
0 0.791279928125 0.27964193541666665 0.7902453390625 0.27986041875 0.791098928125 0.2810942166666666 0.791279928125 0.27964193541666665
0 0.617512753125 0.3375488208333334 0.6134461515625 0.33605083958333337 0.6099257609375 0.33915103541666664 0.6054425390625 0.34009779791666667 0.6013213171875 0.33814 0.5988355171874999 0.34102171458333336 0.6019596328125 0.3464895479166667 0.604138053125 0.3469722145833333 0.6016897359375 0.3531454770833333 0.600020040625 0.35396943541666664 0.5935800890625 0.3652278208333334 0.5934365734375 0.3699716541666667 0.5967995187499999 0.38340204375000003 0.5983835265625 0.39673675625 0.5998550828125 0.4001968125 0.6047752734375 0.40292859166666667 0.6079336640624999 0.40273295625000005 0.6202394984375 0.39919151458333335 0.6343585468749999 0.39008228333333334 0.6419251906250001 0.38235678333333334 0.657440828125 0.37012450416666665 0.6582023140625 0.36760693333333333 0.6568399984375 0.3650665125 0.6258644375 0.34238405208333333 0.6230509109375 0.34250685833333333 0.62099886875 0.34011209166666667 0.61887506875 0.3400892416666667 0.617512753125 0.3375488208333334
0 0.8292801531249999 0.40312441875 0.8294986375000001 0.40496368958333334 0.8310590921875001 0.4032200979166667 0.83031474375 0.40290593541666664 0.8292801531249999 0.40312441875
0 0.8378845984375 0.4041354541666667 0.8375193890625001 0.3980849958333333 0.8388613578124999 0.3945021333333333 0.8366829359375 0.39401946458333337 0.830929503125 0.39617717708333333 0.8315849546875 0.4016949875 0.833763375 0.40217765625 0.8354705546875 0.40464524999999996 0.8378845984375 0.4041354541666667
0 0.8646190468749999 0.2929067375 0.8565950875 0.2908304125 0.851077275 0.29199565833333335 0.8404411359375 0.29471314375 0.8335813546875 0.29946125416666663 0.82521895 0.31536779583333335 0.8177240625 0.32072137916666665 0.8098157640625001 0.3374747270833333 0.8014158734375 0.35008971666666666 0.8035428843749999 0.35906758541666667 0.80586803125 0.3637614416666667 0.8073599343750001 0.3733447833333334 0.8097397015625001 0.37849845625 0.8115732609374999 0.3790539520833333 0.8146256171875 0.38689370208333335 0.8267333140625001 0.38763627500000003 0.8398927390625 0.38532862916666666 0.8514542265625 0.381473025 0.8678641453125 0.3827211145833333 0.8763764843749999 0.37998078124999995 0.881457328125 0.37513699166666664 0.8901099765625 0.35869780625000003 0.8911413578125 0.34952430208333335 0.8944229187499999 0.33846155 0.8882432375 0.3161989479166667 0.88784054375 0.3068569395833334 0.8893635140624999 0.30182179375 0.8886534421875 0.29584416458333335 0.8844572515625 0.2873032625 0.8753440828124999 0.28498560208333334 0.87171445 0.2871661625 0.8702632375 0.28982939166666666 0.8646190468749999 0.2929067375
0 0.3823877765625 0.384845575 0.3820054296875 0.38162685208333336 0.37861141875 0.38281495 0.3823877765625 0.384845575
0 0.3409056640625 0.3719235229166667 0.33771300000000004 0.377782625 0.337296378125 0.38022736875 0.3402769765625 0.3904390354166667 0.34131477499999996 0.3991755708333333 0.3488160796875 0.411732025 0.350052015625 0.41618454583333336 0.35484582656249997 0.42082842291666667 0.361217228125 0.42089697291666667 0.3635595125 0.42275909166666664 0.36913194531250004 0.4220536625 0.37218109374999997 0.4209383916666667 0.375483 0.41599892708333336 0.3758417921875 0.40413934583333333 0.3738068875 0.3989128458333333 0.37480399375 0.3954028104166667 0.37149887812500004 0.39138725625 0.36964497343749997 0.38470847708333333 0.3743606078125 0.3738142291666666 0.37321356875 0.36415805833333337 0.37105228281249997 0.36084365625000003 0.3646434 0.35748355625 0.3552228484375 0.35853027499999995 0.351538596875 0.36025101875 0.3409056640625 0.3719235229166667
0 0.047747328125 0.3145803020833334 0.041833240625000004 0.32431358125000004 0.0329589 0.3299584770833333 0.0315076890625 0.33262170625000004 0.031545173437500004 0.3359132583333333 0.03706619375 0.3437030291666667 0.041351278125 0.34704028124999997 0.0481050265625 0.35032755416666667 0.0537320796875 0.3500819416666667 0.0659972234375 0.33429392916666667 0.06810067656249999 0.32819349375 0.0663902890625 0.3167708791666667 0.0645021109375 0.31575556666666665 0.063484659375 0.31314231666666664 0.057765500000000004 0.30963655833333337 0.052247687499999994 0.31080180625 0.047747328125 0.3145803020833334
0 0.5422874171875 0 0.544860296875 0.011632316666666666 0.545245853125 0.023806060416666667 0.5476459671875 0.03508301875 0.5477584171875 0.04495767083333333 0.5495030796875 0.05071681666666667 0.5599817734375 0.06452992083333334 0.5686033546875 0.06270922083333333 0.5803147765625 0.07201982291666667 0.5945291375 0.07561697916666667 0.6113728140625 0.07158859375 0.61705128125 0.06284777916666667 0.6200800828124999 0.055609222916666666 0.6199847703125 0.04290283541666667 0.6215794984375 0.03549577291666666 0.631177840625 0.024041754166666665 0.6360573375 0.014526960416666667 0.6393967265625 0.012879045833333333 0.643914225 0.006268814583333333 0.6471989953125 0.00416108125 0.6496141390625 0 0.5422874171875 0
0 0.1682201875 0.45976853333333334 0.1639040375 0.47104976875000004 0.1647233515625 0.47794703541666667 0.16950002656250002 0.48542264375 0.1740753515625 0.48822724791666666 0.1793029234375 0.4875946479166667 0.18775743281249999 0.47543947708333334 0.18991550625 0.4697988604166667 0.1874232890625 0.45477053125 0.1835548265625 0.44898853541666667 0.179433603125 0.44703073750000005 0.17311682343749998 0.44742200625 0.16988667500000001 0.4499895541666667 0.1682201875 0.45976853333333334
0 0.8022984140625 0.28014317708333336 0.7995566468749999 0.2778940645833333 0.7955992875 0.27731571875 0.7943462140625 0.27569493333333334 0.79020785625 0.27656886875000003 0.789681990625 0.27809397916666667 0.7837475578124999 0.28170396875 0.77892268125 0.2916785791666667 0.778109784375 0.3026913541666667 0.782312390625 0.3291422958333333 0.7922994953125 0.33881703750000003 0.7938802953125 0.34319673125 0.7967859265625 0.34682529375000004 0.80275784375 0.3465068520833333 0.80605975 0.3415673854166667 0.8075281000000001 0.336072425 0.8065449234375001 0.32779570625 0.8071425453125001 0.32389868125 0.81142441875 0.3182809145833333 0.8121312828124999 0.31530352500000003 0.811185590625 0.31031835625 0.8019803156249999 0.3042493291666667 0.802233075 0.30042513125 0.8063510859375 0.29342791041666666 0.806549225 0.28914389375000005 0.8022984140625 0.28014317708333336
0 0.5597492875000001 0.22625291666666666 0.5488978734375001 0.23608614791666668 0.5408396390625 0.23967329166666668 0.5338909625 0.24962505208333333 0.5358744546875001 0.26334675416666664 0.5362600109375 0.27552049791666666 0.538004671875 0.28127964375 0.5415282734375 0.2871344666666667 0.54884536875 0.29218818333333335 0.5571220859375 0.2904403125 0.559843509375 0.2865661354166667 0.5603318890625 0.28174947499999997 0.5626538265625001 0.27748831041666666 0.5667750484375 0.27944610833333333 0.576072428125 0.28926650625 0.5828433140625 0.28972204791666667 0.5876167765625 0.2882426375 0.59097330625 0.2837629895833333 0.5920421703125001 0.27788103750000004 0.595234834375 0.27202193541666664 0.5970277 0.2603308583333333 0.600418503125 0.25018774375 0.5990187031249999 0.24435576875 0.5945868953125 0.23680732916666666 0.5809326734375 0.22602159791666668 0.5757768609375 0.22428228125 0.569060596875 0.22428656041666667 0.5597492875000001 0.22625291666666666
0 0.549203065625 0.32793543125 0.5462256765625 0.32667878749999996 0.5395094125 0.3266830625 0.532195525 0.3305843666666667 0.52905748125 0.33690328750000004 0.51744458125 0.34925409375 0.5145967796875001 0.35504036666666666 0.5196765296875 0.39780340833333333 0.5229302328125 0.4103141645833333 0.5261261078125 0.41341008125 0.5354920359374999 0.41190354375 0.5419726796875 0.41289172916666667 0.5577817671874999 0.409081825 0.5611929171875001 0.40506199375 0.5627158859375 0.40002685 0.5696817000000001 0.38724335416666666 0.5706241859375 0.38327350208333333 0.57038535625 0.37531094583333335 0.5686953156250001 0.37001161875000005 0.5661516828125001 0.3634784916666666 0.560395040625 0.3566811833333333 0.5567622 0.34990672500000003 0.5540343609375 0.3358708604166667 0.549203065625 0.32793543125
0 0.5655402046875 0.22738675833333336 0.5627266796875 0.22750956249999998 0.558987803125 0.22877048958333335 0.5655402046875 0.22738675833333336
0 0.1855149078125 0.14408090416666666 0.1873174 0.1592548875 0.190878484375 0.1684012625 0.1924250078125 0.178444425 0.1945862921875 0.181758825 0.1998342078125 0.18724951041666668 0.2029925984375 0.187053875 0.2057140203125 0.18317970208333334 0.2134413203125 0.16787863333333333 0.21761074374999997 0.15238621041666667 0.22686101406249998 0.13205 0.230162921875 0.12711053125 0.236654284375 0.10735694374999999 0.2408269171875 0.10081953958333334 0.2467613515625 0.09720954791666667 0.2590671875 0.09366810625 0.2645678625 0.09533459375 0.2759312109375 0.09576300416666667 0.2906853640625 0.08604829791666666 0.3020626421875 0.07468995625000001 0.3067611390625 0.06662744375 0.306488034375 0.06432835625000001 0.30853686874999997 0.057768102083333335 0.3082262796875 0.0521774625 0.31074635625 0.043632281249999995 0.3098724203125 0.03627519791666667 0.30873715625 0.03415818125 0.180275596875 0.061286597916666664 0.1788243859375 0.063949825 0.17693941562499998 0.07188953125 0.177086140625 0.07610072083333333 0.17896039218749998 0.08890278541666666 0.183282959375 0.09553158958333333 0.18457351718749998 0.10044392708333333 0.18553955625000002 0.11155237916666666 0.1823501015625 0.12636650208333333 0.1826264140625 0.1376206083333333 0.1855149078125 0.14408090416666666
0 0.174092490625 0.48539551458333335 0.174256353125 0.48677496875 0.1790844390625 0.48575537708333333 0.1778313640625 0.48413459166666667 0.174092490625 0.48539551458333335
0 0.17315751562499998 0.45966857708333336 0.1725020640625 0.4541507645833333 0.1713582328125 0.4534496125 0.17026902187499998 0.45320827916666667 0.169743159375 0.45473338750000003 0.1711258203125 0.4633970958333334 0.1725052734375 0.4631057833333333 0.17315751562499998 0.45966857708333336
0 0.174904365625 0.3702140604166667 0.1765055125 0.38071703958333336 0.17547413125 0.38989054166666665 0.17792886562500002 0.40162731458333334 0.176699346875 0.4150848354166667 0.17717379687499998 0.4220549270833333 0.1739500671875 0.44253251666666665 0.1774736671875 0.4483873395833333 0.1864947328125 0.44695363125000004 0.19054098749999998 0.44232832708333336 0.1922246109375 0.42971761666666664 0.199460321875 0.4102781895833333 0.1992761125 0.4027754520833334 0.19673247968750002 0.396242325 0.1840378828125 0.37865500625 0.18332780937499998 0.37267737500000003 0.18196549374999998 0.3701369541666667 0.17595609375000001 0.36716384166666666 0.174904365625 0.3702140604166667
0 0.3421609984375 0.12655513333333335 0.33929285 0.12621812291666668 0.3345193859375 0.12769752916666668 0.33335841718750003 0.1298281125 0.3284039515625 0.13275980416666666 0.3272976046875 0.13535020208333334 0.3239582140625 0.13699811874999998 0.3176617796875 0.14351267083333333 0.315739325 0.14816082500000002 0.31795523124999997 0.15193504583333334 0.3216223453125 0.15304603541666667 0.327105884375 0.15754425833333335 0.327184059375 0.17308237916666666 0.32963558593750003 0.17586413541666665 0.33375680625 0.17782193333333335 0.35435970625 0.17865590625 0.3606936234375 0.17543290416666668 0.3660989859375 0.16439300416666666 0.36734885 0.15705876875 0.36642029374999996 0.14924187083333335 0.3673252953125 0.14198046458333333 0.3652529078125 0.13346241250000002 0.359496265625 0.12666510208333334 0.3552486640625 0.12661940416666667 0.35270824218749997 0.12904129791666666 0.347934778125 0.13052070833333335 0.3421609984375 0.12655513333333335
0 0.101354346875 0.17363768124999998 0.092019484375 0.16052573333333334 0.0875534 0.15864076041666667 0.08321690312499999 0.16379871250000003 0.0782078171875 0.16627058541666667 0.0750869109375 0.16975777083333332 0.0689372015625 0.1804835104166667 0.0678512 0.18919719583333333 0.06639998750000001 0.19186042291666666 0.0661300921875 0.19851635625 0.0640266390625 0.20461679166666666 0.0677205171875 0.22976110624999999 0.0695369390625 0.23314833541666669 0.0721148453125 0.23401799375000001 0.0768336875 0.23207876666666666 0.08612464843749999 0.223989125 0.10474726406249998 0.22005641666666667 0.111607046875 0.2153083041666667 0.11659257812499998 0.19775812708333335 0.11644585156250001 0.19354693958333333 0.12266731875 0.18044928333333335 0.12242848906249999 0.17248672708333332 0.12035610156250001 0.163968675 0.1178499546875 0.16072710208333335 0.1110790671875 0.16027156250000002 0.1068143296875 0.16305759791666666 0.10514784218749999 0.17283657291666668 0.101354346875 0.17363768124999998
0 0.402306271875 0.451342075 0.40626363125 0.45192041875 0.4143764859375 0.4487930958333333 0.41860374062499994 0.44271550833333334 0.41785939375 0.44240134791666663 0.408855465625 0.44100332291666666 0.397474978125 0.44340664583333333 0.3974032203125 0.44577856250000003 0.398075809375 0.4484646395833333 0.402306271875 0.451342075
0 0.41553534062499997 0.39010066250000003 0.413411540625 0.3900778125 0.41125025624999995 0.3867634104166667 0.410249940625 0.381318425 0.40580099374999995 0.37660172291666666 0.397578896875 0.37880941041666666 0.396417928125 0.38093999375000004 0.387598209375 0.3870447083333334 0.385184165625 0.38755450416666665 0.37850217656249996 0.38189531250000003 0.3734384703125 0.38390736875000003 0.37471509687500004 0.40060646041666664 0.3761866546875 0.4040665166666667 0.38041711875 0.40694395208333334 0.3797306015625 0.41604462708333334 0.3830732 0.42335173125000003 0.38565110625 0.4242213875 0.4393094640625 0.42655907708333335 0.442266509375 0.42169243958333336 0.44291875156250005 0.41825523124999997 0.4394808390625 0.39824173958333337 0.43704645 0.3926282479166667 0.4307093234375 0.38689623125 0.422739984375 0.3852797229166667 0.4186016265625 0.3861536583333333 0.41553534062499997 0.39010066250000003
0 0.7496028156250001 0.43173443125 0.7449760765625 0.4374250270833333 0.744033590625 0.44139488125 0.7445798015625 0.44599305833333336 0.746741084375 0.4493074583333333 0.7480177140625 0.4660065520833333 0.7534841125 0.47333650416666667 0.7596809312499999 0.49276737499999995 0.7647821218749999 0.49404687291666666 0.7645636375 0.4922076020833333 0.770658725 0.48102204375 0.778501684375 0.48455065 0.7840194968749999 0.4833854020833333 0.7908417937500001 0.47534574166666665 0.7952671875 0.46498413958333334 0.7946053171874999 0.44155628750000003 0.7966712874999999 0.4321643 0.8029816515625001 0.4138629958333333 0.802544684375 0.4101844520833334 0.8013462312499999 0.4090234833333334 0.7817061625 0.41034294375 0.7762258359375 0.41479974375 0.7684781890625 0.42397752499999997 0.759839471875 0.42862995833333334 0.7496028156250001 0.43173443125
0 0.098526746875 0.4890982708333333 0.1021595890625 0.4958727291666667 0.1054272203125 0.4965967291666667 0.1138303171875 0.4929367604166667 0.11666098124999999 0.48998221875 0.12075864843749999 0.4768617145833333 0.1218275140625 0.47097976041666667 0.12120954531250001 0.4687535 0.11966622812500001 0.4676653604166667 0.11305920625000002 0.4685892729166667 0.1002992671875 0.47128390833333333 0.09666963281249999 0.47346446875 0.098526746875 0.4890982708333333