0 0.8532475484375001 0.13970588333333334 0.8541666671874999 0.14828431458333335 0.8569240203125 0.15645424791666668 0.8541666671874999 0.17483660208333335 0.8526348046875001 0.178104575 0.8517156859374999 0.18831699375 0.846813725 0.1956699354166667 0.844056371875 0.20383986875 0.844056371875 0.20996732083333333 0.8483455875000001 0.2214052291666667 0.8507965687500001 0.22385620833333333 0.8556985296875 0.22467320208333333 0.8602941171875 0.234477125 0.8658088234375001 0.23733660208333335 0.8697916671874999 0.23733660208333335 0.8716299015625 0.23570261458333333 0.879289215625 0.234477125 0.8829656859374999 0.23243463958333335 0.8890931375 0.23202614375000002 0.8973651953124999 0.22834967291666666 0.9047181375 0.22303921666666668 0.9181985296875 0.20955882291666666 0.9243259796875 0.19730392083333334 0.92585784375 0.19607843125000002 0.9276960781250001 0.18627451041666668 0.9286151953124999 0.16544117708333334 0.9301470593750001 0.16217320208333333 0.9325980390625 0.16135620833333333 0.93198529375 0.15931372500000002 0.9292279406249999 0.1576797395833333 0.9292279406249999 0.14746732083333333 0.9301470593750001 0.14338235208333333 0.9267769609375 0.13562091458333334 0.9267769609375 0.12949346458333333 0.9252450984375 0.12540849583333333 0.9252450984375 0.11968954166666666 0.9267769609375 0.11315359374999999 0.9252450984375 0.10620915 0.92585784375 0.09395424791666666 0.9267769609375 0.08823529375 0.9286151953124999 0.08496732083333333 0.9286151953124999 0.08006536041666666 0.9264705875000001 0.07312091458333334 0.921875 0.07066993541666666 0.9139093140625001 0.071895425 0.9108455875000001 0.07720588333333334 0.909007353125 0.08496732083333333 0.906556371875 0.08986928125 0.9056372546875 0.09558823541666667 0.9010416671874999 0.10171568541666667 0.8854166671874999 0.09926470625 0.8704044124999999 0.10089869375 0.8618259796875 0.09722222291666666 0.8556985296875 0.09722222291666666 0.8517156859374999 0.09926470625 0.8486519609375 0.10253267916666667 0.844975490625 0.11437908541666666 0.844056371875 0.12704248333333334 0.8452818625 0.13031045833333332 0.8498774515624999 0.134395425 0.8532475484375001 0.13970588333333334
0 0.39613970625 0.37173202708333336 0.3998161765625 0.37540849583333336 0.3998161765625 0.38929738541666664 0.40073529375000005 0.39133986875000004 0.4053308828125 0.3917483666666667 0.41115196093749995 0.3897058833333333 0.41452205937500003 0.38684640625 0.42493872499999996 0.37418300625 0.42922794062499997 0.37091503333333337 0.4329044125 0.3660130729166667 0.4368872546875 0.3635620916666667 0.4439338234375 0.3500817 0.4463848046875 0.34803921666666665 0.452818628125 0.33823529375 0.44914215625000004 0.33047385625000003 0.44301470624999995 0.32965686250000004 0.4393382359375 0.3272058833333333 0.4310661765625 0.32679738541666664 0.421875 0.33537581666666666 0.4056372546875 0.33619281041666665 0.396446078125 0.33537581666666666 0.39368872499999996 0.3333333333333333 0.390625 0.3357843145833333 0.3897058828125 0.3386437916666667 0.3897058828125 0.3517156854166667 0.3854166671875 0.3627450979166667 0.3854166671875 0.36642156875 0.39613970625 0.37173202708333336
0 0.1681985296875 0.25449346458333333 0.17432597968750002 0.25612745 0.1786151953125 0.2557189541666667 0.19148284375 0.24918300625 0.198835784375 0.2483660125 0.2037377453125 0.24305555625 0.20404411718749998 0.240604575 0.206188725 0.23856209166666667 0.2123161765625 0.24019607916666666 0.219975490625 0.24019607916666666 0.223039215625 0.23774509791666668 0.2282475484375 0.22834967291666666 0.230085784375 0.22263071875 0.2325367640625 0.22058823541666667 0.233149509375 0.21813725416666668 0.2325367640625 0.21282679791666667 0.23069852968750001 0.2079248375 0.22732843125 0.20710784375 0.22242647031249999 0.19812091458333334 0.22150735312499997 0.18872548958333332 0.223039215625 0.18218954166666668 0.22334558750000003 0.17524509791666668 0.22028186249999998 0.17238562083333334 0.2123161765625 0.17238562083333334 0.2055759796875 0.17483660208333335 0.20465686249999998 0.178104575 0.20710784375000002 0.18627451041666668 0.20710784375000002 0.19321895416666665 0.203431371875 0.19934640625 0.195772059375 0.20669934583333335 0.18933823593750002 0.20506536041666665 0.1825980390625 0.19934640625 0.1786151953125 0.19934640625 0.1767769609375 0.20220588333333334 0.17585784375 0.20996732083333333 0.17003676406249998 0.22426470625 0.1657475484375 0.23039215625 0.16482843125 0.23611111041666666 0.1666666671875 0.24019607916666666 0.167585784375 0.2532679729166667 0.1681985296875 0.25449346458333333
0 0.53982843125 0.15686274583333332 0.5364583328125 0.15972222291666668 0.5358455875 0.1609477125 0.5373774515624999 0.16176470625 0.5358455875 0.16380718958333332 0.5364583328125 0.16421568541666665 0.54195371875 0.15888682708333332 0.53982843125 0.15686274583333332
0 0.59926470625 0.22875817083333333 0.6017156859375 0.22998366041666665 0.6084558828125 0.22875817083333333 0.6231617640625 0.22998366041666665 0.627757353125 0.22834967291666666 0.6302083328125 0.22385620833333333 0.6326593140625 0.2140522875 0.637867646875 0.203022875 0.6553308828125 0.18668300625 0.6580882359375 0.18137255 0.659007353125 0.17156862708333334 0.6547181375 0.15318627499999998 0.6455269609375 0.13888888958333334 0.6439950984375 0.13480392083333334 0.640318628125 0.13153594791666667 0.636335784375 0.13071895416666665 0.6295955875 0.13194444375 0.6256127453125 0.13562091458333334 0.6200980390625 0.14787581666666666 0.609681371875 0.16135620833333333 0.5989583328125 0.17075163333333335 0.596507353125 0.1764705875 0.5955882359375 0.18423202708333333 0.5912990203125 0.19607843125000002 0.590686275 0.20751633958333335 0.592524509375 0.21568627499999998 0.594056371875 0.22099673125 0.59926470625 0.22875817083333333
0 0.5052083328125 0.11968954166666666 0.5079656859375 0.12295751666666667 0.5147058828125 0.12377451041666668 0.5171568625 0.12622548958333332 0.5180759796875 0.12908496666666666 0.5177696078125 0.13194444375 0.5150122546875 0.13684640625 0.51164215625 0.13970588333333334 0.50704656875 0.14011437916666666 0.50704656875 0.14215686249999998 0.511335784375 0.14460784375 0.512561275 0.14215686249999998 0.5171568625 0.14011437916666666 0.519914215625 0.13684640625 0.5223651953124999 0.1360294125 0.5232843140625 0.13398692708333335 0.5361519609375 0.12622548958333332 0.53982843125 0.12132352916666668 0.5490196078125 0.11274509791666666 0.55238970625 0.10661764791666667 0.5536151953124999 0.09967320208333333 0.5536151953124999 0.09517973958333334 0.5517769609375 0.09109477083333334 0.5431985296875 0.08619281041666667 0.5376838234375 0.08455882291666666 0.534007353125 0.08251633958333333 0.532475490625 0.08006536041666666 0.5294117640625 0.07924836666666667 0.5147058828125 0.07924836666666667 0.5119485296875 0.08047385625 0.5094975484375001 0.08741829999999999 0.5045955875 0.09436274583333333 0.5036764703125 0.0984477125 0.5036764703125 0.10906862708333334 0.5052083328125 0.11315359374999999 0.5052083328125 0.11968954166666666
0 0.886335784375 0 0.8854166671874999 0.0032679729166666667 0.8860294124999999 0.009803920833333334 0.8844975484375001 0.021241829166666667 0.8811274515624999 0.030228758333333335 0.8786764703125 0.033496731249999995 0.8691789218749999 0.04125817083333334 0.8651960781250001 0.0420751625 0.8569240203125 0.046568627083333335 0.8446691171875 0.047794116666666664 0.8339460781250001 0.052696079166666666 0.823835784375 0.06576797291666667 0.8235294124999999 0.08169934583333333 0.8244485296875 0.08823529375 0.8314950984375 0.08823529375 0.83363970625 0.08619281041666667 0.8379289218749999 0.08537581666666667 0.846813725 0.09272875833333334 0.8498774515624999 0.09395424791666666 0.8517156859374999 0.09640522916666666 0.8556985296875 0.09640522916666666 0.859681371875 0.09395424791666666 0.8734681375 0.09640522916666666 0.9013480390625 0.096813725 0.903186275 0.09517973958333334 0.9056372546875 0.08986928125 0.906556371875 0.08374182916666667 0.909007353125 0.07965686250000001 0.909007353125 0.07761437916666666 0.9123774515624999 0.06985294166666667 0.9139093140625001 0.055964052083333334 0.9166666671874999 0.049836602083333334 0.917585784375 0.042483660416666666 0.921568628125 0.033496731249999995 0.920649509375 0.004901960416666667 0.9185049015625 0 0.886335784375 0
0 0.75704656875 0 0.75704656875 0.01184640625 0.7588848046875001 0.01797385625 0.7604166671875 0.031454247916666664 0.771446078125 0.05351307291666666 0.7738970593750001 0.05555555625 0.7778799015625 0.05555555625 0.7797181375 0.052696079166666666 0.7858455875 0.029411764583333333 0.7849264703125 0.017156862499999998 0.7821691171875 0.01184640625 0.7833946078125 0.008578431249999999 0.7830882359375 0.004493464583333333 0.7794117640625 0.0028594770833333333 0.7778799015625 0 0.75704656875 0
0 0.1767769609375 0.19648692708333335 0.1822916671875 0.19771241875 0.1927083328125 0.20669934583333335 0.19607843125 0.20669934583333335 0.20036764687500003 0.20383986875 0.20649509843749997 0.1956699354166667 0.2080269609375 0.19199346458333333 0.2080269609375 0.1875 0.20649509843749997 0.18137255 0.202818628125 0.17524509791666668 0.1994485296875 0.17279411666666666 0.19607843125 0.17238562083333334 0.1924019609375 0.17483660208333335 0.18841911718749998 0.17524509791666668 0.1825980390625 0.17238562083333334 0.17738970625 0.17238562083333334 0.1752450984375 0.17320261458333333 0.171875 0.178104575 0.17095588281250002 0.18055555625 0.17095588281250002 0.19035947708333334 0.1724877453125 0.19281045833333332 0.1767769609375 0.19648692708333335
0 0.0916053921875 0.11356209166666667 0.09068627500000001 0.11437908541666666 0.0903799015625 0.11683006458333334 0.0916053921875 0.11968954166666666 0.09221813749999999 0.11519607916666666 0.0916053921875 0.11356209166666667
0 0.9420955875000001 0.22467320208333333 0.9460784312499999 0.22916666666666666 0.953125 0.22753267916666667 0.9635416671874999 0.22753267916666667 0.9724264703125 0.23243463958333335 0.9770220593750001 0.23202614375000002 0.9806985296875 0.22834967291666666 0.9834558828125 0.2201797395833333 0.983149509375 0.21323529375 0.9797794124999999 0.20915032708333334 0.9806985296875 0.2079248375 0.980085784375 0.20547385624999998 0.9819240203125 0.20383986875 0.981617646875 0.19934640625 0.9776348046875001 0.19240196041666666 0.9806985296875 0.18137255 0.9806985296875 0.17565359375 0.9782475484375001 0.16666666666666666 0.97273284375 0.15400326875 0.9681372546875 0.1515522875 0.9613970593750001 0.15318627499999998 0.9564950984375 0.16176470625 0.9546568625 0.15972222291666668 0.952818628125 0.1515522875 0.950061275 0.14828431458333335 0.94301470625 0.14869281041666668 0.938725490625 0.15441176458333333 0.9368872546875 0.16503267916666667 0.9368872546875 0.203022875 0.938725490625 0.21527777708333332 0.9411764703125 0.21691176458333333 0.9420955875000001 0.22467320208333333
0 0.49172794062499997 0.203022875 0.49264705937500003 0.20874182916666667 0.49601715625000004 0.21486928125 0.49693627500000004 0.2201797395833333 0.5 0.22467320208333333 0.5015318625 0.23039215625 0.5052083328125 0.23692810416666665 0.5094975484375001 0.23937908541666666 0.5171568625 0.23937908541666666 0.5294117640625 0.23325163333333335 0.535539215625 0.23161764791666667 0.5376838234375 0.2295751625 0.5431985296875 0.22916666666666666 0.546568628125 0.2234477125 0.5477941171875 0.2173202604166667 0.55085784375 0.21323529375 0.5517769609375 0.2079248375 0.5575980390625 0.19607843125000002 0.5563725484375001 0.18872548958333332 0.5575980390625 0.18382352916666667 0.5575980390625 0.17401960833333333 0.55085784375 0.15972222291666668 0.5474877453125 0.15604575208333332 0.544117646875 0.15441176458333333 0.5392156859375 0.15441176458333333 0.5358455875 0.15563725416666668 0.534313725 0.1576797395833333 0.534007353125 0.16135620833333333 0.5303308828125 0.16666666666666666 0.52573529375 0.16625817083333333 0.5248161765625 0.16462418333333334 0.5245098046875001 0.14746732083333333 0.51960784375 0.14256536041666665 0.5180759796875 0.14256536041666665 0.50857843125 0.15032679791666667 0.501225490625 0.1499183 0.494178921875 0.16176470625 0.49172794062499997 0.16911764791666667 0.48835784374999996 0.17524509791666668 0.4825367640625 0.18341503333333334 0.48008578437500005 0.18954248333333332 0.484375 0.19607843125000002 0.48835784374999996 0.19771241875 0.49172794062499997 0.203022875
0 0.9445465687500001 0.4701797395833333 0.9424019609375 0.47344771249999995 0.936274509375 0.47467320208333336 0.93198529375 0.4767156854166667 0.9310661765624999 0.4783496729166667 0.9310661765624999 0.48161764791666667 0.9368872546875 0.4877450979166667 0.937806371875 0.49591503333333337 0.948835784375 0.5049019604166667 0.9589460781250001 0.5073529416666667 0.9620098046875001 0.5122549020833334 0.9623161765624999 0.5191993458333334 0.965686275 0.5220588229166666 0.9705882359375 0.5220588229166666 0.9739583328125001 0.52736928125 0.9806985296875 0.5302287583333334 0.984375 0.5302287583333334 0.987132353125 0.528186275 0.98835784375 0.5257352937499999 0.98835784375 0.5183823520833334 0.9935661765624999 0.5089869270833334 0.9935661765624999 0.49795751666666666 0.9911151953124999 0.49264705833333333 0.9901960781250001 0.47875817083333333 0.9877450984375 0.4693627458333333 0.9822303921875 0.46609477083333334 0.9776348046875001 0.46609477083333334 0.9733455875000001 0.4689542479166667 0.9702818625 0.4738562083333333 0.969056371875 0.47344771249999995 0.9681372546875 0.4689542479166667 0.969975490625 0.46323529375 0.96875 0.46119281041666665 0.9604779406249999 0.45955882291666666 0.9580269609375 0.4579248375 0.9540441171875 0.4542483666666667 0.9537377453125 0.4522058833333333 0.9506740203125 0.44771241875 0.9460784312499999 0.4440359479166667 0.9411764703125 0.44485294166666667 0.9353553921875 0.45016339791666665 0.934436275 0.45261437916666664 0.9341299015625 0.45710784375 0.9353553921875 0.46119281041666665 0.937806371875 0.46486928125000004 0.9445465687500001 0.4701797395833333
0 0.252757353125 0 0.2518382359375 0.00245098125 0.251225490625 0.006535947916666667 0.252757353125 0.012254902083333333 0.252757353125 0.016748366666666667 0.2545955875 0.0204248375 0.25857843125 0.021241829166666667 0.265931371875 0.020016339583333334 0.26868872499999996 0.01756536041666667 0.27450980468749997 0.01756536041666667 0.27757352968750004 0.018382352083333334 0.2791053921875 0.022467320833333335 0.280024509375 0.021241829166666667 0.292585784375 0.01756536041666667 0.2950367640625 0.014705883333333334 0.2984068625 0.013888889583333335 0.3103553921875 0.004901960416666667 0.30912990156250003 0 0.252757353125 0
0 0.3060661765625 0.2675653604166667 0.3143382359375 0.2802287583333333 0.3204656859375 0.28390522916666666 0.327818628125 0.2826797395833333 0.33210784375 0.26266339791666665 0.3296568625 0.24101307291666665 0.32444852968750004 0.23937908541666666 0.3143382359375 0.2295751625 0.3075980390625 0.22753267916666667 0.302696078125 0.22875817083333333 0.30024509843749997 0.22671568541666665 0.2984068625 0.23529411666666666 0.29932597968749997 0.24795751666666668 0.2977941171875 0.2557189541666667 0.30575980468749997 0.265522875 0.3060661765625 0.2675653604166667
0 0.44577205937500003 0.4775326791666667 0.4512867640625 0.47140522916666666 0.452818628125 0.47099673124999997 0.46047794062499997 0.46200980416666665 0.46476715625000004 0.4542483666666667 0.46047794062499997 0.43627451041666665 0.45649509843749997 0.4321895416666666 0.4537377453125 0.43259803958333337 0.4522058828125 0.43341503333333337 0.4479166671875 0.44035947708333334 0.440257353125 0.44485294166666667 0.43443627500000004 0.453022875 0.4286151953125 0.4681372541666667 0.4283088234375 0.4701797395833333 0.4295343140625 0.47344771249999995 0.44117647031249996 0.4791666666666667 0.44577205937500003 0.4775326791666667
0 0.7291666671875 0.18668300625 0.730085784375 0.19321895416666665 0.733149509375 0.19771241875 0.7334558828125 0.20057189583333335 0.7352941171875 0.20383986875 0.7392769609375 0.20383986875 0.7450980390625 0.19648692708333335 0.74601715625 0.19035947708333334 0.74601715625 0.18055555625 0.7435661765625 0.17320261458333333 0.7435661765625 0.16789215625 0.74601715625 0.16462418333333334 0.746936275 0.14828431458333335 0.749693628125 0.14338235208333333 0.7561274515624999 0.13684640625 0.75704656875 0.13153594791666667 0.7561274515624999 0.12581699375 0.7545955875 0.1233660125 0.751225490625 0.12132352916666668 0.7450980390625 0.12173202708333333 0.7411151953124999 0.12418300625 0.7392769609375 0.12826797291666667 0.737438725 0.12949346458333333 0.7365196078125 0.13316993541666666 0.73039215625 0.14460784375 0.7239583328125 0.1454248375 0.7196691171875 0.14828431458333335 0.71875 0.15400326875 0.719975490625 0.16421568541666665 0.72579656875 0.17565359375 0.7291666671875 0.18668300625
0 0.0701593140625 0.234477125 0.063725490625 0.23284313750000002 0.0631127453125 0.23488562083333334 0.0609681375 0.23611111041666666 0.0603553921875 0.2422385625 0.063725490625 0.23937908541666666 0.0670955875 0.23937908541666666 0.0701593140625 0.234477125
0 0 0.24591503333333334 0.0049019609375 0.24795751666666668 0.00704656875 0.25122548958333335 0.00857843125 0.2598039208333333 0.0094975484375 0.2802287583333333 0.010416667187500001 0.2814542479166667 0.011335784375000001 0.28880718958333335 0.013786764062500002 0.2949346395833333 0.014705882812500001 0.3018790854166667 0.018688725 0.30759803958333337 0.024203431249999997 0.30759803958333337 0.02726715625 0.30228758125 0.030637254687499997 0.2892156854166667 0.0330882359375 0.28349673124999997 0.0349264703125 0.27369281041666665 0.039828431250000004 0.25694444375 0.0392156859375 0.24468954166666668 0.0431985296875 0.23774509791666668 0.0376838234375 0.23202614375000002 0.034007353125 0.2234477125 0.0349264703125 0.2124183 0.034007353125 0.20547385624999998 0.03125 0.20016339791666665 0.02573529375 0.19975490208333332 0.014399509375 0.20710784375 0.0045955875 0.20955882291666666 0.0018382359375 0.21364379166666667 0 0.2140522875 0 0.24591503333333334
0 0.481617646875 0.3807189541666667 0.4859068625 0.38235294166666667 0.48682597968749997 0.3839869270833333 0.4947916671875 0.38684640625 0.5009191171875 0.38357843125 0.5104166671875 0.37254901875 0.5122549015625 0.3660130729166667 0.5171568625 0.359477125 0.5177696078125 0.35539215625 0.5137867640625 0.3500817 0.505821078125 0.3439542479166667 0.49754902031250003 0.33905228750000005 0.4908088234375 0.33700980416666665 0.48774509843749997 0.3386437916666667 0.4852941171875 0.3427287583333333 0.48192402031250003 0.34558823541666667 0.47242647031249996 0.3517156854166667 0.469056371875 0.35539215625 0.46568627500000004 0.3627450979166667 0.46476715625000004 0.3684640520833333 0.4666053921875 0.37173202708333336 0.47273284374999996 0.37418300625 0.481617646875 0.3807189541666667
0 0.5036764703125 0.33088235208333333 0.50857843125 0.3329248375 0.5094975484375001 0.33047385625000003 0.5061274515624999 0.328022875 0.50857843125 0.32516339791666665 0.5094975484375001 0.3263888895833333 0.515318628125 0.3272058833333333 0.5180759796875 0.32434640625 0.5140931375 0.32066993541666666 0.50857843125 0.32107843125 0.5073529406249999 0.32598039166666665 0.5062806375 0.32434640625 0.5045955875 0.32434640625 0.5064338234375 0.32679738541666664 0.5045955875 0.3272058833333333 0.5045955875 0.3300653604166667 0.5036764703125 0.33088235208333333
0 0.855085784375 0.3651960791666667 0.8532475484375001 0.37622548958333335 0.856311275 0.38357843125 0.859068628125 0.38684640625 0.8658088234375001 0.3880718958333333 0.8743872546875 0.3917483666666667 0.8829656859374999 0.3917483666666667 0.886335784375 0.3897058833333333 0.890318628125 0.3848039208333333 0.8930759796875 0.38684640625 0.8976715687500001 0.38684640625 0.9013480390625 0.384395425 0.9056372546875 0.37867647083333333 0.907475490625 0.37091503333333337 0.907475490625 0.3635620916666667 0.9123774515624999 0.3545751625 0.9123774515624999 0.34681372499999996 0.909007353125 0.33537581666666666 0.909007353125 0.3272058833333333 0.9056372546875 0.32066993541666666 0.9010416671874999 0.31658496666666663 0.8897058828125 0.3247549020833333 0.8835784312499999 0.3316993458333333 0.8799019609375 0.3333333333333333 0.872242646875 0.3300653604166667 0.86948529375 0.3300653604166667 0.8661151953124999 0.3272058833333333 0.859375 0.32679738541666664 0.8575367640625 0.3247549020833333 0.855085784375 0.32434640625 0.8507965687500001 0.3349673208333333 0.8474264703125 0.33823529375 0.8458946078125 0.34191176458333333 0.8458946078125 0.34599673124999997 0.8507965687500001 0.36151960833333335 0.855085784375 0.3651960791666667
0 0.562806371875 0.28839869375 0.57414215625 0.2900326791666667 0.5762867640625 0.2916666666666667 0.5863970593750001 0.30841503333333337 0.5916053921875 0.30923202708333336 0.6017156859375 0.31372548958333335 0.609068628125 0.31372548958333335 0.6158088234375 0.31127451041666665 0.6200980390625 0.30514705833333333 0.621936275 0.29820261458333336 0.6286764703125 0.29125817083333333 0.63204656875 0.28308823541666667 0.63204656875 0.27696078333333335 0.63357843125 0.2732843145833333 0.63357843125 0.2700163395833333 0.63204656875 0.2659313729166667 0.63357843125 0.2589869270833333 0.63357843125 0.24305555625 0.6295955875 0.22998366041666665 0.6259191171875 0.22916666666666666 0.6231617640625 0.23161764791666667 0.6188725484375001 0.23161764791666667 0.6167279406249999 0.22998366041666665 0.6118259796875 0.22916666666666666 0.6020220593750001 0.23202614375000002 0.5971200984375 0.22630718958333332 0.5922181375 0.21772875833333333 0.58976715625 0.20751633958333335 0.58823529375 0.20506536041666665 0.58210784375 0.20547385624999998 0.5787377453125 0.20751633958333335 0.5701593140625 0.21650326875 0.5670955875 0.22385620833333333 0.5689338234375 0.23161764791666667 0.5670955875 0.23284313750000002 0.565563725 0.23733660208333335 0.5631127453125 0.23815359375 0.561274509375 0.240604575 0.5609681375 0.24550653541666667 0.559436275 0.24877451041666668 0.55851715625 0.25735294166666667 0.55851715625 0.27818627500000004 0.5603553921875 0.2863562083333333 0.562806371875 0.28839869375
0 0.45067402031250003 0.09722222291666666 0.451899509375 0.09803921666666666 0.451899509375 0.09967320208333333 0.452818628125 0.09803921666666666 0.4540441171875 0.09885620833333333 0.44699754843750006 0.09395424791666666 0.4420955875 0.09395424791666666 0.44117647031249996 0.09436274583333333 0.4420955875 0.09885620833333333 0.44944852968750004 0.10008170000000001 0.45067402031250003 0.09722222291666666
0 0.48774509843749997 0.09517973958333334 0.49509803906250005 0.09599673125000001 0.4981617640625 0.09599673125000001 0.5018382359375 0.09354575208333334 0.5061274515624999 0.08741829999999999 0.50704656875 0.08251633958333333 0.5094975484375001 0.078022875 0.5104166671875 0.07148692708333333 0.5094975484375001 0.06454248333333333 0.5079656859375 0.0625 0.5045955875 0.06290849583333333 0.500306371875 0.06740196041666667 0.4990808828125 0.07107843124999999 0.49662990156250003 0.07271241875 0.49172794062499997 0.08006536041666666 0.490196078125 0.08088235208333333 0.48927696093749995 0.08496732083333333 0.4849877453125 0.09150326874999999 0.4859068625 0.09354575208333334 0.48774509843749997 0.09517973958333334
0 0.42585784374999996 0 0.421875 0.009395425 0.421875 0.015114379166666667 0.42432597968749997 0.028186275 0.42524509843749997 0.04411764791666666 0.42432597968749997 0.06617647083333333 0.42738970624999995 0.07230392083333334 0.4286151953125 0.08006536041666666 0.4310661765625 0.08455882291666666 0.44454656875 0.08986928125 0.4598651953125 0.09354575208333334 0.4705882359375 0.09354575208333334 0.47702205937500003 0.09109477083333334 0.48866421562499995 0.07312091458333334 0.4984681375 0.06045751666666667 0.498774509375 0.05637255 0.5021446078125 0.049836602083333334 0.502757353125 0.0453431375 0.5061274515624999 0.0359477125 0.5061274515624999 0.013888889583333335 0.5009191171875 0 0.42585784374999996 0
0 0.7858455875 0 0.7858455875 0.005718954166666667 0.7944240203125 0.022058822916666665 0.792585784375 0.05024509791666667 0.796875 0.05759803958333333 0.8002450984375 0.05718954166666667 0.80698529375 0.04942810416666667 0.8186274515624999 0.05065359375 0.825367646875 0.04901960833333333 0.8351715687500001 0.05106209166666666 0.8419117640625 0.04738562083333333 0.8532475484375001 0.04738562083333333 0.877757353125 0.036356208333333334 0.8829656859374999 0.02900326875 0.8869485296875 0.014705883333333334 0.8881740203125 0.0028594770833333333 0.8881740203125 0 0.7858455875 0
0 0.74601715625 0.3582516333333333 0.74601715625 0.36233660208333335 0.7478553921875 0.36478758125 0.771446078125 0.3651960791666667 0.7830882359375 0.3627450979166667 0.784007353125 0.35988562083333336 0.7830882359375 0.3435457520833333 0.7864583328125 0.3386437916666667 0.7864583328125 0.33455882291666666 0.7830882359375 0.3235294125 0.7778799015625 0.31617647083333333 0.76960784375 0.3108660125 0.7647058828125 0.30923202708333336 0.7588848046875001 0.30923202708333336 0.750306371875 0.31127451041666665 0.7411151953124999 0.321895425 0.7420343140625 0.34068627500000004 0.74448529375 0.3500817 0.74448529375 0.3549836604166667 0.74601715625 0.3582516333333333
0 0.542585784375 0.3002450979166667 0.5542279406249999 0.29983660208333335 0.55698529375 0.29820261458333336 0.5603553921875 0.2892156854166667 0.5579044125 0.27532679791666664 0.5575980390625 0.25 0.5551470593750001 0.24632352916666667 0.5533088234375 0.24550653541666667 0.5474877453125 0.23284313750000002 0.5431985296875 0.23161764791666667 0.532475490625 0.23325163333333335 0.530943628125 0.23529411666666666 0.5238970593750001 0.23856209166666667 0.5189950984375 0.24468954166666668 0.518688725 0.24795751666666668 0.5205269609375 0.25735294166666667 0.5333946078125 0.2908496729166667 0.542585784375 0.3002450979166667
0 0.8373161765624999 0.3435457520833333 0.844975490625 0.3431372541666667 0.846507353125 0.3386437916666667 0.8498774515624999 0.3349673208333333 0.8523284312499999 0.328022875 0.8507965687500001 0.321895425 0.8486519609375 0.3190359479166667 0.8462009796875 0.31862745000000003 0.832414215625 0.31985294166666667 0.8290441171875 0.3247549020833333 0.8287377453125 0.3300653604166667 0.8296568625 0.33374182916666667 0.8348651953124999 0.3427287583333333 0.8373161765624999 0.3435457520833333
0 0 0.4252450979166667 0.0018382359375 0.4260620916666667 0.003063725 0.43137254999999997 0.0064338234375 0.43545751666666666 0.01011029375 0.43627451041666665 0.01960784375 0.4432189541666667 0.029105392187500002 0.44566993541666666 0.038602940625 0.44607843125 0.0416666671875 0.4432189541666667 0.040747548437499996 0.43545751666666666 0.0349264703125 0.421977125 0.0330882359375 0.41952614374999997 0.0217524515625 0.41625817083333333 0.0225183828125 0.4142156854166667 0.029718137500000002 0.41380718958333335 0.032475490625 0.41094771249999995 0.032475490625 0.4072712416666667 0.0232843140625 0.39787581666666666 0.01960784375 0.38521241875 0.015625 0.37867647083333333 0.013174020312500001 0.37949346458333333 0.010416667187500001 0.38316993541666666 0.0079656859375 0.390522875 0.0076593140625 0.39460784375 0.0036764703125 0.40073529375 0.0018382359375 0.41176470625 0 0.41217320208333336 0 0.4252450979166667
0 0.4512867640625 0.14338235208333333 0.450367646875 0.14828431458333335 0.452818628125 0.15114379166666667 0.452818628125 0.14297385624999998 0.4512867640625 0.14338235208333333
0 0.44883578437500005 0.13194444375 0.44944852968750004 0.13929738541666667 0.44975490156250003 0.13357843125000002 0.44944852968750004 0.13153594791666667 0.44883578437500005 0.13194444375
0 0.3204656859375 0.12867647083333333 0.322303921875 0.13684640625 0.3219975484375 0.14787581666666666 0.32444852968750004 0.15563725416666668 0.325367646875 0.16544117708333334 0.3265931375 0.16870915 0.3290441171875 0.17034313750000002 0.33210784375 0.17565359375 0.3373161765625 0.19035947708333334 0.33976715625 0.19321895416666665 0.34681372499999996 0.19607843125000002 0.375306371875 0.20138888958333334 0.3811274515625 0.19934640625 0.38664215625 0.19444444375 0.3927696078125 0.19117647083333333 0.3955269609375 0.18545751666666668 0.390318628125 0.18218954166666668 0.3897058828125 0.18055555625 0.375306371875 0.16952614375000002 0.3743872546875 0.1670751625 0.3688725484375 0.16380718958333332 0.3655024515625 0.16013071875 0.363664215625 0.15032679791666667 0.365196078125 0.13521241875 0.3642769609375 0.12418300625 0.359068628125 0.11805555625 0.3532475484375 0.11805555625 0.3489583328125 0.12050653541666666 0.346507353125 0.12009803958333333 0.344975490625 0.11805555625 0.3431372546875 0.1045751625 0.3431372546875 0.08333333333333333 0.3388480390625 0.07761437916666666 0.335477940625 0.07516339791666667 0.33118872499999996 0.07271241875 0.3265931375 0.071895425 0.322303921875 0.07271241875 0.3170955875 0.08169934583333333 0.312806371875 0.10008170000000001 0.30943627500000004 0.10498366041666667 0.30943627500000004 0.10988562083333334 0.3204656859375 0.12867647083333333
0 0.1271446078125 0.26838235208333333 0.1311274515625 0.26838235208333333 0.129289215625 0.26797385625000003 0.1271446078125 0.26838235208333333
0 0.2055759796875 0.19321895416666665 0.20649509843749997 0.19321895416666665 0.20465686249999998 0.19076797291666667 0.20710784375000002 0.18954248333333332 0.20649509843749997 0.18382352916666667 0.202818628125 0.17892156874999998 0.198835784375 0.17769607916666666 0.1963848046875 0.178104575 0.19761029375 0.18218954166666668 0.2037377453125 0.1891339875 0.2055759796875 0.19321895416666665
0 0.1767769609375 0.18545751666666668 0.1767769609375 0.18096405208333335 0.1780024515625 0.17769607916666666 0.18903186249999998 0.17851307291666665 0.1920955875 0.18096405208333335 0.1954656859375 0.17892156874999998 0.1942401953125 0.17769607916666666 0.18504902031249998 0.17769607916666666 0.18443627499999998 0.17565359375 0.1825980390625 0.17442810416666665 0.1783088234375 0.17442810416666665 0.17493872500000002 0.17769607916666666 0.17432597968750002 0.18668300625 0.1755514703125 0.18668300625 0.1752450984375 0.18790849583333333 0.1767769609375 0.18545751666666668
0 0.07414215625000001 0.13888888958333334 0.086397059375 0.15522875833333333 0.08823529375 0.16870915 0.0955882359375 0.17524509791666668 0.0955882359375 0.18218954166666668 0.09895833281250001 0.18627451041666668 0.0998774515625 0.19321895416666665 0.1017156859375 0.19648692708333335 0.1017156859375 0.1985294125 0.1041666671875 0.20057189583333335 0.105085784375 0.20424836666666665 0.1109068625 0.2079248375 0.11550245156250001 0.21323529375 0.1182598046875 0.2140522875 0.121936275 0.21323529375 0.1256127453125 0.20547385624999998 0.13051470625 0.20874182916666667 0.1311274515625 0.21037581666666666 0.1286764703125 0.21323529375 0.127757353125 0.22058823541666667 0.1299019609375 0.22222222291666668 0.1329656859375 0.22753267916666667 0.1354166671875 0.23774509791666668 0.14246323593750002 0.2483660125 0.1510416671875 0.25735294166666667 0.15226715625 0.26184640625 0.15808823593750002 0.26184640625 0.1614583328125 0.2565359479166667 0.1614583328125 0.24795751666666668 0.1599264703125 0.24142156874999998 0.15471813750000002 0.23039215625 0.15379902031249998 0.21977124166666667 0.1623774515625 0.21037581666666666 0.1639093140625 0.20261437916666666 0.1639093140625 0.18382352916666667 0.1614583328125 0.18137255 0.157475490625 0.18137255 0.15625 0.18300653541666667 0.14767156875 0.1858660125 0.1412377453125 0.18341503333333334 0.125306371875 0.15808823541666667 0.1216299015625 0.14869281041666668 0.11488970624999999 0.13970588333333334 0.10753676406249998 0.12050653541666666 0.1047794125 0.11642156875000001 0.101102940625 0.11519607916666666 0.09681372499999999 0.11519607916666666 0.09528186250000001 0.11642156875000001 0.09068627500000001 0.10784313749999999 0.08517156875000001 0.1045751625 0.0772058828125 0.1045751625 0.07506127500000001 0.10702614375 0.0719975484375 0.10825163333333333 0.0670955875 0.115604575 0.0661764703125 0.11968954166666666 0.0670955875 0.12622548958333332 0.06954656875000001 0.12908496666666666 0.07414215625000001 0.13888888958333334
0 0.3219975484375 0.4215686270833333 0.3287377453125 0.41952614374999997 0.336397059375 0.4158496729166667 0.3422181375 0.4113562083333333 0.346507353125 0.40032679791666664 0.3483455875 0.39011437916666664 0.34620097968749997 0.384395425 0.3373161765625 0.37867647083333333 0.32107843125 0.37867647083333333 0.3143382359375 0.3872549020833333 0.313725490625 0.39460784375 0.311274509375 0.40155228750000005 0.3109681375 0.4142156854166667 0.312806371875 0.41911764791666667 0.3170955875 0.4215686270833333 0.3219975484375 0.4215686270833333
0 0.86948529375 0.3292483666666667 0.8728553921875 0.3316993458333333 0.8795955875000001 0.33455882291666666 0.8826593140625001 0.3329248375 0.887867646875 0.3255718958333333 0.8973651953124999 0.3182189541666667 0.9013480390625 0.31004901875 0.9080882359375 0.30228758125 0.909313725 0.2908496729166667 0.909007353125 0.2822712416666667 0.9132965687500001 0.27573529375 0.9132965687500001 0.27205882291666666 0.9120710781250001 0.26960784375 0.9080882359375 0.2675653604166667 0.90625 0.26470588333333334 0.8982843140625001 0.26470588333333334 0.890318628125 0.27532679791666664 0.8844975484375001 0.27573529375 0.8802083328125001 0.2798202604166667 0.876225490625 0.28676470625 0.875306371875 0.29125817083333333 0.8728553921875 0.2949346395833333 0.86948529375 0.30514705833333333 0.8682598046875001 0.31576797291666664 0.8667279406249999 0.31944444375000003 0.8667279406249999 0.32434640625 0.86948529375 0.3292483666666667
0 0.2647058828125 0.31372548958333335 0.2665441171875 0.31658496666666663 0.26899509843749997 0.32761437916666664 0.27113970625 0.33088235208333333 0.272977940625 0.34109477083333334 0.27573529375 0.3431372541666667 0.2858455875 0.33905228750000005 0.28982843125 0.33986928125000004 0.296875 0.3357843145833333 0.311274509375 0.31454248333333334 0.31801470625 0.3067810458333333 0.32107843125 0.3002450979166667 0.3219975484375 0.2957516333333333 0.32107843125 0.2892156854166667 0.312806371875 0.2826797395833333 0.3109681375 0.27573529375 0.3045343140625 0.2651143791666667 0.304227940625 0.26307189583333335 0.30238970625 0.26021241875 0.2974877453125 0.2565359479166667 0.28982843125 0.2557189541666667 0.28492647031249996 0.25735294166666667 0.27818627500000004 0.26838235208333333 0.27726715625 0.27287581666666666 0.273897059375 0.2798202604166667 0.271446078125 0.2814542479166667 0.26807597968749997 0.2863562083333333 0.2647058828125 0.29901960833333335 0.265625 0.3035130729166667 0.265625 0.3108660125 0.2647058828125 0.31372548958333335
0 0.684436275 0.40808823541666667 0.6868872546875 0.41625817083333333 0.6911764703125 0.42401960833333335 0.6939338234375 0.4268790854166667 0.698835784375 0.42892156875 0.7037377453125 0.42892156875 0.7098651953124999 0.4252450979166667 0.7135416671875 0.41952614374999997 0.71875 0.4142156854166667 0.7205882359375 0.41053921666666665 0.721507353125 0.40441176458333333 0.72579656875 0.3950163395833333 0.7264093140625 0.39011437916666664 0.72579656875 0.38684640625 0.7236519609375 0.384395425 0.708946078125 0.38316993541666666 0.700367646875 0.3848039208333333 0.6920955875 0.3888888895833333 0.684436275 0.390522875 0.6829044125 0.3925653604166667 0.6829044125 0.39460784375 0.684436275 0.3982843145833333 0.684436275 0.40808823541666667
0 0.7239583328125 0.36887254999999997 0.7270220593750001 0.36683006458333334 0.7276348046875001 0.3582516333333333 0.72732843125 0.35661764791666667 0.7261029406249999 0.3574346395833333 0.72579656875 0.359477125 0.719975490625 0.365604575 0.7205882359375 0.3672385625 0.7239583328125 0.36887254999999997
0 0.715686275 0.3451797395833333 0.7169117640625 0.34640522916666666 0.7166053921875 0.3443627458333333 0.715686275 0.3451797395833333
0 0.684436275 0.37622548958333335 0.6853553921875 0.37949346458333333 0.6911764703125 0.37949346458333333 0.6997549015625 0.37377451041666665 0.702818628125 0.3733660125 0.7037377453125 0.37132352916666667 0.703431371875 0.3684640520833333 0.7012867640625 0.36805555624999997 0.6994485296875 0.3651960791666667 0.69761029375 0.36478758125 0.6927083328125 0.3590686270833333 0.69301470625 0.3582516333333333 0.7104779406249999 0.359477125 0.707414215625 0.35661764791666667 0.7068014703125 0.3517156854166667 0.700367646875 0.34844771249999995 0.6985294125 0.34599673124999997 0.6985294125 0.34109477083333334 0.6969975484375001 0.33905228750000005 0.6927083328125 0.34068627500000004 0.6911764703125 0.3435457520833333 0.6896446078125 0.3439542479166667 0.686274509375 0.3517156854166667 0.690257353125 0.3590686270833333 0.688725490625 0.35988562083333336 0.6853553921875 0.37050653541666667 0.684436275 0.37622548958333335
0 0.7239583328125 0.33537581666666666 0.72732843125 0.33823529375 0.7291666671875 0.3435457520833333 0.7306985296875 0.3439542479166667 0.733149509375 0.34150326875000003 0.7306985296875 0.3349673208333333 0.72732843125 0.3349673208333333 0.7267156859375 0.33700980416666665 0.7256433828125 0.3349673208333333 0.7239583328125 0.33537581666666666
0 0.2579656859375 0.23039215625 0.2610294125 0.22998366041666665 0.25857843125 0.22916666666666666 0.2579656859375 0.23039215625
0 0.24785539218750002 0.22712418333333334 0.2545955875 0.22712418333333334 0.2518382359375 0.22630718958333332 0.24785539218750002 0.22712418333333334
0 0.2435661765625 0.22385620833333333 0.24540441249999997 0.22385620833333333 0.24448529375 0.22222222291666668 0.2435661765625 0.22385620833333333
0 0.2408088234375 0.21936274583333332 0.2411151953125 0.22099673125 0.241727940625 0.21936274583333332 0.2408088234375 0.21936274583333332
0 0.2368259796875 0.21323529375 0.23805147031249999 0.21650326875 0.23774509843749997 0.21200980416666668 0.2368259796875 0.21323529375
0 0.2545955875 0.14174836666666665 0.2576593140625 0.15073529375 0.2564338234375 0.1576797395833333 0.25857843125 0.15808823541666667 0.261335784375 0.1535947708333333 0.265625 0.15073529375 0.268382353125 0.15032679791666667 0.27787990156250003 0.15318627499999998 0.2830882359375 0.15645424791666668 0.2864583328125 0.16176470625 0.28829656875 0.16952614375000002 0.28982843125 0.17156862708333334 0.2907475484375 0.17769607916666666 0.29319852968750004 0.18300653541666667 0.29319852968750004 0.20465686249999998 0.2974877453125 0.21200980416666668 0.29993872499999996 0.21364379166666667 0.3033088234375 0.21323529375 0.3045343140625 0.21037581666666666 0.3060661765625 0.19444444375 0.30943627500000004 0.18341503333333334 0.313725490625 0.17892156874999998 0.318321078125 0.17728758125 0.322303921875 0.171977125 0.3235294125 0.1670751625 0.323835784375 0.1576797395833333 0.32138480468749997 0.14746732083333333 0.32107843125 0.13316993541666666 0.3143382359375 0.11805555625 0.30943627500000004 0.11274509791666666 0.3075980390625 0.10498366041666667 0.3060661765625 0.10375817083333333 0.302696078125 0.09558823541666667 0.302696078125 0.07230392083333334 0.3017769609375 0.06903594791666667 0.29319852968750004 0.058823529166666666 0.28431372499999996 0.05841503333333333 0.27787990156250003 0.06290849583333333 0.26899509843749997 0.06699346458333334 0.2650122546875 0.07107843124999999 0.2564338234375 0.07679738541666666 0.25367647031249996 0.08169934583333333 0.2552083328125 0.10212418333333333 0.2521446078125 0.11274509791666666 0.2518382359375 0.11846405208333333 0.2545955875 0.14174836666666665
0 0.23651960781249998 0.21813725416666668 0.24019607812500002 0.2234477125 0.248774509375 0.2295751625 0.25857843125 0.23202614375000002 0.2662377453125 0.23120915 0.2708333328125 0.22875817083333333 0.2732843140625 0.22630718958333332 0.27726715625 0.21854575208333332 0.280024509375 0.21568627499999998 0.2864583328125 0.21282679791666667 0.2922794125 0.20588235208333333 0.29319852968750004 0.19321895416666665 0.292585784375 0.17769607916666666 0.285539215625 0.15972222291666668 0.2797181375 0.15318627499999998 0.27236519531250003 0.14869281041666668 0.2671568625 0.14828431458333335 0.25704656875 0.15032679791666667 0.2509191171875 0.1589052291666667 0.2481617640625 0.1609477125 0.2325367640625 0.1670751625 0.22732843125 0.17075163333333335 0.22426470625 0.17524509791666668 0.22334558750000003 0.18137255 0.223039215625 0.19403594791666665 0.2251838234375 0.20179738541666667 0.2325367640625 0.20874182916666667 0.23651960781249998 0.21813725416666668
0 0.15808823593750002 0.31740196041666663 0.167585784375 0.3214869270833333 0.1786151953125 0.31617647083333333 0.1853553921875 0.31658496666666663 0.1875 0.31985294166666667 0.188725490625 0.3272058833333333 0.1979166671875 0.35130718958333335 0.203125 0.35620915 0.210477940625 0.35702614374999997 0.21415441249999997 0.3545751625 0.22579656875 0.3541666666666667 0.23345588281250002 0.35212418333333334 0.23897058750000003 0.34844771249999995 0.2411151953125 0.3435457520833333 0.2411151953125 0.3333333333333333 0.2432598046875 0.31535947708333334 0.242647059375 0.3071895416666666 0.23805147031249999 0.29983660208333335 0.23161764687500003 0.2933006541666667 0.23069852968750001 0.2892156854166667 0.2282475484375 0.2863562083333333 0.219056371875 0.2826797395833333 0.2169117640625 0.27859477083333334 0.21323529375 0.27736928125000004 0.1994485296875 0.27859477083333334 0.19301470625 0.27736928125000004 0.183210784375 0.27287581666666666 0.1724877453125 0.27287581666666666 0.167585784375 0.27573529375 0.1666666671875 0.27777777708333334 0.1666666671875 0.29289215625 0.1657475484375 0.29452614374999997 0.160539215625 0.2920751625 0.1541053921875 0.2920751625 0.15318627499999998 0.29452614374999997 0.15226715625 0.30514705833333333 0.1541053921875 0.31372548958333335 0.1556372546875 0.3141339875 0.15808823593750002 0.31740196041666663
0 0.344056371875 0.24264705833333336 0.353553921875 0.24550653541666667 0.36488970625 0.24591503333333334 0.379289215625 0.25204248333333334 0.382352940625 0.2549019604166667 0.3854166671875 0.2610294125 0.38725490156250003 0.2724673208333333 0.390318628125 0.2749183 0.396446078125 0.27287581666666666 0.4047181375 0.26470588333333334 0.406556371875 0.25122548958333335 0.4056372546875 0.2422385625 0.40134803906250005 0.23529411666666666 0.39399509843749997 0.23120915 0.38664215625 0.22385620833333333 0.3844975484375 0.21364379166666667 0.377757353125 0.20547385624999998 0.3452818625 0.1985294125 0.3388480390625 0.19934640625 0.336397059375 0.20261437916666666 0.336397059375 0.22589869375 0.34068627500000004 0.23774509791666668 0.344056371875 0.24264705833333336
0 0.0560661765625 0.33455882291666666 0.061274509374999994 0.34599673124999997 0.0661764703125 0.34803921666666665 0.07107843124999999 0.34640522916666666 0.0762867640625 0.33823529375 0.076899509375 0.33455882291666666 0.0719975484375 0.3239379083333333 0.07107843124999999 0.31699346458333333 0.0689338234375 0.31290849583333336 0.0686274515625 0.30759803958333337 0.0643382359375 0.30228758125 0.054227940625000005 0.29452614374999997 0.0493259796875 0.2949346395833333 0.0459558828125 0.29820261458333336 0.0450367640625 0.30882352916666667 0.0459558828125 0.321895425 0.046875 0.32434640625 0.0560661765625 0.33455882291666666
0 0.251225490625 0.26797385625000003 0.2493872546875 0.26838235208333333 0.2518382359375 0.2724673208333333 0.25306372499999996 0.2691993458333333 0.251225490625 0.26797385625000003
0 0.265625 0.259395425 0.264399509375 0.25816993541666666 0.265625 0.2565359479166667 0.265318628125 0.24918300625 0.2647058828125 0.25040849583333336 0.265318628125 0.25204248333333334 0.2637867640625 0.25857843125 0.265318628125 0.2651143791666667 0.265625 0.259395425
0 0.211397059375 0.2700163395833333 0.2205882359375 0.2806372541666667 0.23161764687500003 0.28676470625 0.234375 0.29370915 0.2411151953125 0.3026960791666667 0.24448529375 0.3047385625 0.24846813750000002 0.3002450979166667 0.2509191171875 0.29452614374999997 0.2552083328125 0.29452614374999997 0.2545955875 0.2863562083333333 0.25367647031249996 0.28431372499999996 0.251225490625 0.28349673124999997 0.2475490203125 0.2749183 0.246936275 0.2700163395833333 0.238664215625 0.26470588333333334 0.234375 0.25816993541666666 0.2325367640625 0.25204248333333334 0.2325367640625 0.240604575 0.23069852968750001 0.23570261458333333 0.22732843125 0.23570261458333333 0.22089460781249998 0.24305555625 0.20894607812500002 0.24918300625 0.202818628125 0.2549019604166667 0.20220588281250002 0.26184640625 0.20404411718749998 0.2642973854166667 0.2110906859375 0.26797385625000003 0.211397059375 0.2700163395833333
0 0.2552083328125 0.23284313750000002 0.25306372499999996 0.23325163333333335 0.2521446078125 0.234477125 0.2552083328125 0.23774509791666668 0.25704656875 0.23488562083333334 0.2552083328125 0.23284313750000002
0 0.3955269609375 0.4607843145833333 0.396446078125 0.46609477083333334 0.40073529375000005 0.46691176458333333 0.4041053921875 0.46282679791666664 0.4056372546875 0.4566993458333333 0.41237745156249994 0.44607843125 0.41482843125 0.44035947708333334 0.41482843125 0.43790849583333336 0.41053921562499995 0.4309640520833333 0.405943628125 0.4276960791666667 0.39950980468749997 0.4260620916666667 0.39613970625 0.4276960791666667 0.394914215625 0.43055555624999997 0.39460784375 0.43831699375 0.3921568625 0.446895425 0.3921568625 0.4522058833333333 0.3955269609375 0.4607843145833333
0 0 0.058823529166666666 0.0015318625 0.058823529166666666 0.002757353125 0.060866012500000004 0.013786764062500002 0.06821895416666666 0.0245098046875 0.06903594791666667 0.0287990203125 0.071895425 0.034007353125 0.071895425 0.0358455875 0.06821895416666666 0.0389093140625 0.052696079166666666 0.039828431250000004 0.046977124999999995 0.0392156859375 0.04084967291666666 0.03523284375 0.036764706249999994 0.018382353125 0.031045752083333333 0.013174020312500001 0.02573529375 0.00551470625 0.0204248375 0.0049019609375 0.01797385625 0 0.01797385625 0 0.058823529166666666
0 0.00390625 0.0010416666666666667 0.0015625 0.0020833333333333333
0 0.6473651953124999 0 0.646446078125 0.004901960416666667 0.6513480390625 0.0249183 0.657475490625 0.03553921666666667 0.6599264703125 0.038398693750000004 0.66329656875 0.03921568541666667 0.6672794125 0.038398693750000004 0.6700367640625 0.034313724999999996 0.674938725 0.031045752083333333 0.6853553921875 0.01756536041666667 0.688725490625 0.01633986875 0.6969975484375001 0.009395425 0.698835784375 0.004493464583333333 0.6969975484375001 0 0.6473651953124999 0
0 0.234375 0.26184640625 0.2420343140625 0.2675653604166667 0.24785539218750002 0.2675653604166667 0.2545955875 0.265522875 0.25857843125 0.2667483666666667 0.265318628125 0.265522875 0.2665441171875 0.25122548958333335 0.265625 0.24673202708333333 0.2662377453125 0.240604575 0.262867646875 0.23692810416666665 0.26194852968750004 0.23406862708333334 0.24540441249999997 0.22916666666666666 0.23774509843749997 0.2214052291666667 0.233149509375 0.22222222291666668 0.23039215624999998 0.22549019583333332 0.22916666718749998 0.2295751625 0.22855392187499998 0.23488562083333334 0.23069852968750001 0.24019607916666666 0.23100490156250003 0.2516339875 0.234375 0.26184640625
0 0.1216299015625 0.14256536041666665 0.121936275 0.14583333333333334 0.125 0.15073529375 0.1286764703125 0.1609477125 0.13204656875 0.16462418333333334 0.13204656875 0.16625817083333333 0.13878676406249998 0.17769607916666666 0.1439950984375 0.18259803958333334 0.15073529375 0.18218954166666668 0.1666666671875 0.17238562083333334 0.171568628125 0.1670751625 0.174632353125 0.16625817083333333 0.18933823593750002 0.17075163333333335 0.198835784375 0.16952614375000002 0.21323529375 0.17034313750000002 0.22395833281250002 0.16870915 0.233149509375 0.1625817 0.2405024515625 0.16135620833333333 0.24632352968750001 0.15849673125 0.2518382359375 0.15318627499999998 0.252757353125 0.15032679791666667 0.252757353125 0.14174836666666665 0.2518382359375 0.13848039166666667 0.251225490625 0.11233660208333333 0.25367647031249996 0.10334967291666668 0.25367647031249996 0.09599673125000001 0.252757353125 0.08374182916666667 0.250306371875 0.07761437916666666 0.26011029375 0.06535947708333333 0.2671568625 0.06045751666666667 0.26807597968749997 0.05637255 0.265625 0.048611110416666665 0.2637867640625 0.04738562083333333 0.2564338234375 0.034313724999999996 0.25245097968749997 0.030228758333333335 0.24601715624999998 0.018382352083333334 0.241727940625 0.012663397916666668 0.23805147031249999 0.0110294125 0.23069852968750001 0.004493464583333333 0.2264093140625 0.0036764708333333336 0.2205882359375 0.006535947916666667 0.215686275 0.01797385625 0.2092524515625 0.02614379166666667 0.20465686249999998 0.02900326875 0.1994485296875 0.0420751625 0.19761029375 0.04452614375 0.1911764703125 0.04738562083333333 0.1868872546875 0.052696079166666666 0.18596813750000002 0.058006535416666664 0.1841299015625 0.060866012500000004 0.177696078125 0.06658496666666666 0.176164215625 0.07107843124999999 0.176164215625 0.08537581666666667 0.17279411718749998 0.0890522875 0.171875 0.09232026041666666 0.17003676406249998 0.09354575208333334 0.1685049015625 0.10130718958333333 0.1599264703125 0.109477125 0.153492646875 0.11356209166666667 0.14767156875 0.11274509791666666 0.13204656875 0.09926470625 0.1302083328125 0.09436274583333333 0.12653186249999998 0.08986928125 0.1228553921875 0.090686275 0.12101715625000001 0.09354575208333334 0.11948529375000001 0.09354575208333334 0.113664215625 0.10171568541666667 0.1127450984375 0.11192810416666667 0.11488970624999999 0.11642156875000001 0.1161151953125 0.13235294166666667 0.1216299015625 0.14256536041666665
0 0.36488970625 0.19934640625 0.36948529375 0.19934640625 0.36611519531250003 0.19893790833333333 0.36488970625 0.19934640625
0 0.4234068625 0.12132352916666668 0.4234068625 0.14460784375 0.4200367640625 0.1535947708333333 0.420649509375 0.17483660208333335 0.4200367640625 0.17687908541666666 0.41789215625000004 0.17851307291666665 0.409007353125 0.18055555625 0.405024509375 0.18341503333333334 0.40287990156250003 0.1858660125 0.40318627500000004 0.19035947708333334 0.40625 0.19444444375 0.407475490625 0.19893790833333333 0.4142156859375 0.20751633958333335 0.41850490156250003 0.21119281041666668 0.4237132359375 0.21813725416666668 0.42738970624999995 0.21854575208333332 0.4307598046875 0.21282679791666667 0.4310661765625 0.20629085 0.43504902031250003 0.19893790833333333 0.4353553921875 0.19321895416666665 0.437806371875 0.1891339875 0.4390318625 0.18137255 0.44178921562499995 0.1793300645833333 0.447303921875 0.16462418333333334 0.4537377453125 0.15563725416666668 0.4537377453125 0.14011437916666666 0.450367646875 0.12908496666666666 0.4439338234375 0.11968954166666666 0.4396446078125 0.10825163333333333 0.4365808828125 0.10498366041666667 0.43443627500000004 0.1045751625 0.42616421562499995 0.09354575208333334 0.422181371875 0.090686275 0.41758578437500005 0.08986928125 0.41237745156249994 0.09354575208333334 0.41237745156249994 0.09640522916666666 0.4142156859375 0.10171568541666667 0.4200367640625 0.11151960833333334 0.4234068625 0.12132352916666668
0 0.359068628125 0.46568627500000004 0.3599877453125 0.4636437916666667 0.3599877453125 0.45874182916666667 0.3575367640625 0.4542483666666667 0.35569852968750004 0.44607843125 0.3541666671875 0.44240196041666663 0.35079656875 0.4391339875 0.34742647031249996 0.43831699375 0.3416053921875 0.43954248333333334 0.33823529375 0.4428104583333334 0.335477940625 0.44771241875 0.33486519531250003 0.45465686250000004 0.3357843140625 0.45710784375 0.344056371875 0.46486928125000004 0.359068628125 0.46568627500000004
0 0.0716911765625 0.2749183 0.0787377453125 0.2810457520833333 0.0900735296875 0.2818627458333333 0.1056985296875 0.28717320208333336 0.109375 0.2863562083333333 0.11335784374999999 0.2810457520833333 0.11580882343750001 0.26960784375 0.11580882343750001 0.26266339791666665 0.11335784374999999 0.25245098125000004 0.11335784374999999 0.24877451041666668 0.1099877453125 0.240604575 0.10232843124999999 0.23243463958333335 0.0974264703125 0.23202614375000002 0.09221813749999999 0.2295751625 0.0857843140625 0.23039215625 0.077818628125 0.23488562083333334 0.063725490625 0.2598039208333333 0.062806371875 0.26307189583333335 0.062806371875 0.2700163395833333 0.063725490625 0.27287581666666666 0.0716911765625 0.2749183
0 0.024203431249999997 0.5449346395833333 0.019914215625000002 0.55065359375 0.0165441171875 0.5592320270833333 0.0171568625 0.5665849666666667 0.021446078125 0.5714869270833333 0.031556371875 0.57883986875 0.038296568749999996 0.5816993458333334 0.0431985296875 0.5816993458333334 0.0474877453125 0.5800653604166667 0.0493259796875 0.5772058833333333 0.0493259796875 0.5731209145833334 0.0502450984375 0.5718954249999999 0.059742646875000006 0.5718954249999999 0.063725490625 0.5686274499999999 0.0686274515625 0.5526960791666667 0.0686274515625 0.54370915 0.0670955875 0.5400326791666666 0.05698529375 0.5310457520833334 0.052696078125000004 0.5236928104166666 0.048406862499999995 0.5212418291666666 0.0333946078125 0.5183823520833334 0.029105392187500002 0.5220588229166666 0.028186275 0.5257352937499999 0.029105392187500002 0.5396241833333334 0.026654412500000002 0.54370915 0.024203431249999997 0.5449346395833333
0 0 0.546977125 0.0018382359375 0.5465686270833333 0.001225490625 0.5441176479166666 0 0.5441176479166666 0 0.546977125
0 0.009803921875 0 0.0094975484375 0.005718954166666667 0.0052083328125 0.014705883333333334 0.00551470625 0.019607843750000003 0.0076593140625 0.0204248375 0.0180759796875 0.030228758333333335 0.0235906859375 0.031454247916666664 0.026654412500000002 0.033496731249999995 0.0330882359375 0.034313724999999996 0.0392156859375 0.0375817 0.0431985296875 0.0375817 0.05238970625 0.03390522916666667 0.056678921874999996 0.03390522916666667 0.065257353125 0.038398693750000004 0.070772059375 0.0375817 0.075367646875 0.030228758333333335 0.0814950984375 0.005718954166666667 0.0805759796875 0 0.044117646875 0 0.0431985296875 0.0016339875 0.0422794125 0 0.009803921875 0
0 0.6338848046875001 0.265522875 0.634803921875 0.2708333333333333 0.6369485296875 0.27450980416666665 0.6412377453125 0.27777777708333334 0.6473651953124999 0.28717320208333336 0.6513480390625 0.28390522916666666 0.6541053921875 0.27573529375 0.6556372546875 0.2610294125 0.6577818625 0.25735294166666667 0.6614583328125 0.25694444375 0.66329656875 0.24632352916666667 0.66482843125 0.24387255 0.66482843125 0.23774509791666668 0.656556371875 0.22998366041666665 0.65073529375 0.2079248375 0.6473651953124999 0.20220588333333334 0.6439950984375 0.20057189583333335 0.640625 0.20179738541666667 0.6354166671875 0.20833333333333334 0.6302083328125 0.22263071875 0.6295955875 0.22712418333333334 0.6326593140625 0.23529411666666666 0.6344975484375001 0.24877451041666668 0.6338848046875001 0.265522875
0 0.8584558828125 0.27287581666666666 0.855085784375 0.2724673208333333 0.8523284312499999 0.27450980416666665 0.8517156859374999 0.27573529375 0.8556985296875 0.27777777708333334 0.859375 0.2761437916666667 0.8584558828125 0.27287581666666666
0 0.8483455875000001 0.2708333333333333 0.8483455875000001 0.2724673208333333 0.84926470625 0.2724673208333333 0.8486519609375 0.2708333333333333 0.8498774515624999 0.26960784375 0.8523284312499999 0.26960784375 0.8523284312499999 0.26838235208333333 0.8498774515624999 0.2675653604166667 0.8498774515624999 0.26470588333333334 0.8483455875000001 0.26266339791666665 0.846507353125 0.26388888958333334 0.8458946078125 0.2651143791666667 0.846813725 0.26715686250000004 0.8498774515624999 0.2691993458333333 0.8483455875000001 0.2708333333333333
0 0.8507965687500001 0.2516339875 0.8507965687500001 0.25367647083333333 0.855085784375 0.2614379083333333 0.858149509375 0.26266339791666665 0.8618259796875 0.26633986875 0.8661151953124999 0.26715686250000004 0.86948529375 0.26184640625 0.8670343140625001 0.2557189541666667 0.8658088234375001 0.2483660125 0.86335784375 0.24509803958333334 0.8627450984375 0.23774509791666668 0.8599877453125 0.23202614375000002 0.8556985296875 0.22712418333333334 0.8507965687500001 0.22753267916666667 0.8474264703125 0.23120915 0.846507353125 0.23366013125 0.8474264703125 0.24305555625 0.8483455875000001 0.2483660125 0.8507965687500001 0.2516339875
0 0.879289215625 0.26021241875 0.8814338234375001 0.2667483666666667 0.8838848046875001 0.26960784375 0.8869485296875 0.2700163395833333 0.8943014703125 0.2667483666666667 0.8998161765624999 0.26184640625 0.9044117640625 0.2622549020833333 0.909313725 0.2667483666666667 0.9142156859374999 0.2691993458333333 0.9181985296875 0.2651143791666667 0.9181985296875 0.25040849583333336 0.9151348046875001 0.24142156874999998 0.9148284312499999 0.23733660208333335 0.9114583328125001 0.22916666666666666 0.9114583328125001 0.22671568541666665 0.9080882359375 0.2214052291666667 0.891850490625 0.23161764791666667 0.886335784375 0.23243463958333335 0.877757353125 0.23570261458333333 0.8765318625 0.23733660208333335 0.8704044124999999 0.23856209166666667 0.86948529375 0.240604575 0.8704044124999999 0.24305555625 0.875306371875 0.2540849666666667 0.879289215625 0.26021241875
0 0.3486519609375 0.12091503333333334 0.35232843125 0.11805555625 0.3587622546875 0.11846405208333333 0.36488970625 0.12949346458333333 0.363664215625 0.14705882291666666 0.365196078125 0.15522875833333333 0.367647059375 0.16135620833333333 0.3759191171875 0.16748366041666665 0.386335784375 0.17769607916666666 0.390318628125 0.1797385625 0.40318627500000004 0.18137255 0.41115196093749995 0.18014705833333336 0.41819852968750004 0.18137255 0.421568628125 0.18014705833333336 0.421875 0.17483660208333335 0.4200367640625 0.16176470625 0.4200367640625 0.15400326875 0.4224877453125 0.14869281041666668 0.42432597968749997 0.13725490208333332 0.42432597968749997 0.12949346458333333 0.4224877453125 0.115604575 0.4166666671875 0.10620915 0.41053921562499995 0.09232026041666666 0.40992647031249996 0.08619281041666667 0.40318627500000004 0.06576797291666667 0.40287990156250003 0.05351307291666666 0.39950980468749997 0.04575163333333333 0.390318628125 0.0420751625 0.376225490625 0.04125817083333334 0.37193627500000004 0.04289215625 0.370710784375 0.04452614375 0.35692402031250003 0.04575163333333333 0.3532475484375 0.04820261458333333 0.3517156859375 0.05024509791666667 0.35079656875 0.05555555625 0.35079656875 0.06372548958333334 0.3431372546875 0.07720588333333334 0.34375 0.08578431458333333 0.342524509375 0.09354575208333334 0.3431372546875 0.109477125 0.3422181375 0.11274509791666666 0.344975490625 0.11968954166666666 0.3486519609375 0.12091503333333334
0 0.9782475484375001 0.14828431458333335 0.9782475484375001 0.1576797395833333 0.9825367640625 0.16666666666666666 0.9825367640625 0.17156862708333334 0.984375 0.18055555625 0.98835784375 0.18504901875 0.9911151953124999 0.1858660125 0.9947916671874999 0.18545751666666668 0.9993872546875 0.18300653541666667 0.9993872546875 0.07761437916666666 0.9947916671874999 0.07434640625000001 0.9911151953124999 0.07393790833333333 0.9877450984375 0.07516339791666667 0.981311275 0.08537581666666667 0.9751838234375001 0.09150326874999999 0.9748774515624999 0.09558823541666667 0.9724264703125 0.09885620833333333 0.969975490625 0.10661764791666667 0.969056371875 0.11642156875000001 0.9748774515624999 0.12949346458333333 0.9757965687500001 0.14133986875 0.9782475484375001 0.14828431458333335
0 0.7478553921875 0.41789215625 0.7478553921875 0.42034313749999996 0.750306371875 0.4268790854166667 0.7536764703125 0.43055555624999997 0.76011029375 0.43014705833333333 0.7797181375 0.41625817083333333 0.7833946078125 0.41217320208333336 0.7931985296875 0.40808823541666667 0.7944240203125 0.40400326875000003 0.794117646875 0.4011437916666667 0.78982843125 0.3917483666666667 0.7864583328125 0.38684640625 0.7821691171875 0.3848039208333333 0.7634803921875 0.3807189541666667 0.75704656875 0.38194444375000003 0.7524509796875 0.38684640625 0.74448529375 0.39215686250000004 0.7411151953124999 0.39787581666666666 0.740196078125 0.40073529375 0.740196078125 0.40931372499999996 0.7411151953124999 0.41217320208333336 0.7478553921875 0.41789215625
0 0.563725490625 0.3272058833333333 0.5618872546875 0.32761437916666664 0.5618872546875 0.33088235208333333 0.56954656875 0.33823529375 0.5713848046875001 0.3443627458333333 0.5704656859375 0.3541666666666667 0.57107843125 0.36233660208333335 0.577818628125 0.36887254999999997 0.581188725 0.36764705833333333 0.5848651953124999 0.36805555624999997 0.5863970593750001 0.37091503333333337 0.5958946078125 0.3766339875 0.60079656875 0.38357843125 0.60232843125 0.3839869270833333 0.6032475484375001 0.37908496666666663 0.6142769609375 0.3627450979166667 0.6142769609375 0.35539215625 0.6118259796875 0.35049019583333335 0.612132353125 0.3447712416666667 0.615196078125 0.34722222291666666 0.61795343125 0.34722222291666666 0.6216299015625 0.34599673124999997 0.6234681375 0.3427287583333333 0.6234681375 0.3292483666666667 0.6200980390625 0.31740196041666663 0.6161151953124999 0.31290849583333336 0.610600490625 0.31617647083333333 0.605085784375 0.31576797291666664 0.5989583328125 0.31740196041666663 0.5955882359375 0.31617647083333333 0.5931372546875 0.3108660125 0.5873161765625 0.3059640520833333 0.5848651953124999 0.30555555624999997 0.580882353125 0.30065359375 0.5802696078125 0.29738562083333336 0.5772058828125 0.29289215625 0.57107843125 0.2920751625 0.56954656875 0.29534313749999996 0.5713848046875001 0.30800653541666667 0.57107843125 0.31454248333333334 0.5689338234375 0.32066993541666666 0.563725490625 0.3272058833333333
0 0.1920955875 0.3439542479166667 0.1911764703125 0.3451797395833333 0.1911764703125 0.3488562083333333 0.1927083328125 0.3488562083333333 0.1920955875 0.3439542479166667
0 0.1528799015625 0.33823529375 0.155024509375 0.33986928125000004 0.16329656875 0.34191176458333333 0.17340686249999998 0.35784313749999996 0.17432597968750002 0.36151960833333335 0.17738970625 0.36642156875 0.1786151953125 0.37622548958333335 0.1807598046875 0.37908496666666663 0.1810661765625 0.38194444375000003 0.18504902031249998 0.3909313729166667 0.1881127453125 0.39460784375 0.1927083328125 0.3958333333333333 0.1942401953125 0.39297385625000003 0.203431371875 0.38357843125 0.20710784375000002 0.37377451041666665 0.20710784375000002 0.36764705833333333 0.2055759796875 0.36070261458333336 0.2037377453125 0.3582516333333333 0.1979166671875 0.35539215625 0.1954656859375 0.3549836604166667 0.1924019609375 0.35702614374999997 0.19056372500000002 0.3558006541666667 0.187806371875 0.34844771249999995 0.187806371875 0.33823529375 0.1825980390625 0.3325163395833333 0.1783088234375 0.32271241875 0.157475490625 0.321895425 0.15318627499999998 0.32761437916666664 0.15318627499999998 0.3292483666666667 0.1513480390625 0.33088235208333333 0.1513480390625 0.33455882291666666 0.1528799015625 0.33823529375
0 0.394914215625 0.2826797395833333 0.3998161765625 0.2924836604166667 0.40226715625000004 0.3026960791666667 0.4047181375 0.3047385625 0.412071078125 0.30555555624999997 0.421875 0.31535947708333334 0.424632353125 0.31617647083333333 0.4310661765625 0.321895425 0.44362745156249994 0.3263888895833333 0.45006127500000004 0.3272058833333333 0.45557597968749997 0.3300653604166667 0.4610906859375 0.32965686250000004 0.469056371875 0.3190359479166667 0.47487745156249994 0.3035130729166667 0.484375 0.28839869375 0.4852941171875 0.28472222291666666 0.490196078125 0.27736928125000004 0.49264705937500003 0.27573529375 0.49172794062499997 0.2675653604166667 0.48835784374999996 0.25816993541666666 0.48835784374999996 0.25367647083333333 0.4825367640625 0.23243463958333335 0.481617646875 0.23161764791666667 0.48069852968750004 0.22467320208333333 0.47732843125 0.21364379166666667 0.47365196093749995 0.20547385624999998 0.4669117640625 0.19934640625 0.4623161765625 0.1985294125 0.458946078125 0.19975490208333332 0.44240196093749995 0.21977124166666667 0.44117647031249996 0.22181372500000002 0.4393382359375 0.23161764791666667 0.436274509375 0.23406862708333334 0.4353553921875 0.23692810416666665 0.4322916671875 0.23815359375 0.427696078125 0.23774509791666668 0.41789215625000004 0.24305555625 0.4114583328125 0.24387255 0.407475490625 0.24795751666666668 0.4056372546875 0.2651143791666667 0.40318627500000004 0.2691993458333333 0.39399509843749997 0.27655228750000005 0.394914215625 0.2826797395833333
0 0.9460784312499999 0.02573529375 0.9473039218749999 0.022875816666666667 0.9494485296875 0.022467320833333335 0.950367646875 0.019199345833333333 0.950367646875 0.01633986875 0.94914215625 0.01633986875 0.9494485296875 0.015114379166666667 0.94761029375 0.0204248375 0.9411764703125 0.02573529375 0.9436274515624999 0.024509804166666666 0.9460784312499999 0.02573529375
0 0.952818628125 0.0110294125 0.9512867640625 0.0110294125 0.950367646875 0.011437908333333333 0.950367646875 0.013480391666666668 0.952818628125 0.014297385416666667 0.952818628125 0.0110294125
0 0.99448529375 0.047794116666666664 0.9993872546875 0.04575163333333333 0.9993872546875 0.012663397916666668 0.9978553921875 0.012663397916666668 0.9966299015625 0.009395425 0.9911151953124999 0.00694444375 0.9892769609375 0.01633986875 0.9868259796875 0.021241829166666667 0.9819240203125 0.03717320208333333 0.9819240203125 0.049836602083333334 0.984068628125 0.05106209166666666 0.9917279406249999 0.05065359375 0.99448529375 0.047794116666666664
0 0.31801470625 0 0.313725490625 0.007352941666666667 0.312806371875 0.01021241875 0.312806371875 0.02900326875 0.3143382359375 0.0420751625 0.3170955875 0.05024509791666667 0.3229166671875 0.06045751666666667 0.32414215625 0.06535947708333333 0.33118872499999996 0.06944444375 0.3330269609375 0.071895425 0.33976715625 0.07434640625000001 0.3431372546875 0.07352941249999999 0.3458946078125 0.07066993541666666 0.3489583328125 0.0641339875 0.3489583328125 0.05841503333333333 0.34742647031249996 0.052696079166666666 0.3498774515625 0.047794116666666664 0.3544730390625 0.04452614375 0.369178921875 0.043709149999999995 0.375 0.039624183333333333 0.377757353125 0.033496731249999995 0.3802083328125 0.01184640625 0.3802083328125 0 0.31801470625 0
0 0.7205882359375 0 0.7205882359375 0.0012254895833333332 0.721813725 0.006535947916666667 0.73835784375 0.027777777083333333 0.74448529375 0.031454247916666664 0.7484681375 0.031045752083333333 0.7561274515624999 0.021241829166666667 0.75704656875 0.016748366666666667 0.7561274515624999 0.01184640625 0.752757353125 0.006535947916666667 0.74448529375 0.0016339875 0.744178921875 0 0.7205882359375 0
0 0.0873161765625 0 0.08670343124999999 0.0016339875 0.0830269609375 0.004084966666666667 0.08210784374999999 0.008578431249999999 0.07965686250000001 0.01184640625 0.07965686250000001 0.014705883333333334 0.0762867640625 0.02573529375 0.0762867640625 0.0375817 0.0772058828125 0.04125817083333334 0.086397059375 0.055964052083333334 0.0873161765625 0.06045751666666667 0.0912990203125 0.06740196041666667 0.10079656875000001 0.08088235208333333 0.10079656875000001 0.08251633958333333 0.106617646875 0.08864379166666667 0.1084558828125 0.09272875833333334 0.11335784374999999 0.0984477125 0.11642156875000001 0.0984477125 0.1204044125 0.09395424791666666 0.126225490625 0.09272875833333334 0.1286764703125 0.09558823541666667 0.129289215625 0.0984477125 0.1360294125 0.10702614375 0.1473651953125 0.11192810416666667 0.156556371875 0.10988562083333334 0.1583946078125 0.10784313749999999 0.1614583328125 0.10702614375 0.1654411765625 0.10008170000000001 0.17003676406249998 0.09599673125000001 0.17095588281250002 0.09150326874999999 0.17585784375 0.08496732083333333 0.177696078125 0.07271241875 0.180147059375 0.07066993541666666 0.1807598046875 0.06699346458333334 0.18351715625 0.06372548958333334 0.18443627499999998 0.05923202708333333 0.188725490625 0.05065359375 0.1963848046875 0.041666666666666664 0.1979166671875 0.034313724999999996 0.1979166671875 0.024509804166666666 0.1969975484375 0.0204248375 0.1927083328125 0.012254902083333333 0.19056372500000002 0 0.157475490625 0 0.15716911718749998 0.0016339875 0.15441176406249998 0.0036764708333333336 0.1360294125 0.0028594770833333333 0.13357843125 0.0016339875 0.1329656859375 0 0.0873161765625 0
0 0.563725490625 0.16584967291666666 0.568321078125 0.16462418333333334 0.5686274515624999 0.16217320208333333 0.565257353125 0.15604575208333332 0.563725490625 0.15522875833333333 0.5634191171875 0.1576797395833333 0.5603553921875 0.16053921666666668 0.5603553921875 0.16462418333333334 0.563725490625 0.16584967291666666
0 0.5873161765625 0.12295751666666667 0.5863970593750001 0.12622548958333332 0.587928921875 0.13112745 0.5922181375 0.13643790833333333 0.592524509375 0.15318627499999998 0.5955882359375 0.15686274583333332 0.5983455875 0.16421568541666665 0.6017156859375 0.1670751625 0.6075367640625 0.16339869375 0.6167279406249999 0.15114379166666667 0.6216299015625 0.14338235208333333 0.625306371875 0.134395425 0.6274509796875 0.13357843125000002 0.6311274515624999 0.12908496666666666 0.63357843125 0.12826797291666667 0.63357843125 0.125 0.62898284375 0.11683006458333334 0.6268382359375 0.10988562083333334 0.6231617640625 0.1045751625 0.6182598046875001 0.10049019583333334 0.6139705875 0.09150326874999999 0.6084558828125 0.08823529375 0.60079656875 0.08782679791666667 0.596507353125 0.090686275 0.5955882359375 0.09272875833333334 0.592524509375 0.09395424791666666 0.590686275 0.09722222291666666 0.58976715625 0.10620915 0.5873161765625 0.11151960833333334 0.5873161765625 0.11642156875000001 0.5903799015625 0.12091503333333334 0.589460784375 0.12295751666666667 0.5873161765625 0.12295751666666667
0 0.5833333328125 0.47344771249999995 0.5922181375 0.4791666666666667 0.6014093140625 0.4824346395833333 0.6069240203125 0.48733660208333335 0.6115196078125 0.4893790854166667 0.6161151953124999 0.4877450979166667 0.6176470593750001 0.4824346395833333 0.6200980390625 0.4783496729166667 0.6204044125 0.4750817 0.6234681375 0.4701797395833333 0.625306371875 0.46037581666666666 0.6311274515624999 0.4505718958333333 0.6311274515624999 0.4440359479166667 0.628063725 0.43504901875 0.6268382359375 0.41339869375 0.6234681375 0.41053921666666665 0.6185661765625 0.4113562083333333 0.612438725 0.41625817083333333 0.60539215625 0.41911764791666667 0.5983455875 0.41870915 0.5885416671875 0.42238562083333336 0.577818628125 0.4215686270833333 0.5729166671875 0.4276960791666667 0.5713848046875001 0.43627451041666665 0.5704656859375 0.4432189541666667 0.5704656859375 0.4575163395833333 0.572303921875 0.4607843145833333 0.5833333328125 0.47344771249999995
0 0.534313725 0 0.5291053921875 0.014297385416666667 0.528186275 0.022467320833333335 0.5358455875 0.03390522916666667 0.5422794125 0.038398693750000004 0.549938725 0.039624183333333333 0.5643382359375 0.051879085416666665 0.5713848046875001 0.05555555625 0.582414215625 0.06985294166666667 0.5854779406249999 0.07965686250000001 0.590686275 0.08537581666666667 0.59375 0.08537581666666667 0.5998774515624999 0.08006536041666666 0.60539215625 0.06944444375 0.6069240203125 0.06821895416666666 0.608149509375 0.06576797291666667 0.6084558828125 0.06168300625 0.61335784375 0.0547385625 0.6170343140625 0.04330065416666666 0.62101715625 0.03717320208333333 0.6286764703125 0.020833333333333332 0.6323529406249999 0.01756536041666667 0.6354166671875 0.01797385625 0.6369485296875 0.020016339583333334 0.6412377453125 0.019607843750000003 0.6427696078125 0.015114379166666667 0.6439950984375 0.004493464583333333 0.6400122546875 0.0016339875 0.6397058828125 0 0.6228553921875 0 0.6225490203125 0.0016339875 0.6185661765625 0.0028594770833333333 0.6087622546875 0.0028594770833333333 0.606311275 0.0016339875 0.6056985296875 0 0.534313725 0
0 0.230085784375 0.4375 0.234681371875 0.43259803958333337 0.23651960781249998 0.42892156875 0.23590686249999998 0.42483660208333335 0.234068628125 0.4227941166666667 0.2264093140625 0.42238562083333336 0.22089460781249998 0.41952614374999997 0.2181372546875 0.4170751625 0.21323529375 0.40931372499999996 0.20526960781249998 0.40972222291666666 0.2006740203125 0.4125817 0.1979166671875 0.4166666666666667 0.1979166671875 0.4321895416666666 0.2107843140625 0.44076797291666664 0.22579656875 0.44035947708333334 0.230085784375 0.4375
0 0.7579656859375 0.196895425 0.7640931375 0.20179738541666667 0.765318628125 0.20261437916666666 0.7702205875 0.20138888958333334 0.77573529375 0.20261437916666666 0.7794117640625 0.19975490208333332 0.791053921875 0.21037581666666666 0.8146446078125 0.2201797395833333 0.8186274515624999 0.21813725416666668 0.8219975484375001 0.2140522875 0.8259803921875 0.21282679791666667 0.8287377453125 0.21037581666666666 0.8296568625 0.19403594791666665 0.8287377453125 0.1891339875 0.8262867640625 0.18545751666666668 0.8272058828125 0.18218954166666668 0.8305759796875 0.18627451041666668 0.8345588234375001 0.18872548958333332 0.84375 0.18954248333333332 0.8483455875000001 0.18831699375 0.8507965687500001 0.18545751666666668 0.8507965687500001 0.18178104583333335 0.8541666671874999 0.16870915 0.8541666671874999 0.16503267916666667 0.8556985296875 0.16135620833333333 0.8560049015625 0.15645424791666668 0.8532475484375001 0.15032679791666667 0.8517156859374999 0.14011437916666666 0.8498774515624999 0.13684640625 0.8455882359375 0.13398692708333335 0.8422181375 0.12908496666666666 0.827818628125 0.12132352916666668 0.8170955875000001 0.12009803958333333 0.809436275 0.1233660125 0.80698529375 0.1360294125 0.8036151953124999 0.14174836666666665 0.7931985296875 0.1454248375 0.78125 0.1609477125 0.765931371875 0.16666666666666666 0.764399509375 0.16870915 0.7588848046875001 0.17034313750000002 0.7545955875 0.17483660208333335 0.7536764703125 0.178104575 0.7536764703125 0.18790849583333333 0.7545955875 0.19199346458333333 0.7579656859375 0.196895425
0 0.7052696078125 0.30841503333333337 0.708946078125 0.3108660125 0.7150735296875 0.3108660125 0.717524509375 0.30923202708333336 0.72732843125 0.3071895416666666 0.730085784375 0.3010620916666667 0.73835784375 0.2892156854166667 0.740196078125 0.2724673208333333 0.738664215625 0.2622549020833333 0.734375 0.2540849666666667 0.731617646875 0.2516339875 0.72732843125 0.25122548958333335 0.7233455875 0.25367647083333333 0.719056371875 0.2598039208333333 0.7153799015625 0.26960784375 0.7110906859375 0.27532679791666664 0.7022058828125 0.2810457520833333 0.69914215625 0.28880718958333335 0.6936274515624999 0.2949346395833333 0.69301470625 0.296977125 0.69454656875 0.303104575 0.7022058828125 0.30841503333333337 0.7052696078125 0.30841503333333337
0 0.690257353125 0.05351307291666666 0.6911764703125 0.06372548958333334 0.6954656859375 0.07271241875 0.700367646875 0.08864379166666667 0.7012867640625 0.09517973958333334 0.7006740203125 0.11274509791666666 0.7022058828125 0.12418300625 0.7022058828125 0.13684640625 0.7055759796875 0.14133986875 0.71323529375 0.14419934583333335 0.7291666671875 0.14419934583333335 0.733149509375 0.13970588333333334 0.7368259796875 0.12990196041666666 0.7392769609375 0.12622548958333332 0.740196078125 0.1233660125 0.73988970625 0.11356209166666667 0.730085784375 0.09517973958333334 0.7248774515624999 0.07761437916666666 0.7224264703125 0.07434640625000001 0.7181372546875 0.06331699375000001 0.7138480390625 0.04575163333333333 0.7123161765625 0.04411764791666666 0.7104779406249999 0.03717320208333333 0.70710784375 0.03063725416666667 0.702818628125 0.014705883333333334 0.7012867640625 0.014705883333333334 0.6994485296875 0.012254902083333333 0.6920955875 0.014297385416666667 0.6884191171875 0.01756536041666667 0.6853553921875 0.023692810416666665 0.684436275 0.030228758333333335 0.6859681375 0.033496731249999995 0.688725490625 0.05065359375 0.690257353125 0.05351307291666666
0 0.2012867640625 0.5151143791666667 0.2037377453125 0.5200163395833334 0.20465686249999998 0.5249183 0.20649509843749997 0.5265522875 0.2098651953125 0.5249183 0.2123161765625 0.5200163395833334 0.21966911718749998 0.5130718958333333 0.2254901953125 0.51184640625 0.23069852968750001 0.50857843125 0.23069852968750001 0.5073529416666667 0.23774509843749997 0.4983660125 0.2392769609375 0.49142156875 0.23835784375000002 0.4832516333333333 0.234068628125 0.4795751625 0.2276348046875 0.4824346395833333 0.227022059375 0.484477125 0.22426470625 0.4852941166666667 0.2205882359375 0.49305555624999997 0.2162990203125 0.49305555624999997 0.2098651953125 0.4885620916666667 0.2055759796875 0.4767156854166667 0.202818628125 0.47589869375 0.1994485296875 0.47222222291666666 0.1963848046875 0.47222222291666666 0.18933823593750002 0.4767156854166667 0.18443627499999998 0.4840686270833333 0.18351715625 0.48978758125 0.18443627499999998 0.4983660125 0.1920955875 0.5081699354166667 0.2012867640625 0.5151143791666667
0 0.2123161765625 0.4599673208333333 0.2138480390625 0.4599673208333333 0.21292892187499998 0.45955882291666666 0.2123161765625 0.4599673208333333
0 0.9463848046875001 0.2818627458333333 0.9494485296875 0.29125817083333333 0.952818628125 0.29411764791666667 0.9564950984375 0.29452614374999997 0.9623161765624999 0.2892156854166667 0.96476715625 0.28349673124999997 0.9662990203125 0.2761437916666667 0.9773284312499999 0.2565359479166667 0.9797794124999999 0.2483660125 0.9791666671874999 0.24346405208333335 0.9767156859374999 0.23774509791666668 0.9739583328125001 0.23570261458333333 0.9653799015625 0.23406862708333334 0.9506740203125 0.240604575 0.9485294124999999 0.24346405208333335 0.9473039218749999 0.24754901875 0.9497549015625 0.25612745 0.9460784312499999 0.2651143791666667 0.9454656859374999 0.27287581666666666 0.9463848046875001 0.2818627458333333
0 0.2791053921875 0.3733660125 0.2827818625 0.37009803958333337 0.29319852968750004 0.3451797395833333 0.29319852968750004 0.34068627500000004 0.28982843125 0.33700980416666665 0.287071078125 0.3357843145833333 0.2803308828125 0.33986928125000004 0.27236519531250003 0.34027777708333334 0.2705269609375 0.3435457520833333 0.2662377453125 0.34722222291666666 0.26194852968750004 0.35702614374999997 0.261335784375 0.37581699375 0.2637867640625 0.37867647083333333 0.2705269609375 0.37785947708333334 0.2791053921875 0.3733660125