0 0.229230021875 0.21155882083333333 0.22722852031250002 0.21596895833333332 0.22246820781249999 0.21068630416666664 0.2182548734375 0.21512400208333335 0.2193285953125 0.22324317291666668 0.2141028578125 0.24515455 0.21475530625 0.25288031666666666 0.22088429375000002 0.26572035208333333 0.22667662968750002 0.2732226104166667 0.2300891171875 0.27389766875 0.2339651890625 0.2724939479166667 0.2370833390625 0.26535904583333336 0.2383060703125 0.25226794375 0.24479501093749997 0.23990853541666668 0.24709207812499998 0.22656485416666666 0.2450077953125 0.21080410833333335 0.24100601875 0.20288088333333335 0.23327533906250003 0.20026636041666668 0.22927294687500002 0.20071488541666668 0.2275872453125 0.20751301458333332 0.229230021875 0.21155882083333333
0 0.21933535 0.13115391458333334 0.2241385875 0.12559263333333334 0.22673122031249998 0.1033154125 0.2206672375 0.06583772291666666 0.21795895937499998 0.058595287499999996 0.1752507984375 0.06863608958333334 0.17765088281250002 0.08678482500000001 0.1816943578125 0.10060761666666668 0.19045706093749998 0.10544174583333334 0.2017688578125 0.10721433958333333 0.205075875 0.10988398333333334 0.20659233124999998 0.11297459166666667 0.2057706359375 0.11513756458333332 0.20652855625000002 0.12086874375000001 0.21095160625 0.12918537708333333 0.21933535 0.13115391458333334
0 0.12413951406249998 0.17077036666666665 0.1215070234375 0.16203277291666665 0.11921118281250001 0.15863295 0.11668355 0.15627251874999998 0.1117122953125 0.15497903541666666 0.10385468281250002 0.15978106666666667 0.09403665 0.1832645520833333 0.098100971875 0.20003712708333332 0.10336656562499999 0.20914056875 0.105704103125 0.21843995625 0.12265984218749999 0.24055332916666666 0.1411105734375 0.27117928333333335 0.1518318546875 0.2824472083333333 0.1596894671875 0.2776451791666667 0.1624488921875 0.27896622083333333 0.164555253125 0.28093324583333334 0.16556581406249998 0.28857482083333336 0.1677776453125 0.2885472604166667 0.169947165625 0.2909918854166667 0.174434603125 0.28304261458333335 0.172940221875 0.2661582854166667 0.17098164531249999 0.2597244875 0.17207744375 0.25404993958333333 0.1700980171875 0.24466636041666667 0.166875625 0.23705234583333334 0.165991384375 0.23036597083333332 0.161041590625 0.22365052083333334 0.16276960468749999 0.21438020625 0.160768715625 0.21041859375 0.1576315578125 0.18948846041666664 0.1527032296875 0.17735104375 0.150849509375 0.17729441041666666 0.137747765625 0.16757103125 0.13254471875 0.16731693958333332 0.12413951406249998 0.17077036666666665
0 0.21012991093750003 0.13134835 0.20467483749999998 0.1208121125 0.2046754515625 0.11244036249999999 0.203285315625 0.11030494791666667 0.200041459375 0.10811290416666666 0.193405965625 0.10819558333333333 0.183990196875 0.10400743958333333 0.17598541406249998 0.10490448958333333 0.1710141609375 0.10361100833333332 0.166906296875 0.10605411875 0.162945603125 0.11240221041666666 0.15913207812500002 0.12265528125 0.16071108125 0.13459523958333333 0.15913085 0.13939878333333333 0.1584771734375 0.14841651875 0.16081348281250002 0.17445940833333334 0.1650672875 0.19266477499999998 0.163381584375 0.19946290416666665 0.16458101249999998 0.216909025 0.16940387031249998 0.23104102916666666 0.1716997109375 0.23444085 0.1758063453125 0.24874123958333336 0.1997360703125 0.25099445625 0.21125881093749999 0.24877787708333335 0.2144401203125 0.242120575 0.21481969531249998 0.23661441458333332 0.2170529890625 0.2311648854166667 0.2181911 0.22301815416666668 0.21781275312499998 0.2117808125 0.221583965625 0.20399992708333334 0.2206365640625 0.19683595208333332 0.2182775640625 0.19295853333333335 0.220805809375 0.18694721458333333 0.23138114999999998 0.1775666604166667 0.2301811078125 0.16849228958333334 0.2256525875 0.16217024583333334 0.221251 0.14843164791666666 0.21442663906249998 0.13870978333333334 0.2136264078125 0.1354507875 0.21012991093750003 0.13134835
0 0.6223584171875001 0.04034170625 0.621789975 0.03604332291666667 0.6211577609375001 0.03963908958333333 0.6223584171875001 0.04034170625
0 0.5752713328125 0 0.5752384984375001 0.005129666666666667 0.573531946875 0.0089780125 0.57542675 0.0233059625 0.5732774640625 0.032182870833333335 0.5687483296875 0.03423257708333333 0.563650140625 0.04035565 0.5476608109375001 0.05347128541666667 0.5403299406250001 0.05667213333333333 0.537928015625 0.06363864999999999 0.542793184375 0.07529846875 0.5486897640625 0.09754964375000001 0.5561880390625 0.10957530833333333 0.5604835390625 0.13368024375 0.5663390359375 0.14166010208333332 0.5688666687499999 0.14402053333333334 0.5710784999999999 0.14399297291666666 0.57331118125 0.14691519583333335 0.5815477546875 0.14497875625 0.5829593531249999 0.14169220208333336 0.5850448640625 0.14070944375 0.591407484375 0.1273948375 0.5930717234375 0.12601867708333334 0.5923138015625 0.12028749583333333 0.5940626640625 0.11396696458333334 0.5981705265625 0.11152385416666667 0.6010991953125 0.10295615625 0.5988266609374999 0.06901911458333333 0.602998296875 0.05868185208333333 0.6091916703125 0.055255983333333335 0.6060741359375 0.05401913333333333 0.6043044234375 0.05738988125 0.603209240625 0.054692677083333335 0.6009974078125 0.0547202375 0.5929300796875 0.046767939583333334 0.593752390625 0.03623321458333333 0.595943371875 0.033255872916666665 0.5946587078125 0.029125875000000002 0.5987457203125001 0.023732979166666668 0.5956704984375001 0.020023945833333334 0.59478625625 0.01333756875 0.59750398125 0.00875904375 0.6014432125 0.007832920833333333 0.6037182046875 0.008282960416666667 0.6055927734375001 0.011289377083333333 0.609637475 0.008368666666666667 0.6176883703125 0.010612437499999999 0.6175367875 0.009466202083333335 0.6191378656250001 0.0076124416666666665 0.61905385625 0.0041850604166666664 0.6183987296875 0 0.5752713328125 0
0 0 0.18787111875 0.0045099015625 0.18756931458333334 0.009523467187499999 0.1863906125 0.011356337499999999 0.18349746041666667 0.0110405375 0.18110947083333334 0.0147277421875 0.16990120208333334 0.016709010937499998 0.15416953125 0.0227558296875 0.13846693333333335 0.025241764062499998 0.13492779583333334 0.029561184375 0.1201237625 0.028192509375 0.11256638125 0.0246960125 0.10846394375 0.0248859265625 0.10398726666666666 0 0.10983801458333334 0 0.18787111875
0 0.8997234453124999 0.01846783125 0.8914445609375001 0.02287645625 0.8839444453124999 0.03596604375 0.8779184750000001 0.054618425 0.8925145984375 0.08122613125 0.9008345671875 0.09108882291666666 0.89992825 0.09819616458333333 0.9011914515624999 0.10774813124999999 0.9074896828125001 0.11069942916666667 0.91608436875 0.10867879583333333 0.9233514640625 0.11337209791666666 0.9255632953124999 0.11334453958333333 0.9320307734375 0.10640709583333334 0.94001470625 0.10256026041666666 0.9387521187500001 0.08463654375 0.9374883031250001 0.08345632916666666 0.9362882609375 0.07438195833333333 0.925378728125 0.0449377375 0.9138780625 0.033360597916666665 0.9119409484375 0.02150483333333333 0.9076650671875001 0.01709318125 0.8997234453124999 0.01846783125
0 0.5097344374999999 0 0.510631184375 0.016379435416666668 0.5119158500000001 0.020509433333333334 0.5155386656250001 0.025567070833333334 0.5197936984375 0.027028937500000003 0.527672159375 0.025176689583333335 0.5334227984375 0.02677938541666667 0.5330855359375 0.0298133625 0.5287881921875 0.030823679166666666 0.5294621046875 0.033127474999999997 0.5317162484375 0.030627733333333334 0.5337594484375 0.03211715833333333 0.534138409375 0.03498275 0.5294823390625 0.04444901041666667 0.5328942140625 0.05349581875 0.5364330203125001 0.05512607291666667 0.5545704078125 0.04987703125 0.5640922609375 0.043698837500000004 0.5717395453125 0.03451423125 0.571740159375 0.026142479166666666 0.5735098703125 0.022771729166666664 0.5741003874999999 0.013276397916666667 0.572899190625 0 0.5097344374999999 0
0 0.8564084546874999 0.09020722916666667 0.8545749718750001 0.10147212916666667 0.8524048375 0.10739925416666667 0.845052503125 0.11602207083333332 0.8445889203125001 0.11810085208333333 0.848568621875 0.13981779583333334 0.8533712453125 0.14262826458333333 0.8638196499999999 0.1406642645833333 0.8732783421875 0.134008475 0.8787769546875 0.125329025 0.8862353734375 0.10633987083333334 0.8900274359375 0.10150876875 0.8891431937500001 0.09482239166666666 0.8829718968750001 0.08445454166666666 0.87932761875 0.08481887291666666 0.869848690625 0.08015312916666667 0.8603059890625 0.08338153958333333 0.8564084546874999 0.09020722916666667
0 0.5187175203125001 0.052396768749999996 0.5119342421875 0.05694622083333333 0.504791625 0.07832336666666667 0.4924674234375 0.09402445208333333 0.48899116249999997 0.10124354583333334 0.4838298109375 0.10688902083333333 0.48281740781250004 0.1243627 0.48427009062500004 0.1353474625 0.48959884374999996 0.1449285 0.4937686390625 0.15970648958333333 0.49755885781250003 0.1799906375 0.499075315625 0.18308124791666666 0.506531890625 0.18920734583333332 0.5072689625 0.19198874166666666 0.511966115625 0.1967938 0.5180748671875001 0.1983123 0.52917695 0.18733056458333333 0.5319786859375 0.18617942083333333 0.5336852359375001 0.182331075 0.5371400359375 0.18053394791666666 0.537182346875 0.1780617645833333 0.54034219375 0.17682642708333332 0.540616296875 0.17331485208333333 0.543565815625 0.16769693958333332 0.5423443109375 0.1640445375 0.53697263125 0.16530743333333334 0.5323809500000001 0.15850779166666668 0.532360103125 0.15555800833333333 0.536278484375 0.1516821 0.5344247640625001 0.15162546875 0.533181796875 0.1533950375 0.5301697328125 0.1501636 0.5294118109375 0.14443242083333332 0.5366586718749999 0.13780419166666666 0.54095663125 0.1284221229166667 0.5492569781250001 0.11859152916666667 0.5493630640625 0.10822519375 0.5462890671875 0.08777265833333334 0.5414662078125 0.07364065416666667 0.5351262796875 0.06478979375 0.530555446875 0.060939933333333335 0.5277120156249999 0.056191510416666667 0.5187175203125001 0.052396768749999996
0 0.7420963875 0 0.7318572671875 0.0027795 0.7285919484375001 0.006009422916666667 0.727917421875 0.012077375 0.730064865625 0.028315716666666668 0.7351618265625001 0.03893614583333334 0.7421554328125 0.03876927291666667 0.7441986328125 0.040258702083333334 0.752203415625 0.039361650000000005 0.7568797203125001 0.041216924999999995 0.7781978031250001 0.03768232916666667 0.7867078656250001 0.04060606458333334 0.7983992390625 0.03687249583333333 0.8104064125000001 0.03552692083333333 0.8135871078125 0.037241368749999997 0.8230243375 0.036007545833333335 0.827700640625 0.03786282083333334 0.83260935 0.030306952083333335 0.8335996765625 0.026626991666666665 0.8299989374999999 0.0077756375 0.8279383859375 0 0.7420963875 0
0 0.9190510515625 0.15624116875 0.9231374515624999 0.15922002291666668 0.935397265625 0.15978484166666668 0.93942050625 0.16228609791666668 0.9477410890625 0.1637770395833333 0.9541871015625001 0.16226156458333335 0.9568625171875 0.160155225 0.9618343859375 0.15307695833333332 0.9551157296874999 0.10227243541666667 0.9497045765625 0.10323683125000001 0.94001470625 0.10256026041666666 0.9309141249999999 0.10913185833333333 0.9272060734375 0.11739034375 0.9264683859374999 0.12298069791666667 0.9222127406249999 0.12989057916666666 0.9194741656250001 0.13151932291666665 0.916714128125 0.13857003125 0.916797521875 0.15036916250000001 0.9190510515625 0.15624116875
0 0.045806171875 0.6422383854166667 0.044942776562499995 0.6385017895833334 0.0389818109375 0.63251651875 0.0412151046875 0.6270669916666667 0.0476194203125 0.61965195 0.0450292421875 0.60844216875 0.0417222265625 0.605772525 0.039236906249999995 0.6009399083333334 0.038437285937499996 0.5893091625 0.0333611734375 0.5816385166666667 0.025735967187499997 0.57702940625 0.0217967359375 0.57795553125 0.0202588171875 0.5802868875 0.01545680625 0.56910466875 0.010106590625 0.5649455958333333 0.0011976546875 0.5673820875000001 0.024586190625 0.7442394020833334 0.025239256249999998 0.7435934166666667 0.029158251562499998 0.7313457604166668 0.03105428125 0.7289302083333333 0.03210776875 0.7257278479166666 0.0321083828125 0.7173560958333333 0.0342785171875 0.7114289708333333 0.0346580921875 0.7059228083333333 0.0452352734375 0.6714270020833334 0.0465843265625 0.6592910958333333 0.045806171875 0.6422383854166667
0 0.2062029328125 0.25242876666666664 0.20116851875 0.2506576833333333 0.194364390625 0.25225735208333333 0.1873701703125 0.26079597708333335 0.1873487078125 0.26621794374999996 0.1928669421875 0.2772317791666667 0.19484636718749998 0.2866153604166667 0.19406636875 0.29467789791666665 0.186439934375 0.30681228958333334 0.1869452140625 0.31063307500000004 0.20851409687500003 0.334124125 0.21761406249999998 0.3359242791666667 0.2249240828125 0.32977364791666663 0.22770497031249998 0.32567272291666666 0.23724889999999998 0.3057008104166667 0.2383446984375 0.3000262645833333 0.2366179125 0.29255307708333333 0.2267814875 0.279599775 0.22292749375 0.26720977916666666 0.21608228281250003 0.25453813125 0.21283842812499998 0.25234608541666664 0.2062029328125 0.25242876666666664
0 0.0627171953125 0.12513232916666667 0.0660444453125 0.13912350833333334 0.0620420546875 0.13957203125 0.0601674859375 0.13656561875 0.057892493749999996 0.13611557916666667 0.052289023437500005 0.13841786458333333 0.0499294078125 0.14291219583333334 0.050055115625 0.15223914375 0.047632340625000005 0.15625587708333333 0.0448306046875 0.15740701875 0.0432718375 0.15678859375 0.0413776484375 0.13408889375 0.0366173359375 0.1288062375 0.0308035375 0.12672594791666666 0.025241764062499998 0.13492779583333334 0.023197950000000002 0.14181012083333336 0.0197008390625 0.14607943333333334 0.016582690625 0.15321433541666665 0.016265660937500002 0.16756984375 0.0114194984375 0.18397506041666667 0.01186161875 0.18731824791666665 0.01832786875 0.19712430625000002 0.0216134203125 0.20521591875 0.025046757812499997 0.20884075833333335 0.033704603124999996 0.20729772500000002 0.036253696875000005 0.2042361875 0.0385924640625 0.19679207499999998 0.038529918749999996 0.187942725 0.0409526921875 0.18392599166666665 0.044133387499999996 0.18564043958333334 0.04425909375 0.1949673875 0.0463231421875 0.19940659791666665 0.0445111203125 0.20524953124999998 0.0470381390625 0.21598171458333332 0.051293170312500004 0.21744358125 0.054453018750000005 0.2162082458333333 0.0597406875 0.21151796875 0.06269020625 0.20590005625 0.0708427703125 0.2005362333333333 0.072885971875 0.2020256625 0.0734544125 0.20632404583333336 0.0701676296875 0.21497593541666668 0.070904703125 0.21775733125 0.07288474218749999 0.2187691625 0.07644501249999999 0.21497744791666668 0.0849973875 0.21542899999999998 0.087125209375 0.2119740604166667 0.0857994625 0.19357274375 0.086747478125 0.19236496666666666 0.086621771875 0.18303802083333334 0.0845577234375 0.17859880833333333 0.0807239640625 0.17753034583333335 0.07855444218749999 0.17508572291666666 0.078828546875 0.17157414791666667 0.0819466953125 0.16443924583333333 0.08582276718750001 0.16303552291666668 0.08887775625 0.15542302291666665 0.0895522828125 0.14935507083333333 0.0883099296875 0.1427528875 0.084623953125 0.13721765416666667 0.0827285359375 0.13126145625 0.0732079109375 0.12069614375 0.06490817812500001 0.12215498541666667 0.0627171953125 0.12513232916666667
0 0.1268651953125 0.3449483916666667 0.1116767125 0.35295127291666667 0.107842953125 0.35188280833333335 0.1028925453125 0.35353911041666664 0.10428268125 0.3556745229166667 0.10535640312500001 0.36379369375 0.10377617187499999 0.3685972375 0.100911278125 0.36927078125 0.1005740140625 0.3723047583333334 0.103944190625 0.375452 0.1078828078125 0.38289762708333336 0.11456 0.38871451458333334 0.12427071875 0.3923408666666666 0.1333081390625 0.3852916708333333 0.1375423234375 0.38380375625 0.14175565625 0.3793660583333333 0.1442624390625 0.3787767083333333 0.1545851390625 0.36748575833333336 0.1626322328125 0.364116525 0.1674146203125 0.35560546041666663 0.16659353906250002 0.34939668125 0.1672895296875 0.3379067625 0.1644681734375 0.31936461875 0.1518931734375 0.30804006041666665 0.128005146875 0.31168640833333333 0.1264672265625 0.3140177666666667 0.1290144796875 0.3360714833333333 0.1268651953125 0.3449483916666667
0 0.81024941875 0.16556995416666667 0.794681975 0.17070724375 0.792701321875 0.17806716458333333 0.7930379703125 0.18340493958333332 0.7881703453125 0.20523212291666668 0.7893072265625001 0.21382889375 0.79255046875 0.22439268958333333 0.7982796453125001 0.23141735208333333 0.803967125 0.23254244583333333 0.8264018546875 0.2262830875 0.8280029328125 0.22442932708333335 0.8283193484375 0.21844556874999999 0.8305526421874999 0.21299603958333335 0.8348714484374999 0.20656375625 0.8355668234375001 0.2034455875 0.8339455093750001 0.1939778125 0.8324713640624999 0.18841502083333334 0.826320915625 0.18099695208333333 0.8216243765625 0.16782014583333332 0.8182542015625 0.16467290416666666 0.81024941875 0.16556995416666667
0 0.461738484375 0.026396895833333333 0.4609591 0.026087683333333334 0.459947925 0.0268178625 0.461738484375 0.026396895833333333
0 0.45836830937500006 0.023249654166666668 0.4572939734375 0.023502233333333334 0.457672934375 0.026367825 0.45836830937500006 0.023249654166666668
0 0.45855840312499996 0.016310697916666665 0.4607279234375 0.018755322916666664 0.4610443375 0.012771564583333334 0.4597173609375 0.01111375 0.45855840312499996 0.016310697916666665
0 0.337410490625 0.055134287500000004 0.3384443578125 0.032238641666666665 0.3393292125 0.030553268749999998 0.33926605312499997 0.03007566875 0.293129303125 0.040922541666666666 0.29669181875 0.05436595833333333 0.30122034062499997 0.06068800416666666 0.30482169375 0.07116760625 0.315480428125 0.07358618541666666 0.321251915625 0.0781386625 0.327781940625 0.08005056875 0.3395996328125 0.07727219791666666 0.344697821875 0.07114912708333333 0.3398111890625 0.064911275 0.337410490625 0.055134287500000004
0 0.43936323125000004 0.08336435833333335 0.43628800625 0.079655325 0.43458207031249996 0.07513192083333334 0.4302007171875 0.07271485625 0.4245340875 0.07453954166666667 0.42270121562499996 0.07743269375 0.420973203125 0.08670300833333333 0.4172228390625 0.09743367708333334 0.411323803125 0.10866950416666667 0.40793216406250005 0.11094423125 0.40106487812499997 0.1120663 0.3939443375 0.11964972708333334 0.3850546984375 0.12223215208333334 0.3797670296875 0.12692242916666668 0.3791556625 0.13346797916666667 0.3802925453125 0.14206475 0.3794493859375 0.14964968958333333 0.3846505921875 0.17501903541666666 0.388968784375 0.1769585 0.3950358359375 0.17257743541666667 0.402619346875 0.17128698125000003 0.405505090625 0.17356321875 0.41226690625 0.17443573333333334 0.4175325 0.183539175 0.4222296515625 0.18834423333333333 0.42804345 0.190424525 0.4344263046875 0.18843145208333334 0.44131566875 0.17351566458333334 0.441800715625 0.16601491666666668 0.44333863281249997 0.16368355625 0.4456357015625 0.15033987708333332 0.446205371875 0.13789476041666668 0.4485649859375 0.13340043125 0.4584241015625 0.1241882625 0.459435890625 0.11508633333333333 0.4567831671875 0.09502720416666667 0.45400289374999997 0.09075637916666666 0.4534976125 0.08693559166666667 0.4491162609375 0.08451852708333334 0.4447557578125 0.08505124583333333 0.43936323125000004 0.08336435833333335
0 0.7013656187499999 0.14635610624999998 0.7002704359374999 0.14365890208333332 0.698164075 0.14169187708333333 0.695045925 0.14882677916666667 0.6954880453125 0.15216996666666666 0.699364115625 0.15076624375 0.7013656187499999 0.14635610624999998
0 0.641567684375 0.06832708958333332 0.6264006625 0.070908 0.619491065625 0.07450225416666667 0.6173632437500001 0.07795719583333334 0.6211534640624999 0.09824134583333333 0.6194469125000001 0.10208968958333334 0.6142855640625 0.10773516458333333 0.61377966875 0.11228612916666666 0.6154856046875 0.11680953333333334 0.6200564375 0.12065939166666667 0.6328853062500001 0.11715084583333332 0.64158485 0.12150737708333333 0.644955025 0.12465461666666666 0.64716624375 0.13299880833333333 0.6523686765625001 0.14162465208333333 0.652810796875 0.14496783958333334 0.6574662515624999 0.14387332916666665 0.6643764625 0.131907325 0.6677049421875 0.129155 0.672338934375 0.13348245833333333 0.681059940625 0.13241702291666665 0.682745028125 0.13399064166666666 0.6848299265625 0.14137963750000002 0.6871049171875 0.141829675 0.687189540625 0.13688530625 0.6888329296875 0.13255936041666666 0.6883276484375 0.128738575 0.6847888421875 0.12710832083333334 0.6844730421875 0.12472032916666667 0.6802811703125 0.12373606041666667 0.6740050156249999 0.10699104583333334 0.6706348390625 0.10384380208333334 0.6689289015625 0.09932039791666666 0.66098789375 0.09232329583333333 0.655659140625 0.08274225833333333 0.641567684375 0.06832708958333332
0 0.699394175 0.028139764583333334 0.700973790625 0.03170797291666667 0.705102503125 0.03221464375 0.7056709437500001 0.03651303125 0.701310440625 0.03704574791666667 0.7026374171875001 0.0387035625 0.703521659375 0.04538993958333334 0.6999613890624999 0.04918165208333333 0.697664934375 0.05415358125 0.6852573375000001 0.058055537500000004 0.6832772968749999 0.05704370416666667 0.680960609375 0.05069410208333334 0.6714602171874999 0.051450325 0.6623804859375 0.06097170625 0.6530064171875 0.06268312708333333 0.6523110421875 0.06580129791666667 0.658272009375 0.07178656874999999 0.6629476984375 0.08201359166666666 0.6729950671875 0.09097772291666667 0.679356459375 0.09440661666666667 0.6846643625 0.10103787291666667 0.6864549234374999 0.10061690625 0.6895730734375001 0.09348200625 0.68614035 0.08148541249999999 0.6871098296875 0.07485566874999999 0.6862041249999999 0.07359126041666667 0.687678884375 0.07078230416666667 0.69766370625 0.07089708333333333 0.7044261359374999 0.06339785 0.70794409375 0.06207832083333333 0.7133997812499999 0.06424280624999999 0.71550736875 0.04946632916666667 0.7140129890625 0.032582004166666664 0.7148346859375 0.03041903125 0.7126866281249999 0.0225524375 0.7048934015625 0.011088564583333333 0.69522438125 0.013361777083333333 0.6939391015624999 0.017603531250000002 0.6946970218749999 0.023334710416666668 0.699394175 0.028139764583333334
0 0.6311211203125 0.045175837499999996 0.6354393109375 0.04711530208333334 0.6405577375 0.05231376458333334 0.6444969687500001 0.05138763958333334 0.645908565625 0.04810108541666667 0.6481430890625 0.02590805625 0.647953609375 0.024475260416666665 0.6448360734375 0.023238412500000003 0.6365994984375 0.02517485208333333 0.631838571875 0.02826395 0.6280673593749999 0.03604483541666667 0.628888440625 0.0422536125 0.6311211203125 0.045175837499999996
0 0.36900343750000003 0.1181266875 0.37363742968749997 0.12245414583333333 0.3770499171875 0.12312920208333332 0.3867189375 0.12085598958333334 0.394344759375 0.11709335 0.40098086874999994 0.10863891875000001 0.4099128171875 0.10358430833333333 0.412209271875 0.09861238124999999 0.41157767031250003 0.09383639791666668 0.4074495734375 0.084957975 0.40566024062499995 0.06863543958333333 0.40599750468750007 0.0656014625 0.41002135937500006 0.059730968749999995 0.416111103125 0.03318443333333333 0.41554266249999994 0.02888605 0.41727067656249994 0.019615735416666665 0.4172150796875 0.011749647916666666 0.33879942343749997 0.030185375 0.3384443578125 0.032238641666666665 0.33894963749999996 0.03605942708333333 0.33696837031250004 0.0517911 0.3381684125 0.06086546875 0.34547720625 0.0714583375 0.35225986875 0.0752806375 0.3571465015625 0.08151848958333334 0.35971521875 0.09815023541666666 0.3627689796875 0.1072812375 0.36900343750000003 0.1181266875
0 0.9242412312500001 0.044712718750000005 0.9284116390625 0.05111895416666667 0.929759465625 0.05572655416666667 0.9342248265625 0.06157099791666667 0.9508458718749999 0.06998501041666666 0.9437731234375001 0.016502939583333334 0.9404635812500001 0.013814191666666666 0.937009396875 0.00723956875 0.9335969078125 0.006564510416666666 0.93094295625 0.0032488833333333333 0.926624765625 0.0013094166666666666 0.92036823125 0.004257687499999999 0.9172077703125 0.013864770833333335 0.918091396875 0.028922899999999998 0.9209979890625 0.03414892291666667 0.9242412312500001 0.044712718750000005
0 0.083436778125 0.23992582708333332 0.080551034375 0.23764958958333335 0.0794773125 0.22953041666666665 0.0800463671875 0.22545705208333333 0.0743380390625 0.22138217291666665 0.0675339140625 0.22298184166666665 0.061235067187500006 0.22840229583333332 0.054198534374999996 0.23941310416666667 0.0478996890625 0.2448335583333333 0.0464880921875 0.24812011458333333 0.0452236609375 0.25531165 0.045706865624999996 0.2729261541666667 0.044379275 0.2796400916666667 0.046442709375 0.29245105208333333 0.0465261046875 0.30425018541666665 0.0494958578125 0.3099538041666667 0.056552009375000004 0.31863628125 0.0596695453125 0.31987313125 0.06809498593749999 0.3277412354166667 0.0750665171875 0.34136808125 0.07970050937499999 0.3456955395833334 0.081343284375 0.34974134583333333 0.0832601640625 0.350275575 0.085092421875 0.3557541770833333 0.0872619421875 0.3581988020833334 0.0910116921875 0.35583988333333333 0.0942353125 0.34671039374999996 0.09781643281249999 0.3458684645833333 0.10082849687499999 0.34909989999999996 0.10674776718750001 0.34918560625 0.10992846249999999 0.35090005208333336 0.1211985640625 0.34677307916666666 0.1276660421875 0.33983563541666667 0.128045615625 0.3343294770833333 0.1244454890625 0.3071063708333333 0.12090729687499999 0.2971043666666667 0.11458821718750001 0.2912032875 0.10991191250000001 0.2893480145833333 0.120465790625 0.28538942708333337 0.1275231703125 0.27732840208333337 0.1308945734375 0.26373214166666664 0.1286833578125 0.25538795208333337 0.12048970781249999 0.24648045625 0.1189100921875 0.24291225 0.104123259375 0.23161524791666668 0.09430707031249999 0.22998348333333332 0.083436778125 0.23992582708333332
0 0.3755168828125 0.34607586458333334 0.364584659375 0.33879711041666666 0.36083490937499996 0.3411560291666667 0.359423309375 0.34444258333333333 0.3601180703125 0.3496961666666667 0.35908481875 0.36422006041666666 0.35520813281249997 0.3739955333333333 0.3599684453125 0.3792781875 0.36529781250000004 0.3804874791666667 0.3819395921875 0.37509760833333333 0.39801231718749996 0.37378110625 0.40414253125000005 0.3698776375 0.40519601875 0.3666752770833333 0.40433262656249996 0.36293868333333335 0.398477128125 0.354958825 0.389777584375 0.35060229374999996 0.3883874484375 0.34846688125 0.38288945 0.34877458125 0.3755168828125 0.34607586458333334
0 0.49497543437499997 0.07669159791666667 0.49331119531249995 0.0780677625 0.49375331562499997 0.08141095 0.49474364218750005 0.07773098958333334 0.497903490625 0.07649565416666666 0.49497543437499997 0.07669159791666667
0 0.49434567500000004 0.0468003625 0.49740005 0.04755961458333333 0.5054471453125 0.04419037916666667 0.5101866078125 0.04652325 0.5103135437499999 0.03910669791666667 0.508418125 0.033150495833333335 0.5002238625000001 0.03261475416666667 0.4946835515625 0.035394637500000006 0.4952519921875 0.039693020833333335 0.4936717640625 0.04449656666666667 0.49434567500000004 0.0468003625
0 0.45405011718750005 0.0213101875 0.454934359375 0.027996564583333335 0.457588309375 0.03131219375 0.4579041109375 0.03370018541666667 0.456724303125 0.03594735 0.44842457031249994 0.03740619166666667 0.44345331562499996 0.036112710416666666 0.44248445 0.03437070416666667 0.435912115625 0.03493098125 0.431888875 0.032429725 0.42483210937500004 0.03211899791666666 0.4222198546875 0.034702937499999996 0.41649006406250005 0.036050025 0.41623680937499996 0.04251138333333333 0.4145302578125 0.04635972916666666 0.4148877578125 0.0546472875 0.4133075265625 0.05945082916666666 0.422764990625 0.06953854166666668 0.43348688593749996 0.07243471666666666 0.439279221875 0.07993697708333333 0.44395552499999996 0.08179225 0.45130724375 0.08154118333333332 0.46078617031249997 0.08620692708333334 0.47325754218749994 0.07441082291666666 0.47224698125 0.06676924791666666 0.4731532984375 0.05966190625 0.4769036625 0.04893123541666666 0.48107468593749997 0.046965725 0.48271746249999997 0.051011529166666666 0.4775138015625 0.0591291875 0.47782898906250004 0.06988893125 0.47934544375000004 0.07297954166666668 0.48604409843749996 0.07337445625 0.48930880312499997 0.0785162875 0.4918155875 0.07792693541666668 0.4876028671875 0.07399288333333334 0.48926710625 0.07261671875 0.488530034375 0.06983532291666666 0.4907841765625 0.06733557916666667 0.48966814375 0.06168859166666667 0.4930812453125 0.05399189791666667 0.49295553906249995 0.044664952083333334 0.489353571875 0.04255709791666666 0.4860250921875 0.04530942291666666 0.48273892656250006 0.0455895625 0.47894747656250003 0.04204891458333333 0.47134311875 0.0403895875 0.470227084375 0.0347426 0.479306203125 0.03359297083333333 0.48185529687499995 0.030531435416666666 0.48389911249999995 0.023649110416666667 0.4837317078125 0.0084226 0.482152090625 0.004854391666666667 0.47610650000000004 0.0038134874999999997 0.46673243124999997 0.0055249104166666665 0.45780048281249996 0.01057951875 0.45405011718750005 0.0213101875
0 0.6521382953125 0 0.653179346875 0.0025638833333333335 0.6564863625 0.005233527083333333 0.6572442828125 0.010964708333333333 0.6483736515625 0.04161216875 0.6509846796875001 0.05577173125 0.6532173593749999 0.05869395625 0.6578936640624999 0.06054922916666667 0.662612278125 0.059932316666666666 0.6666361328125 0.054061825 0.6784544375 0.04291170416666667 0.68898808125 0.02763158125 0.6916432609375 0.014203708333333334 0.6931180203125 0.01139475 0.7000699296875 0.0053283125 0.7013552078124999 0.0010865604166666668 0.7012347359375 0 0.6521382953125 0
0 0.8983657984375 0.14780824583333332 0.8938998234375 0.15033554999999998 0.8928463359375 0.1535379125 0.89360364375 0.16764084375000002 0.8964249984375 0.18618298541666667 0.9013116312499999 0.1924208375 0.9171304875 0.20593743958333333 0.9206061343749999 0.20709009791666666 0.925261590625 0.2059955875 0.92823195625 0.20332745624999998 0.935247640625 0.18936686458333335 0.939882246875 0.18532257083333334 0.9374183890625 0.1750679875 0.93118393125 0.16422253958333333 0.91924053125 0.15767396250000001 0.9138694671875 0.15056510833333334 0.9124584812500001 0.1454799125 0.8983657984375 0.14780824583333332
0 0.2340283484375 0.27297154375 0.23472310937500002 0.2782251270833333 0.23659767812500002 0.28123154375 0.24390708593750002 0.2834526625 0.247298725 0.2811779375 0.2515752171875 0.27721783541666667 0.260971365625 0.26171269583333334 0.26282569843750003 0.25339757916666666 0.25945675 0.23350683541666667 0.24763905625 0.23628520625 0.2386433328125 0.24923396875 0.2353142421875 0.26035804375 0.2353767875 0.2692073916666667 0.2340283484375 0.27297154375
0 0.06889276250000001 0.3644872333333333 0.0628680203125 0.3663961145833333 0.044435067187499996 0.3805787 0.035691984375 0.39543785416666666 0.0321317140625 0.39922956666666665 0.02960346875 0.40524088541666664 0.03010875 0.4090616729166667 0.0343846296875 0.41347332291666666 0.0401346546875 0.42344776875 0.0418614390625 0.43092095625 0.0476323140625 0.44384518333333334 0.0674731828125 0.4766065479166667 0.07425461875 0.49717235 0.0778553578125 0.5160237041666667 0.083395053125 0.5216155708333333 0.0888936671875 0.5129361208333333 0.09260110625 0.5130493875000001 0.09753005000000001 0.5168150541666666 0.10279625781249999 0.51754674375 0.1081679359375 0.5162838479166667 0.1093900546875 0.5115644979166667 0.10785275000000001 0.50552410625 0.10549374843749999 0.5016466875 0.1032408328125 0.48740292916666667 0.102673621875 0.46636104166666664 0.0997044828125 0.4522856729166667 0.0941654 0.4383220541666667 0.095577 0.43503549999999996 0.10040108437499999 0.43242400208333337 0.1044880984375 0.42703110625 0.1065110640625 0.4171990020833333 0.1052478609375 0.4076470354166667 0.10366824687500001 0.40407882708333337 0.09812854843749999 0.39848695833333336 0.0960645 0.3940477479166667 0.0956653046875 0.379860625 0.0941071515625 0.37087045 0.089473159375 0.3665429916666667 0.084017471875 0.36437850624999996 0.0791725359375 0.36404022291666666 0.07350590625 0.36586490833333335 0.06889276250000001 0.3644872333333333
0 0.1643191625 0.34057489375000005 0.1636660984375 0.3412208770833333 0.1649507640625 0.3453508770833333 0.1643191625 0.34057489375000005
0 0.731052121875 0.06649451041666667 0.7352433796875 0.07585053124999999 0.7363164875 0.09234145416666667 0.7421928328125 0.10327109375 0.74252886875 0.11698061875 0.74320278125 0.11928441875 0.7456040921875 0.12068965416666666 0.7509757718750001 0.11942675833333333 0.7587696109375 0.12251888125 0.763425065625 0.12142437083333334 0.7669853359375 0.11763265625000001 0.7681240593750001 0.101114175 0.7661654812500001 0.09468037708333334 0.7631337968749999 0.07175565625 0.7638506359375 0.06321551875 0.7622084734375 0.050797964583333334 0.7540779828125 0.04236806666666667 0.74253439375 0.0416348625 0.736930925 0.04393715 0.7303156640624999 0.0553413625 0.731052121875 0.06649451041666667
0 0.2571014328125 0.17939891041666664 0.258554115625 0.19038367291666666 0.2575006296875 0.19358603541666666 0.252950646875 0.19268595833333332 0.2519603171875 0.19636592083333332 0.24321785 0.20285332291666666 0.2523589 0.21892479374999999 0.2578354359375 0.2240390625 0.265903378125 0.22361960833333333 0.271738640625 0.22027793541666665 0.2781644203125 0.20744092500000003 0.2769018328125 0.18951720833333333 0.27759720625 0.18639903958333334 0.27595504375 0.17398148333333333 0.27450174843749997 0.17136847291666665 0.271974115625 0.16900803958333332 0.2678454046875 0.16850136875 0.2624737265625 0.16976426458333332 0.260514534375 0.17170221666666666 0.2571014328125 0.17939891041666664
0 0.3276090109375 0.1401698125 0.322299878125 0.15028205625 0.316464615625 0.15362373125 0.3149690078125 0.15348290625 0.31025100625 0.14572806666666666 0.30820780625 0.14423863958333336 0.30378414375 0.14429376041666667 0.3005194390625 0.13915192916666666 0.296222096875 0.14016224583333334 0.291419471875 0.13735177708333335 0.28366732968749997 0.14015922083333335 0.280823284375 0.14378254791666667 0.2780840953125 0.15378304166666668 0.2781024875 0.19021982708333332 0.28094530624999997 0.20334 0.285642459375 0.20814505625 0.290676875 0.20991613541666665 0.2992911796875 0.22758878749999997 0.30337758125000003 0.23056764375000002 0.309906990625 0.24085130208333333 0.3122451421875 0.24177893749999999 0.322209115625 0.23894393333333333 0.3290978640625 0.23239989583333334 0.3330585578125 0.22605180625000001 0.33674514843750003 0.22321528958333334 0.3449817234375 0.22127884791666666 0.34795208906249997 0.21861071666666668 0.351723303125 0.21082983125 0.3517239171875 0.20245807916666667 0.3550738578125 0.1942837875 0.3563597515625 0.18167028541666666 0.3554331984375 0.17745609166666665 0.34641908125 0.15396807083333333 0.3408162265625 0.14789860416666667 0.3384363765625 0.14107140208333335 0.333486584375 0.13435595208333334 0.3276090109375 0.1401698125
0 0.30303295 0.3340626291666667 0.30120069374999997 0.3285840291666667 0.2979568375 0.32639198124999996 0.28851960781249997 0.32762580625000004 0.285549240625 0.33029393749999997 0.283842690625 0.33414228333333335 0.28325217187499996 0.34363761666666665 0.2844730625 0.35566176875 0.28737965625 0.3608877895833333 0.2965844796875 0.36906510625 0.2976796640625 0.3717623104166667 0.3024822875 0.37457278125000004 0.3114767828125 0.37836751875 0.320850853125 0.3766561 0.32352626875 0.37454976041666665 0.3235900421875 0.3666556083333333 0.325444375 0.3583404895833333 0.323423253125 0.34305734375 0.3215909953125 0.3375787416666666 0.3201376984375 0.33496573124999995 0.3137763078125 0.3315368375 0.3074566125 0.3340075083333333 0.30556058125 0.33642306041666664 0.30303295 0.3340626291666667
0 0.27446066406249997 0.15709715416666667 0.27802155 0.14493369166666667 0.27821164375 0.13799473541666665 0.27998135468749996 0.1346239875 0.283436153125 0.13282685833333333 0.295866440625 0.10675943541666667 0.307600125 0.10055368333333334 0.3079797 0.09504752500000001 0.3045469765625 0.08305093333333334 0.3019782609375 0.06641918333333334 0.295617484375 0.0546185375 0.2904259078125 0.041558116666666665 0.21784053593750002 0.05862312916666667 0.2179924359375 0.05957231041666667 0.22357321562500002 0.07943549583333334 0.2281213578125 0.105450825 0.2344815203125 0.12562322083333333 0.2339333140625 0.13264636875 0.2353443 0.13773156458333335 0.2405467328125 0.14635740625 0.2669611640625 0.16181499166666666 0.270310490625 0.16201245208333334 0.27446066406249997 0.15709715416666667
0 0.8055970328125 0.12480571041666666 0.8051966109375 0.1273620875 0.8075139140625 0.12533994166666668 0.8067345296875 0.12503072916666666 0.8055970328125 0.12480571041666666
0 0.8551483234375 0.038796508333333334 0.848702921875 0.03194023125 0.846702034375 0.027978620833333336 0.8435213390625 0.026264172916666665 0.841941721875 0.022695966666666668 0.8370967874999999 0.02235768125 0.838318290625 0.026010079166666665 0.8336622234375 0.03547633958333333 0.8274265375000001 0.041374393749999995 0.820496090625 0.042018864583333336 0.8115647562499999 0.03870172291666667 0.808404909375 0.03993706041666667 0.8062139265624999 0.04291440416666667 0.8083822187499999 0.06210252916666667 0.8133945578124999 0.07766732708333332 0.8132234687500001 0.11267131875 0.8102316390625001 0.12076141666666666 0.8131596953125 0.12056547083333333 0.8214379671875 0.12452859791666666 0.842482559375 0.11613382708333334 0.851267340625 0.1071742375 0.8542591703125 0.0990841375 0.8553972796875 0.09093740624999999 0.8585154296875 0.08380250416666667 0.8652987078125 0.07925305416666667 0.8748622578124999 0.07897442708333333 0.8766319687499999 0.07560367916666667 0.8759580546875 0.07329988125 0.8732832546875 0.06703446874999999 0.869070534375 0.06310041666666667 0.8673014374999999 0.058099414583333335 0.85727553125 0.043713318749999994 0.8551483234375 0.038796508333333334
0 0 0.4979751125 0.0102795203125 0.5048263520833334 0.01918939375 0.5135654625 0.0235498953125 0.5130327416666667 0.0275105890625 0.5066846520833334 0.0311346328125 0.49499878541666664 0.0360856546875 0.48497073333333335 0.0371182921875 0.47881858958333334 0.035834240625 0.46631683958333336 0.0343809453125 0.4637038270833333 0.0318533140625 0.46134339583333334 0.0213000515625 0.45693023125000004 0.0192991625 0.45296862083333334 0.0209634015625 0.45159245625 0.0298947359375 0.45490959999999997 0.0407644125 0.45333900625 0.043502989062500004 0.45171026249999996 0.044493315625 0.44803030208333333 0.0434404421875 0.4428609125 0.0415235625 0.44232668333333336 0.0399439453125 0.43875847500000004 0.0329509546875 0.4305535979166667 0.027959462499999997 0.41793858333333334 0.0230096703125 0.41122313125 0.01862831875 0.4088060666666667 0.0084540171875 0.40725849375 0 0.40134030833333334 0 0.4979751125