0 0.837497815625 0.5708727375 0.8409246234375001 0.5757724770833333 0.8460781624999999 0.57644335625 0.84871693125 0.5744115916666667 0.8570913015625001 0.5631665145833333 0.8609915546875 0.54998941875 0.86126209375 0.5396597958333333 0.860327509375 0.5383235041666666 0.8571671390625 0.5355907999999999 0.8522800374999999 0.53708695625 0.8435531484375 0.5371115479166666 0.838241796875 0.5424662791666666 0.837497815625 0.5708727375
0 0.055624464062500004 0.04278165416666667 0.0529067890625 0.047826225 0.0483312171875 0.04976781041666667 0.046660853125 0.051844666666666664 0.039848221875 0.05282023958333334 0.038189129687500004 0.05446669375 0.0373969859375 0.06003184583333333 0.0397764875 0.06789930000000001 0.0405532578125 0.07526120625 0.044914653124999995 0.0814972375 0.048720625000000004 0.08426000208333333 0.059962285937500005 0.08693805416666667 0.0687455375 0.08476145416666667 0.071395578125 0.08229928958333334 0.0732124859375 0.07462722291666667 0.07342666249999999 0.06644960833333333 0.07044664843750001 0.05683048958333334 0.070593190625 0.05123527708333333 0.072500278125 0.04012000416666666 0.072748271875 0.030651185416666667 0.0718362328125 0.028454091666666667 0.06831924218749999 0.026997558333333335 0.0605269375 0.02835844375 0.056450425000000005 0.03592530208333333 0.055624464062500004 0.04278165416666667
0 0.2496399328125 0.28580788541666663 0.24808229062499998 0.28358073333333333 0.247282975 0.27707962708333334 0.24547016875 0.27225503958333336 0.2420208125 0.26821610208333335 0.23816975 0.2671749416666667 0.235009378125 0.2644422375 0.22886489375000002 0.26458706875 0.21955593593749997 0.2744958520833333 0.21612502656250002 0.28209276875 0.2166579015625 0.2864268375 0.21850452812499999 0.28996022499999996 0.23217795156249998 0.31085038125 0.23530040625 0.32737094375000003 0.23876103125 0.33097947916666665 0.26104555 0.33158614583333335 0.269828803125 0.32940954791666666 0.2735261515625 0.3239796645833334 0.2730875546875 0.3037057354166667 0.2715750046875 0.2997569770833334 0.2639743296875 0.2938010458333334 0.26022471875000003 0.2888862770833333 0.25441430625 0.2886157395833333 0.2496399328125 0.28580788541666663
0 0.0959806765625 0.22952782083333334 0.089032775 0.23566820416666667 0.08765139375 0.23905129166666667 0.087414671875 0.24808971041666666 0.0860445640625 0.2510423958333333 0.075354221875 0.26433426666666665 0.07607463125 0.273848175 0.0792688203125 0.27528967708333335 0.082083846875 0.2788681541666667 0.0795649765625 0.2886621645833333 0.07927189375 0.2998525875 0.080852078125 0.30121893958333334 0.0869699171875 0.31443156250000004 0.0935796453125 0.32120320625 0.0970628171875 0.32395094166666666 0.10091388125 0.3249921 0.10804931250000001 0.32403155624999996 0.1133719375 0.31824642291666666 0.1160896109375 0.31320185208333334 0.11756117343750001 0.30637555833333335 0.11987714062499999 0.3043287625 0.1212697953125 0.300515275 0.13090155312500001 0.2906215229166667 0.1366146140625 0.2822690145833333 0.13765065 0.2797317 0.13784228125 0.2724148833333333 0.13691896875 0.27064818958333337 0.1370429671875 0.2659137791666667 0.1344082984375 0.25544888958333334 0.1251864484375 0.23735155625 0.107856665625 0.23266633333333334 0.1040506921875 0.22990356875 0.0959806765625 0.22952782083333334
0 0.5441847984375 0.00994010625 0.5428259609375 0.012462391666666666 0.5409752359375 0.021425660416666666 0.5407272421875 0.03089448125 0.5422172484375001 0.035704037499999994 0.5496939265624999 0.046394379166666666 0.5554817937500001 0.04752571875 0.5621817 0.05085415416666667 0.569741384375 0.04603503125 0.5788515359375 0.031376810416666664 0.5815015765625 0.028914641666666668 0.5852665609375001 0.020902356249999997 0.5856795406249999 0.017474179166666666 0.5838103718750001 0.014801593750000001 0.579347525 0.01243916875 0.568072046875 0.011052322916666666 0.5642773453125 0.00785915625 0.5474691671875 0.007938402083333334 0.5441847984375 0.00994010625
0 0.18312455156250002 0.27107586666666666 0.1831809140625 0.2689238625 0.180564690625 0.270094825 0.1728174765625 0.26973410625 0.1630320046875 0.2731568166666667 0.15909076093750002 0.2755588625 0.1573865796875 0.2789269208333333 0.158230984375 0.28370641874999997 0.1621906703125 0.29294022708333334 0.1638456640625 0.30379042916666665 0.1662815265625 0.30950587916666666 0.17095445 0.3161873416666667 0.1763631546875 0.31945565625 0.1775979953125 0.32166778125 0.18438808125 0.32155300625 0.1857356453125 0.3194611229166667 0.190705753125 0.3024555083333333 0.196786703125 0.29239642708333335 0.196276371875 0.28720155416666665 0.1925605765625 0.2809955854166667 0.18776365781249998 0.27904853125 0.181108840625 0.2739984916666666 0.181822078125 0.27144614791666666 0.18312455156250002 0.27107586666666666
0 0.951198465625 0.44990551874999996 0.9568510625 0.45620166875 0.9603526796875 0.47058525625 0.9646577125 0.47897329375000003 0.9678816187500001 0.4916202479166667 0.9694802484375 0.5046224520833333 0.971582040625 0.510753275 0.9769907421875 0.5140215895833333 0.9886002953125 0.5149930687500001 0.991250334375 0.5125309020833334 0.990360840625 0.50947300625 0.9838412921874999 0.49925815625 0.9811615343750001 0.49051487083333334 0.981274259375 0.4862108625 0.9833576046875001 0.48070582916666665 0.9887140484374999 0.47362949583333336 0.992467759375 0.46604760625 0.9926819359374999 0.45786999166666664 0.9918149859375 0.45395129375000004 0.9867516265624999 0.44983720625 0.972304503125 0.44614805416666664 0.956521090625 0.44412038541666665 0.9509996624999999 0.44515607916666666 0.951198465625 0.44990551874999996
0 0.9581648375 0.18391777916666668 0.9523615984375 0.19571349583333333 0.9548384499999999 0.21220399791666666 0.9633849828125 0.21906581875 0.9668005187500001 0.22439595833333334 0.97445755625 0.22819988333333333 0.9788414968750001 0.23357511250000002 0.9834396109375 0.23077272708333335 0.9856694984375001 0.21967248333333333 0.9855270578124999 0.2127710375 0.9807004218750001 0.19961853333333332 0.972912215625 0.1884827625 0.9659909593749999 0.18126568958333333 0.9617945515624999 0.1810703 0.9581648375 0.18391777916666668
0 0.0522437453125 0.27058395625000004 0.050753739062500004 0.2657743979166666 0.05178260312500001 0.2511708270833333 0.050315142187499995 0.24550046458333333 0.04409585 0.23616145 0.03745230625 0.23068101041666667 0.030050435937499998 0.22947451875 0.02577511875 0.2322919375 0.0247165375 0.23569005416666666 0.016375984375 0.24564392708333335 0.0063582421875 0.24559495 0.0053903390625 0.28255114166666667 0.011743021874999999 0.28679708125 0.016971365625000002 0.2969518104166667 0.0250526546875 0.29689715833333336 0.028201754687500004 0.3000602625 0.03302121875 0.30114651458333336 0.048027864062499995 0.29581227916666664 0.05172521249999999 0.29038239583333336 0.0522058265625 0.2843718125 0.051117529687499996 0.27656447916666665 0.0522437453125 0.27058395625000004
0 0.40147203593749997 0.31313085416666664 0.3994450515625 0.31648387916666665 0.395522253125 0.33052178125 0.397177246875 0.34137198125 0.4038771546875 0.3447004166666667 0.41083222499999994 0.3506262854166666 0.4172431484375 0.35264848958333334 0.4224079609375 0.3528889666666667 0.425046728125 0.3508572020833334 0.42556115937500005 0.34355541666666667 0.423827259375 0.3357180229166667 0.42049062968750006 0.327375075 0.420546990625 0.3252230729166667 0.41559635625 0.31680497708333333 0.411167328125 0.31315135 0.40147203593749997 0.31313085416666664
0 0.045976292187500004 0.23840363333333334 0.0493580125 0.245024975 0.05090028125 0.2601791854166667 0.057232296875 0.26521419375 0.0649795125 0.26557491250000004 0.0737853109375 0.2625375125 0.08272637656250001 0.25433530416666666 0.086791615625 0.24719884791666666 0.08710724375 0.235147625 0.08621775000000001 0.23208972708333334 0.0828022109375 0.2267595875 0.0723188765625 0.2198075875 0.0648944625 0.21946190000000002 0.0570457953125 0.22297478958333333 0.045976292187500004 0.23840363333333334
0 0.9137300156249999 0.4860824125 0.9090755375 0.4910368041666667 0.9053443703124999 0.49775788958333334 0.9049047453125001 0.514543525 0.90642856875 0.5180618791666667 0.907148978125 0.5275757895833333 0.90598894375 0.5348475145833333 0.9032036343750001 0.5424744895833334 0.9039465874999999 0.5511275979166667 0.9027978265625001 0.5579689229166667 0.8997798953125 0.5621376604166667 0.8961727265625001 0.5641243374999999 0.8857980156249999 0.5653649812499999 0.8821683015625 0.5682124604166667 0.880096228125 0.5732870895833333 0.878087690625 0.5882759708333333 0.880489734375 0.5952826229166667 0.87985130625 0.60731881875 0.8807408015625 0.6103767125 0.8851360140625 0.6153215416666666 0.8915131203125 0.6186349479166666 0.8913327609374999 0.6255213604166666 0.89541644375 0.6300207604166667 0.8999356531249999 0.6302311791666667 0.9074727921875001 0.6262728583333333 0.9132944765625 0.6261129958333334 0.9209668859375 0.6169898645833333 0.9287028296875001 0.6177809854166667 0.9298628640625 0.6105092604166666 0.9322126468749999 0.6071712625 0.936120071875 0.6060604187499999 0.9398399656249999 0.5997697354166667 0.9399977796875 0.5937441229166667 0.9390970125000001 0.5911166270833333 0.9366160593749999 0.5871227812500001 0.9290153859375 0.58116685 0.9267486093749999 0.5689953854166667 0.9275069359374999 0.5647214374999999 0.9368158921875 0.5548126541666666 0.9412828390625 0.5446784208333334 0.9414744703125001 0.5373616083333334 0.9383930062499999 0.5316160979166666 0.9352705515625 0.5150955354166666 0.9351506546874999 0.5073332895833333 0.9361641468749999 0.505656775 0.9366673078125001 0.4987853916666667 0.9354662828125001 0.4952820645833333 0.9215674109374999 0.482999925 0.9170369296875001 0.48321990625000005 0.916012165625 0.48532682083333334 0.9137300156249999 0.4860824125
0 0.7771884109375 0.5042876625 0.7714343609375 0.50186511875 0.7689308625 0.49873207291666666 0.7680751859375 0.494382975 0.7649599046875 0.4899286666666667 0.7595850171875 0.48536915 0.748786053125 0.4904683729166667 0.7430842656250001 0.49839048125 0.743646859375 0.5139300020833333 0.7451819562499999 0.5170179583333333 0.748360771875 0.5313865166666667 0.7552369390625 0.5403251916666666 0.7613250593750001 0.5423323624999999 0.762980053125 0.5531825645833333 0.768321121875 0.5590332854166667 0.7799081296875 0.5608655645833333 0.783736646875 0.5627675291666667 0.7911610625 0.5631132166666667 0.7944454296875 0.5611115104166667 0.8011678812499999 0.5635791458333334 0.808292040625 0.563049 0.8100074968750001 0.55925054375 0.8103343984375 0.54676891875 0.8150790562499999 0.53837131875 0.8149817031250001 0.5297482708333333 0.8083268875 0.5246982333333333 0.798109990625 0.5199132666666667 0.7945520109374999 0.5076816833333333 0.7920597859375 0.5041182354166667 0.7771884109375 0.5042876625
0 0.4499075203125 0.16671668125 0.44964825468749997 0.17661590208333333 0.4524632796875 0.18019437916666667 0.45672732343750005 0.17780736249999998 0.46027812968750004 0.17797269166666665 0.46337086875000005 0.18328780208333334 0.4707276484375 0.18621589583333334 0.477840534375 0.18611615416666666 0.4814477046875 0.18412947708333333 0.4905465859375 0.16990165625 0.492618659375 0.16482702500000002 0.49275392812499996 0.15966221458333332 0.490261703125 0.15609876875 0.49000653749999995 0.15350133333333332 0.4780629125 0.152945225 0.4717083515625 0.14877101875 0.4606880390625 0.14998160416666667 0.4516906109375 0.16033581875 0.4499075203125 0.16671668125
0 0.6843161156249999 0.348277575 0.682957278125 0.3507998604166667 0.682011421875 0.34989397083333335 0.6821805078125001 0.34343795625 0.68126846875 0.3412408625 0.679410571875 0.33813787708333337 0.6768394390625 0.3375872375 0.671029028125 0.3373166979166667 0.6635482500000001 0.3391230145833333 0.65532041875 0.3447728770833333 0.651600525 0.35106356250000004 0.651555434375 0.35278516458333337 0.6435038640624999 0.36404526875 0.64310215625 0.3670430479166667 0.6430642375 0.38083090416666665 0.644520428125 0.3869316666666667 0.6548684921875 0.39904847708333335 0.662214 0.40240697291666666 0.668658740625 0.40313797291666664 0.67049409375 0.4071017583333333 0.670392640625 0.4109753666666667 0.673241484375 0.4132626416666667 0.68459586875 0.41163668333333336 0.687568709375 0.4091895479166666 0.6973541828125 0.4057668375 0.7045910656250001 0.4009326875 0.7062952484375 0.3975646291666666 0.708502590625 0.3873251875 0.7078498171875001 0.3752288729166667 0.7054928609375 0.36650061666666667 0.7047386359375001 0.35827790833333334 0.701334371875 0.35251736875 0.6911512906249999 0.3464412 0.6843161156249999 0.348277575
0 0.628606884375 0.20477098333333332 0.6279951015624999 0.20344972083333335 0.627015428125 0.20383503125000002 0.6273057890625 0.20679073541666665 0.628606884375 0.20477098333333332
0 0.6285054328124999 0.20864459166666668 0.6273216265625 0.20695195416666667 0.6275257578125 0.20902990208333333 0.6285054328124999 0.20864459166666668
0 0.6271619687500001 0.19823982083333333 0.6276948453125 0.20257388958333333 0.6287083375 0.200897375 0.6281867328125 0.19613290625 0.6271619687500001 0.19823982083333333
0 0.5716464140624999 0.1090388875 0.5613280656249999 0.10812752916666667 0.5596689718750001 0.10977398333333334 0.5547931453125 0.11083973541666667 0.5517977593750001 0.11414767499999999 0.5506264546875 0.1218498 0.5492901609375 0.12351128541666667 0.54117505625 0.12485713958333333 0.537188721875 0.1289807875 0.53681673125 0.14318401875 0.5376385906250001 0.14882431875 0.5416095515625 0.15762772500000002 0.548275640625 0.1622473625 0.54945411875 0.16661148958333336 0.55135710625 0.16799287291666667 0.5626100390625 0.170240525 0.5642691328125 0.16859407083333336 0.571070490625 0.16804889791666666 0.577770396875 0.17137733125 0.5800863640625 0.16933053541666665 0.5839825171874999 0.16865009583333332 0.5876573203125 0.16408101458333332 0.5862124046875 0.15754985208333333 0.5863476734375 0.15238503958333333 0.5893205140625 0.1499379041666667 0.5890653484375 0.14734046875 0.580439909375 0.14349145625 0.5770130984375 0.13859171666666667 0.576236328125 0.13122981250000001 0.576653409375 0.11530497916666667 0.5716464140624999 0.1090388875
0 0.870829303125 0.42116975625 0.8691702093749999 0.4228162083333334 0.8634233312499999 0.43245992083333334 0.8623309328125 0.43714923958333335 0.86217311875 0.44317485208333335 0.8636293078125 0.44927561458333337 0.8632685890625 0.46304844166666664 0.864758596875 0.46785800208333334 0.8771223718750001 0.47705218541666666 0.88137514375 0.4750955708333333 0.8947718859375 0.45718953125 0.8960333703125001 0.44604419791666666 0.894265653125 0.43949800625 0.89436710625 0.4356243979166667 0.8935227015624999 0.4308448979166667 0.8910755640625 0.4255598479166667 0.8869806078125 0.42149085 0.877964734375 0.4202092125 0.870829303125 0.42116975625
0 0.3714095703125 0.20227597916666668 0.3678587625 0.20211065 0.3690485125 0.20604437708333334 0.3654188 0.20889185416666667 0.3606854140625 0.2168590520833333 0.35772384687500003 0.21887578541666666 0.3526000234375 0.22941035833333334 0.35382359218750004 0.23205288333333335 0.358875678125 0.23659737291666666 0.3594536453125 0.2392098375 0.365061153125 0.2472275916666667 0.382889996875 0.2575380875 0.38867786249999997 0.25866942708333335 0.3983731546875 0.258689925 0.4036281453125 0.25548719583333335 0.412659390625 0.24384177916666666 0.4141422265625 0.23658508541666665 0.4129412015625 0.23308175833333333 0.40636529218749995 0.22501891458333334 0.4061439453125 0.22113027500000002 0.40457503125 0.21933352291666666 0.3757074296875 0.19859775833333335 0.3714095703125 0.20227597916666668
0 0.07287941406250001 0.3094662395833333 0.070863703125 0.3123888645833333 0.070750978125 0.31669287500000004 0.07226352968750001 0.32064163125 0.07116702968750001 0.33782760625 0.080366334375 0.3567857416666667 0.0831813625 0.3603642166666667 0.0850843484375 0.3617456 0.08928075625000001 0.3619409875 0.0932219984375 0.35953894166666667 0.100282625 0.34909455 0.10055316249999999 0.33876492708333333 0.096259403125 0.3299464916666667 0.083584096875 0.32030687708333333 0.07638513125 0.31135317083333336 0.07611869375 0.3091861375 0.07287941406250001 0.3094662395833333
0 0.7732799984375001 0.13523325833333333 0.7652099812500001 0.13485751041666666 0.7605145140625 0.12903685 0.7502750734375 0.12511268333333334 0.739844 0.12850533541666667 0.7384175265625 0.13361002708333333 0.7382935296875 0.13834443333333332 0.7401514265625 0.14144742083333334 0.7471628625 0.14522128750000002 0.7521585859375 0.15191777916666668 0.7521134953125 0.15363938125 0.756752603125 0.16161204583333333 0.7614818875 0.16614150416666668 0.7655092078125 0.17279290625000002 0.772775809375 0.17916420624999999 0.77870611875 0.18719699166666667 0.7825346359375 0.18909895416666667 0.7939002937499999 0.18704259791666666 0.8044666359375 0.17848513541666666 0.8066852515624999 0.16781529374999998 0.8064680031250001 0.15143 0.8037093375 0.14569951874999998 0.8005489671875001 0.14296681458333332 0.7836885265625 0.13270140833333333 0.7772212406250001 0.13283121250000002 0.7732799984375001 0.13523325833333333
0 0.8564395859375 0.24252742916666667 0.8529789578125 0.23891889166666666 0.8446537749999999 0.23594570833333334 0.8320420046875 0.23622034375 0.82448231875 0.24103946666666667 0.8190807890625 0.24983740416666667 0.8188553390625 0.25844542291666667 0.8203115296875 0.2645461854166667 0.8198944484374999 0.2804710166666667 0.821662165625 0.28701721041666667 0.8224051187500001 0.29567031666666665 0.8261547296874999 0.3005850854166667 0.83124063125 0.30383837083333337 0.845098515625 0.30534546041666666 0.8484054296875 0.3024829520833333 0.8513219078125 0.30218782083333334 0.8523354 0.30051130833333334 0.860762034375 0.29961088124999996 0.8624324 0.2975340291666667 0.8635698890624999 0.29112310625 0.8624928609375001 0.28288536875 0.8631200187499999 0.271279575 0.8623094312499999 0.26520887291666667 0.858848803125 0.2616003375 0.8589615281249999 0.25729632916666667 0.8574489765625 0.25334756875 0.8564395859375 0.24252742916666667
0 0.948800559375 0.023177395833333333 0.950433009375 0.0348884 0.9583452093749999 0.04128976041666667 0.9715349468750001 0.04362759166666667 0.974128625 0.04331742916666667 0.979439978125 0.03796269791666666 0.982105390625 0.022573475 0.982374903125 0.022155097916666665 0.9477921921875 0.02054489166666667 0.948800559375 0.023177395833333333
0 0.5835859250000001 0.2578332541666667 0.582174825 0.25001088958333334 0.5793034359375 0.24858441666666667 0.5737256453125 0.25177211666666666 0.5714660421875 0.25166690625 0.5667890171875001 0.2574821 0.5630127609375 0.2659247875 0.56080541875 0.27616422916666666 0.5608238625 0.28780008125 0.563361178125 0.2896419270833333 0.5685259890625 0.28988240416666666 0.5980135734375 0.28694611875000003 0.6097583921874999 0.28275278541666665 0.609826028125 0.28017038125 0.5969857359375 0.2644901229166667 0.5941256203124999 0.2626332520833333 0.5882926640624999 0.2632235125 0.5854325484375 0.2613666416666667 0.5835859250000001 0.2578332541666667
0 0.5063822484375 0.31801558125 0.49509549843749995 0.31705913124999996 0.489375265625 0.3133453854166667 0.4777431703125 0.3132347104166667 0.476050259375 0.31617236666666665 0.4759262625 0.32090677500000003 0.47684957499999997 0.32267346874999997 0.47599696874999997 0.34288728125 0.4774490578125 0.36148469791666665 0.4786500796875 0.3649880229166667 0.4889797015625 0.36546898125 0.49292094531249997 0.3630669354166667 0.4987539015625 0.36247667291666663 0.5043091468750001 0.360149775 0.5099207546875 0.35567087708333334 0.517769421875 0.3521579875 0.52523175625 0.3387158145833334 0.532532171875 0.34379591458333336 0.53624079375 0.33793563125 0.53820424375 0.3246683541666667 0.5376939109375 0.31947348541666665 0.53320851875 0.3179718604166667 0.5218766796875001 0.31873701875 0.518926384375 0.32032335208333335 0.5098879671875001 0.31990251249999996 0.5063822484375 0.31801558125
0 0.6447940375 0.4011649541666667 0.6437200843750001 0.41749012708333333 0.6332101031249999 0.42389558541666666 0.6318625375 0.4259874708333333 0.63238414375 0.4307519375 0.628131371875 0.4327085541666667 0.6261043875000001 0.43606158125 0.6260029359375 0.43993518958333333 0.6302290625 0.45133603125000005 0.631050921875 0.4569763333333333 0.626362625 0.4632219270833334 0.6204917515624999 0.4776000458333333 0.618641028125 0.48656331666666663 0.61840430625 0.49560173333333335 0.6198266765625 0.5029936979166666 0.6234635640625 0.512212475 0.62534400625 0.5144546604166667 0.630186015625 0.5146801083333333 0.631845109375 0.51303365625 0.6376893375 0.5120129916666667 0.641964653125 0.509195575 0.64401418125 0.5049817458333333 0.6457859984375001 0.49903128333333335 0.6471376640625001 0.4844427416666666 0.6512859109375 0.4617968270833333 0.6516579015625 0.4475935958333333 0.6575738671875 0.4314938729166667 0.657878221875 0.41987304999999997 0.6613654953125 0.41012412916666663 0.6615233093749999 0.4040985166666667 0.660277196875 0.40231679375 0.6541778015624999 0.4007400208333333 0.6519632875 0.3989132083333333 0.6480896796875 0.39873285 0.6447940375 0.4011649541666667
0 1 0.02297573958333333 0.9819267796875 0.022134233333333333 0.9817825906250001 0.02255844375 0.9759639765625 0.04728121666666667 0.9834068374999999 0.059262760416666664 0.985797609375 0.06669981458333334 0.986596925 0.07320091666666667 0.989378134375 0.07807059583333334 0.9938297078125 0.08086341875 0.9953197156250001 0.08567297916666666 0.9951619015625001 0.09169858958333334 0.996674453125 0.09564734999999999 1 0.09608925416666667 1 0.02297573958333333
0 0.4241510671875 0 0.42547306406249996 0.0013962854166666666 0.4350330875 0.00658159375 0.43831745624999996 0.0045798875 0.44314819375000003 0.005235739583333333 0.44754340625 0.010180566666666667 0.45937430625 0.015040683333333334 0.4640810453125 0.020430941666666664 0.46664090625 0.021411983333333332 0.467552946875 0.023609077083333332 0.47075840625 0.024620179166666666 0.47832526406250003 0.0318673125 0.49256231093749997 0.03123742708333333 0.4970364296875 0.033169447916666664 0.5051064453125 0.03354519583333333 0.5129325687499999 0.030893108333333332 0.5149144625 0.029261683333333333 0.5150046421875001 0.025818477083333333 0.5126025953125 0.018811825 0.512471428125 0.011479979166666666 0.51066989375 0.006224989583333334 0.505606534375 0.0021109020833333333 0.4788366234375 0.0000026166666666666665 0.47882993437500004 0 0.4241510671875 0
0 0.3495544203125 0.28399612083333337 0.3400845765625 0.27536760416666667 0.33263761718749996 0.27588271875000003 0.330910890625 0.2801115791666666 0.32356128125 0.28924973958333333 0.31953703125 0.30716124791666666 0.3121874234375 0.31629940624999997 0.311961975 0.324907425 0.3161655546875 0.33716906874999997 0.320215421875 0.34295967083333334 0.32828543906249996 0.34333541875 0.33450473125 0.35267443541666665 0.345746390625 0.35535248750000004 0.3522136765625 0.35522268333333334 0.353951675 0.35056342291666664 0.3541207625 0.3441074104166667 0.355168071875 0.34113969375 0.3549395515625 0.32518480208333334 0.35666627812499996 0.3209559416666667 0.3599506484375 0.3189542375 0.3587383515625 0.31588131041666667 0.3590427078125 0.30426048749999995 0.35877627031250003 0.3020934541666667 0.356272771875 0.2989604083333333 0.35545091093750003 0.29332010625000005 0.35211428125 0.2849771625 0.3495544203125 0.28399612083333337
0 0.361344359375 0.006597977083333333 0.353739584375 0.013138702083333334 0.346949496875 0.013253474999999999 0.3433536015625 0.014809747916666668 0.34066974375000003 0.018563116666666667 0.33921662656249996 0.037025264583333335 0.3415623109375 0.04618392291666666 0.346501671875 0.05503241875 0.3509307015625 0.05868604583333333 0.35684973593749997 0.06714923125 0.36160156875 0.07081788541666666 0.3754481796875 0.07275537500000001 0.38194928125 0.07133437083333334 0.3855902671875 0.06805649166666666 0.387283178125 0.0651188375 0.387718703125 0.06082985625 0.39107070781250003 0.05624574791666667 0.39319914218749996 0.0490191125 0.3934922265625 0.03782868958333333 0.390801196875 0.029515804166666666 0.38398139375 0.018425122916666665 0.3719967796875 0.007093964583333333 0.365574584375 0.005502164583333333 0.361344359375 0.006597977083333333
0 0.8151446468750001 0.4741664395833334 0.8064064859375 0.47462143333333334 0.8041356078125 0.47494662291666667 0.8008174218749999 0.47823953125 0.79971375 0.4833592520833333 0.800835865625 0.4898753875 0.794811278125 0.4977824625 0.7943193890625 0.5042234458333333 0.795486596875 0.509017975 0.8041755687500001 0.5227812416666667 0.8127671890625001 0.5279214604166667 0.8152481437500001 0.5319153062499999 0.8170271328125001 0.5380310979166667 0.820577940625 0.5381964270833334 0.8330021796875 0.5327419520833333 0.8476337609375 0.5170480375 0.8489854250000001 0.5024594958333333 0.8480959312499999 0.4994016 0.8455698875 0.49712935625000004 0.8404276218750001 0.496028075 0.83759005 0.4933104020833333 0.827298346875 0.4790415854166667 0.8151446468750001 0.4741664395833334