0 0.8474264703125 0.18259803958333334 0.8489583328125001 0.18423202708333333 0.8501838234375001 0.19117647083333333 0.8526348046875001 0.19403594791666665 0.858149509375 0.196895425 0.871936275 0.196895425 0.877757353125 0.18055555625 0.8786764703125 0.16993463958333335 0.88051470625 0.1625817 0.8844975484375001 0.15604575208333332 0.8860294124999999 0.14950980416666668 0.8887867640625 0.14787581666666666 0.889399509375 0.14583333333333334 0.8912377453125 0.12745098125 0.89460784375 0.11887255000000001 0.89460784375 0.11029411666666666 0.8924632359375 0.10498366041666667 0.8869485296875 0.10130718958333333 0.876225490625 0.10171568541666667 0.876225490625 0.10416666666666667 0.8743872546875 0.10743463958333334 0.876225490625 0.115604575 0.8759191171875 0.125 0.873774509375 0.12785947708333334 0.86948529375 0.12990196041666666 0.8651960781250001 0.13521241875 0.859681371875 0.14705882291666666 0.855085784375 0.15114379166666667 0.8532475484375001 0.15563725416666668 0.8489583328125001 0.16135620833333333 0.8489583328125001 0.16339869375 0.846507353125 0.1670751625 0.846507353125 0.17892156874999998 0.8474264703125 0.18259803958333334
0 0.502757353125 0.3950163395833333 0.5045955875 0.39787581666666666 0.5137867640625 0.40400326875000003 0.5235906859375 0.40318627500000004 0.532475490625 0.39950980416666665 0.5401348046875001 0.39297385625000003 0.543811275 0.39215686250000004 0.546568628125 0.3872549020833333 0.5450367640625 0.37908496666666663 0.54289215625 0.37622548958333335 0.532475490625 0.3733660125 0.5291053921875 0.3696895416666666 0.52726715625 0.3635620916666667 0.5238970593750001 0.3582516333333333 0.5193014703125 0.3541666666666667 0.511335784375 0.3525326791666667 0.5061274515624999 0.359477125 0.49387254843750006 0.36887254999999997 0.49264705937500003 0.37091503333333337 0.49264705937500003 0.37581699375 0.49662990156250003 0.3815359479166667 0.502757353125 0.3950163395833333
0 0.4546568625 0.48284313749999996 0.4546568625 0.484477125 0.45802696093749995 0.4885620916666667 0.46047794062499997 0.4946895416666666 0.467524509375 0.49877451041666665 0.47303921562499995 0.50694444375 0.4767156859375 0.5065359479166667 0.481617646875 0.5020424833333333 0.484375 0.49795751666666666 0.484375 0.4901960791666667 0.48100490156250003 0.4840686270833333 0.478553921875 0.47263071874999996 0.47824754843750006 0.46650326875000003 0.47487745156249994 0.4599673208333333 0.47487745156249994 0.4534313729166667 0.48069852968750004 0.44240196041666663 0.481617646875 0.43545751666666666 0.48069852968750004 0.43423202708333336 0.469975490625 0.44035947708333334 0.4666053921875 0.44035947708333334 0.46476715625000004 0.44607843125 0.4620098046875 0.45016339791666665 0.452818628125 0.45016339791666665 0.4512867640625 0.45179738541666664 0.45067402031250003 0.45465686250000004 0.44944852968750004 0.46527777708333334 0.451899509375 0.47426470625 0.4522058828125 0.4791666666666667 0.4546568625 0.48284313749999996
0 0 0.21323529375 0.001225490625 0.21323529375 0.00551470625 0.21895424791666668 0.0094975484375 0.22794117708333334 0.011335784375000001 0.2295751625 0.0223651953125 0.22875817083333333 0.030024509375 0.22467320208333333 0.0422794125 0.2214052291666667 0.0450367640625 0.21895424791666668 0.054227940625000005 0.21486928125 0.05851715625 0.20996732083333333 0.0609681375 0.20424836666666665 0.062806371875 0.17851307291666665 0.0670955875 0.16462418333333334 0.073835784375 0.15236928125 0.0744485296875 0.14338235208333333 0.0713848046875 0.13562091458333334 0.06770833281250001 0.13153594791666667 0.0609681375 0.12908496666666666 0.0579044125 0.12949346458333333 0.053615195312499996 0.13194444375 0.052696078125000004 0.13398692708333335 0.0493259796875 0.13521241875 0.043811275 0.14501633958333335 0.039522059375 0.14787581666666666 0.0333946078125 0.13684640625 0.023897059374999998 0.12908496666666666 0.012867646875 0.12581699375 0.0079656859375 0.12622548958333332 0.0061274515625 0.12908496666666666 0.0061274515625 0.13970588333333334 0.00857843125 0.14583333333333334 0.00857843125 0.15400326875 0.010416667187500001 0.16176470625 0.010416667187500001 0.16870915 0.0067401953125 0.171977125 0 0.17279411666666666 0 0.21323529375
0 0.2248774515625 0.1172385625 0.23590686249999998 0.13153594791666667 0.246936275 0.14174836666666665 0.25 0.14297385624999998 0.251225490625 0.14501633958333335 0.2552083328125 0.14460784375 0.2594975484375 0.13643790833333333 0.262867646875 0.12377451041666668 0.262867646875 0.10988562083333334 0.261335784375 0.10743463958333334 0.257352940625 0.10498366041666667 0.2481617640625 0.10334967291666668 0.24601715624999998 0.10089869375 0.242647059375 0.09436274583333333 0.24019607812500002 0.08619281041666667 0.23988970625 0.07475490208333334 0.23590686249999998 0.06985294166666667 0.2319240203125 0.06903594791666667 0.22732843125 0.06617647083333333 0.22242647031249999 0.06617647083333333 0.219975490625 0.06944444375 0.2181372546875 0.07761437916666666 0.2181372546875 0.08251633958333333 0.215686275 0.08864379166666667 0.21476715624999998 0.09926470625 0.2205882359375 0.10498366041666667 0.22242647031249999 0.11274509791666666 0.2248774515625 0.1172385625
0 0.5291053921875 0.29370915 0.5306372546875 0.2957516333333333 0.531556371875 0.303104575 0.534007353125 0.30800653541666667 0.5431985296875 0.3125 0.5560661765625 0.30841503333333337 0.5609681375 0.3047385625 0.5661764703125 0.2826797395833333 0.5670955875 0.27369281041666665 0.565257353125 0.26266339791666665 0.562806371875 0.2565359479166667 0.55698529375 0.25 0.5536151953124999 0.25081699375 0.5502450984375 0.24591503333333334 0.5392156859375 0.24468954166666668 0.534007353125 0.24632352916666667 0.532475490625 0.24877451041666668 0.532475490625 0.25816993541666666 0.5349264703125 0.265522875 0.5327818625 0.26838235208333333 0.5291053921875 0.265522875 0.52573529375 0.26633986875 0.5232843140625 0.27205882291666666 0.5229779406249999 0.2798202604166667 0.525428921875 0.28553921666666665 0.52726715625 0.28717320208333336 0.5291053921875 0.29370915
0 0.8811274515624999 0.24673202708333333 0.8829656859374999 0.25816993541666666 0.8844975484375001 0.2614379083333333 0.8854166671874999 0.27900326875000003 0.8869485296875 0.2810457520833333 0.8955269609375 0.28431372499999996 0.903186275 0.2916666666666667 0.9139093140625001 0.29452614374999997 0.9172794124999999 0.29738562083333336 0.922181371875 0.2977941166666667 0.9356617640625 0.3026960791666667 0.9393382359375 0.3002450979166667 0.9460784312499999 0.2908496729166667 0.9506740203125 0.2802287583333333 0.9546568625 0.27573529375 0.956188725 0.26838235208333333 0.9589460781250001 0.26470588333333334 0.9604779406249999 0.259395425 0.9604779406249999 0.24754901875 0.9589460781250001 0.23978758125 0.9598651953124999 0.23284313750000002 0.9638480390625 0.22753267916666667 0.9822303921875 0.21037581666666666 0.9825367640625 0.20383986875 0.9757965687500001 0.19403594791666665 0.97426470625 0.18954248333333332 0.9693627453125 0.18178104583333335 0.9662990203125 0.178104575 0.9629289218749999 0.17687908541666666 0.95710784375 0.17116013125 0.9549632359375 0.16421568541666665 0.9436274515624999 0.15972222291666668 0.938725490625 0.15931372500000002 0.9252450984375 0.16421568541666665 0.920649509375 0.1670751625 0.9181985296875 0.1670751625 0.9123774515624999 0.17075163333333335 0.9056372546875 0.17851307291666665 0.90226715625 0.18545751666666668 0.9010416671874999 0.19240196041666666 0.8939950984375 0.18831699375 0.8897058828125 0.18872548958333332 0.8771446078125 0.20179738541666667 0.8685661765624999 0.21323529375 0.8676470593750001 0.2160947708333333 0.8676470593750001 0.22385620833333333 0.8700980390625 0.22671568541666665 0.8728553921875 0.23774509791666668 0.8811274515624999 0.24673202708333333
0 0.2889093140625 0.43790849583333336 0.2959558828125 0.44362745000000003 0.29993872499999996 0.44566993541666666 0.302696078125 0.4440359479166667 0.3045343140625 0.44076797291666664 0.3143382359375 0.43259803958333337 0.31954656875 0.4252450979166667 0.3177083328125 0.41053921666666665 0.3143382359375 0.40359477083333334 0.30698529375 0.39624182916666667 0.302696078125 0.39787581666666666 0.297181371875 0.40277777708333334 0.29013480468749997 0.40318627500000004 0.2864583328125 0.40808823541666667 0.28829656875 0.41911764791666667 0.2858455875 0.42892156875 0.2858455875 0.43300653541666667 0.2889093140625 0.43790849583333336
0 0 0.4113562083333333 0.01011029375 0.4142156854166667 0.014705882812500001 0.4170751625 0.029718137500000002 0.41625817083333333 0.0330882359375 0.41176470625 0.034007353125 0.40808823541666667 0.034007353125 0.39950980416666665 0.030637254687499997 0.39133986875000004 0.03125 0.37908496666666663 0.030024509375 0.37377451041666665 0.029105392187500002 0.37173202708333336 0.021446078125 0.37009803958333337 0.012867646875 0.35784313749999996 0.0061274515625 0.35620915 0 0.35620915 0 0.4113562083333333
0 0.2055759796875 0 0.20404411718749998 0.0036764708333333336 0.20220588281250002 0.009395425 0.20220588281250002 0.014297385416666667 0.203125 0.01633986875 0.207414215625 0.019607843750000003 0.21292892187499998 0.021241829166666667 0.22212009843749997 0.028594770833333335 0.22242647031249999 0.03063725416666667 0.2248774515625 0.03390522916666667 0.2251838234375 0.039624183333333333 0.2282475484375 0.049836602083333334 0.2282475484375 0.05433006458333333 0.233149509375 0.061274510416666664 0.2349877453125 0.06699346458333334 0.23988970625 0.07271241875 0.2411151953125 0.0890522875 0.242647059375 0.09313725416666667 0.24785539218750002 0.10089869375 0.2552083328125 0.10416666666666667 0.2794117640625 0.1045751625 0.2827818625 0.10375817083333333 0.2876838234375 0.10008170000000001 0.294117646875 0.09885620833333333 0.296875 0.09599673125000001 0.301164215625 0.08496732083333333 0.30085784375 0.07475490208333334 0.2984068625 0.06372548958333334 0.2984068625 0.05718954166666667 0.3017769609375 0.04901960833333333 0.302696078125 0.042483660416666666 0.3060661765625 0.03390522916666667 0.305147059375 0.015114379166666667 0.30238970625 0.004493464583333333 0.29932597968749997 0.0016339875 0.2990196078125 0 0.2552083328125 0 0.2515318625 0.013071895833333335 0.24785539218750002 0.011437908333333333 0.2450980390625 0.004084966666666667 0.23897058750000003 0.0016339875 0.23835784375000002 0 0.2055759796875 0
0 0.484375 0.384395425 0.48774509843749997 0.38521241875 0.48927696093749995 0.3839869270833333 0.48835784374999996 0.36070261458333336 0.4849877453125 0.34722222291666666 0.48131127500000004 0.34150326875000003 0.474571078125 0.33823529375 0.469975490625 0.33823529375 0.46568627500000004 0.34109477083333334 0.46323529375000005 0.3488562083333333 0.4598651953125 0.35375817083333333 0.46047794062499997 0.359477125 0.4666053921875 0.37009803958333337 0.478553921875 0.37867647083333333 0.484375 0.384395425
0 0.7738970593750001 0.4268790854166667 0.7745098046875001 0.43872548958333335 0.7806372546875 0.45016339791666665 0.781556371875 0.45710784375 0.78676470625 0.46527777708333334 0.7892156859375 0.46650326875000003 0.7974877453125 0.46568627500000004 0.8115808828125 0.46037581666666666 0.8210784312499999 0.45383986875000004 0.8318014703125 0.45465686250000004 0.8348651953124999 0.4522058833333333 0.83823529375 0.44117647083333333 0.83823529375 0.43668300625 0.83976715625 0.43055555624999997 0.83976715625 0.4170751625 0.8363970593750001 0.40972222291666666 0.8373161765624999 0.39338235208333333 0.8363970593750001 0.39011437916666664 0.8296568625 0.37908496666666663 0.8201593140625001 0.3733660125 0.8186274515624999 0.37132352916666667 0.8118872546875 0.37091503333333337 0.8079044124999999 0.3733660125 0.8030024515624999 0.38357843125 0.7974877453125 0.37173202708333336 0.7922794125 0.37091503333333337 0.7791053921875 0.37908496666666663 0.7745098046875001 0.3848039208333333 0.7705269609375 0.3925653604166667 0.76960784375 0.40073529375 0.7748161765625 0.41462418333333334 0.7748161765625 0.4244281041666667 0.7738970593750001 0.4268790854166667
0 0.6017156859375 0.2818627458333333 0.6032475484375001 0.3002450979166667 0.6075367640625 0.3059640520833333 0.6084558828125 0.3108660125 0.6118259796875 0.3182189541666667 0.615196078125 0.31944444375000003 0.6302083328125 0.3190359479166667 0.636335784375 0.31372548958333335 0.6415441171875 0.3047385625 0.644914215625 0.3010620916666667 0.650428921875 0.29820261458333336 0.6544117640625 0.29820261458333336 0.657475490625 0.3002450979166667 0.6651348046875001 0.3018790854166667 0.668811275 0.3002450979166667 0.671875 0.2965686270833333 0.67585784375 0.28799019583333335 0.6859681375 0.27287581666666666 0.690257353125 0.26266339791666665 0.6911764703125 0.259395425 0.6911764703125 0.23856209166666667 0.6936274515624999 0.23161764791666667 0.6936274515624999 0.22222222291666668 0.691789215625 0.21691176458333333 0.6786151953124999 0.20220588333333334 0.674938725 0.19934640625 0.6681985296875 0.19893790833333333 0.6666666671875 0.19934640625 0.6623774515624999 0.20547385624999998 0.659007353125 0.21772875833333333 0.6541053921875 0.22589869375 0.65073529375 0.22303921666666668 0.6498161765625 0.21977124166666667 0.6516544125 0.21200980416666668 0.6547181375 0.20710784375 0.6556372546875 0.19934640625 0.6547181375 0.19362745 0.65226715625 0.18872548958333332 0.6473651953124999 0.18218954166666668 0.6397058828125 0.18055555625 0.6234681375 0.18137255 0.6161151953124999 0.18545751666666668 0.6102941171875 0.19321895416666665 0.6084558828125 0.20016339791666665 0.6084558828125 0.20383986875 0.60079656875 0.23284313750000002 0.60079656875 0.23692810416666665 0.5974264703125 0.24387255 0.596813725 0.25 0.598039215625 0.2598039208333333 0.596813725 0.27287581666666666 0.6017156859375 0.2818627458333333
0 0.4767156859375 0.31168300625 0.48008578437500005 0.31617647083333333 0.483149509375 0.31699346458333333 0.49172794062499997 0.31535947708333334 0.5024509796875 0.30759803958333337 0.5079656859375 0.3002450979166667 0.5131740203125 0.2863562083333333 0.5131740203125 0.27573529375 0.5094975484375001 0.2675653604166667 0.5076593140625 0.2667483666666667 0.50857843125 0.26470588333333334 0.50398284375 0.2700163395833333 0.500306371875 0.2700163395833333 0.49693627500000004 0.27287581666666666 0.49172794062499997 0.2749183 0.484375 0.2675653604166667 0.48008578437500005 0.2675653604166667 0.47579656875 0.2732843145833333 0.47426470624999995 0.27859477083333334 0.47487745156249994 0.28676470625 0.4733455875 0.29983660208333335 0.4739583328125 0.303104575 0.4767156859375 0.31168300625
0 0.940257353125 0.43014705833333333 0.9479166671874999 0.4297385625 0.9555759796875 0.4260620916666667 0.9641544124999999 0.42401960833333335 0.9736519609375 0.42483660208333335 0.9782475484375001 0.41911764791666667 0.9785539218749999 0.4150326791666667 0.980085784375 0.41176470625 0.9908088234375001 0.4170751625 0.9993872546875 0.4170751625 0.9993872546875 0.3329248375 0.9828431375 0.3247549020833333 0.969056371875 0.32434640625 0.9666053921875 0.3263888895833333 0.96476715625 0.32434640625 0.9546568625 0.32516339791666665 0.9494485296875 0.3300653604166667 0.9439338234375001 0.33905228750000005 0.9427083328125001 0.35130718958333335 0.938725490625 0.3619281041666667 0.937806371875 0.37622548958333335 0.93351715625 0.3860294125 0.93198529375 0.3872549020833333 0.93198529375 0.3941993458333333 0.934436275 0.3982843145833333 0.9353553921875 0.42320261458333336 0.940257353125 0.43014705833333333
0 0.47579656875 0.5968137250000001 0.4776348046875 0.6172385625000001 0.48039215625000004 0.6245915041666666 0.4825367640625 0.6262254895833334 0.485600490625 0.6262254895833334 0.4908088234375 0.6233660125 0.498774509375 0.6164215687500001 0.5094975484375001 0.6098856208333333 0.5205269609375 0.6098856208333333 0.5238970593750001 0.6049836604166666 0.52573529375 0.6041666666666666 0.5379901953124999 0.6041666666666666 0.53982843125 0.6025326791666666 0.5416666671875 0.5939542479166667 0.5431985296875 0.5910947708333333 0.5444240203125 0.5784313729166667 0.5459558828125 0.5747549020833334 0.5551470593750001 0.57883986875 0.5575980390625 0.57883986875 0.55851715625 0.5776143791666667 0.55698529375 0.5694444437499999 0.5502450984375 0.5526960791666667 0.53982843125 0.5420751625 0.532475490625 0.5375817 0.5291053921875 0.5375817 0.5220588234375 0.5420751625 0.512867646875 0.54289215625 0.5091911765625 0.5457516333333333 0.5079656859375 0.5502450979166666 0.50857843125 0.5531045750000001 0.5061274515624999 0.5584150333333333 0.5021446078125 0.5592320270833333 0.4865196078125 0.5690359479166667 0.48131127500000004 0.5706699354166667 0.4733455875 0.5698529416666667 0.469975490625 0.5739379083333334 0.469975490625 0.5796568625 0.4733455875 0.5837418291666666 0.4739583328125 0.5923202604166666 0.47579656875 0.5968137250000001
0 0.626225490625 0.36764705833333333 0.6314338234375 0.37091503333333337 0.639399509375 0.37949346458333333 0.640318628125 0.38357843125 0.6455269609375 0.39011437916666664 0.646446078125 0.39460784375 0.6488970593750001 0.3982843145833333 0.6498161765625 0.40318627500000004 0.653186275 0.4113562083333333 0.6556372546875 0.41462418333333334 0.6580882359375 0.4158496729166667 0.659313725 0.4142156854166667 0.657475490625 0.4056372541666667 0.6580882359375 0.39297385625000003 0.6571691171875 0.38684640625 0.659313725 0.375 0.66329656875 0.3635620916666667 0.66329656875 0.35212418333333334 0.6642156859375 0.34844771249999995 0.6642156859375 0.3439542479166667 0.6611519609375 0.3341503270833333 0.6580882359375 0.3300653604166667 0.650428921875 0.3300653604166667 0.646446078125 0.3325163395833333 0.643688725 0.3374183 0.6400122546875 0.33823529375 0.6369485296875 0.3357843145833333 0.6329656859375 0.33619281041666665 0.6295955875 0.3386437916666667 0.6286764703125 0.34068627500000004 0.627757353125 0.34803921666666665 0.6228553921875 0.3549836604166667 0.623774509375 0.36233660208333335 0.626225490625 0.36764705833333333
0 0.011335784375000001 0.47589869375 0.015931371875 0.47630718958333335 0.0202205875 0.4750817 0.022977940625000002 0.4767156854166667 0.019914215625000002 0.4832516333333333 0.01960784375 0.48978758125 0.0232843140625 0.49509803958333337 0.025428921875 0.49591503333333337 0.037071078125000004 0.49509803958333337 0.040747548437499996 0.49305555624999997 0.0493259796875 0.48488562083333336 0.0502450984375 0.4824346395833333 0.05208333281250001 0.48161764791666667 0.052696078125000004 0.4750817 0.0545343140625 0.47140522916666666 0.054227940625000005 0.46650326875000003 0.0490196078125 0.4624183 0.045649509375 0.45383986875000004 0.0431985296875 0.4505718958333333 0.021446078125 0.45016339791666665 0.014705882812500001 0.45547385625000003 0.0094975484375 0.4636437916666667 0.00704656875 0.4689542479166667 0.00704656875 0.47140522916666666 0.0094975484375 0.47426470625 0.011335784375000001 0.47589869375
0 0.305147059375 0.47589869375 0.302696078125 0.48651960833333335 0.3060661765625 0.50081699375 0.311274509375 0.5081699354166667 0.316789215625 0.509395425 0.3204656859375 0.51184640625 0.3259803921875 0.5114379083333334 0.3287377453125 0.5089869270833334 0.3296568625 0.5049019604166667 0.3290441171875 0.5016339875 0.33149509843749997 0.4808006541666667 0.333946078125 0.47222222291666666 0.3373161765625 0.46650326875000003 0.3388480390625 0.4599673208333333 0.33823529375 0.45588235208333333 0.3330269609375 0.45383986875000004 0.33118872499999996 0.4497549020833333 0.32444852968750004 0.4440359479166667 0.3177083328125 0.4358660125 0.31495097968749997 0.43504901875 0.3109681375 0.4358660125 0.30698529375 0.43872548958333335 0.30238970625 0.44485294166666667 0.30024509843749997 0.4497549020833333 0.29993872499999996 0.45588235208333333 0.304227940625 0.46405228750000005 0.305147059375 0.4681372541666667 0.305147059375 0.47589869375
0 0.4825367640625 0.13521241875 0.4859068625 0.14705882291666666 0.48774509843749997 0.15032679791666667 0.49264705937500003 0.15318627499999998 0.501225490625 0.16217320208333333 0.5147058828125 0.16952614375000002 0.5177696078125 0.17279411666666666 0.521446078125 0.17851307291666665 0.521446078125 0.18218954166666668 0.5232843140625 0.18872548958333332 0.525428921875 0.19035947708333334 0.5291053921875 0.19076797291666667 0.53982843125 0.19035947708333334 0.5450367640625 0.18872548958333332 0.5542279406249999 0.17769607916666666 0.5579044125 0.16625817083333333 0.5579044125 0.15808823541666667 0.5557598046875001 0.14501633958333335 0.5557598046875001 0.12949346458333333 0.5533088234375 0.1233660125 0.53982843125 0.1172385625 0.5358455875 0.11764705833333333 0.5327818625 0.11968954166666666 0.5223651953124999 0.11764705833333333 0.5082720593750001 0.11928104583333334 0.5061274515624999 0.11315359374999999 0.5045955875 0.11151960833333334 0.503063725 0.10212418333333333 0.5018382359375 0.09967320208333333 0.4984681375 0.09722222291666666 0.49142156875 0.09640522916666666 0.4849877453125 0.090686275 0.4828431375 0.09027777708333334 0.47610294062499997 0.09150326874999999 0.47426470624999995 0.09640522916666666 0.4733455875 0.10661764791666667 0.47487745156249994 0.11070261458333334 0.47579656875 0.125 0.4825367640625 0.13521241875
0 0 0.3108660125 0.0018382359375 0.3108660125 0.0052083328125 0.31372548958333335 0.0094975484375 0.31372548958333335 0.015318628125 0.31168300625 0.0193014703125 0.31576797291666664 0.026348039062500002 0.3263888895833333 0.0287990203125 0.3272058833333333 0.0364583328125 0.32679738541666664 0.039828431250000004 0.32516339791666665 0.0435049015625 0.32066993541666666 0.0459558828125 0.3071895416666666 0.05085784375 0.296977125 0.053615195312499996 0.2814542479166667 0.056678921874999996 0.27287581666666666 0.056678921874999996 0.26838235208333333 0.0545343140625 0.259395425 0.065257353125 0.25857843125 0.0674019609375 0.25735294166666667 0.0686274515625 0.2549019604166667 0.06770833281250001 0.23325163333333335 0.065257353125 0.2295751625 0.0643382359375 0.22385620833333333 0.0603553921875 0.21936274583333332 0.055147059374999995 0.21895424791666668 0.038602940625 0.22589869375 0.031556371875 0.22671568541666665 0.028492646875 0.22875817083333333 0.021446078125 0.2295751625 0.0162377453125 0.23202614375000002 0.010416667187500001 0.23120915 0.0076593140625 0.22916666666666666 0.0018382359375 0.2201797395833333 0 0.2201797395833333 0 0.3108660125
0 0.17095588281250002 0.18504901875 0.17003676406249998 0.21364379166666667 0.17095588281250002 0.21772875833333333 0.1786151953125 0.22834967291666666 0.184742646875 0.23202614375000002 0.1920955875 0.24019607916666666 0.19607843125 0.240604575 0.1969975484375 0.23937908541666666 0.197303921875 0.23120915 0.20036764687500003 0.2214052291666667 0.2012867640625 0.21364379166666667 0.20465686249999998 0.20465686249999998 0.20526960781249998 0.18382352916666667 0.2037377453125 0.17483660208333335 0.1994485296875 0.16421568541666665 0.190257353125 0.15277777708333332 0.186274509375 0.14338235208333333 0.18351715625 0.13970588333333334 0.1681985296875 0.13357843125000002 0.1614583328125 0.13316993541666666 0.157475490625 0.13643790833333333 0.157475490625 0.14297385624999998 0.1666666671875 0.16053921666666668 0.17003676406249998 0.17687908541666666 0.17095588281250002 0.18504901875
0 0.26225490156250003 0.35620915 0.2662377453125 0.35784313749999996 0.2671568625 0.35988562083333336 0.2763480390625 0.3643790854166667 0.2864583328125 0.36478758125 0.29381127500000004 0.3627450979166667 0.297181371875 0.35988562083333336 0.2984068625 0.35702614374999997 0.30024509843749997 0.34681372499999996 0.30085784375 0.3272058833333333 0.295649509375 0.31372548958333335 0.28523284375 0.3002450979166667 0.280024509375 0.29901960833333335 0.27573529375 0.2957516333333333 0.271446078125 0.2957516333333333 0.2662377453125 0.29820261458333336 0.2579656859375 0.30800653541666667 0.2561274515625 0.31454248333333334 0.2545955875 0.31617647083333333 0.250306371875 0.3272058833333333 0.2493872546875 0.3325163395833333 0.2493872546875 0.3427287583333333 0.250306371875 0.3451797395833333 0.26225490156250003 0.35620915
0 0.44944852968750004 0.31372548958333335 0.4552696078125 0.31535947708333334 0.458946078125 0.31372548958333335 0.4641544125 0.30555555624999997 0.471507353125 0.296977125 0.47242647031249996 0.29411764791666667 0.471507353125 0.28594771249999995 0.46568627500000004 0.27287581666666666 0.46139705937500003 0.26797385625000003 0.45680147031249996 0.2651143791666667 0.452818628125 0.26470588333333334 0.44761029375000005 0.2700163395833333 0.4420955875 0.2691993458333333 0.438725490625 0.27369281041666665 0.437806371875 0.27777777708333334 0.4368872546875 0.2920751625 0.4384191171875 0.2994281041666667 0.4439338234375 0.30800653541666667 0.44944852968750004 0.31372548958333335
0 0.5762867640625 0 0.573835784375 0.00694444375 0.573835784375 0.0204248375 0.5762867640625 0.036764706249999994 0.5762867640625 0.05514705833333333 0.5729166671875 0.06699346458333334 0.5719975484375001 0.07434640625000001 0.5704656859375 0.07720588333333334 0.5686274515624999 0.08864379166666667 0.5670955875 0.09109477083333334 0.5677083328125 0.09558823541666667 0.5744485296875 0.09640522916666666 0.58363970625 0.09354575208333334 0.587928921875 0.09395424791666666 0.594975490625 0.09967320208333333 0.5986519609375 0.10008170000000001 0.603553921875 0.10416666666666667 0.6130514703125 0.10743463958333334 0.6161151953124999 0.10988562083333334 0.6234681375 0.11070261458333334 0.6286764703125 0.109477125 0.639399509375 0.09313725416666667 0.646446078125 0.06821895416666666 0.6498161765625 0.058823529166666666 0.6513480390625 0.05718954166666667 0.653186275 0.046568627083333335 0.655024509375 0.042483660416666666 0.6547181375 0.036356208333333334 0.65226715625 0.033496731249999995 0.65226715625 0.03186274583333333 0.644914215625 0.019199345833333333 0.6397058828125 0.004084966666666667 0.636335784375 0 0.5762867640625 0
0 0.211397059375 0.4767156854166667 0.21415441249999997 0.48161764791666667 0.2181372546875 0.48488562083333336 0.22334558750000003 0.4922385625 0.2276348046875 0.4946895416666666 0.23651960781249998 0.49509803958333337 0.24142156875 0.49305555624999997 0.24601715624999998 0.4877450979166667 0.24846813750000002 0.48161764791666667 0.2493872546875 0.4738562083333333 0.2493872546875 0.45547385625000003 0.23835784375000002 0.44117647083333333 0.234375 0.43954248333333334 0.2251838234375 0.44117647083333333 0.223039215625 0.4432189541666667 0.219056371875 0.44444444375000003 0.2123161765625 0.453022875 0.211397059375 0.4575163395833333 0.2123161765625 0.4693627458333333 0.211397059375 0.47140522916666666 0.211397059375 0.4767156854166667
0 0.562806371875 0.20710784375 0.562806371875 0.22099673125 0.5618872546875 0.22385620833333333 0.565563725 0.22875817083333333 0.5747549015625 0.23488562083333334 0.5873161765625 0.23978758125 0.59375 0.23774509791666668 0.596813725 0.23406862708333334 0.5989583328125 0.2295751625 0.5998774515624999 0.2234477125 0.60232843125 0.21854575208333332 0.6041666671875 0.20955882291666666 0.606617646875 0.20383986875 0.6075367640625 0.19117647083333333 0.59375 0.17483660208333335 0.5903799015625 0.15441176458333333 0.587928921875 0.15032679791666667 0.583946078125 0.14828431458333335 0.5744485296875 0.15318627499999998 0.563725490625 0.1535947708333333 0.5618872546875 0.1589052291666667 0.562806371875 0.16380718958333332 0.5643382359375 0.16584967291666666 0.5646446078125 0.171977125 0.563725490625 0.17320261458333333 0.55698529375 0.171977125 0.5542279406249999 0.18178104583333335 0.5542279406249999 0.1875 0.5609681375 0.19240196041666666 0.5625 0.19934640625 0.562806371875 0.20710784375
0 0.6709558828125 0.07720588333333334 0.674938725 0.08782679791666667 0.6795343140625 0.09109477083333334 0.6936274515624999 0.09027777708333334 0.698835784375 0.08782679791666667 0.70710784375 0.07352941249999999 0.7080269609375 0.06944444375 0.71476715625 0.06045751666666667 0.719056371875 0.05024509791666667 0.71875 0.04493463958333333 0.7113970593750001 0.03390522916666667 0.69607843125 0.022875816666666667 0.6927083328125 0.023284314583333333 0.6899509796875 0.02573529375 0.6868872546875 0.0265522875 0.68198529375 0.033496731249999995 0.6724877453125 0.03921568541666667 0.6685049015625 0.042483660416666666 0.6657475484375001 0.046568627083333335 0.6651348046875001 0.05351307291666666 0.667585784375 0.06045751666666667 0.667585784375 0.06372548958333334 0.6709558828125 0.07720588333333334
0 0.33823529375 0.13194444375 0.3388480390625 0.14379085 0.34037990156250003 0.14746732083333333 0.3416053921875 0.15686274583333332 0.3416053921875 0.1670751625 0.3431372546875 0.17156862708333334 0.3455882359375 0.17483660208333335 0.359068628125 0.18382352916666667 0.3658088234375 0.18259803958333334 0.370710784375 0.18341503333333334 0.3768382359375 0.17483660208333335 0.3814338234375 0.17075163333333335 0.387867646875 0.16952614375000002 0.3921568625 0.16421568541666665 0.3921568625 0.1454248375 0.3912377453125 0.14011437916666666 0.3900122546875 0.13888888958333334 0.38725490156250003 0.12949346458333333 0.3897058828125 0.12704248333333334 0.3955269609375 0.12785947708333334 0.39736519531250003 0.12622548958333332 0.3887867640625 0.12091503333333334 0.384803921875 0.11683006458333334 0.37867647031249996 0.10089869375 0.376225490625 0.08986928125 0.3759191171875 0.08333333333333333 0.3728553921875 0.07557189583333333 0.3700980390625 0.071895425 0.3642769609375 0.06903594791666667 0.3532475484375 0.06985294166666667 0.3458946078125 0.07965686250000001 0.344056371875 0.08047385625 0.33976715625 0.08578431458333333 0.336397059375 0.0984477125 0.33700980468749997 0.109477125 0.3357843140625 0.115604575 0.3357843140625 0.12622548958333332 0.33823529375 0.13194444375
0 0.0661764703125 0.21813725416666668 0.07107843124999999 0.23120915 0.0744485296875 0.23161764791666667 0.0848651953125 0.22589869375 0.08854166718749999 0.22589869375 0.0946691171875 0.23202614375000002 0.10232843124999999 0.23733660208333335 0.11917892187500001 0.24346405208333335 0.129289215625 0.24264705833333336 0.1344975484375 0.234477125 0.140318628125 0.2160947708333333 0.1412377453125 0.20710784375 0.13878676406249998 0.20383986875 0.137867646875 0.19975490208333332 0.1354166671875 0.196895425 0.1311274515625 0.18627451041666668 0.1228553921875 0.17524509791666668 0.1216299015625 0.17156862708333334 0.1216299015625 0.16217320208333333 0.1170343140625 0.15645424791666668 0.1127450984375 0.1535947708333333 0.105085784375 0.15441176458333333 0.1017156859375 0.1589052291666667 0.09895833281250001 0.171977125 0.0971200984375 0.17524509791666668 0.094056371875 0.17687908541666666 0.0916053921875 0.17606209166666667 0.086397059375 0.16870915 0.0848651953125 0.16299019583333332 0.0848651953125 0.1589052291666667 0.0830269609375 0.15441176458333333 0.077818628125 0.15277777708333332 0.072303921875 0.1576797395833333 0.0670955875 0.16503267916666667 0.063725490625 0.17769607916666666 0.062806371875 0.18545751666666668 0.063725490625 0.20424836666666665 0.065257353125 0.2079248375 0.0661764703125 0.21813725416666668
0 0.062193628125 0.29738562083333336 0.0649509796875 0.3002450979166667 0.065257353125 0.3047385625 0.063725490625 0.3071895416666666 0.0615808828125 0.30800653541666667 0.053615195312499996 0.30637254999999997 0.0502450984375 0.30841503333333337 0.048406862499999995 0.31576797291666664 0.0459558828125 0.3190359479166667 0.045649509375 0.321895425 0.0422794125 0.32761437916666664 0.039828431250000004 0.3300653604166667 0.02573529375 0.3325163395833333 0.02573529375 0.34109477083333334 0.029718137500000002 0.34844771249999995 0.0349264703125 0.3549836604166667 0.0358455875 0.359477125 0.0401348046875 0.36764705833333333 0.0431985296875 0.37009803958333337 0.054227940625000005 0.37091503333333337 0.0560661765625 0.37377451041666665 0.059436275000000004 0.38684640625 0.063725490625 0.3925653604166667 0.0735294125 0.3925653604166667 0.083946078125 0.39787581666666666 0.0888480390625 0.3982843145833333 0.0955882359375 0.4011437916666667 0.1060049015625 0.4076797395833333 0.109375 0.4076797395833333 0.11335784374999999 0.39950980416666665 0.116727940625 0.37908496666666663 0.12009803906250001 0.37132352916666667 0.12101715625000001 0.3660130729166667 0.1243872546875 0.35702614374999997 0.13204656875 0.3439542479166667 0.1311274515625 0.33374182916666667 0.1216299015625 0.32066993541666666 0.11427696093749999 0.31372548958333335 0.1161151953125 0.31168300625 0.125306371875 0.31004901875 0.1286764703125 0.3071895416666666 0.1295955875 0.303104575 0.127757353125 0.29983660208333335 0.117647059375 0.2920751625 0.1072303921875 0.27859477083333334 0.0873161765625 0.2675653604166667 0.06954656875000001 0.2675653604166667 0.055147059374999995 0.2810457520833333 0.054227940625000005 0.28431372499999996 0.055147059374999995 0.2916666666666667 0.0603553921875 0.29738562083333336 0.062193628125 0.29738562083333336
0 0.073835784375 0.57883986875 0.0818014703125 0.5772058833333333 0.0848651953125 0.5739379083333334 0.09068627500000001 0.5604575166666667 0.092524509375 0.5490196083333333 0.0919117640625 0.54289215625 0.08823529375 0.5412581708333334 0.083946078125 0.5412581708333334 0.079350490625 0.5473856208333333 0.072303921875 0.5535130729166667 0.063725490625 0.5661764708333333 0.062806371875 0.5690359479166667 0.062806371875 0.5755718958333333 0.06556372499999999 0.57883986875 0.073835784375 0.57883986875
0 0.4978553921875 0.54452614375 0.503063725 0.5420751625 0.5137867640625 0.5408496729166666 0.515318628125 0.5392156854166666 0.5171568625 0.5318627458333334 0.5205269609375 0.5257352937499999 0.521446078125 0.5212418291666666 0.5205269609375 0.5151143791666667 0.515318628125 0.5130718958333333 0.509803921875 0.5147058833333333 0.49632352968750004 0.5298202604166666 0.4908088234375 0.5396241833333334 0.490196078125 0.5473856208333333 0.4911151953125 0.5490196083333333 0.49509803906250005 0.5490196083333333 0.4978553921875 0.54452614375
0 0 0.6294934645833333 0.015318628125 0.6282679729166667 0.018688725 0.6229575166666667 0.018688725 0.6196895416666667 0.0171568625 0.6151960791666667 0.012867646875 0.6127450979166666 0.0018382359375 0.6017156854166666 0 0.6017156854166666 0 0.6294934645833333
0 0.551164215625 0.3643790854166667 0.5536151953124999 0.365604575 0.5609681375 0.3651960791666667 0.566789215625 0.36233660208333335 0.5704656859375 0.35784313749999996 0.573835784375 0.3488562083333333 0.573835784375 0.3439542479166667 0.5756740203125 0.3423202604166667 0.5677083328125 0.3349673208333333 0.5686274515624999 0.33129085 0.5735294125 0.32761437916666664 0.575367646875 0.32434640625 0.5729166671875 0.31454248333333334 0.57107843125 0.31168300625 0.56648284375 0.30841503333333337 0.55851715625 0.30841503333333337 0.549632353125 0.3125 0.535539215625 0.31658496666666663 0.532475490625 0.32066993541666666 0.5330882359375 0.3325163395833333 0.542585784375 0.35130718958333335 0.551164215625 0.3643790854166667
0 0.9767156859374999 0.19362745 0.983149509375 0.20261437916666666 0.984375 0.20833333333333334 0.9825367640625 0.21200980416666668 0.969975490625 0.22181372500000002 0.9623161765624999 0.23202614375000002 0.9623161765624999 0.24142156874999998 0.9638480390625 0.24591503333333334 0.96875 0.25367647083333333 0.969056371875 0.2557189541666667 0.9733455875000001 0.259395425 0.9920343140625001 0.26184640625 0.9993872546875 0.26021241875 0.9993872546875 0.1985294125 0.9950980390625 0.19607843125000002 0.9950980390625 0.19240196041666666 0.9978553921875 0.18954248333333332 0.9993872546875 0.18954248333333332 0.9993872546875 0.13807189583333335 0.99448529375 0.13807189583333335 0.9892769609375 0.14133986875 0.981617646875 0.14256536041666665 0.9785539218749999 0.14501633958333335 0.9767156859374999 0.14787581666666666 0.9748774515624999 0.15563725416666668 0.971813725 0.16217320208333333 0.969056371875 0.17320261458333333 0.969056371875 0.17892156874999998 0.969975490625 0.18137255 0.973039215625 0.18545751666666668 0.9767156859374999 0.19362745
0 0.80851715625 0.37091503333333337 0.811274509375 0.37009803958333337 0.8189338234375001 0.37091503333333337 0.8302696078125 0.37949346458333333 0.8363970593750001 0.3897058833333333 0.8370098046875001 0.39950980416666665 0.8354779406249999 0.40359477083333334 0.8354779406249999 0.4076797395833333 0.83976715625 0.4174836604166667 0.83976715625 0.43014705833333333 0.840992646875 0.43300653541666667 0.8489583328125001 0.43259803958333337 0.8517156859374999 0.4285130729166667 0.858149509375 0.4227941166666667 0.8667279406249999 0.41094771249999995 0.8700980390625 0.39787581666666666 0.8700980390625 0.3827614375 0.871936275 0.37091503333333337 0.87101715625 0.3549836604166667 0.8700980390625 0.3517156854166667 0.8667279406249999 0.3488562083333333 0.8575367640625 0.3488562083333333 0.8501838234375001 0.33374182916666667 0.8498774515624999 0.33088235208333333 0.8455882359375 0.32516339791666665 0.83976715625 0.3223039208333333 0.8314950984375 0.32271241875 0.825061275 0.3272058833333333 0.812806371875 0.33088235208333333 0.8103553921875 0.3325163395833333 0.8075980390625 0.33782679791666664 0.8075980390625 0.3451797395833333 0.80851715625 0.34681372499999996 0.8079044124999999 0.35049019583333335 0.8033088234375001 0.35089869375 0.7993259796875 0.3549836604166667 0.7984068625 0.3651960791666667 0.8002450984375 0.37091503333333337 0.8066789218749999 0.37377451041666665 0.80851715625 0.37091503333333337
0 0.5952818625 0.4268790854166667 0.598039215625 0.43055555624999997 0.5998774515624999 0.4358660125 0.6001838234375 0.4473039208333333 0.6014093140625 0.45179738541666664 0.6001838234375 0.4738562083333333 0.6017156859375 0.4783496729166667 0.606617646875 0.48161764791666667 0.620710784375 0.48202614374999997 0.625 0.484477125 0.6302083328125 0.48202614374999997 0.6412377453125 0.46650326875000003 0.6427696078125 0.46323529375 0.6421568625 0.45955882291666666 0.6430759796875 0.45588235208333333 0.640625 0.45261437916666664 0.637867646875 0.45179738541666664 0.63664215625 0.4489379083333333 0.6412377453125 0.4440359479166667 0.6421568625 0.4358660125 0.6412377453125 0.4227941166666667 0.637867646875 0.41462418333333334 0.6344975484375001 0.41053921666666665 0.627757353125 0.3974673208333333 0.627757353125 0.3954248375 0.622242646875 0.38766339791666665 0.612438725 0.38766339791666665 0.609068628125 0.384395425 0.6047794125 0.38235294166666667 0.60079656875 0.384395425 0.598039215625 0.3880718958333333 0.587928921875 0.40931372499999996 0.5873161765625 0.41217320208333336 0.58823529375 0.4166666666666667 0.594056371875 0.4207516333333333 0.5952818625 0.4268790854166667
0 0.6853553921875 0.4693627458333333 0.6853553921875 0.47099673124999997 0.6859681375 0.4701797395833333 0.6853553921875 0.4693627458333333
0 0.6985294125 0.51021241875 0.6997549015625 0.5191993458333334 0.701899509375 0.5232843145833334 0.702818628125 0.5277777770833334 0.7064950984375 0.5330882354166666 0.7098651953124999 0.5363562083333334 0.712928921875 0.5367647062500001 0.7162990203125 0.5363562083333334 0.7181372546875 0.5339052291666667 0.721813725 0.5326797395833334 0.7481617640625 0.5339052291666667 0.7509191171875 0.5330882354166666 0.754289215625 0.5257352937499999 0.7545955875 0.5098039208333334 0.753063725 0.5020424833333333 0.754289215625 0.49673202708333336 0.7619485296875 0.49142156875 0.7735906859375 0.48733660208333335 0.7751225484375001 0.4852941166666667 0.7787990203125 0.4840686270833333 0.7821691171875 0.48120915 0.7849264703125 0.47426470625 0.7849264703125 0.4677287583333333 0.784007353125 0.4636437916666667 0.781556371875 0.4607843145833333 0.78125 0.4566993458333333 0.778186275 0.45261437916666664 0.77726715625 0.446895425 0.775428921875 0.44566993541666666 0.7738970593750001 0.44117647083333333 0.7662377453125 0.43504901875 0.7610294125 0.42483660208333335 0.7573529406249999 0.4227941166666667 0.7521446078125 0.42238562083333336 0.744178921875 0.41952614374999997 0.7368259796875 0.4252450979166667 0.7377450984375 0.4260620916666667 0.7377450984375 0.4285130729166667 0.734068628125 0.43341503333333337 0.71875 0.43341503333333337 0.717524509375 0.43423202708333336 0.7169117640625 0.4391339875 0.71323529375 0.4391339875 0.7123161765625 0.44199346458333333 0.712928921875 0.44607843125 0.7113970593750001 0.4497549020833333 0.7083333328125 0.45383986875000004 0.7040441171875 0.45547385625000003 0.703125 0.45955882291666666 0.700367646875 0.46282679791666664 0.69607843125 0.48202614374999997 0.69607843125 0.48733660208333335 0.6951593140625 0.4889705875 0.6954656859375 0.49918300625 0.6985294125 0.51021241875
0 0.4739583328125 0.23325163333333335 0.47242647031249996 0.24754901875 0.4733455875 0.25857843125 0.47579656875 0.26184640625 0.481617646875 0.26470588333333334 0.490196078125 0.27287581666666666 0.49632352968750004 0.27287581666666666 0.5009191171875 0.26960784375 0.502757353125 0.265522875 0.5064338234375 0.2614379083333333 0.5079656859375 0.2553104583333333 0.511335784375 0.2483660125 0.5174632359375 0.23937908541666666 0.5248161765625 0.23120915 0.5263480390625 0.22630718958333332 0.5263480390625 0.2124183 0.5245098046875001 0.19771241875 0.5189950984375 0.17524509791666668 0.515318628125 0.17075163333333335 0.5107230390625 0.16748366041666665 0.500306371875 0.16421568541666665 0.49509803906250005 0.16748366041666665 0.490196078125 0.17524509791666668 0.490196078125 0.18831699375 0.48774509843749997 0.19158496666666666 0.4849877453125 0.19076797291666667 0.4834558828125 0.18790849583333333 0.481617646875 0.17483660208333335 0.48008578437500005 0.17238562083333334 0.47824754843750006 0.171977125 0.4733455875 0.17320261458333333 0.4708946078125 0.17524509791666668 0.46476715625000004 0.18831699375 0.4641544125 0.196895425 0.4681372546875 0.21037581666666666 0.469056371875 0.2214052291666667 0.4739583328125 0.23325163333333335
0 0.41115196093749995 0.5355392166666667 0.41237745156249994 0.5363562083333334 0.42585784374999996 0.5363562083333334 0.434742646875 0.5339052291666667 0.4381127453125 0.5310457520833334 0.4420955875 0.5302287583333334 0.452818628125 0.5310457520833334 0.46047794062499997 0.5253267979166666 0.46047794062499997 0.5175653604166667 0.45557597968749997 0.50857843125 0.45557597968749997 0.49632352916666667 0.4546568625 0.4934640520833333 0.44607843125 0.4840686270833333 0.4420955875 0.48488562083333336 0.4356617640625 0.49305555624999997 0.4224877453125 0.49673202708333336 0.4154411765625 0.5012254895833334 0.405024509375 0.5040849666666667 0.40226715625000004 0.50857843125 0.4016544125 0.5126633979166667 0.40318627500000004 0.5191993458333334 0.40625 0.5236928104166666 0.41115196093749995 0.5355392166666667
0 0.0389093140625 0 0.038602940625 0.0016339875 0.0346200984375 0.0032679729166666667 0.026348039062500002 0.004901960416666667 0.0223651953125 0.00694444375 0.01960784375 0.011437908333333333 0.013174020312500001 0.01797385625 0.0079656859375 0.02573529375 0.00704656875 0.02573529375 0.002757353125 0.03472222291666667 0.0018382359375 0.047794116666666664 0 0.04820261458333333 0 0.0547385625 0.0052083328125 0.0547385625 0.0079656859375 0.052696079166666666 0.011948529687499999 0.052696079166666666 0.018688725 0.05718954166666667 0.020526960937499998 0.06004901875 0.021446078125 0.06535947708333333 0.022977940625000002 0.06699346458333334 0.0248161765625 0.07679738541666666 0.030637254687499997 0.08823529375 0.031556371875 0.09191176458333333 0.0358455875 0.09926470625 0.039828431250000004 0.10212418333333333 0.048406862499999995 0.09967320208333333 0.053615195312499996 0.10089869375 0.06770833281250001 0.09967320208333333 0.07506127500000001 0.09640522916666666 0.078125 0.09354575208333334 0.0814950984375 0.09313725416666667 0.083946078125 0.09027777708333334 0.0845588234375 0.08578431458333333 0.0845588234375 0.08006536041666666 0.0830269609375 0.071895425 0.08363970625 0.06944444375 0.0983455875 0.06903594791666667 0.105085784375 0.06535947708333333 0.10753676406249998 0.0625 0.10753676406249998 0.058823529166666666 0.1047794125 0.05228758125 0.10232843124999999 0.04003267916666667 0.10018382343750001 0.0359477125 0.0998774515625 0.031454247916666664 0.096507353125 0.022058822916666665 0.0912990203125 0.01633986875 0.0903799015625 0.012254902083333333 0.0805759796875 0 0.05238970625 0 0.05208333281250001 0.0016339875 0.0505514703125 0.0020424833333333335 0.0490196078125 0.0016339875 0.048406862499999995 0 0.0389093140625 0
0 0.5958946078125 0.17892156874999998 0.6001838234375 0.18341503333333334 0.6041666671875 0.1858660125 0.609375 0.18668300625 0.6127450984375 0.18341503333333334 0.61948529375 0.17238562083333334 0.6317401953124999 0.1625817 0.6369485296875 0.15318627499999998 0.640625 0.15073529375 0.6467524515624999 0.15073529375 0.65625 0.14746732083333333 0.6580882359375 0.14338235208333333 0.6580882359375 0.1360294125 0.6547181375 0.12581699375 0.6513480390625 0.10988562083333334 0.6473651953124999 0.10171568541666667 0.6412377453125 0.096813725 0.6397058828125 0.096813725 0.637867646875 0.09885620833333333 0.6360294125 0.10171568541666667 0.6354166671875 0.10702614375 0.6326593140625 0.11356209166666667 0.6299019609375 0.11764705833333333 0.626225490625 0.11887255000000001 0.6234681375 0.12377451041666668 0.6109068625 0.13766339791666665 0.606617646875 0.14828431458333335 0.6001838234375 0.1589052291666667 0.596507353125 0.16870915 0.594056371875 0.17156862708333334 0.594056371875 0.17524509791666668 0.5958946078125 0.17892156874999998
0 0.7833946078125 0.22834967291666666 0.7879901953124999 0.22998366041666665 0.7907475484375001 0.23325163333333335 0.7895220593750001 0.23488562083333334 0.784313725 0.23570261458333333 0.7729779406249999 0.24754901875 0.7723651953124999 0.25122548958333335 0.7748161765625 0.26021241875 0.7778799015625 0.2651143791666667 0.7791053921875 0.27205882291666666 0.782475490625 0.2749183 0.7959558828125 0.27736928125000004 0.8140318625 0.27655228750000005 0.8198529406249999 0.27573529375 0.8223039218749999 0.27369281041666665 0.8351715687500001 0.26960784375 0.8385416671874999 0.26633986875 0.8388480390625 0.2622549020833333 0.8333333328125001 0.25857843125 0.8314950984375 0.2549019604166667 0.8416053921875 0.25285947708333334 0.8452818625 0.25040849583333336 0.8599877453125 0.23406862708333334 0.859375 0.22671568541666665 0.8578431375 0.22630718958333332 0.855085784375 0.22222222291666668 0.8498774515624999 0.2201797395833333 0.8462009796875 0.2214052291666667 0.8416053921875 0.2214052291666667 0.840686275 0.2201797395833333 0.8388480390625 0.19934640625 0.8363970593750001 0.1956699354166667 0.8140318625 0.18096405208333335 0.8072916671874999 0.17769607916666666 0.7950367640625 0.17769607916666666 0.7849264703125 0.18055555625 0.78125 0.18341503333333334 0.7689950984375 0.18545751666666668 0.768688725 0.18709150416666667 0.7689950984375 0.19403594791666665 0.7680759796875 0.19934640625 0.7748161765625 0.22058823541666667 0.7833946078125 0.22834967291666666
0 0.6979166671875 0.3386437916666667 0.6979166671875 0.34027777708333334 0.707414215625 0.3533496729166667 0.712928921875 0.3533496729166667 0.7169117640625 0.3517156854166667 0.72426470625 0.34640522916666666 0.7310049015625 0.33455882291666666 0.734375 0.33047385625000003 0.73988970625 0.3272058833333333 0.7411151953124999 0.32107843125 0.7392769609375 0.31168300625 0.7359068625 0.30759803958333337 0.7359068625 0.3059640520833333 0.7334558828125 0.30228758125 0.7306985296875 0.28962418333333334 0.72732843125 0.28717320208333336 0.7224264703125 0.2875817 0.7110906859375 0.29452614374999997 0.700367646875 0.29534313749999996 0.69607843125 0.29738562083333336 0.6890318625 0.3071895416666666 0.6868872546875 0.31372548958333335 0.6853553921875 0.3190359479166667 0.6853553921875 0.32434640625 0.693321078125 0.33129085 0.6979166671875 0.3386437916666667
0 0.6810661765625 0.15604575208333332 0.6810661765625 0.16176470625 0.6927083328125 0.1875 0.6951593140625 0.19117647083333333 0.6979166671875 0.19076797291666667 0.700367646875 0.18790849583333333 0.7006740203125 0.18545751666666668 0.7055759796875 0.18055555625 0.7120098046875001 0.18341503333333334 0.7166053921875 0.1875 0.7202818625 0.18831699375 0.7236519609375 0.1858660125 0.72579656875 0.17851307291666665 0.731617646875 0.16584967291666666 0.7325367640625 0.16135620833333333 0.7319240203125 0.14665032708333334 0.733149509375 0.14256536041666665 0.7334558828125 0.12867647083333333 0.7368259796875 0.11519607916666666 0.7349877453125 0.10171568541666667 0.7297794125 0.09517973958333334 0.7279411765625 0.09395424791666666 0.7248774515624999 0.09436274583333333 0.719975490625 0.10171568541666667 0.7172181375 0.11029411666666666 0.71323529375 0.11437908541666666 0.708946078125 0.10130718958333333 0.7080269609375 0.09517973958333334 0.7068014703125 0.09395424791666666 0.702818628125 0.09395424791666666 0.6954656859375 0.10253267916666667 0.688725490625 0.11764705833333333 0.6875 0.13071895416666665 0.684436275 0.14174836666666665 0.68351715625 0.1499183 0.6810661765625 0.15604575208333332
0 0.66329656875 0.37622548958333335 0.66329656875 0.3815359479166667 0.6642156859375 0.3888888895833333 0.6657475484375001 0.39297385625000003 0.6666666671875 0.41462418333333334 0.6685049015625 0.41952614374999997 0.6724877453125 0.4252450979166667 0.677696078125 0.4252450979166667 0.6829044125 0.4170751625 0.6856617640625 0.4158496729166667 0.6939338234375 0.4158496729166667 0.6979166671875 0.4142156854166667 0.6994485296875 0.41176470625 0.6997549015625 0.40890522916666666 0.6979166671875 0.40236928125000004 0.6979166671875 0.39297385625000003 0.6994485296875 0.3864379083333333 0.6994485296875 0.37704248333333334 0.700367646875 0.3733660125 0.6994485296875 0.3643790854166667 0.69454656875 0.3582516333333333 0.690563725 0.35661764791666667 0.6810661765625 0.3435457520833333 0.667585784375 0.3435457520833333 0.6642156859375 0.3488562083333333 0.66329656875 0.35784313749999996 0.6657475484375001 0.37009803958333337 0.6642156859375 0.37581699375 0.66329656875 0.37622548958333335
0 0.577818628125 0.019607843750000003 0.5775122546875 0.022875816666666667 0.577818628125 0.02410130625 0.577818628125 0.019607843750000003
0 0.577818628125 0.0296160125 0.5787377453125 0.027777777083333333 0.577818628125 0.02410130625 0.577818628125 0.0296160125
0 0.5787377453125 0.03063725416666667 0.577818628125 0.030330883333333333 0.577818628125 0.033496731249999995 0.5787377453125 0.03063725416666667
0 0.5787377453125 0.04289215625 0.577818628125 0.033496731249999995 0.577818628125 0.04452614375 0.5787377453125 0.04289215625
0 0.5787377453125 0.01184640625 0.5772058828125 0.01184640625 0.576899509375 0.015931372916666665 0.577818628125 0.01797385625 0.5787377453125 0.016748366666666667 0.5787377453125 0.01184640625
0 0.48192402031250003 0 0.4834558828125 0.036764706249999994 0.4849877453125 0.04411764791666666 0.49264705937500003 0.05555555625 0.49601715625000004 0.06617647083333333 0.49693627500000004 0.07516339791666667 0.502757353125 0.08741829999999999 0.503063725 0.09272875833333334 0.5061274515624999 0.10539215625 0.5061274515624999 0.11274509791666666 0.5079656859375 0.11805555625 0.5131740203125 0.115604575 0.521446078125 0.11805555625 0.5294117640625 0.11805555625 0.531556371875 0.11478758125 0.531556371875 0.10784313749999999 0.528186275 0.0984477125 0.52573529375 0.08006536041666666 0.5220588234375 0.06372548958333334 0.52420343125 0.05637255 0.534007353125 0.046977124999999995 0.53829656875 0.036764706249999994 0.5389093140625 0.03186274583333333 0.53829656875 0.028186275 0.5349264703125 0.022467320833333335 0.534007353125 0.018382352083333334 0.5297181375 0.013071895833333335 0.5208333328125 0.00612745 0.5189950984375 0 0.48192402031250003 0