0 0 0.2301725625 0.004148784375000001 0.23338923333333333 0.015476300000000002 0.24436495625000001 0.026082565624999998 0.25081640833333335 0.029692928125 0.25121180416666666 0.0336935890625 0.24960511249999998 0.04005726875 0.23834422916666667 0.050421607812500005 0.22547665625000002 0.056373765625 0.2138595375 0.05688708906249999 0.21040397916666667 0.061625896874999996 0.20007646874999999 0.0667253296875 0.19201109375 0.0705689671875 0.18051867708333333 0.0756175 0.17435919791666665 0.0761308234375 0.17090364166666666 0.07485380312499999 0.16511827708333332 0.07359800625 0.1616912375 0.0701615671875 0.15793647291666665 0.053382448437499994 0.14614144375 0.0475998921875 0.13879577916666666 0.0447998 0.13013198958333333 0.0418470109375 0.12718589166666666 0.0386195484375 0.11958895833333334 0 0.13053407708333334 0 0.2301725625
0 0.8688923921875 0.3462743979166667 0.8613534921875001 0.34793812083333336 0.8561310343749999 0.35745696666666665 0.8538613671874999 0.3699219083333333 0.8556644859375 0.38123258958333334 0.8589779015625 0.38644082291666665 0.86115854375 0.3867685458333333 0.86493438125 0.39042712083333336 0.8664999015625 0.39802219375000003 0.8668733 0.4092652 0.86880789375 0.4124998625 0.8725625062500001 0.4138001145833333 0.8773862156250001 0.4129059 0.8823838484375001 0.40865231874999997 0.8860747874999999 0.4028775958333333 0.8888493296875 0.39357964166666665 0.889689275 0.381047025 0.8885861796875 0.37190229375 0.8861976125 0.36359474375 0.8842417921875001 0.3580017541666667 0.8816284015625 0.35495946875 0.8777295374999999 0.35275436666666665 0.8749718968750001 0.348807225 0.8688923921875 0.3462743979166667
0 0.87257374375 0 0.8751355625 0.011605964583333333 0.8745501156250001 0.01460909375 0.86529731875 0.02999885 0.8632228015625 0.04146275 0.861063384375 0.04349335208333334 0.8602106624999999 0.04704509791666667 0.8575675953124999 0.048267033333333334 0.8579282203125 0.05052917083333333 0.85615065 0.05718023333333333 0.86189075625 0.05980924791666666 0.8636811015625 0.062139056250000005 0.8662308171875001 0.05810636875 0.868678734375 0.05788547708333334 0.8711478765624999 0.06002290833333333 0.8730315703124999 0.06516346875 0.87724860625 0.06491405833333333 0.8995811343750001 0.07371660208333333 0.905414590625 0.07915636875000001 0.9085328546874999 0.08536564375000001 0.9115365453125 0.08640584375 0.91587660625 0.08470296458333333 0.9189608703125 0.07957304791666667 0.9249936015625 0.061785804166666666 0.9233984062499999 0.05845495416666667 0.9241281046875001 0.056356679166666666 0.9219346859374999 0.04704808541666667 0.9245437531249999 0.03448695416666667 0.9187568703125001 0.011537870833333333 0.9160289046875001 0.0033265083333333333 0.9131713593749999 0 0.87257374375 0
0 0.3794732578125 0.16673990416666667 0.37234588281250003 0.16875986458333334 0.362452415625 0.17345523333333332 0.3580911296875 0.1727997875 0.3492199828125 0.15498062499999998 0.3472344890625 0.15365185833333334 0.3453507953125 0.14851129791666665 0.3417701078125 0.14385168125 0.3374257203125 0.12995114166666666 0.3337007828125 0.12438667083333334 0.330837015625 0.10864790625000001 0.3282745234375 0.10369972291666667 0.32410838750000004 0.10204323541666667 0.3197683265625 0.10374611458333334 0.3172610609375 0.11249545208333332 0.31340464843750004 0.11500699583333333 0.30732514375000003 0.11247416874999999 0.29942561875 0.11187575416666666 0.288810903125 0.11204685 0.28039805625 0.11490399375 0.2692912421875 0.12088897083333333 0.2625457140625 0.12752938958333332 0.2592238515625 0.12894370416666667 0.253127446875 0.13965596875 0.2533353703125 0.14763579791666667 0.2547141921875 0.14960936875 0.2555796890625 0.15503849583333332 0.25380211875 0.16168955833333334 0.2504505796875 0.1673680916666667 0.24801543750000002 0.17656985625 0.24989068125 0.18833296458333332 0.2488980359375 0.20658327291666667 0.2556862140625 0.24248888333333335 0.2577141578125 0.24853429791666667 0.2627966921875 0.2537140145833333 0.269266496875 0.25424475416666664 0.2866988640625 0.24788566666666664 0.29016497812500003 0.24737620624999998 0.2932407921875 0.24886883333333334 0.2982215265625 0.2578603479166667 0.3022774140625 0.2699511770833333 0.3069780984375 0.2705104354166667 0.30978663906250004 0.27255167708333333 0.315229796875 0.2799935291666667 0.3263197109375 0.28725364583333335 0.3304561734375 0.29317435625 0.34178368593749997 0.30415008125000004 0.34464312656249996 0.30428542708333334 0.348088015625 0.3014176416666666 0.3484146390625 0.2923405833333333 0.344922975 0.27488829791666664 0.3459496203125 0.2679771854166667 0.351380003125 0.26643816875 0.3681251234375 0.2668940020833333 0.3722488109375 0.2638338416666667 0.3796603609375 0.24802017291666667 0.3813021296875 0.23384170833333334 0.3829057734375 0.23055001458333332 0.393384690625 0.22285151875 0.40187811250000005 0.21382425625 0.40239143593750004 0.2103687 0.4003210421875 0.19960663541666665 0.397974925 0.19601573541666667 0.39732580156249997 0.19194388958333333 0.389112228125 0.17157402291666665 0.38519214062499996 0.16701059583333333 0.3794732578125 0.16673990416666667
0 0.5196363500000001 0.09580717083333333 0.5141804171875 0.07938444583333333 0.5104554796875 0.073819975 0.5079947875 0.06505999583333334 0.501151584375 0.05328624791666667 0.49883514218749997 0.045431122916666664 0.49552172812500006 0.04022289166666667 0.4921065140625 0.03882645208333334 0.48633673125000004 0.04046166041666666 0.48126697343749997 0.0442628125 0.4737408484375 0.05490740625 0.4699565609375 0.057871377083333335 0.4645389546875 0.06839126875 0.4635632078125 0.07339648333333333 0.44986422656249997 0.07869749791666666 0.44714058593750006 0.08608955208333334 0.4478109328125 0.09251972083333333 0.44487091875000007 0.09855449791666666 0.4376926421875 0.10248035416666666 0.42852887187500005 0.10507744791666668 0.424960959375 0.10939870208333334 0.42180044531250005 0.13630215833333334 0.4261279328125 0.16344778958333334 0.429628046875 0.17427752708333333 0.4349481796875 0.18317285 0.4378416203125 0.19464739166666664 0.44427329843749996 0.2060649 0.44561399531249996 0.21892523958333332 0.447281315625 0.22270851875 0.4601531234375 0.23892099166666667 0.4669411 0.23699721875 0.47383087812499997 0.23126165208333335 0.47577392031250004 0.22787376874999998 0.4904995484375 0.21566164166666668 0.49432628593750005 0.21741431875 0.502671334375 0.22970816666666666 0.5105920828125 0.23266490416666666 0.5180588578124999 0.23054875625000001 0.53021354375 0.22001098958333334 0.5509677749999999 0.21223758958333333 0.5524992953125001 0.20849346666666665 0.55275379375 0.19896397916666667 0.549652428125 0.17950961041666666 0.5495166296875 0.17198221041666667 0.5476329343749999 0.16684164791666667 0.5355841734375 0.15134165416666667 0.5336283546875 0.14574866458333335 0.5301197921874999 0.141541475 0.5282360984375 0.1364009145833333 0.5261444796875 0.123280525 0.532096634375 0.11166340625 0.5380191140624999 0.10431050625 0.541268853125 0.10244376666666667 0.5418543015624999 0.09944063750000001 0.5444252453125 0.09776627291666666 0.5455240156250001 0.0913075875 0.54446336875 0.08687950416666666 0.5396184328125 0.08541539166666667 0.5369032421875 0.08618490208333333 0.5267637265625 0.09378721041666667 0.524141884375 0.09736747083333334 0.5196363500000001 0.09580717083333333
0 0.19519796875 0.4705309041666667 0.19272037656250002 0.47501602083333333 0.184914203125 0.4772283583333333 0.178032875 0.4763413791666667 0.1744734109375 0.4740400854166667 0.1684872546875 0.47431801041666666 0.1649702421875 0.4767333666666667 0.162759925 0.4806698666666666 0.16231027656250002 0.49120039583333336 0.16856803125 0.5059772729166666 0.1744014875 0.5114170416666667 0.1785676234375 0.5130735291666667 0.18421438125 0.5128917916666667 0.19614424218749998 0.50761929375 0.20835415156249998 0.51077905 0.2124990625 0.5100772145833333 0.21859546718749998 0.4993649479166667 0.2188202921875 0.4940996833333333 0.22215060625 0.4860628229166667 0.221293559375 0.47401114791666665 0.2189474421875 0.47042025 0.21781467031249999 0.4655397375 0.20473926250000002 0.45695085416666664 0.19880400625 0.4553228833333333 0.1963985390625 0.46026042500000003 0.1965131140625 0.46542950208333334 0.19519796875 0.4705309041666667
0 0.42418549062500005 0.2803238208333333 0.4185090609375 0.2847697791666667 0.4147459984375 0.29009207499999995 0.405480428125 0.29650096249999996 0.40365195781249996 0.30505792291666667 0.40437320625 0.30958219375 0.403397459375 0.31458741041666666 0.41619714375 0.33034745625 0.4183608875 0.3439202708333333 0.4227349484375 0.3535565875 0.42444471874999995 0.36205651666666666 0.43056667343750005 0.36930599166666667 0.449840284375 0.36337081250000003 0.453552446875 0.3599544145833333 0.45467244375 0.35585405416666666 0.45402332031250003 0.35178220833333335 0.45939847812499995 0.3365456708333333 0.4589741796875 0.3272085604166667 0.46194386875 0.31690956458333336 0.461137721875 0.30295199375 0.459283703125 0.2935472125 0.45328477187500005 0.28484426458333334 0.4451179734375 0.2847944666666667 0.441320909375 0.27877756666666664 0.433688659375 0.27763053958333334 0.42418549062500005 0.2803238208333333
0 0.8074525421875001 0.3324777 0.8026076078125 0.3310135895833334 0.7982675484375 0.33271646875 0.792387515625 0.34478601666666664 0.7910723703125 0.34988742083333335 0.7904572484375 0.3571547729166667 0.7913355203125 0.37156477083333334 0.7923240421875 0.3755404270833333 0.8072746953125 0.39589241666666664 0.8100111109375 0.39748123124999996 0.8231755421875 0.3932774479166667 0.8316986390625001 0.37998596458333334 0.8333531828125 0.37478837291666667 0.8373538453125 0.37318168125 0.8421987812499999 0.37464579166666667 0.8460042937500001 0.3740401458333333 0.8502510046875 0.36952651458333335 0.852389196875 0.36513758749999997 0.8537552421875001 0.3581302875 0.85144725 0.3436526166666667 0.8534580921874999 0.3251137416666667 0.85302534375 0.32239917916666666 0.8476755359375 0.3177680770833333 0.8403105609375 0.3160724333333333 0.8301285921874999 0.31895809166666667 0.82193211875 0.32317251458333335 0.81472416875 0.33136259583333333 0.8074525421875001 0.3324777
0 0.0903068125 0.51349828125 0.0821696890625 0.5091842604166666 0.07967087187500001 0.5113110520833334 0.0765060328125 0.5226110895833334 0.07313326875000001 0.5259313 0.070418078125 0.5267008083333333 0.06640896562500001 0.5349300458333333 0.0593028140625 0.53930833125 0.05179791406249999 0.55231125 0.0482809 0.55472660625 0.045773634375 0.56347594375 0.047288254687499996 0.5729769145833333 0.057402421875 0.5852422479166666 0.0653952953125 0.5886514125000001 0.089832015625 0.5817258312500001 0.1083843796875 0.57126638125 0.11202441875 0.5673975541666666 0.1132165390625 0.5637496229166667 0.1093854765625 0.5463935249999999 0.107039359375 0.542802625 0.102262225 0.5261875229166667 0.0970863390625 0.5181970541666667 0.0924153296875 0.513373575 0.0903068125 0.51349828125
0 0 0.4017879416666667 0.00151085 0.40153211666666666 0.0123503890625 0.39609575625000004 0.015281954687499998 0.39668352916666666 0.0133601359375 0.4024297375 0.015307504687500001 0.41464527083333336 0.0188160671875 0.4188524604166667 0.0212046359375 0.4271600125 0.023262253125 0.42894120416666665 0.026885392187500003 0.43831747083333333 0.032956446875 0.44747284375 0.0358880125 0.4480606166666667 0.03762745625 0.452296325 0.0409705453125 0.45324033333333336 0.043583937499999996 0.4562826208333333 0.050104642187500006 0.45490746249999997 0.05706654375 0.449624325 0.060324732812500004 0.4411350354166667 0.063646596875 0.439720725 0.0692552296875 0.45042575625 0.0720637703125 0.452467 0.07601353125 0.45276620416666663 0.0851391765625 0.46105588125 0.0890168140625 0.4609026625 0.09250415468749999 0.46275152708333334 0.111964465625 0.4624378520833333 0.1190069421875 0.45098459375 0.120758959375 0.4263717895833333 0.122825028125 0.4215304354166667 0.1240468234375 0.41361827916666666 0.1272965640625 0.4117515375 0.12761473750000002 0.409297025 0.12470007187500001 0.3954641604166667 0.1314456 0.3888237375 0.132493471875 0.38427095 0.12967215468749999 0.37324883541666665 0.1212549828125 0.3605025604166666 0.1182385171875 0.3504814895833333 0.1145135796875 0.34491701875 0.1121250125 0.33660946666666663 0.108400071875 0.33104499375 0.10767882499999999 0.3265207229166667 0.098943478125 0.31622896041666665 0.0900342078125 0.30929656666666666 0.081977659375 0.29881242708333333 0.06939867499999999 0.30001308125000004 0.068257453125 0.30175511666666666 0.05938218125 0.30616191875 0.05380755 0.30679608333333336 0.0478722953125 0.3051681104166667 0.0418436890625 0.3007293854166667 0.037821803125 0.2999777520833333 0.032052021874999996 0.30161295833333335 0.027003489062500004 0.3077724375 0.024547121875 0.31461587500000004 0.020156159375 0.31822465208333334 0.0161554984375 0.31983134375 0.006970503124999999 0.3200701125 0 0.3253960770833333 0 0.4017879416666667
0 0.7737184625 0.7505961791666667 0.763430371875 0.7416902145833333 0.7592133359375 0.7419396208333333 0.7545635515625 0.73947446875 0.74926464375 0.73293746875 0.7447803328125 0.73373549375 0.7356717890625 0.75003010625 0.733011821875 0.7644971354166666 0.719817715625 0.7729651416666666 0.715931628125 0.7797409083333334 0.7136407359375 0.7898475270833334 0.71550753125 0.80823318125 0.7184094203125 0.813085175 0.7226476828124999 0.8151940916666667 0.7263810703125 0.8141360166666666 0.7300211078125 0.8102671895833333 0.7314508281250001 0.8103348625 0.7390237281250001 0.8200103354166667 0.7452983843750001 0.8215421208333333 0.756748921875 0.8310643729166666 0.7581065171875 0.8306796187500001 0.766315765625 0.8354460666666667 0.7706049265625 0.8356490833333333 0.77659953125 0.8287486125 0.7786655984374999 0.8239072583333333 0.7790346734375 0.8195468479166668 0.7812449906250001 0.8156103479166668 0.7874050718750001 0.81197305625 0.7876383453125 0.8000852458333333 0.7843121562500001 0.7858961416666667 0.786276425 0.78486658125 0.7905146859375 0.7869754979166667 0.7949989953125 0.7861774708333333 0.7961189921875 0.7820771104166667 0.794574696875 0.7768403625 0.7892545640625 0.7679450395833334 0.7867938718749999 0.7591850604166667 0.7841083546875 0.7556903479166667 0.7758269828125 0.7504714729166667 0.7737184625 0.7505961791666667
0 0.794469478125 0.13755266041666667 0.783587490625 0.13827237083333335 0.777838934375 0.14226590208333334 0.7739019468749999 0.15094756458333333 0.7579289734375 0.15311010625000002 0.7515016203125 0.15729601458333334 0.7461858125 0.16400410833333331 0.7439245953125 0.16984650625 0.735159775 0.20164834791666666 0.7408660828125 0.23076754791666668 0.7435006984375 0.23616816041666666 0.7474929109375 0.24118401458333333 0.7596603703125 0.23962712291666666 0.7691466390625 0.25017893541666664 0.7737964234375 0.25264408958333334 0.7876821046875 0.2529645770833333 0.7930403625 0.25097313125 0.799497390625 0.24252300208333333 0.8077616624999999 0.22315758749999998 0.8040451750000001 0.21097057083333332 0.8035190765625 0.20544525416666665 0.804711196875 0.20179732083333332 0.8108712765625 0.19816002916666667 0.8160216109375 0.18818875625 0.8166451828125 0.17429885833333333 0.8143075156249999 0.16408540833333335 0.812207446875 0.15758756666666668 0.8079267359375001 0.15076200208333335 0.8004471843750001 0.14389728125 0.7963107234375 0.1379765708333333 0.794469478125 0.13755266041666667
0 0.8882377265624999 0.26513288125 0.888012903125 0.2703981458333333 0.8908554437499999 0.2837785854166667 0.8909912437499999 0.29130598750000003 0.8860276109375 0.3068987645833333 0.8812210015625 0.33237726666666667 0.878569484375 0.34022175000000004 0.878921659375 0.34910643125 0.8803726046874999 0.35153242916666666 0.8861339359375 0.35651976875 0.8878309312500001 0.356038825 0.90284505625 0.3456364083333333 0.9061456953125001 0.3418637708333333 0.9068032671875 0.33931306666666666 0.91024815625 0.3364452854166667 0.9152754640625 0.32792748125 0.91758758125 0.3201791875 0.9153813890625001 0.3018897208333333 0.906913315625 0.29104934375 0.9046689984375 0.2836466479166667 0.9014489328125 0.2812491645833333 0.8930105359375 0.26614456458333335 0.8882377265624999 0.26513288125
0 0.7513839250000001 0.36349981249999996 0.7463438421874999 0.3630367458333333 0.739021315625 0.36605775 0.7294291234375 0.3815436958333333 0.71583194375 0.38303291666666667 0.7098033359375 0.37859419375 0.7053911515625 0.37984464375000004 0.7015644140624999 0.3780919666666666 0.697224353125 0.37979484583333334 0.6946746359375 0.3838275333333333 0.6957352828125 0.38825561875 0.6949546859375 0.3922597895833333 0.6921376953125 0.39684109375 0.69285894375 0.40136536458333333 0.6947935375000001 0.40460002916666665 0.6947638625 0.4088642520833333 0.691997771875 0.41153965625000005 0.6819388296875 0.41297184375 0.6735472062500001 0.41818731249999996 0.6715320375 0.42112276875 0.6712350890625001 0.42593560625000004 0.6691690203125 0.4307769604166667 0.66966544375 0.4405664958333333 0.6720455624999999 0.45549659375 0.67392925625 0.46063715625 0.6795887875 0.46943628958333333 0.68537979375 0.4701594083333333 0.7081407453125 0.46607309583333334 0.718691784375 0.45882702708333334 0.7301719984374999 0.46408505625 0.740281840625 0.46074697291666666 0.7530728718749999 0.44530018125000004 0.7562801625 0.43871679166666666 0.758931678125 0.4308723083333333 0.75782858125 0.42172757708333336 0.7526739234375001 0.41609543125 0.7520247999999999 0.4120235875 0.7541842171875001 0.4099929854166667 0.7624019171875001 0.4081368854166667 0.7661649796875001 0.4028145875 0.7696183171875 0.39332425833333334 0.7678873234375 0.38246600625 0.7648411828125 0.3767091583333333 0.7629278140625 0.37583281875 0.762639315625 0.37402310833333335 0.7565173609375 0.36677363333333335 0.7513839250000001 0.36349981249999996
0 0.3815609546875 0.23991564166666668 0.380020984375 0.2502823083333333 0.375528225 0.25770288125 0.372537309375 0.26564355 0.3694318203125 0.2684151458333333 0.36221109375 0.26762435416666663 0.35849893125 0.2710407541666667 0.357646209375 0.27459249999999996 0.36144327187499997 0.28060939791666667 0.36223664375000003 0.2855860979166666 0.3575996328125 0.2921018145833333 0.3502771078125 0.29512281875 0.34784196562499997 0.3043245833333333 0.3435740296875 0.3064798875 0.3350762828125 0.2999037333333333 0.3263537109375 0.29859284375 0.325110690625 0.30414667291666664 0.3265616359375 0.3065726708333333 0.3264089375 0.3122903625 0.329259928125 0.31904825416666666 0.331135171875 0.33081136250000004 0.3400232171875 0.3353854333333333 0.347994865625 0.33643627291666667 0.3588556296875 0.3333582375 0.3643369125 0.3299133229166667 0.375825575 0.32854880625 0.38124318281249997 0.31802891666666666 0.3932960671875 0.31130294791666663 0.3980476515625 0.30995630625000004 0.401390740625 0.31090031875 0.40271433593749995 0.29917636875000003 0.4018488390625 0.29374724375 0.399286346875 0.28879906041666664 0.39888327343749996 0.281820275 0.40417785781250004 0.27275385625 0.40654087343749995 0.2630996625 0.4101809109375 0.2592308354166667 0.41730828750000004 0.257210875 0.42097800156250004 0.24907782916666665 0.4173633125 0.23307901458333333 0.41826693437499995 0.22762137291666665 0.4176178109375 0.22354952708333334 0.414304396875 0.21834129375 0.4099940109375 0.21577995 0.4021157125 0.2175398625 0.3945683625 0.22582613124999998 0.38537491562500004 0.23268744583333334 0.3815609546875 0.23991564166666668
0 0.6329250625 0.36586280416666667 0.6300443984374999 0.36336913541666666 0.6278213046875 0.3583247625 0.620354528125 0.3604409125 0.6149878203125 0.3690549041666667 0.6142284484375 0.3754174 0.6120181312499999 0.3793539 0.6158704187499999 0.39906831875000004 0.6202953796874999 0.40679873958333335 0.6246057656249999 0.40936008125 0.6325052890625 0.4099584958333333 0.6389538703125 0.40813091041666666 0.6509346296875 0.40095251458333336 0.6519485015625001 0.38506053125 0.6485586359375 0.36379645208333333 0.64614039375 0.35975312291666667 0.641757884375 0.3567393541666667 0.6377572218750001 0.35834604583333335 0.63496145625 0.36528567291666664 0.6329250625 0.36586280416666667
0 0 0.461574575 0.0020923734375 0.4585843333333333 0.006614809375 0.44689953958333334 0.0124863890625 0.4414525375 0.015837928125 0.4357740041666667 0.016618525000000002 0.43176983124999996 0.015608778125 0.42543585 0.007149156249999999 0.4079729270833334 0.0046800140625 0.40583549375 0 0.40540550833333333 0 0.461574575
0 0.7569511140625 0.5586351083333334 0.7531371515624999 0.5658633020833334 0.75189413125 0.5714171333333333 0.7455092249999999 0.5803196895833334 0.7349837359375 0.6055275020833334 0.733494665625 0.6139882729166667 0.7360274828125 0.6232006791666667 0.74019361875 0.6248571666666667 0.7428070109375 0.6278994520833333 0.7522508296875 0.6337346166666666 0.7580418375 0.6344577333333333 0.766238309375 0.6302433083333334 0.7755844546875 0.6176643041666666 0.779657240625 0.6165100395833334 0.7817020828125 0.6093103604166666 0.7817317578125 0.6050461395833333 0.7810826359374999 0.60097429375 0.7764922000000001 0.5899806958333333 0.78221953125 0.5836288395833333 0.7837510515624999 0.57988471875 0.783687375 0.5728097437499999 0.78568131875 0.5675159625 0.7843830734374999 0.559372275 0.783004253125 0.5573987041666667 0.7777477953124999 0.5555783541666667 0.7707434421875 0.5561448458333333 0.769704021875 0.5540750875 0.76677245625 0.5534873145833333 0.7569511140625 0.5586351083333334
0 0.5468209515625 0.6512885937499999 0.5457943046875 0.65819970625 0.545981003125 0.6638212104166666 0.548759871875 0.6701266729166666 0.5514962875 0.6717154895833333 0.556319996875 0.670821275 0.557893965625 0.6717938041666667 0.5597692109375 0.6835569104166667 0.5614365296875 0.6873401895833333 0.56494509375 0.6915473791666666 0.5722931703125 0.7064881187500001 0.577375703125 0.7116678375000001 0.5815206140625 0.7109660000000001 0.5837309328125 0.7070295000000001 0.5867939718749999 0.6995412562500001 0.5881387921875 0.6901756291666667 0.5850077515625001 0.6749854833333334 0.5852198015625001 0.6607393479166667 0.58327243125 0.6485238125 0.5816772375 0.6451929604166666 0.5743631609375 0.64159141875 0.5645502687499999 0.6401166645833333 0.5547586 0.6410002395833333 0.5497609671875 0.64525381875 0.5468209515625 0.6512885937499999
0 0.7735716 0.25790935416666666 0.7685739671875 0.2621629354166667 0.763156359375 0.272682825 0.7637758078125 0.2810188895833334 0.76839591875 0.2877482666666667 0.7702796125 0.2928888270833333 0.775120421875 0.3165789041666667 0.7778780624999999 0.32052604375 0.7848018406249999 0.32612967291666667 0.7920946921875001 0.3273728895833333 0.79948089375 0.33142686041666664 0.8155981156250001 0.330169175 0.8187757296875 0.32785000625 0.8253557828125 0.31794640625 0.8457281671875 0.3055525416666667 0.850653675 0.30084653541666667 0.8521851953124999 0.2971024125 0.850670575 0.2876014416666666 0.8362163468749999 0.2770389875 0.8257034296875 0.27339828958333334 0.819827525 0.2632418729166667 0.8116904015624999 0.2589278541666667 0.7735716 0.25790935416666666
0 0.6041713171875001 0.7173140291666668 0.6030513203125001 0.7214143895833334 0.60377256875 0.7259386625 0.6023131734375 0.7301352104166666 0.5969549140625 0.73212665625 0.594816721875 0.7365155833333333 0.59605561875 0.7531877145833333 0.6001411796875 0.761014325 0.6020545484375 0.7618906625 0.6108067968750001 0.75893733125 0.6130595640625 0.75971748125 0.6136365625 0.7633368979166666 0.6112481953125 0.7928587291666667 0.6123088421875 0.7972868125 0.614705859375 0.79897181875 0.6159913296874999 0.7981346354166666 0.618405246875 0.7865745458333334 0.6209337390624999 0.7801835333333333 0.623882203125 0.7675262145833333 0.625719121875 0.7523467083333333 0.6304663796875001 0.7353966479166666 0.630937253125 0.72722444375 0.629032334375 0.7197255583333334 0.6275092640625 0.7168471333333333 0.6211412609375 0.7125045979166666 0.6132417359375 0.7119061833333333 0.6067931578125 0.7137337666666668 0.6041713171875001 0.7173140291666668
0 0.37854136875 0.4412674458333333 0.3735905109375 0.46584109375 0.3736457359375 0.47953861458333336 0.3709857703125 0.49400564166666666 0.3732937640625 0.5084833125 0.3753217078125 0.5145287270833333 0.37737932500000004 0.5163099208333334 0.3880150640625 0.48066776875 0.3885792875 0.47530631458333333 0.3941708203125 0.4614270583333333 0.39388232031250003 0.4596173479166667 0.3966780859375 0.45267771875 0.3969029109375 0.4474124541666667 0.3995544265625 0.43956797291666666 0.40111562031250003 0.43155962708333334 0.4003222484375 0.4265829291666667 0.4010519453125 0.42448465416666664 0.4001864484375 0.4190555291666667 0.39771730625 0.4169180979166667 0.396987609375 0.4190163708333333 0.3943445421875 0.42023830833333337 0.383712928125 0.4336544958333333 0.3811419859375 0.4353288604166667 0.37854136875 0.4412674458333333
0 0.5799211546875 0 0.580316225 0.0024782166666666664 0.58614123125 0.014540531249999999 0.596501446875 0.023898922916666666 0.6101835265625 0.031842999999999996 0.6190078999999999 0.029342095833333335 0.6242219062500001 0.026445797916666666 0.627038896875 0.02186449375 0.6271194718750001 0.015694375 0.6221471875 0.00008031458333333334 0.622147746875 0 0.5799211546875 0
0 0.83096089375 0.46436555 0.828419628125 0.46177569166666665 0.8250256390624999 0.46273757916666663 0.822403796875 0.4663178375 0.82181835 0.4693209666666667 0.8211311015625 0.47613588958333336 0.821924475 0.48111259166666664 0.8273167328125 0.4904603416666667 0.8291198515625 0.5017710208333334 0.8287847781250001 0.5174706270833334 0.830795821875 0.5367611354166667 0.8353862578125 0.5477547333333334 0.8375159999999999 0.5499883541666667 0.8459288484374999 0.5471312104166667 0.8551307421875001 0.5336473500000001 0.8627926671875 0.5305301583333333 0.8658769312500001 0.5254002375 0.865316834375 0.5085357270833334 0.869016221875 0.49613845624999997 0.8693131703124999 0.49132561875 0.8683034234375 0.4849916375 0.8601323000000001 0.4693384208333333 0.8556436640625 0.45453302916666666 0.8489871593749999 0.4483807854166667 0.8443586 0.4482739541666667 0.8413252343750001 0.45149797708333334 0.8355173296875 0.46401995208333335 0.83096089375 0.46436555
0 0.5973634234375 0.16504216041666667 0.5955518546875 0.16035402708333332 0.588678975 0.1528445 0.5827946203125001 0.14931063125000002 0.5773005625 0.143774675 0.5751283703125 0.13682440625 0.5703640109375 0.12919017500000002 0.5508696984375 0.11816465416666667 0.5465168625 0.11088666041666667 0.5422064765625 0.10832531875 0.537866415625 0.11002819999999999 0.52922029375 0.12477315416666666 0.528172421875 0.12932593958333333 0.528554271875 0.13394640000000002 0.5337004796875 0.14620109166666667 0.5398436609374999 0.15580889375 0.549813578125 0.16716937083333333 0.5540223656250001 0.21137189166666664 0.5579933515625 0.21402942291666666 0.559847371875 0.22343420416666668 0.5624904390625 0.22221226875 0.5631480125 0.21966156666666667 0.5643104578125 0.22027785625000001 0.565710503125 0.22460974791666669 0.5634280609375 0.22809382083333332 0.5661644781249999 0.22968263749999998 0.5654347796875 0.23178091250000002 0.5718918078125 0.22333078125 0.5758924703125 0.22172408958333334 0.5787010109375 0.22376533333333332 0.606349346875 0.22585978125 0.6094972859375 0.2278048375 0.625079959375 0.22764438333333334 0.628770896875 0.22186965833333333 0.62559740625 0.20196286249999998 0.6202772734375 0.1930675375 0.616985084375 0.19021762916666668 0.6136504453125 0.18265107083333335 0.60648906875 0.1733318375 0.5973634234375 0.16504216041666667
0 0.6808388515625 0.19245423749999999 0.67143748125 0.19133572291666667 0.66795014375 0.18948685833333334 0.6619639875 0.18976478333333333 0.653695390625 0.19352677916666666 0.6503947515624999 0.19729941666666667 0.6492026296875 0.20094735 0.6409977062500001 0.21178432083333334 0.6389231890625 0.22324822083333334 0.644476796875 0.25808511458333333 0.646071990625 0.26141596666666667 0.6495805546875 0.26562315833333333 0.6613068171875 0.26797424791666663 0.6642511578125 0.27754289374999996 0.6678827468749999 0.2802966125 0.669651865625 0.2802680979166666 0.67227370625 0.2766878375 0.6821459484375 0.26963414375 0.6869568828125 0.25975905833333335 0.6931466375 0.2518575458333333 0.694606034375 0.24766099375 0.6938126609374999 0.24268429583333334 0.69929394375 0.23923938125 0.69908601875 0.2312595541666667 0.7015423843749999 0.22441611250000001 0.699667140625 0.21265300625 0.6962307015625 0.20889824375000002 0.6944912578125 0.2046625375 0.6885856765625 0.19877034375 0.6863541328125 0.20034851666666667 0.68480418125 0.19952665 0.683986790625 0.19439929166666667 0.6808388515625 0.19245423749999999
0 0.9743306703125001 0.2733612791666667 0.97500946875 0.27316890208333333 0.9622754390624999 0.19329036875 0.9586966953125 0.19976886875 0.956312453125 0.20706473541666667 0.9505342234375 0.2153224875 0.9520403937499999 0.23144600625 0.9540683375000001 0.23749142083333333 0.9573860765625 0.2583030708333333 0.9629947078125 0.26900810416666665 0.9655359750000001 0.2715979604166667 0.9690020890625 0.27108850416666663 0.9743306703125001 0.2733612791666667
0 0.278019546875 0.40260895416666664 0.27050187187499997 0.40663100208333336 0.26727335625 0.41085606458333335 0.2656909375 0.41650608541666667 0.266556434375 0.42193521041666665 0.27107474531250003 0.4324763833333333 0.2732172640625 0.443690875 0.2775192 0.45287476249999997 0.28335265625 0.45831453125 0.2903782328125 0.4601063645833333 0.2951298171875 0.45875972291666667 0.3058251078125 0.4524185104166667 0.3122100109375 0.44351595208333333 0.314789403125 0.43521904166666664 0.3112552890625 0.41305011041666667 0.3034956890625 0.39775313125 0.2977555828125 0.39512411666666664 0.2894657578125 0.39652778958333335 0.2784819703125 0.40105929375000005 0.278019546875 0.40260895416666664
0 0.6652469234375 0.04791970833333334 0.6517090921875 0.04088048541666667 0.6363215671875 0.04003989583333333 0.6315996578124999 0.037122314583333337 0.6268565234375 0.03184640833333333 0.6219394640625 0.029929868749999998 0.6094750546875 0.0362996 0.6026786265624999 0.04484591875 0.5935191828125 0.06304643125 0.5921234625 0.07431795416666667 0.587825853125 0.08073748124999999 0.5863155578125 0.08683992916666666 0.5852040109375001 0.08431774166666667 0.577889934375 0.08071619999999999 0.57093648125 0.07937679166666665 0.568221290625 0.0801463 0.562731559375 0.09021376249999999 0.5576364515625001 0.11388255833333334 0.55821345 0.117501975 0.568501540625 0.12640793958333335 0.5730792015625 0.12842066666666666 0.57535319375 0.13155914166666666 0.5779581359375 0.1412239729166667 0.5813224499999999 0.14452630833333335 0.587669228125 0.14651051875 0.5953439296874999 0.15237419791666668 0.614990940625 0.15768202708333331 0.6234886875 0.16425818333333334 0.6268317765625 0.16520219375 0.6312439624999999 0.16395174166666668 0.63723856875 0.1570512708333333 0.6433986484374999 0.1534139791666667 0.6518327203125 0.15291516041666667 0.6581794984375 0.15489937083333333 0.6703597343750001 0.16232335 0.6823532718750001 0.16412582708333331 0.6847502890625 0.16581082916666665 0.69832624375 0.16196328541666669 0.70393055 0.1570649 0.7089494078125 0.15516964375 0.714142190625 0.14991501875 0.71342094375 0.14539074791666667 0.7087499328125 0.14056726875 0.7058268171875001 0.13335694791666666 0.7022121296875 0.11735813541666666 0.7006890593749999 0.11447971041666666 0.6974689953125 0.11208223125 0.6871003296875 0.10934638541666668 0.6897009453125 0.10340780000000001 0.6933409828125 0.09953897291666666 0.6971549453125 0.09231077708333334 0.6995900875000001 0.08310901458333333 0.698508215625 0.07632260625 0.6929717078125 0.06607000208333333 0.6843084859374999 0.056230666666666665 0.677117434375 0.05117565416666667 0.67062640625 0.048286587500000006 0.6652469234375 0.04791970833333334
0 0.086340753125 0.6399323124999999 0.07724065937499999 0.6496043791666666 0.0724084984375 0.6571211395833333 0.071063678125 0.6664867645833333 0.07250617499999999 0.6755353104166667 0.0762311125 0.6810997812499999 0.08768165156249999 0.6906220354166667 0.10534316875000001 0.6946010979166667 0.11159659687500001 0.6937745562500001 0.113756015625 0.6917439541666667 0.1159451078125 0.68544913125 0.11273349375 0.6764291041666667 0.10970425156250001 0.6574271604166667 0.1058647390625 0.6466936125 0.10097735625 0.6405128520833333 0.096009396875 0.6405022104166667 0.092110534375 0.63829710625 0.086340753125 0.6399323124999999
0 0.7329043421875 0 0.732379903125 0.006195972916666666 0.7291217140625 0.014685258333333335 0.721061040625 0.026427083333333334 0.7180404515625 0.03863197708333333 0.7095810296875 0.058998433333333336 0.7104677515625 0.06678588541666668 0.7123302203125 0.06956812083333334 0.7211249171875 0.07133143958333334 0.73218083125 0.06725236250000001 0.7354730203125001 0.07010227083333334 0.7361730421875 0.07226821666666666 0.7392488578124999 0.07376084375 0.7431180453125 0.08023017083333334 0.7456933125 0.094159225 0.7579499968750001 0.11763904791666667 0.762366509375 0.13199201458333334 0.7678393421874999 0.13516964583333332 0.7754715921875001 0.13631667500000003 0.794477928125 0.1309301125 0.815588459375 0.10981542708333333 0.8170266296875001 0.10326055416666667 0.8159235328125 0.09411582083333332 0.817455053125 0.0903717 0.828655215625 0.087197475 0.8331607515625 0.088757775 0.8383959843750001 0.0882198 0.8446281890625 0.08503493541666667 0.8458796609375 0.07285855833333334 0.8493542234375001 0.06572655 0.851717240625 0.05607236041666666 0.872297346875 0.01382894375 0.8693391390625 0 0.7329043421875 0
0 0.861173834375 0.07088839375 0.853656159375 0.07491044166666666 0.8502833953125 0.07823065208333334 0.8468088328125001 0.08536265625 0.8462955093750001 0.08881821458333333 0.8410730515625 0.09833706041666666 0.840415478125 0.10088776041666667 0.8412088499999999 0.10586446041666667 0.8379082109375 0.10963709791666668 0.832634853125 0.12106184166666667 0.83187548125 0.1274243375 0.8333179765625 0.13647288125 0.8362198671875 0.14132487708333336 0.840827203125 0.13907338333333333 0.84349149375 0.14020977083333333 0.8442551921874999 0.14945069375 0.8455618875 0.15097183541666667 0.8529777640624999 0.15076158333333334 0.8609918625 0.15652907291666668 0.8674404421874999 0.15470148958333332 0.8756029140624999 0.13914787083333333 0.8779447062499999 0.1271353541666667 0.8831247140625 0.11289985625 0.8937860046875 0.09521944583333333 0.9030006734375 0.09071645833333333 0.9038109453125 0.08244806458333334 0.9033060718750001 0.07928107291666667 0.9011042046875 0.076595025 0.890086415625 0.06978733541666667 0.8758910109375 0.06529881458333334 0.8720854984375 0.06590446041666667 0.8693915328124999 0.06903229583333334 0.861173834375 0.07088839375
0 0.905728640625 0.09892781875000001 0.8984866890625 0.09577870416666667 0.892449634375 0.097962525 0.8803077234375 0.1174811625 0.8793319765625001 0.12248637708333333 0.8768543843750001 0.12697149166666669 0.8744107937500001 0.14279580208333334 0.8672665171875 0.15806085625000002 0.8668974437499999 0.16242126666666667 0.8565458781249999 0.18426971041666668 0.8543526609375001 0.2127905 0.8560752046875001 0.2302713 0.857598275 0.23314972291666666 0.8621250359375001 0.23706834791666667 0.866753596875 0.23717517708333336 0.8744791968750001 0.24113295833333334 0.8806817265625 0.24221231666666665 0.885620009375 0.24648717708333334 0.8892303734375 0.24688257291666668 0.8948474546874999 0.25096506041666666 0.9007105859375001 0.25214060416666667 0.9116562515625001 0.2584958666666667 0.9179818046875001 0.25812175416666666 0.9196279 0.2595467083333333 0.9275995484375 0.26059755 0.9321559828125 0.26025195 0.93669119375 0.25754803125 0.9380784640625001 0.2528990541666667 0.937170515625 0.24275327708333333 0.9379002140624999 0.2406550041666667 0.9306665109375001 0.19305395833333333 0.9319307562500001 0.18985845208333335 0.9377005374999999 0.18822324583333333 0.9590233187500001 0.19069180624999998 0.9615782328125 0.18891690416666668 0.9414777187500001 0.06282959791666667 0.9366986374999999 0.06177857291666666 0.9307337078125 0.06441482083333333 0.922991209375 0.07370213333333334 0.9190754453125001 0.08474212291666668 0.91989436875 0.10768056458333333 0.91821015 0.11714237916666666 0.9144174125 0.12672889791666667 0.9107137 0.12352275 0.9089021296875 0.11883461666666667 0.905728640625 0.09892781875000001
0 0.076877621875 0.19338965833333335 0.0689187484375 0.20131968541666667 0.062007746875000005 0.20469692916666665 0.0518004296875 0.22745022916666666 0.04345125625 0.23738234374999997 0.04012094375 0.24541920416666668 0.040214293750000005 0.24822995625 0.0415931140625 0.250203525 0.045687125 0.2514075875 0.0528357265625 0.25174595208333334 0.061868023437499996 0.257224875 0.0781931703125 0.2639470166666667 0.0879339375 0.26496934166666664 0.0979928796875 0.2635371541666667 0.11128033749999999 0.2578799 0.11259548281250001 0.25277849583333334 0.112035384375 0.2359139875 0.102180040625 0.22972258333333334 0.098637478125 0.21417619999999998 0.0971865328125 0.21175020208333334 0.0922270234375 0.2051170145833333 0.0831013765625 0.19682733958333334 0.0828128765625 0.19501762916666668 0.080755259375 0.1932364375 0.076877621875 0.19338965833333335
0 0.62284385 0 0.6238357328124999 0.00622191875 0.6265424734375 0.01207495625 0.6285619671875 0.024742918750000002 0.6318244828124999 0.031857050000000005 0.6375858140624999 0.03684438958333334 0.65851829375 0.0413150375 0.664814175 0.045205145833333335 0.6719415515625 0.04318518541666667 0.6764343125 0.03576461458333333 0.6764087609375 0.01780287083333333 0.67794873125 0.007436202083333333 0.6758106921875 0 0.62284385 0
0 0.8755707234375001 0.4682731145833333 0.8736489046875 0.4740193208333333 0.8740010796875 0.4829040041666667 0.8712774390625 0.4902960604166667 0.8706114156250001 0.49946930833333336 0.8742642296875 0.5045813520833333 0.8863002140624999 0.5111004770833333 0.8993416218749999 0.5083501625 0.9099011125 0.4944815479166667 0.9105671359375 0.48530829999999997 0.90810644375 0.4765483208333333 0.9027566359374999 0.4719172208333333 0.896880728125 0.46176080416666665 0.88830240625 0.4613547666666667 0.8774628671875 0.46679112916666665 0.8755707234375001 0.4682731145833333
0 0.33294553437499996 0.10852320208333334 0.3338025828125 0.120574875 0.3384439171875 0.129662575 0.3426440546875 0.14265825833333334 0.35389099218750003 0.15980410208333332 0.3559189359375 0.16584951875 0.3597668984375 0.16996052083333335 0.3626263390625 0.17009586458333334 0.385416965625 0.16174532916666667 0.402128084375 0.15086196875000002 0.4177445578125 0.12421132708333334 0.419594253125 0.11801269375 0.41916995312500005 0.10867558333333333 0.42385786249999996 0.10025396874999999 0.42771427500000003 0.09774242500000001 0.43282648281249997 0.09865791875 0.44429392031250003 0.09493507916666667 0.4478490578125 0.08163295416666667 0.445367140625 0.07051465208333334 0.447072584375 0.06341116249999999 0.445269465625 0.05210048333333333 0.4454602890625 0.035496020833333336 0.44365717031249996 0.02418534166666667 0.4444589921875 0.022539493749999997 0.44243949843749997 0.009871533333333333 0.43984570625 0.00587795625 0.30120711093749997 0.04516934583333333 0.301835009375 0.04688286666666666 0.3039647515625 0.0491164875 0.311380628125 0.04890623541666667 0.3209983703125 0.05138202916666667 0.32572028125 0.054299610416666665 0.3314307140625 0.06119284791666667 0.3315665125 0.06872025 0.3287707484375 0.07565987916666667 0.32767197656249997 0.0821185625 0.33294553437499996 0.10852320208333334
0 0.33923577968749996 0.6486472083333333 0.3364231140625 0.6688319312500001 0.333843721875 0.6771288395833334 0.335430465625 0.6870822375 0.3421803203125 0.6960452333333333 0.3469022296875 0.6989628145833334 0.362926103125 0.6948943791666667 0.371122575 0.6906799541666667 0.37675655625000004 0.6815173479166667 0.37986204687499997 0.6787457520833333 0.3860093515625 0.6661275875 0.39241548125 0.65958335625 0.3904681109375 0.6473678208333333 0.3869595484375 0.64316063125 0.3809097171875 0.63636358125 0.37659933125 0.6338022395833334 0.3593917875 0.6348960645833334 0.3426594421875 0.6434211 0.33923577968749996 0.6486472083333333
0 0.6238994078125 0.01329689375 0.6219944890625 0.005798008333333333 0.621438715625 0.004536914583333333 0.6230254609375 0.0144903125 0.6238994078125 0.01329689375
0 0.6230254609375 0.0144903125 0.62432370625 0.022634002083333334 0.6249091546875001 0.019630872916666667 0.6230254609375 0.0144903125
0 0.46058590937500005 0 0.4437546453125 0.004770127083333334 0.44896452968749995 0.02409979375 0.451310646875 0.027690695833333334 0.468085440625 0.02388230833333333 0.48382081406250005 0.018004160416666668 0.49026094374999996 0.022799122916666668 0.49562352656249997 0.03641109583333334 0.4994927140625 0.04288042291666667 0.50216978125 0.052997681250000005 0.507057165625 0.059178443750000004 0.520654546875 0.09551860416666667 0.5237303609375 0.09701123125 0.5280279718750001 0.09059170416666666 0.537611715625 0.08172830416666667 0.5538307375 0.07665882291666667 0.5564016796875 0.07498446041666668 0.55975321875 0.06930592291666667 0.56327023125 0.06689056666666666 0.5694515359375 0.0656116 0.5726928250000001 0.07036740625 0.575624390625 0.07095517916666667 0.5789971546875 0.06763496666666667 0.5793874531250001 0.06563288125 0.577431634375 0.06003989375 0.5770582359375 0.0487968875 0.5740926703125 0.03686991875 0.5727519734375 0.024009579166666666 0.57047798125 0.02087110625 0.569489459375 0.01689545 0.563562653125 0.008644929166666667 0.5612543750000001 0 0.46058590937500005 0
0 0.9045430546875 0.534302375 0.903291584375 0.5464787520833333 0.8984085265624999 0.5559014104166666 0.8960455093749999 0.5655556020833333 0.8963976828125 0.5744402833333333 0.8985274265625 0.5766739041666666 0.9013147421875001 0.5763568229166667 0.903783884375 0.5784942541666667 0.9063463765625001 0.5834424395833333 0.9115307093749999 0.5848103604166667 0.9138131515625 0.5813262895833333 0.9135118765625 0.5705357083333333 0.91643066875 0.5621426083333334 0.9226204234375001 0.5542410958333334 0.9336763359375 0.5501620166666666 0.93875454375 0.5397383166666666 0.9407060375 0.5297278854166667 0.9396962906249999 0.52339390625 0.9372780484375 0.519350575 0.9240287171875 0.5141210604166667 0.91581101875 0.5159771604166666 0.9121709812500001 0.5198459875 0.9045430546875 0.534302375
0 0.1219877984375 0.14703141041666665 0.1192004828125 0.14734849375 0.11452102187499999 0.14914756041666666 0.11163190781250001 0.1532764375 0.1103888859375 0.15883026666666666 0.1108428609375 0.16390315416666665 0.109188315625 0.16910074791666665 0.10434338125 0.1676366375 0.095968659375 0.15960700833333333 0.090198878125 0.16124221458333335 0.088595234375 0.16453391041666665 0.090478928125 0.16967447083333334 0.0900377296875 0.17358245416666668 0.08818803593749999 0.17978108958333333 0.0841364734375 0.18329367916666667 0.083428 0.18775027708333333 0.0872675125 0.19848382708333334 0.092473071875 0.20221007291666665 0.0976998546875 0.20829464375 0.100152096875 0.22367716875000002 0.1028588390625 0.22953020625 0.1063461765625 0.23137907291666665 0.11478025 0.23088025625 0.12366829531250001 0.235454325 0.13976429375 0.23183831458333334 0.1450504265625 0.22939444375 0.1492971375 0.2248808104166667 0.15114683125 0.218682175 0.1492800359375 0.20029652083333332 0.1503660328125 0.18485696666666668 0.1488217375 0.17962021666666667 0.1454574234375 0.17631788125 0.136874775 0.160308425 0.13138071875 0.15477247083333331 0.129301875 0.15063295208333333 0.1219877984375 0.14703141041666665
0 0.1921168234375 0.26428794791666665 0.18983438125000002 0.26777202083333335 0.186924040625 0.26954257083333333 0.1825246296875 0.27977389583333334 0.181099234375 0.2953096416666667 0.18509577187499998 0.31592891666666667 0.1866188421875 0.31880733958333335 0.19366564375 0.32295749791666667 0.20168819375 0.3221024416666667 0.2081495484375 0.3292557291666667 0.2175721421875 0.3327325666666667 0.22462739375 0.33026017916666667 0.22792803281250001 0.32648754166666666 0.23079592343750002 0.32000033958333335 0.2306304484375 0.31673716041666666 0.23464801093749998 0.3018853770833333 0.23189881875 0.29131568958333337 0.2199730828125 0.274362225 0.215505671875 0.26191515625 0.213303803125 0.25922910833333335 0.2081194703125 0.2578611875 0.1921168234375 0.26428794791666665
0 0.1844839703125 0.14965277083333334 0.1900077015625 0.15092450625 0.19958299531249998 0.14868365208333334 0.208899465625 0.14036886666666665 0.21176735624999998 0.13388166666666665 0.2141940484375 0.13130245000000001 0.219929828125 0.11832804583333334 0.219908603125 0.11596972291666667 0.22520318593750002 0.10690330208333335 0.229241971875 0.09440984375 0.232983809375 0.08672922291666667 0.2352153515625 0.08515104791666667 0.24155780781249997 0.07153184166666667 0.2537846171875 0.061446504166666666 0.259821671875 0.05926268125 0.2633398921875 0.05590124791666666 0.11330740156250001 0.09842176875 0.11736748749999999 0.10247265208333332 0.12557673593750002 0.10723909999999999 0.1352666046875 0.11016732291666667 0.1467043671875 0.11070870416666666 0.1504293046875 0.11627317499999999 0.1524063484375 0.12422448750000001 0.15831192968750002 0.13011668125 0.1590119515625 0.13228262916666667 0.172520109375 0.143586075 0.1844839703125 0.14965277083333334
0 0.803470590625 0.6613037395833333 0.8004965734375 0.6559993166666668 0.795146765625 0.6513682166666667 0.7860126703125 0.6497010875 0.783585978125 0.6522803020833333 0.7846678500000001 0.6590667104166666 0.783819453125 0.6782218729166666 0.785838946875 0.6908898354166666 0.7853893000000001 0.7014203666666667 0.7870481687499999 0.7118261916666667 0.793798021875 0.7207891875 0.79525329375 0.7388186020833333 0.8022916453125 0.7495913083333333 0.8091220734375 0.7523841854166666 0.8157149015625 0.75146145625 0.8239622750000001 0.7453411333333333 0.8274368390625 0.7382091291666666 0.826724040625 0.7270623083333334 0.8296640562500001 0.7210275354166666 0.826626365625 0.7086481395833334 0.8274281875 0.70700229375 0.8301433781249999 0.7062327833333334 0.8332276437499999 0.7011028645833334 0.8295196046875001 0.6822933 0.8266898390625 0.6778937333333332 0.8179969421875001 0.67231861875 0.8111240640625 0.6648090916666667 0.8059397328125 0.6634411708333333 0.803470590625 0.6613037395833333
0 0.838780646875 0.6224516125 0.838123075 0.6250023145833333 0.8416613140625 0.6249452812499999 0.841156440625 0.6217782916666666 0.838780646875 0.6224516125
0 0.858028709375 0.5985546895833332 0.8567941390625 0.5974859770833334 0.856106890625 0.6043009 0.858308759375 0.6069869458333332 0.8584253953125 0.6010430416666667 0.8566202140625 0.60084534375 0.858028709375 0.5985546895833332
0 0.823698521875 0.6101756395833333 0.8222263515625 0.6053913166666667 0.8224130515624999 0.6110128208333333 0.823698521875 0.6101756395833333
0 0.8577867843750001 0.57923566875 0.861664421875 0.5790824458333332 0.85866073125 0.5780422458333334 0.8572903609375 0.5694461291666666 0.855839415625 0.5670201333333333 0.85489334375 0.5677611270833334 0.8565394375000001 0.5691860791666666 0.8552539671874999 0.5700232625 0.8577867843750001 0.57923566875
0 0.8526193515625 0.5646226520833333 0.8510241562499999 0.5612917979166667 0.8514060046875 0.5659122604166666 0.8526193515625 0.5646226520833333
0 0.8353396828124999 0.56526405 0.8338802875000001 0.5694605979166667 0.83218329375 0.5699415416666667 0.8309911718749999 0.573589475 0.829026903125 0.5746190333333333 0.82785600625 0.5806252916666667 0.8263753875000001 0.5824635166666667 0.8260275375000001 0.5891822520833333 0.823600846875 0.5917614708333333 0.8237875453125 0.5973829708333334 0.8249499921875 0.5979992625 0.8277669828124999 0.5934179583333333 0.83205614375 0.5936209770833333 0.8331040156249999 0.5890681895833333 0.83209426875 0.5827342083333333 0.832904540625 0.5744658125 0.8425391843750001 0.5636965145833333 0.8420555359374999 0.5628878479166667 0.8379106249999999 0.5635896854166667 0.8397009687500001 0.5659194937500001 0.8372742765625001 0.5684987125000001 0.8377154750000001 0.5645907291666667 0.8353396828124999 0.56526405
0 0.7044514859375 0 0.7014521546875 0.010232485416666666 0.70119765625 0.019761972916666665 0.6992461609375 0.029772402083333333 0.703683896875 0.046483693750000006 0.7058857656249999 0.04916973958333334 0.7093731046875 0.05101860625 0.7101028031250001 0.04892033125 0.7124064703124999 0.047794583333333335 0.7170222546875 0.03892054375 0.7207216421875 0.026523272916666667 0.7288332140625 0.012875547916666667 0.73136170625 0.0064845375 0.7315865296874999 0.0012192708333333335 0.7319503640625 0 0.7044514859375 0
0 0.22717379062499998 0.49977098333333336 0.2201906625 0.5026957979166666 0.2157063515625 0.503493825 0.21452268124999999 0.5005192104166667 0.2139881328125 0.50161644375 0.215294828125 0.5031375854166666 0.21133661718750002 0.5094609250000001 0.21433185781250003 0.5171236729166666 0.21443798281249998 0.52891529375 0.21866779374999998 0.5376467583333333 0.22513347343749998 0.5604034625 0.22810748906249997 0.5657078833333333 0.23349129531249999 0.58167818125 0.237530284375 0.6070141062500001 0.2442589140625 0.6136187770833333 0.2507074921875 0.6117911937499999 0.254954203125 0.6072775625 0.25840754062500004 0.59778723125 0.258776615625 0.5934268229166667 0.2568207953125 0.5878338333333333 0.2540079296875 0.5701891729166667 0.25270123437500003 0.5686680291666666 0.24882359687500002 0.56882125 0.2455101828125 0.5636130166666666 0.244933184375 0.5599936 0.24563733124999998 0.5399335833333333 0.24668520312500003 0.5353807958333333 0.2507324171875 0.5288747645833333 0.2525652328125 0.5233112479166667 0.251843984375 0.518786975 0.2533330546875 0.5103262041666666 0.2506347640625 0.49785062083333337 0.24896744375000002 0.4940673395833333 0.24649830156250002 0.49192990833333333 0.238403628125 0.4923325375 0.2305465546875 0.49645077291666667 0.22717379062499998 0.49977098333333336