0 0.34083414843750004 0.2951523916666667 0.3324235859375 0.2953481333333333 0.3351736625 0.29976911666666667 0.3408928453125 0.2996360125 0.34083414843750004 0.2951523916666667
0 0.31135006718749997 0.25367969791666667 0.311385284375 0.2563698729166667 0.30683384999999996 0.26858526666666666 0.30627839843750004 0.27756817083333335 0.3127115140625 0.28055794166666664 0.34330835312499997 0.27850035208333335 0.3516719578125 0.27471771041666665 0.359734359375 0.273633075 0.36104483125 0.2709115833333334 0.3606379734375 0.26553906666666666 0.34656290625 0.24433869791666665 0.343836309375 0.24171116250000002 0.336423275 0.24098669166666667 0.3326580609375 0.23614083541666667 0.3285857734375 0.23354461875 0.323562915625 0.23545551250000002 0.31692837812499997 0.24278590208333334 0.31596606875 0.2463962875 0.31135006718749997 0.25367969791666667
0 0.5664034328125 0.27689615625 0.5700806015625 0.27501658125 0.5730497078125001 0.27046249375000003 0.573923975 0.2601266729166667 0.5721538171875 0.25344038750000003 0.5694154796875 0.24991612708333333 0.543534425 0.25231246458333334 0.5425486359375 0.25412940208333334 0.5436342078124999 0.2599346229166667 0.55661783125 0.27488140624999996 0.562029940625 0.2769979416666667 0.5664034328125 0.27689615625
0 0.012717468749999999 0.03772599791666666 0.0171437890625 0.041659468750000005 0.02289231875 0.043768175 0.024957812500000003 0.04730809583333333 0.0250106390625 0.05134335416666667 0.026733839062499997 0.05444274166666666 0.0278194109375 0.06024796041666667 0.031596365625 0.06599054166666667 0.039038746875 0.06895682500000001 0.0545141828125 0.06859665833333332 0.059259315624999996 0.07117721666666667 0.0639751 0.07151596249999999 0.066643003125 0.06965987708333334 0.07257534375 0.06010333541666667 0.08224355156249999 0.053150841666666664 0.08350706718749999 0.04684245208333333 0.0818913734375 0.026249110416666666 0.0798376203125 0.02360591458333333 0.066681925 0.0212211 0.056258696875 0.021912183333333335 0.055376553125000005 0.018793220833333336 0.0679806578125 0.017602883333333333 0.070642690625 0.015298435416666667 0.0689312296875 0.013095770833333333 0.0678717828125 0.0099809375 0.028267124999999997 0.010902672916666667 0.0235435390625 0.016394593750000002 0.024280950000000003 0.02131091875 0.0273498390625 0.024378985416666665 0.014305667187500001 0.030513052083333332 0.012995196875 0.03323454375 0.010616759375 0.031495904166666665 0.0052398687499999996 0.032069539583333334 0.00492105625 0.033422456249999996 0.005971409375 0.036537504166666665 0.012717468749999999 0.03772599791666666
0 0.7642699078125 0.07046666666666666 0.7663177906249999 0.07266149999999999 0.773081459375 0.07519507916666666 0.780488625 0.07547118750000001 0.7831389171875001 0.07227001458333333 0.784066009375 0.06596945416666666 0.781900734375 0.05480737708333334 0.7753795734375 0.045092172916666666 0.77898630625 0.03783225208333333 0.778561840625 0.03111464791666667 0.75948739375 0.013618625 0.7537506015625001 0.012406641666666666 0.752723725 0.011085043749999999 0.7432980265625 0.010855914583333333 0.7385528921875 0.008275358333333333 0.7221034078125 0.0113491875 0.717428709375 0.014148975000000001 0.7131373937500001 0.02052783125 0.7071522234375001 0.026049112500000002 0.7044725828125 0.027008474999999997 0.7025010046875 0.03064235 0.702931340625 0.037808314583333336 0.7074222265625 0.04667377291666666 0.7101546937500001 0.04974967291666667 0.7105263359375 0.052432016666666664 0.714279809375 0.05638114791666667 0.7143032875 0.05817459791666667 0.7191071171875 0.065238775 0.72455444375 0.07004548541666668 0.7306217890625 0.070801275 0.7322686828125 0.06807195208333333 0.7372739328125 0.06481597291666667 0.7480218437499999 0.06322033541666666 0.751403678125 0.064487125 0.756856875 0.06974219583333333 0.7642699078125 0.07046666666666666
0 0.36798273593749997 0.31246050208333337 0.3689450453125 0.30885011458333334 0.3685029703125 0.30078742708333334 0.36745848593749997 0.2981207416666667 0.3657646328125 0.29726316666666663 0.3600513203125 0.2978446333333334 0.3504828953125 0.31241928541666664 0.3407912078125 0.31757833125 0.33340165312500003 0.3186473083333333 0.3327757640625 0.3222498645833333 0.3355258421875 0.3266708479166667 0.35133770000000003 0.3263028520833334 0.36798273593749997 0.31246050208333337
0 0.3452545984375 0.29863750208333334 0.34217396875 0.29467270833333337 0.32536458281249997 0.2959609208333333 0.3257597015625 0.3004367125 0.3315199734375 0.30344214166666666 0.3412762265625 0.3032150791666667 0.3452545984375 0.29863750208333334
0 0 0.19788961041666667 0.0060600765625 0.19754651041666668 0.0176411671875 0.18247651666666667 0.0223158640625 0.17967672708333332 0.025568565625 0.17107955 0.03086915 0.16467720416666667 0.033855865624999995 0.16146820208333335 0.039876253125 0.15863709374999999 0.042857099999999995 0.15497972916666666 0.045384128125 0.14236295 0.034065009375 0.12603192916666667 0.0228045859375 0.11418452916666667 0.008893871875 0.10553830416666667 0.00410765 0.09981921041666666 0.00038939218749999997 0.09856025208333333 0 0.09818500625 0 0.19788961041666667
0 0.843775878125 0 0.84345801875 0.0013488666666666667 0.8435754109375001 0.0103161125 0.8511410578125 0.022698 0.8599349984375 0.026081325 0.8638135890624999 0.013881589583333333 0.8647289421875 0.00668430625 0.8673498875 0.0012413208333333333 0.867473025 0 0.843775878125 0
0 0.778465775 0.4607787375 0.7805077890625001 0.46252520625 0.7820589171875 0.4781865645833333 0.7837703781250001 0.48038922916666665 0.7861312046875 0.48078278125 0.797458046875 0.4719976895833333 0.79934745 0.46208674375 0.7979214359375 0.43027651666666666 0.799231909375 0.42755502500000003 0.8125127203125 0.4137909708333333 0.8170817640625 0.40292066249999997 0.8169819796875 0.39529850624999996 0.81239718125 0.37925925208333333 0.8106739812500001 0.37615986458333334 0.8055806859375 0.3726904125 0.803845746875 0.3686943020833333 0.8044188078125 0.36105648541666663 0.8005831593750001 0.35083028125000004 0.7937314453125001 0.34157127083333333 0.7889745734375 0.3380939895833333 0.7856103484375 0.33817228541666666 0.7826236328125 0.3413812875 0.7721163765625 0.36135977500000005 0.77219268125 0.3671884833333333 0.77601659375 0.3765179625 0.7787549296875 0.38004222291666667 0.7788018859375 0.38362912083333334 0.7764704078125 0.38547737708333335 0.7707101375 0.3824719458333333 0.769671521875 0.380253625 0.7635806984375 0.3777043854166667 0.756881596875 0.3801027895833334 0.7520289578125 0.39501618749999995 0.7457895406249999 0.40682237083333334 0.7438825296875 0.41538823124999996 0.7376724593749999 0.42943622291666667 0.737713546875 0.43257475833333336 0.7387521640625 0.4347930791666667 0.7431608734374999 0.43738146666666666 0.75360758125 0.43848383333333335 0.7546403265625 0.44025379375 0.7536780171874999 0.4438641791666667 0.7537895406249999 0.45238306041666665 0.7582804249999999 0.46124851875 0.7588457625 0.4787268145833333 0.7659047671875 0.4781140291666667 0.7699124875 0.47577826250000005 0.7752130734375 0.46937591666666667 0.777131825 0.4617067791666667 0.778465775 0.4607787375
0 0.9359729781249999 0.1790437479166667 0.9292973546875001 0.1832356 0.9256671437499999 0.188702075 0.9221073656250001 0.19954889374999998 0.9222012812499999 0.2067226895833333 0.926019321875 0.21560380625 0.9297904046875001 0.22089802708333334 0.9365540734375 0.22343160625 0.943583728125 0.22057700833333332 0.9455611749999999 0.21739149375 0.9465000078125 0.21198766041666667 0.948819746875 0.20924267916666667 0.9525027859374999 0.20781146458333336 0.95270420625 0.1974913041666667 0.9599352812499999 0.18431654791666666 0.9598296281250001 0.17624602916666668 0.9587851437499999 0.17357934583333332 0.9550375375 0.17007857499999998 0.9456177078125 0.17029780625 0.9359729781249999 0.1790437479166667
0 0.5806910375000001 0.13438951666666668 0.5814713874999999 0.11687990208333333 0.585042903125 0.10692980625 0.5819564046875 0.10251665 0.59001880625 0.10143201249999999 0.59161874375 0.09511579375 0.5871219875 0.085801975 0.57823413125 0.07524485416666667 0.5755310109375 0.07441076666666667 0.5744982640625 0.07264080833333333 0.56880843125 0.07501572291666667 0.5632007703124999 0.08366771041666667 0.5601964484375 0.08553162708333333 0.5551207625 0.08340726041666667 0.5515316375 0.09201226875 0.5478309890624999 0.09209839583333333 0.54300368125 0.08324076875 0.5408031875 0.06938851875 0.5380178921875001 0.06227736041666666 0.5349372640625 0.05831256875 0.532228275 0.05703011875 0.5224778921875 0.057705543750000005 0.5178736296875 0.06588567708333333 0.5125554359375 0.0709429375 0.508629890625 0.079555775 0.5086885859375 0.08403939791666667 0.50616155625 0.09665617708333334 0.5063611234375001 0.11190049166666666 0.511159084375 0.11851630833333333 0.5146407015625 0.12740525416666668 0.522065475 0.12902645 0.530329296875 0.11762165208333333 0.5366802359375 0.11433435416666667 0.5447426375 0.11324971458333333 0.5525273125 0.11665652916666666 0.563150109375 0.13120976041666668 0.5633027187499999 0.14286717916666666 0.5580080046875 0.1497178875 0.5593947828125 0.15282510416666667 0.564110565625 0.15316385208333333 0.5721788359375 0.152527575 0.5758442671874999 0.149751275 0.5806910375000001 0.13438951666666668
0 0.6411828328125 0.20518997083333332 0.6354988671874999 0.20801325 0.6355164765625 0.2093583375 0.6292242328125 0.21712925833333332 0.62826779375 0.22118800624999999 0.6284027953125 0.2315003375 0.627440484375 0.23511072291666668 0.6286023625 0.24674465208333332 0.625668475 0.25398891458333334 0.6278454890625 0.2660477145833334 0.634703071875 0.27575508958333333 0.6380966453125 0.2779186020833333 0.6502078546875001 0.27763673333333333 0.6573097984375 0.25459800833333335 0.6580960203124999 0.23753675625 0.6600734671875 0.23435124166666668 0.6600265109375 0.23076434583333333 0.6579258015625 0.22453425208333336 0.6493508859375 0.21217585416666665 0.64794063125 0.2072751875 0.6411828328125 0.20518997083333332
0 0.2173584328125 0.09171664375000001 0.209769309375 0.07754130833333334 0.2096988734375 0.07216096041666667 0.21136337656249998 0.070776725 0.21339365156249998 0.07162647083333334 0.2192184875 0.0795638875 0.22430004375 0.08213661458333334 0.22771122500000002 0.08564521458333334 0.24250207656249997 0.08440398333333334 0.2451288890625 0.07940936041666666 0.2449938875 0.06909703125000001 0.2411406296875 0.05752573958333333 0.23894600625 0.04412185208333333 0.229256171875 0.023716425 0.22308317500000002 0.014890114583333334 0.21474891718750003 0.020914564583333333 0.21180328906249998 0.02726210416666667 0.20783078437500002 0.03228804375 0.20546995781250002 0.03189449166666666 0.2013448421875 0.0252630125 0.1959033859375 0.02090466666666667 0.192521553125 0.01963787708333333 0.1878292453125 0.021092581250000002 0.1815252625 0.027966777083333335 0.174943553125 0.039332425 0.17233435 0.04567213333333333 0.1723930453125 0.05015575625 0.1752076875 0.059508725000000005 0.18071958125 0.06924741875 0.18318019218749998 0.07726312916666668 0.187635859375 0.08343841458333333 0.1887155625 0.08879527083333333 0.196245990625 0.09848698541666666 0.19626946875 0.10028043333333334 0.2028199765625 0.11223745 0.2039055484375 0.11804266875 0.20871524843749997 0.12555521041666667 0.2140803984375 0.12408485 0.22125277968749998 0.10642647083333333 0.221205821875 0.10283957291666666 0.2173584328125 0.09171664375000001
0 0.2824566546875 0.20591427708333335 0.27906308125 0.2037507625 0.2743531671875 0.20386037916666666 0.271673525 0.20481973958333333 0.2690232328125 0.20802091458333333 0.26837973593750003 0.21027838333333332 0.2705372890625 0.246556575 0.269236703125 0.27573926458333337 0.270954034375 0.27839028958333334 0.28275230156250003 0.27990969791666664 0.29049001875 0.27972961458333334 0.30287895625 0.27495629374999997 0.30847487500000004 0.2654075833333333 0.3107241796875 0.25728225625 0.310483525 0.23889940625 0.3079759546875 0.22729679583333334 0.30782921406249997 0.21608774375 0.303373546875 0.20991245833333333 0.29588420625 0.20335927708333335 0.2868008 0.20357067916666666 0.2824566546875 0.20591427708333335
0 0.8871296234375 0.30396616875 0.8826035203125 0.2924105395833333 0.8825506937500001 0.28837527916666666 0.8893807796875001 0.27027636875 0.8960270546875 0.2638427020833333 0.8959507500000001 0.25801399583333334 0.8938617796875 0.252680625 0.8856995953125001 0.24614310416666668 0.8742670984375 0.24685767708333334 0.870613409375 0.25053070208333333 0.8680159421875 0.25776713333333334 0.8590205796875001 0.26470397083333336 0.857745325 0.2701156333333333 0.8554373234374999 0.27375734166666665 0.8544691453125 0.2769193645833333 0.8545982765625 0.28678333333333333 0.8563332171875 0.29077944375 0.8637873375 0.29464244999999994 0.8649961734374999 0.309863275 0.8670616656250001 0.31340319583333337 0.8671203625 0.31788681875 0.8688200828125 0.3191927541666667 0.8688435625 0.3209862041666666 0.87295106875 0.32627259583333335 0.878374915625 0.32928585416666667 0.8900792671875 0.3236314666666667 0.8920625843750001 0.3208943166666666 0.8930190265625001 0.31683556875 0.8882269359375 0.3106681125 0.8871296234375 0.30396616875
0 0 0.0678071625 0.0105543578125 0.07814123125 0.01696399375 0.07933755416666667 0.022335015625 0.07831555416666666 0.0288110703125 0.058879385416666666 0.0276315828125 0.04590037083333333 0.025920121875 0.043697708333333335 0.02285123125 0.040629639583333335 0.0164357265625 0.03898495416666667 0.01337270625 0.03636525 0.0126646421875 0.0336907375 0.009630971875 0.03331284166666667 0.005889234375 0.030260433333333333 0 0.03067314375 0 0.0678071625
0 0.9549207671875 0.3153949020833334 0.9506411890625 0.3226704833333333 0.9490412515625 0.3289867041666667 0.9492642984374999 0.3460244666666667 0.9509933687500001 0.3495722145833334 0.9632924062500001 0.3636379375 0.9676776390624999 0.36443287500000004 0.9710242546875 0.36300949166666663 0.9946519890625 0.3427256458333333 0.9979981531250001 0.34126777291666666 0.9971205062499999 0.27422727708333333 0.9964453140625 0.27406359375 0.9953597406249999 0.26825837291666665 0.9888914062499999 0.2625784291666667 0.9825287265625 0.2649690041666667 0.980574759375 0.2699479666666667 0.9769093296875001 0.27272426666666666 0.9766139953125 0.27587063333333334 0.9631435015625 0.3008515708333333 0.9562077609375 0.3108799625 0.9549207671875 0.3153949020833334
0 0 0.4358588583333333 0.0058889375 0.44153384166666665 0.0214113296875 0.44476057291666665 0.03345210625 0.43909835625 0.0363977328125 0.43275081875 0.036321428125 0.42692211041666667 0.0352769421875 0.424255425 0.0175481859375 0.4067280833333333 0.004895115625 0.39132510416666666 0.0031543062500000003 0.38688063125000005 0.00275331875 0.38195647708333336 0 0.38202055625 0 0.4358588583333333
0 0.195005034375 0.3635786583333333 0.19396641718750002 0.3613603375 0.1895577078125 0.35877195 0.18314807187499998 0.35757562708333335 0.180061571875 0.3531624729166667 0.177773034375 0.3325847916666667 0.1746924046875 0.32861999791666663 0.1649244125 0.3279503354166666 0.1629587046875 0.33203257291666666 0.1624736875 0.34639582291666665 0.159481103125 0.3491564645833333 0.156116878125 0.3492347604166667 0.1547535796875 0.34792099375 0.154092471875 0.34883337708333334 0.15312429375 0.3519954 0.15323581718749998 0.3605142833333333 0.15707146562500002 0.37074048541666665 0.158203996875 0.38013260416666667 0.153640821875 0.3914512729166667 0.15947152656250002 0.3998370520833333 0.1632073921875 0.4024410958333334 0.17297538437499999 0.40311076041666666 0.1781156359375 0.41016711041666665 0.18250086875 0.4109620479166667 0.18446070781249999 0.4064314479166667 0.18527040781249998 0.39116364374999996 0.19026391874999998 0.38701093750000004 0.1942246828125 0.38108827291666664 0.19516351406250002 0.3756844375 0.195005034375 0.3635786583333333
0 0.25883664375 0.20108201041666665 0.25512425625 0.20027141041666668 0.2531174609375 0.20121511458333333 0.24949898906249998 0.2075783125 0.24414557656250002 0.20994539791666667 0.243200875 0.21490087291666665 0.23752865 0.218620875 0.23589349531249998 0.22224692083333333 0.23504857656249997 0.23482455208333333 0.23246871875 0.24340607083333332 0.2315357578125 0.24925826666666667 0.232709375 0.2617889208333333 0.235512278125 0.27024516458333336 0.24030436875 0.27641261875 0.24334391093750002 0.277238875 0.2515060953125 0.28377639583333336 0.2589191296875 0.2845008666666667 0.2689296296875 0.27798890416666666 0.27057652499999996 0.2752595833333333 0.2712336140625 0.24833436250000002 0.270065865625 0.23625207291666667 0.270214459375 0.22189665416666668 0.2690467125 0.2098143625 0.26732938125 0.20716333958333333 0.2639475484375 0.20589654999999998 0.25883664375 0.20108201041666665
0 0.5206308484375 0 0.5241695796875 0.0069858062500000005 0.526193984375 0.007387189583333333 0.5279465328125 0.012728387499999999 0.5299239796874999 0.009542875000000001 0.532302415625 0.011281514583333334 0.5306379125 0.01266575 0.5319953421875 0.01353115625 0.5335776703125 0.005869852083333333 0.5390073875 0.009331472916666667 0.54005774375 0.01244651875 0.5503147687500001 0.024765770833333332 0.5524800437499999 0.03592784583333333 0.5573249609375 0.04613056041666667 0.5590246828125001 0.04743649791666667 0.570062059375 0.04224613333333334 0.5703456546875 0.03820304583333333 0.5645442984375 0.032059079166666664 0.5638010171875 0.026694391666666664 0.569107471875 0.020740408333333335 0.5822162093750001 0.01953832708333333 0.5826777484375001 0.0033816291666666663 0.5809780265625 0.0020756895833333334 0.579992353125 0 0.5206308484375 0
0 0.12037113125000001 0.13792675208333333 0.1233813234375 0.13651119791666666 0.126025746875 0.1328616625 0.12960313125 0.12335993125 0.129538565625 0.11842794791666668 0.12677088125 0.11266187708333333 0.128435384375 0.11127764166666668 0.13617897031249998 0.11154591875 0.138486971875 0.10790421458333334 0.13879404687500002 0.10565457291666666 0.1349055703125 0.09139311041666667 0.1272694890625 0.07363087500000001 0.1205410390625 0.07378746875 0.11454413125 0.07841202708333334 0.112797453125 0.07351919166666666 0.11511132187499999 0.07032584791666667 0.11779096250000001 0.06936648541666667 0.12142704374999999 0.064348375 0.1213976953125 0.06210656458333333 0.119680365625 0.059455539583333335 0.1156315546875 0.05865277083333333 0.1112169765625 0.05561602083333333 0.10735784687500001 0.043596368749999996 0.10086016718749999 0.03567461458333333 0.0972123453125 0.039796000000000005 0.0944622703125 0.03537501666666667 0.09336495624999999 0.02867307083333333 0.0916476265625 0.02602204791666667 0.08491330625 0.025730279166666665 0.0839451265625 0.028892304166666667 0.085259615625 0.052183647916666666 0.08062600625 0.058121975000000006 0.0769488375 0.06000154791666667 0.073318625 0.06546802291666667 0.06878480000000001 0.07902850416666667 0.0682352171875 0.08845976875 0.06999363593749999 0.09424932916666666 0.073434165625 0.09999974166666667 0.0747974640625 0.10131350833333334 0.0791650875 0.10076336041666667 0.09050366875 0.09287499166666667 0.09320091875 0.09326071666666666 0.0905799734375 0.09870370208333333 0.08757565 0.10056761666666666 0.08559820312500001 0.10375313124999999 0.0849899234375 0.108700775 0.08602266875 0.11047073333333332 0.09251448125 0.11794412708333332 0.0969055828125 0.11918742708333332 0.10781197499999999 0.12969756875 0.12037113125000001 0.13792675208333333
0 0.10338132656250001 0.022609472916666665 0.1070819734375 0.022523345833333333 0.104384725 0.022137620833333333 0.10338132656250001 0.022609472916666665
0 0.14664020312499998 0.31940589583333334 0.1415293 0.31459135625 0.13576903125 0.311585925 0.13039800937499998 0.31260792708333335 0.1260890828125 0.31764169583333335 0.12139090781249999 0.31864803541666664 0.1107193 0.32607238125000004 0.099003209375 0.33083004374999997 0.094694284375 0.3358638145833333 0.0944048171875 0.33945854166666667 0.09648791875 0.3443435479166667 0.0999167109375 0.3491972354166667 0.10304429531249999 0.35674892291666666 0.1078363859375 0.36291637916666664 0.1136201359375 0.3677152583333333 0.12034271562500001 0.36711030208333334 0.12372455 0.36837709166666666 0.1287650171875 0.36781128333333335 0.1317693421875 0.36594736875 0.1401799046875 0.3657516270833333 0.14418175625000001 0.3629674958333334 0.14843785625 0.35389846666666663 0.15226948906249999 0.33811183333333333 0.1518156734375 0.32915241874999995 0.14664020312499998 0.31940589583333334
0 0.856729565625 0.11540718958333333 0.859280075 0.10458385625000001 0.8585074453124999 0.09697736041666666 0.85235205625 0.0894961375 0.8419170890625001 0.08929049583333333 0.8375670749999999 0.09118573125 0.82614631875 0.09279702916666667 0.8216535796875 0.10949604375000001 0.8163471250000001 0.11545002708333334 0.8160283125 0.11680294375 0.82355286875 0.12604629791666666 0.8236585218749999 0.13411681666666667 0.8267978484375 0.14256523124999998 0.8288339921875 0.14386333958333333 0.8312535171875 0.14874051458333334 0.83498938125 0.1513445625 0.8464805734375 0.1551136125 0.8539933921875 0.16346023958333333 0.8613829484375 0.1623912625 0.864972071875 0.15378625416666666 0.871258446875 0.14556697083333334 0.8701493953125 0.13796830208333333 0.868420325 0.13442055208333334 0.85780926875 0.12076404375 0.856729565625 0.11540718958333333
0 0.28795216875 0.03445983541666667 0.268764346875 0.03400940416666667 0.2647683640625 0.03724189583333334 0.260500525 0.045414202083333334 0.2605416125 0.04855273541666667 0.26156848906249996 0.04987433333333333 0.26896978437499997 0.049702081249999995 0.271365828125 0.05278580625 0.2752073484375 0.063460375 0.2830213703125 0.069109 0.3119595765625 0.06888400833333333 0.313612340625 0.06660304791666667 0.31517706093750003 0.057596656249999996 0.3181285578125 0.051697479166666664 0.31806986249999997 0.04721385625 0.3156503375 0.04233668125 0.297319171875 0.03020534375 0.29361852499999996 0.030291470833333334 0.28795216875 0.03445983541666667
0 0.1115639078125 0.23635296458333332 0.117247871875 0.2335296875 0.1188947671875 0.23080036458333333 0.118560196875 0.20524372083333334 0.11549130625 0.20217565 0.107370209375 0.19877666666666668 0.10090774531249999 0.19354508541666665 0.08033314687500001 0.1899874375 0.07667945625 0.19366046041666665 0.064951625 0.19752139791666667 0.0629683078125 0.20025855 0.061994259375000006 0.2029722125 0.062436334375 0.21103490208333334 0.06524510781250001 0.21993950833333334 0.0669506984375 0.22169381041666666 0.070780478125 0.23147165208333334 0.07089787187499999 0.24043889375 0.0689791203125 0.24810802916666666 0.0691845578125 0.26380070625 0.07125591875000001 0.2677889875 0.07394730000000001 0.26772635 0.081237071875 0.25903521458333334 0.08616601562500001 0.249950525 0.090852453125 0.2480474625 0.0986077796875 0.24921246458333332 0.103955321875 0.24639701666666666 0.1115639078125 0.23635296458333332
0 0.7642112187500001 0 0.7653903875 0.0018202708333333332 0.7654490843749999 0.00630389375 0.7675674031249999 0.013879075 0.7703526984375 0.020990231249999998 0.7799134 0.03153169166666667 0.7796474140625 0.03691986875 0.7770323375 0.04281121458333333 0.777073425 0.04594975 0.7791447875 0.04993803125 0.7862977046874999 0.056499041666666666 0.7943953234375 0.058104575 0.7967796296875 0.060291581250000004 0.8078815718750001 0.0600332 0.81087415625 0.057272558333333334 0.8191203687499999 0.044522675 0.8243387796875 0.03184325833333333 0.8332930546874999 0.021767887500000003 0.8389594109375 0.017599522916666666 0.8425661453125001 0.010339600000000001 0.84345801875 0.0013488666666666667 0.8439237531250001 0 0.7642112187500001 0
0 0.68232986875 0.16072795416666666 0.6886103734375 0.1520603083333333 0.6901927015625 0.14439900208333334 0.6948145734375 0.13756395416666667 0.6967039749999999 0.12765300833333332 0.6935000828125 0.11427261041666667 0.6879588437499999 0.10229210625 0.6808411421875 0.09842127083333334 0.67094401875 0.08788763958333333 0.6641686109375 0.08445733333333334 0.6624219328125001 0.07956449791666667 0.6597012046875 0.077385325 0.657966265625 0.07338921666666667 0.647449121875 0.06690650208333333 0.6447518734375 0.06652077708333333 0.6218927515625 0.06839828333333334 0.6165393406249999 0.07076536875 0.609816759375 0.07137032708333332 0.6061513281249999 0.07414662708333333 0.60417388125 0.07733213958333333 0.60331135625 0.08856468333333334 0.5987305734375 0.09853826875 0.5952177546875 0.11297198541666667 0.5900052125 0.12609976458333333 0.5890605125 0.1310552375 0.589166165625 0.13912575833333335 0.5902165203124999 0.14224080416666668 0.5972872625 0.14252474166666668 0.6040685406249999 0.14640340625 0.6099168546875 0.15613427083333334 0.6156477765624999 0.15689789166666665 0.620398778125 0.15992681041666668 0.6319956234374999 0.17176637916666668 0.63606204375 0.17391423541666665 0.6404061859375 0.17157063541666667 0.6423836359374999 0.16838512291666669 0.6422721124999999 0.15986624166666666 0.6439248765625 0.15758528333333333 0.6551031234375 0.16315561041666668 0.68232986875 0.16072795416666666
0 0.6422449265625 0.20920174166666666 0.64390943125 0.20781750625 0.6411769640625 0.20474160833333332 0.639860621875 0.20701473958333333 0.6371809796875 0.20797410208333333 0.6375350109375 0.20931135833333334 0.6422449265625 0.20920174166666666
0 0.6968510265625001 0.21600385 0.69679233125 0.21152022708333332 0.69940740625 0.20562888333333335 0.7020635671875 0.20287607083333334 0.702016609375 0.199289175 0.696882228125 0.19268118541666668 0.6982044390625 0.19085641875 0.6952118546875 0.19361705833333334 0.690466721875 0.1910365020833333 0.6870261906249999 0.18528608958333334 0.671994684375 0.16814447291666665 0.6618961390625 0.167931 0.659234109375 0.17023544791666667 0.658265928125 0.173397475 0.6584244078125 0.18550325416666666 0.65453995 0.197254625 0.64958165625 0.20409750416666667 0.65037189375 0.21304908958333335 0.654172325 0.22058511875 0.6579316703125 0.22498261458333332 0.6600265109375 0.23076434583333333 0.6607874 0.23747411875 0.6687422953125 0.25388343541666664 0.6721417375 0.2564953125 0.67651523125 0.25639352708333335 0.6828779093749999 0.25400295208333334 0.6978584421875 0.24154483541666666 0.70346023125 0.2324444875 0.7033839265624999 0.22661577916666667 0.6968510265625001 0.21600385
0 0.6070123140625 0.16562034375 0.6061985984375 0.1548753125 0.6027463281250001 0.148228175 0.5946193609375 0.14438082708333333 0.58724154375 0.14634653125 0.5829443578125 0.152277025 0.5820759609375 0.16306120625 0.5811136515624999 0.16667159166666667 0.5794491484375001 0.16805582708333333 0.5785455328125 0.17614983750000002 0.5796134984375 0.18060996875 0.5823635734375 0.18503095625 0.5854306109375 0.21366349583333333 0.5939057390625 0.2183997375 0.595634809375 0.2219474875 0.598686090625 0.22367046875 0.6107796921875 0.2220435125 0.6134006359375 0.21660052916666667 0.61023783125 0.20635866666666666 0.6111590546875 0.19960974374999998 0.610836225 0.17494982291666666 0.6070123140625 0.16562034375
0 0.44460766406249996 0.02184395 0.44830831250000003 0.021757822916666666 0.44662033125 0.021348610416666667 0.44460766406249996 0.02184395
0 0.26907142031250003 0.031759764583333336 0.2886074046875 0.03309908958333333 0.2959500046875 0.02844321458333333 0.301025690625 0.030567579166666668 0.3064788859375 0.03582265208333334 0.31969327812500004 0.042691087499999995 0.32237878750000004 0.0421800875 0.32994628593750003 0.028997502083333335 0.331458178125 0.01595584791666667 0.33402629687499996 0.006477604166666666 0.334293859375 0.0037803854166666663 0.2264236375 0.00629089375 0.22746840625 0.015685052083333335 0.23609614531249998 0.0320787125 0.2371758484375 0.037435570833333334 0.24095280156249999 0.04317815208333333 0.243655921875 0.0440122375 0.2494748875 0.05150128958333333 0.25485177812500004 0.05092765208333334 0.25816904687500003 0.04726245833333333 0.2634168046875 0.03682485208333333 0.26907142031250003 0.031759764583333336
0 0.95625 0.14791666666666667 0.0015625 0.0020833333333333333
0 0.9426149265625 0.06945545833333333 0.9427264484375 0.07797433958333334 0.9437650640624999 0.08019266458333334 0.95294825625 0.08760341666666666 0.9711073499999999 0.11229672708333333 0.9807872953125001 0.10624095833333333 0.9837740109374999 0.10303195416666666 0.9877054281250001 0.09486747916666666 0.9930118828125 0.08891349583333333 0.9928886203125 0.0794978875 0.9918382640625 0.07638284375 0.9927007921875 0.06515029791666667 0.9921765406249999 0.050810539583333335 0.9934635343749999 0.04629559791666667 0.99413403125 0.04610059166666667 0.993986115625 0.034801864583333335 0.9933109234374999 0.03463818125 0.9911515156249999 0.023924464583333336 0.9823517046875001 0.020092779166666668 0.9742893031250001 0.021177416666666667 0.9672596499999999 0.024032012499999998 0.9589664796875 0.03319499791666666 0.9547279874999999 0.04360911458333334 0.950755484375 0.048635056249999996 0.9442031234374999 0.06224251666666667 0.9426149265625 0.06945545833333333
0 0.9317171906249999 0.26525456458333335 0.9276918578125001 0.26624524583333337 0.9236958765625 0.2694777375 0.9178651703125 0.2610919625 0.91347406875 0.25984866041666665 0.911762609375 0.25764599791666665 0.9073773765625001 0.2568510583333333 0.9013452484375 0.25878544375 0.8897113328125 0.26982017500000005 0.8870669109374999 0.2734697104166666 0.8835306125000001 0.28610997916666664 0.883317453125 0.2955334145833334 0.8864509093749999 0.3035334666666667 0.8882445453125 0.3120132 0.8940459015625001 0.31815716666666666 0.900432059375 0.31756003958333334 0.905437309375 0.31430405833333336 0.908795665625 0.31377739791666664 0.9151231265625 0.30869665 0.9285741578125 0.3079351 0.9335559296874999 0.30288566875 0.93723896875 0.30145445833333334 0.94122908125 0.29777360208333337 0.943513603125 0.29233844999999997 0.9434020796875 0.28381956875000003 0.9374891984374999 0.2691567208333333 0.9317171906249999 0.26525456458333335
0 0.3391090953125 0.31761747916666666 0.33340165312500003 0.3186473083333333 0.33279924375 0.32404331458333335 0.336210425 0.3275519145833333 0.352689259375 0.32671989583333333 0.36033306249999997 0.31936601875000004 0.36401610156249997 0.3179348041666667 0.3680062140625 0.3142539520833333 0.36962963125 0.30973118125 0.3695181078125 0.3012122979166667 0.36778316875 0.2972161875 0.3600513203125 0.2978446333333334 0.3550871578125 0.3042391479166667 0.3547800828125 0.30648878958333337 0.34980418125 0.31198658125 0.344775453125 0.31344911458333335 0.3431226890625 0.31573007291666666 0.3391090953125 0.31761747916666666
0 0.6406252171875 0.16259556458333335 0.63961595 0.16261905208333335 0.6396687765625 0.16665431041666665 0.6406897828125 0.16752754791666666 0.6406252171875 0.16259556458333335
0 0.5752322828125 0.20582786875 0.580839940625 0.19717588333333333 0.5814306124999999 0.19088315208333334 0.5803391687499999 0.1846295708333333 0.57685168125 0.17529226250000002 0.5774599593749999 0.17034461875 0.5810314765625 0.16039452291666667 0.5796270890625 0.15594221875 0.5752359874999999 0.15469891875 0.552022834375 0.15523916875000002 0.5523181687500001 0.15209280416666668 0.5596490296875001 0.14654020416666666 0.5638933890625 0.13657445 0.5614445171875 0.1294554625 0.55288134375 0.11799378749999999 0.5477880500000001 0.11452433541666666 0.540380884375 0.11424822708333333 0.5323478328125 0.117574675 0.5267049546875 0.1235364875 0.5237828046875 0.131677475 0.5204244499999999 0.13220413333333333 0.5140030734375001 0.1301110875 0.5126867328125 0.13238421666666667 0.51033764375 0.1328873875 0.504724115625 0.1410910125 0.5010410765625 0.142522225 0.4937454359375 0.15076499791666667 0.4874708 0.15988100833333335 0.48553444062500006 0.16620505624999998 0.487858196875 0.18947291249999998 0.48515909375 0.21465166041666667 0.48570682343750005 0.23078487083333332 0.489607040625 0.24594305833333333 0.494039228125 0.25032489375 0.51087209375 0.25083013541666666 0.524577371875 0.2437836833333333 0.5343042765625 0.24131481041666666 0.5427324484375 0.24246415625 0.5495019859375 0.24544609583333335 0.5562128265624999 0.24394441458333332 0.5585443046874999 0.24209616041666668 0.56347325 0.23301146875 0.567121071875 0.22889008333333333 0.5743286671875001 0.21392187708333335 0.5752322828125 0.20582786875
0 0.328760928125 0.015570124999999999 0.3298347625 0.02047861875 0.3293809484375 0.011519204166666666 0.328760928125 0.015570124999999999
0 0.42556473125 0.05816704791666667 0.4263685609375 0.042450883333333335 0.4289836359375 0.036559537499999996 0.432666675 0.03512832291666667 0.4413197453125 0.02775095625 0.446342603125 0.025840060416666664 0.4576518375 0.015709883333333334 0.46403799531249995 0.01511275625 0.475198634375 0.01933799791666667 0.4788992828125 0.01925187291666667 0.48055791562500005 0.017419272916666666 0.4807358578125 0.005305664583333333 0.48235927343749996 0.0007828958333333334 0.48241457343749994 0.00033310833333333336 0.3847908765625 0.0026051458333333334 0.38684463125 0.005248341666666667 0.388904253125 0.008339897916666667 0.39001330312500004 0.015938566666666668 0.39754373125 0.02563028125 0.402371040625 0.03448791041666666 0.4064374578125 0.03663576458333333 0.4122505546875 0.04367645416666666 0.4174377640625 0.05431970208333334 0.42186408281250004 0.058253175000000004 0.42556473125 0.05816704791666667
0 0 0.4357179666666667 0.0031740781250000003 0.4398030291666667 0.0187258203125 0.44527157083333335 0.030784203125 0.44095444375 0.034455503124999995 0.43862650416666665 0.036102396875 0.43589718541666667 0.037041229687499996 0.43049334791666666 0.0359497859375 0.4242397666666667 0.025055134375 0.41462634791666664 0.0031836546875000002 0.38912244166666665 0 0.3894620916666666 0 0.4357179666666667
0 0.7313829875 0.15465283333333335 0.7267493796875 0.16059116041666668 0.7269019906249999 0.172248575 0.7242810453125 0.17769156041666667 0.72333634375 0.18264703333333332 0.723400909375 0.18757901875000002 0.7251182390625 0.19023004375000002 0.727154384375 0.19152815208333335 0.7332099890625 0.19138721666666667 0.7355884265625 0.19312585625 0.7419804546875 0.19297709166666666 0.7519557359375 0.18377495625 0.7535263249999999 0.17521692708333333 0.7527713046875 0.16895551458333333 0.7509717984375001 0.16002742083333335 0.7478794296875 0.15516590416666667 0.7448340203125 0.15389128541666666 0.7313829875 0.15465283333333335
0 0.8607786859375001 0.19335174375 0.859172878125 0.1992196 0.8514351625 0.19939968333333333 0.8481061546875001 0.20216815416666664 0.8478401671875 0.20755632916666666 0.8536943515625 0.21773555416666665 0.8575710890625 0.23110029375 0.8620326265625 0.23772394166666666 0.8705547125 0.24604708125 0.87897114375 0.24629969999999998 0.8910471359375001 0.24332765833333334 0.8953795421875 0.2400873354166667 0.9009930703125001 0.2318837125 0.9008228515625 0.21888120833333333 0.8980316875 0.2113216875 0.8931926406249999 0.20156733541666666 0.8857209078125001 0.19635924375 0.8721759640625001 0.18994699791666667 0.8637654015624999 0.19014273958333333 0.8607786859375001 0.19335174375