0 0.8753745937499999 0 0.874939540625 0.0022118020833333334 0.8761821937500001 0.008811991666666666 0.8833971281249999 0.025596752083333334 0.88486370625 0.0407468625 0.8878498468749999 0.04583915 0.8914782796875 0.06183975208333334 0.8964816000000001 0.07587403958333333 0.9010338453125 0.09991640208333334 0.9032579000000001 0.10314187083333333 0.9101120625 0.10615175833333333 0.9124231999999999 0.11270219583333334 0.9137280546875 0.12167736458333334 0.9196630156250001 0.13043695 0.9298594828125 0.13852253958333333 0.9334584250000001 0.13978169166666668 0.940569225 0.13897503125000002 0.95177980625 0.13131943125 0.9735959968750001 0.10652490416666667 0.97592740625 0.10023387916666666 0.9776708953125001 0.09872597500000001 0.978614978125 0.09392626875 0.988926628125 0.07917890208333334 0.989234159375 0.07730551666666667 0.9872094828125 0 0.8753745937499999 0
0 0.5973612640625 0.5140141791666667 0.5992899703125001 0.47873183541666664 0.60171629375 0.46244931875 0.5944515984375001 0.443764575 0.5926334671875 0.4424225041666666 0.5903223265624999 0.43587206458333333 0.590222803125 0.4320721 0.5852319265625 0.4185128083333333 0.5801710140624999 0.41589500208333335 0.573735215625 0.4152435083333333 0.566268253125 0.4160667520833333 0.5656056890625 0.4179999020833333 0.563916571875 0.43519924374999996 0.5641529390625 0.4442241625 0.5576595484375 0.45498914791666667 0.5558460265625 0.46743853333333335 0.55315845625 0.47374614374999996 0.5513822546875 0.48762051666666667 0.5487195640625 0.49487811875 0.5539173203125001 0.5027208791666667 0.5562533390625 0.5102213083333333 0.5618196984375 0.51852248125 0.567585103125 0.5344235833333334 0.5759961484375 0.5288006333333334 0.587799259375 0.53015336875 0.5920483234375 0.5290043770833334 0.5944419359374999 0.5250883291666667 0.5973612640625 0.5140141791666667
0 0.43728459218750004 0.4472778333333334 0.439160315625 0.437203425 0.438787103125 0.42295355625000003 0.4397436265625 0.4186288458333333 0.44348724375000004 0.41179649166666665 0.44385123593750003 0.3984634458333333 0.4431140328125 0.3975466208333333 0.44103926250000003 0.4000210979166667 0.43890228750000004 0.40012059791666665 0.437759159375 0.397320375 0.42673840625 0.38499298958333333 0.41426029218749993 0.38509840833333336 0.4110921546875 0.38667264583333333 0.40731121718749996 0.39208001458333336 0.405679690625 0.3978628770833333 0.40086758749999996 0.4047449833333333 0.398180015625 0.41105259166666663 0.397211053125 0.41490230625 0.3974723015625 0.42487721666666667 0.3986651921875 0.4295774229166666 0.40558155625000003 0.43496228750000004 0.4145229296875 0.43597269375000003 0.40793001562500003 0.4429377125 0.40831566874999997 0.45766257916666664 0.416686171875 0.4777225583333333 0.420753240625 0.4832400895833333 0.4236522984375 0.4850074083333333 0.4343620421875 0.4854599 0.4363994921875 0.48156043541666665 0.435583034375 0.46400218125 0.4364773546875 0.4573024895833333 0.437520959375 0.4563027520833333 0.43728459218750004 0.4472778333333334
0 0.48867095312500003 0.18997709583333336 0.4902029546875 0.18039426666666666 0.48996197812500003 0.15757789375 0.4930554734375 0.15315368333333332 0.49628581250000003 0.15395442499999998 0.49849742812500003 0.15670489791666667 0.5049378359375 0.17114784791666665 0.5089675828125 0.17524039166666666 0.51689023125 0.17820053125 0.52864358125 0.17765328333333336 0.53145555625 0.17609562916666668 0.5330995234375 0.17078776041666668 0.532614346875 0.15226293125 0.5347715890625 0.13932196666666666 0.5341292984375 0.12841365 0.5307575046874999 0.1085965 0.5255846296875 0.10170372916666667 0.5209047609375 0.10001932916666667 0.5177490640625 0.10206856041666666 0.51133814375 0.10236706041666667 0.50564738125 0.08931593333333333 0.5008679890625001 0.08383156666666666 0.4951445171875 0.08314690625 0.48755314843750003 0.07922019583333334 0.48110490937500006 0.07809370833333333 0.47562563437499994 0.07311750416666667 0.47088217343750005 0.028158752083333335 0.46760207343750004 0.025458027083333334 0.4495576 0.017262272916666665 0.43521159374999996 0.014125639583333332 0.4248953328125 0.015081549999999999 0.41929626249999996 0.019146847916666664 0.41828997812499996 0.021571577083333335 0.4184392640625 0.02727152291666667 0.42082504375 0.0366719375 0.4267848859375 0.0463815125 0.42692173125000005 0.05160646458333333 0.4222791828125 0.05134705208333334 0.41395061093749996 0.046503514583333336 0.405071440625 0.0478680875 0.4046203640625 0.0578761625 0.4068117078125 0.07346810208333333 0.40692045 0.10485098125 0.4116252 0.10748537291666667 0.4341504953125 0.10976559583333333 0.4413857015625 0.11370888958333333 0.4454278875 0.11827643125 0.44658345625000007 0.12155165 0.4479007515625 0.13100181458333332 0.4486098546875 0.15807656458333333 0.4507638765625 0.17224351875000002 0.451385896875 0.1959933 0.45362239375 0.19969376666666666 0.47179909999999997 0.19932301458333335 0.4859460609375 0.19485971875 0.48867095312500003 0.18997709583333336
0 0.0055580421875 0.22008052708333334 0.0037896734374999997 0.22063843958333335 0.0060012875 0.2233889125 0.00841978125 0.22042285625 0.0055580421875 0.22008052708333334
0 0.08387038125 0.16031638958333333 0.0850135125 0.1631166125 0.0849264296875 0.15979164375000002 0.08387038125 0.16031638958333333
0 0.06796875 0.09166666666666666 0.0015625 0.0020833333333333333
0 0.0443446640625 0.03993400208333333 0.0436821015625 0.04186715208333334 0.048585898437500004 0.05210147291666667 0.049840990625 0.05917665833333333 0.050590635937499996 0.06056847916666667 0.054520857812500004 0.060861058333333336 0.068224575 0.053089377083333326 0.0692308578125 0.050664647916666666 0.0769420203125 0.045549860416666664 0.0824540078125 0.03815959166666667 0.08739051406250001 0.03602744583333333 0.0884092390625 0.0340777125 0.0872412296875 0.030327495833333332 0.0832736859375 0.02860993125 0.0732638265625 0.027649274999999997 0.0655899859375 0.034189050000000006 0.0443446640625 0.03993400208333333
0 0.9985210390624999 0.43189407916666667 0.9973192953125001 0.38600950208333334 0.992333025 0.38624166875000004 0.987520921875 0.39312377291666667 0.9866266015624999 0.39982346041666667 0.983851946875 0.4028061020833333 0.9801580921875 0.4115384375 0.979425496875 0.42441307083333335 0.9816371109375 0.42716354375 0.9935273046875001 0.4318412479166666 0.997813690625 0.43211724583333333 0.9985210390624999 0.43189407916666667
0 0.8823544671875 0.1764025375 0.887166571875 0.16952043125 0.8880982140624999 0.16424573125 0.8877747625 0.15189584375 0.8855133859375 0.1472453875 0.8849411281249999 0.1253955875 0.8830234718750001 0.12025355208333334 0.8716341156249999 0.10746775416666667 0.8687599390624999 0.10665042916666666 0.8659355218749999 0.1077330875 0.86147958125 0.11459860833333332 0.8608543390625 0.11795674583333333 0.857992603125 0.11761441666666667 0.8567826609375 0.09864775625000001 0.852703153125 0.09265522916666667 0.8470045609374999 0.0929205625 0.8358561812499999 0.10295113958333334 0.832294559375 0.10311697291666667 0.8266954906249999 0.10718227083333334 0.8137833515624999 0.13156221666666668 0.8137008781249999 0.14202870208333335 0.811125271875 0.152611275 0.8113989609375001 0.16306117708333331 0.8143602203125001 0.16720347291666665 0.8215954265625 0.17114676666666667 0.8235255203125 0.17676379791666666 0.823649925 0.18151375416666668 0.8258864203125 0.18521422083333333 0.83017280625 0.18549021666666665 0.8345338343750001 0.18861618541666667 0.8451735453125 0.2000101625 0.8498782953124999 0.20264455416666666 0.8565582921875 0.19900450208333334 0.8631760875 0.19298947291666665 0.8763370343749999 0.1781094375 0.8823544671875 0.1764025375
0 0.9465769984374999 0.21859188333333332 0.953092046875 0.23588480625 0.9560657484374999 0.24050209583333335 0.96080781875 0.244561475 0.978272203125 0.24422388958333335 0.9899633484375 0.2413016625 0.993485871875 0.2396429875 0.9898052875 0.09911213541666666 0.9887368015625 0.09916188541666666 0.9848812203125 0.10171927916666666 0.9590150109375 0.13526272708333334 0.9498464890625 0.15281031874999998 0.9468773984375 0.1619844875 0.9475072499999999 0.17241780625 0.9414944249999999 0.18791616458333332 0.9409189453125 0.19317428541666667 0.942236240625 0.20262444791666667 0.9465769984374999 0.21859188333333332
0 0.1399633859375 0.20526212916666667 0.13074049375000002 0.20711828125 0.12567958125 0.20450047291666668 0.1212563515625 0.198999525 0.1200883421875 0.19524930833333334 0.1108732796875 0.183789 0.10665692499999999 0.17257152083333333 0.10293357968750001 0.16656240833333333 0.09891627343750001 0.16294486041666667 0.0932877125 0.15226871041666667 0.0890308171875 0.16673416041666667 0.0886216734375 0.19195868125 0.0909701328125 0.19993410625000002 0.1058261953125 0.22254556250000002 0.1130987234375 0.22791384375 0.1259329984375 0.22779184375 0.13114319531250002 0.23610959791666666 0.1358479453125 0.23874398958333334 0.168258696875 0.2372349125 0.16845313125 0.23104338333333332 0.16732244375 0.22871815625 0.15819446406249998 0.22058281666666665 0.1542393609375 0.21934024791666668 0.146892190625 0.21112198958333334 0.1447303375 0.21027149791666666 0.1439558109375 0.20792968541666665 0.1399633859375 0.20526212916666667
0 0.517128934375 0.3779308645833333 0.5026539140625 0.35625281875 0.4986490484375 0.35311026250000005 0.4929504546875 0.35337559583333333 0.485201971875 0.35706539791666664 0.48313964218749994 0.36001487083333333 0.47353570468750006 0.3609376166666667 0.4675307109375 0.3631195125 0.4621306875 0.3747847395833333 0.46281491093750005 0.40090950208333337 0.4659503359375 0.4117017354166667 0.469267759375 0.4158274458333333 0.47507831562499997 0.419837075 0.48152655468749994 0.4209635625 0.4850508546875 0.41937274375 0.48811946875 0.41399854166666666 0.4923934140625 0.4137995416666667 0.5044702140624999 0.42560218125000004 0.5087565984375 0.42587817708333336 0.5104876484374999 0.42389527916666664 0.5130632546875 0.41331270833333333 0.5126900437499999 0.39906283958333333 0.52030168125 0.3901480854166667 0.5202021578125 0.38634812083333336 0.517128934375 0.3779308645833333
0 0.7494396390625 0.05751499583333333 0.7519203328125 0.056923916666666664 0.7532703390625 0.05400761041666667 0.75238385 0.047390835416666666 0.7533528125 0.04354112083333333 0.7483789828125 0.04424828333333333 0.7475468640625 0.05332295 0.7494396390625 0.05751499583333333
0 0.790343909375 0.039916479166666664 0.786388803125 0.03867390833333333 0.7707301125 0.039878568749999996 0.7631309140625 0.049268316666666666 0.76223659375 0.05596800625 0.7587620546875 0.05945880833333333 0.755855165625 0.07100795208333334 0.7553170078125 0.07769105833333333 0.7606064578125 0.10265024375000001 0.7639114390625 0.10630096041666667 0.7693409531250001 0.10937718125 0.7749073109375 0.11767835416666667 0.77892461875 0.12129590208333334 0.7839979703125 0.12438870625 0.798956778125 0.12369220833333333 0.807856221875 0.10948616875 0.807321284375 0.08906135625 0.8054160687499999 0.08439431666666668 0.8041112140625 0.07541915 0.8037255609375 0.060694283333333335 0.797972596875 0.04526817708333333 0.7947422578125 0.044467437500000005 0.790343909375 0.039916479166666664
0 0.59431380625 0.28873357916666664 0.5966995875000001 0.29813399375 0.6000294515625 0.3027347 0.6146320953125 0.30205478750000003 0.6152324578125 0.29774665833333336 0.6221317703125 0.2888650729166667 0.6225952875 0.27933199166666667 0.6174675640625 0.26054775 0.617806675 0.24626471458333335 0.6167133078125 0.24536447291666666 0.61464636875 0.23452248750000002 0.6104797765625001 0.22520499166666666 0.609249565625 0.21907979791666668 0.60741899375 0.21726273333333335 0.6050207734375 0.20738732291666664 0.6031902 0.20557025833333334 0.601810703125 0.1937451166666667 0.5994995656250001 0.18719467708333332 0.5951509781250001 0.18454370208333334 0.5908770328124999 0.18474270208333332 0.5841845953125 0.18790775625 0.5831907515625 0.19080748125 0.5810413390625 0.19043198541666667 0.5769120703125 0.182539475 0.57549525 0.16928934791666667 0.5706412171874999 0.16095500833333334 0.5662801875000001 0.1578290375 0.564192978125 0.15982852083333335 0.5538891593749999 0.16125942499999998 0.5455527546875001 0.16973235 0.5385414765625 0.17433897708333335 0.535816584375 0.1792216 0.536877240625 0.19248831041666667 0.53603268125 0.20108798333333333 0.534314071875 0.20354587708333333 0.5334446328125 0.21119555625 0.5317757859375 0.21555343333333335 0.531925071875 0.22125338333333333 0.5338676062500001 0.22734540833333333 0.5390156015625001 0.2332881875 0.5459195265625 0.23819805624999998 0.5470875359375 0.24194827083333334 0.5500363546875 0.24561556874999999 0.5512541265625 0.25126576875 0.569390290625 0.27657795 0.5818932859375 0.27742252083333335 0.58985325625 0.28180764583333334 0.59431380625 0.28873357916666664
0 0.6588362953125 0.38322219583333333 0.6570306031250001 0.38235512083333334 0.652206059375 0.38876223125000003 0.6513117390625001 0.39546191875 0.6526290343750001 0.40491208333333334 0.65559029375 0.40905437916666665 0.6567831843749999 0.4137545854166667 0.660469209375 0.41833870625 0.66215510625 0.42824728333333334 0.6670589031249999 0.43848160416666665 0.671026446875 0.4401991708333333 0.679044009375 0.43316781666666665 0.6815371453125 0.43305173333333336 0.683562153125 0.428677275 0.68341286875 0.42297732708333335 0.6796522015625001 0.41554322916666664 0.679184075 0.4112848520833333 0.674305159375 0.4020005208333333 0.6588362953125 0.38322219583333333
0 0.537947115625 0.2333379375 0.531680871875 0.22554492708333335 0.52640064375 0.22816865208333334 0.52400703125 0.2320847 0.52371768125 0.24826771875 0.51988698125 0.25177510416666665 0.5189677796875001 0.25752480208333334 0.5198012875 0.2893495104166667 0.5220875453125 0.2949499583333333 0.524986603125 0.296717275 0.5398956484374999 0.2941207958333333 0.54672493125 0.29618069166666666 0.5577783968750001 0.29614160625 0.565183159375 0.2929433833333333 0.5668893265625 0.2900104916666667 0.5678334078125 0.28521078541666667 0.5675348390625 0.27381088958333333 0.566391709375 0.2710106666666666 0.5549277109374999 0.25537489583333334 0.5492867109375 0.24422375000000002 0.5449132421875 0.24062278541666665 0.5419146593749999 0.2350555020833333 0.537947115625 0.2333379375
0 0.0707997390625 0.15141347291666665 0.070376765625 0.13526362083333332 0.0677794984375 0.11778828333333333 0.058622028125 0.09491149374999999 0.0552797234375 0.08983579375 0.0513370609375 0.08906821666666667 0.03884650625 0.08869863958333334 0.022856534375 0.090869875 0.021137925 0.09332776875 0.0213867328125 0.10282768125 0.02569016875 0.11737012916666667 0.027007464062499997 0.12682029375 0.031124292187500003 0.13423780833333332 0.0380655375 0.14057266458333334 0.042145046874999995 0.14656519166666668 0.0441124625 0.15360721041666667 0.0442493078125 0.1588321625 0.0497659046875 0.16523335208333334 0.050627514062500004 0.17090013333333334 0.052801807812500004 0.17222562083333331 0.0595440078125 0.17096054791666668 0.0655116796875 0.16735366041666666 0.06990541875 0.1581131625 0.0707997390625 0.15141347291666665
0 0.9058123515625001 0.3232141 0.9126494624999999 0.3119575354166667 0.9214291109375001 0.30679299791666664 0.929028309375 0.29740324791666667 0.9309911156249999 0.29065381041666666 0.9304110265625001 0.2821204708333333 0.9341670843750001 0.2757631125 0.9340800015624999 0.2724381416666667 0.9212037937499999 0.2573437 0.912187778125 0.2534833208333333 0.9070895468750001 0.24944052708333334 0.901366071875 0.24875586875 0.8977173671875001 0.24559673125 0.8959365578125 0.24567964791666666 0.8940686640625 0.24243759375 0.8939069375 0.23626265208333336 0.8915335984375 0.22733723333333333 0.8866671234375 0.21852789791666666 0.876707025 0.21946722708333333 0.8728887656250001 0.22344960625 0.8712199187499999 0.22780748541666668 0.8714438453125 0.23635740624999999 0.8744921890624999 0.24382467083333334 0.8749027234375 0.259499525 0.8739959624999999 0.2657242208333333 0.8763817421875 0.27512463125 0.8766181109375 0.28414955000000003 0.875649146875 0.2879992645833333 0.8769291203125 0.29602443958333335 0.88102106875 0.30249196458333333 0.8846075703125 0.30327612291666667 0.8889934796875 0.3073520833333333 0.889043240625 0.30925206666666666 0.8919920625 0.3129193666666667 0.8932595953125 0.3204695458333333 0.8980638671875001 0.3269039020833333 0.9058123515625001 0.3232141
0 0.4384396578125 0.19184034166666666 0.44135115625 0.19408265416666665 0.4462876640625 0.19195050624999999 0.4455380203125 0.19055868541666668 0.44055175 0.19079084999999998 0.4384396578125 0.19184034166666666
0 0.46089308906250004 0.2730693416666667 0.4726137265625 0.28488856458333334 0.4789997625 0.28364007291666665 0.47887535937500003 0.2788901166666667 0.47692038124999997 0.27232309374999997 0.4692668125 0.2660214041666667 0.46812368437499996 0.26322117916666665 0.4652370671875 0.26192885833333335 0.462975690625 0.25727840416666664 0.46157131093750003 0.24450327083333334 0.46277525468749997 0.20877909791666666 0.461288403125 0.20647045208333334 0.4486734453125 0.20135091875000002 0.4326088296875 0.2006721791666667 0.4289476859375 0.19703804791666668 0.42953560625 0.19225492291666668 0.426193303125 0.18717922083333333 0.42373748906250003 0.18872029166666668 0.425742228125 0.19718729583333333 0.425345521875 0.2228868125 0.42291459062500003 0.2253778729166667 0.4100554328125 0.22454988125 0.4052977015625 0.24712342708333335 0.4011730421875 0.2530223729166667 0.394555246875 0.25903740416666665 0.3887741796875 0.26976922291666666 0.390953084375 0.28488616875 0.3927960953125 0.2871782291666667 0.3960264359375 0.28797897083333335 0.403762478125 0.283814175 0.4044250421875 0.281881025 0.408611903125 0.27835705625 0.411448759375 0.27774939374999996 0.41351108906249995 0.2747999208333333 0.41812875624999996 0.27410934375 0.42480875312500005 0.2704692916666666 0.43135190625000003 0.26160428750000003 0.4391999125 0.2617144520833333 0.44865917343749995 0.26888321666666665 0.4540264859375 0.26958445833333333 0.4573065859375 0.27228518333333335 0.46089308906250004 0.2730693416666667
0 0.43718456562499997 0.18476515833333332 0.438596775 0.18422382916666666 0.4375158484375 0.18379858333333335 0.43718456562499997 0.18476515833333332
0 0.8895030937499999 0.4357335729166667 0.8862727546875 0.43493283125000004 0.88449194375 0.43501574791666664 0.880673684375 0.43899812916666664 0.8760887296875 0.42732223750000004 0.8731523484375 0.4241299333333333 0.8681785203124999 0.42483709375 0.8644100218749999 0.4307194583333333 0.8629029015624999 0.4412522791666667 0.8553783453125 0.45349200208333335 0.8555898328125 0.4615669270833333 0.8571015640624999 0.46482556458333335 0.8699777687499999 0.47992000625000003 0.8750635625 0.48348780625000004 0.883710975 0.48688977291666663 0.8943958390625 0.486392275 0.8955965593749999 0.47777601875000003 0.89792796875 0.47148499166666663 0.8976542796875 0.46103508958333334 0.8986232421875 0.457185375 0.894382009375 0.4450179041666667 0.8914456296875001 0.4418256 0.8913709875 0.4389756270833333 0.8895030937499999 0.4357335729166667
0 0.3835810328125 0.27571792083333335 0.38180022343750003 0.2758008375 0.37897580625 0.27688349375 0.3779695234375 0.27930822083333334 0.375844990625 0.2798827166666667 0.3737826609375 0.28283218958333334 0.3677776671875 0.2850140895833333 0.3631102390625 0.2838046833333333 0.35212680625 0.2729022875 0.3507846296875 0.26250213333333333 0.3467051234375 0.25650960625 0.3381572328125 0.2569076041666667 0.337507109375 0.25931575 0.3294771078125 0.26587210833333336 0.3277506671875 0.2816464625 0.324044371875 0.28990380416666667 0.32221841093750003 0.3018781958333333 0.3198621203125 0.30721923125 0.3190300015625 0.3162938979166666 0.3213286984375 0.32236934166666664 0.32678309375 0.3263955541666667 0.32721389843750004 0.32922894374999995 0.3379780140625 0.34537287499999997 0.34125811562499997 0.34807360000000004 0.34623194375 0.34736643958333335 0.356017875 0.33977717291666665 0.3691539421875 0.3239471479166667 0.37083523125 0.32006426666666665 0.371079428125 0.3157727229166667 0.38032259375 0.30107510625 0.38286087812499997 0.28906754791666667 0.383904484375 0.28806780625 0.38471172187499997 0.2780431479166667 0.3835810328125 0.27571792083333335
0 0.9941138359374999 0.38615875208333333 0.997316184375 0.38589075208333334 0.9963891359374999 0.3504944416666667 0.9927126796874999 0.34627569999999996 0.9880452515625 0.3450662958333333 0.9813279328125001 0.3472813604166667 0.975778625 0.3532466416666667 0.97478478125 0.3561463645833333 0.9749465078125 0.36232130833333337 0.9819623937499999 0.3715061375 0.984248653125 0.37710658750000003 0.9867666671875 0.37794049583333333 0.9941138359374999 0.38615875208333333
0 0.18383219687500002 0.53231736875 0.1834184421875 0.5437504291666666 0.1888401265625 0.5601431125 0.1936941609375 0.5684774520833333 0.20545995 0.5684051979166667 0.20859076562499998 0.5654059749999999 0.21285227031249998 0.5647319791666666 0.219776465625 0.5568003833333334 0.2207329890625 0.5524756729166668 0.2197967375 0.54395891875 0.21345585156250002 0.5333159333333334 0.21198927343750001 0.518165825 0.20779779999999998 0.5078983354166666 0.20313037343749998 0.50668893125 0.199274790625 0.509246325 0.18784489375 0.5221434604166667 0.18383219687500002 0.53231736875
0 0.1688553921875 0.36894136875 0.167774465625 0.3685161229166667 0.1678739890625 0.3723160875 0.169261315625 0.37082476875000003 0.1688553921875 0.36894136875
0 0.91316918125 0.2501086020833333 0.917111846875 0.25087617916666666 0.9216673109375 0.24781062291666667 0.92542336875 0.2414532625 0.9279865359375 0.23039569583333333 0.9271373671875001 0.22520391041666665 0.9248635500000001 0.22007845833333334 0.91798450625 0.21611858125 0.9116809437500001 0.20690058333333333 0.9059574687499999 0.20621592291666666 0.902089446875 0.20829832291666667 0.89732710625 0.21708041041666667 0.896764065625 0.22281352291666667 0.89781228125 0.23560523958333332 0.91316918125 0.2501086020833333
0 0.23579959375 0.4333560125 0.2445340890625 0.44008294791666663 0.2681651921875 0.4437384104166667 0.2706334453125 0.4426723354166667 0.27575194999999997 0.4338736645833333 0.2755404625 0.4257987375 0.27228063125 0.4102565479166667 0.26928205 0.40468926666666666 0.2641589359375 0.39969648125 0.2523185046875 0.39691875833333334 0.24341445312499999 0.39733333958333333 0.238490384375 0.39994048541666666 0.23204675625 0.41260545416666666 0.2324572890625 0.42828031041666664 0.23579959375 0.4333560125
0 0.3506602265625 0.25775217708333337 0.357175278125 0.27504509791666665 0.3634166390625 0.28188811875 0.37126464531250003 0.2819982833333333 0.38349395 0.2723929520833333 0.390674784375 0.26064480833333337 0.40349201093750003 0.24625635208333332 0.4070987828125 0.23419904583333334 0.4079309015625 0.22512437708333335 0.410336953125 0.221683325 0.4175223984375 0.2237266375 0.4225086671875 0.22349447083333332 0.42458343750000005 0.22101999375 0.422855609375 0.195894975 0.4186143765625 0.18372750416666667 0.415628234375 0.17863522083333333 0.41433582031249994 0.17013504791666667 0.4094942265625 0.16227570416666665 0.4021719390625 0.15500743958333332 0.4002667234375 0.1503404 0.401910690625 0.14503253125 0.40944768593749997 0.13326780416666667 0.40933572187499995 0.12899284166666666 0.399971375 0.11183258541666666 0.39452941875 0.10828136875 0.38275119062499996 0.10787862708333333 0.377690278125 0.10526081875 0.37271645000000003 0.10596797916666666 0.3632866796875 0.1135406625 0.35791936562500004 0.11283942083333334 0.3542706640625 0.10968028333333332 0.34394196250000003 0.11016119791666666 0.326407546875 0.12144026666666667 0.321926725 0.12735579583333334 0.3216452046875 0.13022235416666667 0.317914028125 0.13752970416666666 0.3184692375 0.14511305208333333 0.3203371296875 0.14835510416666667 0.3208301375 0.15356347291666667 0.317823725 0.1613126520833333 0.316478328125 0.17802041666666665 0.3144284390625 0.18144488541666667 0.310896309375 0.19635216666666666 0.3114810078125 0.2186769625 0.314785990625 0.22232767708333334 0.3277073484375 0.22553064583333335 0.33214301874999996 0.2315065875 0.3365040453125 0.23463256041666666 0.3405835546875 0.24062508541666666 0.3406457578125 0.24300006458333331 0.34402538125 0.24950075416666667 0.3506602265625 0.25775217708333337
0 0.8238955125 0.21812158541666668 0.8184830484375001 0.22931181666666667 0.8162838750000001 0.22703633958333333 0.8167847109374999 0.21892824791666668 0.8149168187500001 0.21568619375 0.810174746875 0.21162681666666666 0.8055322 0.21136740208333332 0.8009394125 0.21300797291666665 0.79432161875 0.21902300208333333 0.79228416875 0.22292246666666668 0.7896588 0.23160505416666669 0.78628839375 0.25268727916666667 0.7866367265624999 0.26598715624999997 0.7914534390625 0.2728965083333333 0.7979390000000001 0.27544798333333337 0.7987135265624999 0.27778979583333335 0.803811759375 0.28183259166666663 0.81530846875 0.28510189166666666 0.8236370421875 0.2899454270833333 0.8268425015625 0.2897961770833334 0.8293107531249999 0.28873010416666667 0.8324166906249999 0.28478088958333336 0.8361229859374999 0.27652354791666667 0.8432494484375 0.24908396249999998 0.837690921875 0.22746633125000001 0.8313624765625001 0.21729834166666664 0.8263513250000001 0.21658051458333333 0.8238955125 0.21812158541666668
0 0.068423178125 0.169595975 0.06164826718750001 0.18322751874999998 0.055986995312499996 0.18491783541666665 0.050856051562500004 0.19324151041666668 0.0455260609375 0.19396525625 0.032058712499999996 0.21076185625 0.03127635625 0.22173650416666665 0.02961995 0.22656937708333333 0.0288749140625 0.23896901458333333 0.031086529687499996 0.2417194875 0.0396841796875 0.24322147291666668 0.050650562499999996 0.23985741875000002 0.0657743171875 0.21822794583333333 0.0738043203125 0.21167158541666667 0.080177915625 0.2099481020833333 0.08499001875 0.20306599583333332 0.0866215453125 0.19728313333333333 0.0882733421875 0.17865880208333335 0.0881116171875 0.17248386041666666 0.0869684875 0.16968363541666667 0.08367594687499999 0.16650791458333333 0.077177946875 0.16348144374999998 0.07222899687499999 0.16513859791666666 0.068423178125 0.169595975
0 0.1515048046875 0.3055466229166666 0.1553977078125 0.30441421458333334 0.1630839890625 0.29834943541666664 0.1677716875 0.286717375 0.168354996875 0.26814279375 0.166018978125 0.26064236458333334 0.16234539375 0.25653323541666667 0.1599222921875 0.2457078354166667 0.156973471875 0.24204053749999999 0.152637325 0.23986455625 0.138365959375 0.23957789791666664 0.12787553437500002 0.23388386875 0.121464615625 0.23418236875 0.1167349875 0.23059798541666668 0.10846861562500001 0.22812942708333334 0.10338282343750001 0.22456162916666667 0.100227125 0.22661085833333333 0.09478978125000001 0.2368511 0.09379593750000001 0.23975082291666666 0.0941691484375 0.25400069375 0.092119259375 0.25742516249999997 0.0865201890625 0.2614904604166667 0.08378285625000001 0.2658980875 0.096721265625 0.28336750625 0.1001630921875 0.292243175 0.1031243515625 0.29638546875 0.1055474546875 0.30721086875000003 0.10368417031249999 0.3177602729166667 0.105539625 0.32052733125 0.11414971562500001 0.3225043083333333 0.11482471875 0.32104615625000005 0.125053896875 0.31676527708333335 0.1438434046875 0.31256139375 0.1515048046875 0.3055466229166666
0 0.2265628703125 0.39383779166666666 0.2262020984375 0.3800629208333334 0.223203515625 0.3744956375 0.2219359828125 0.3669454583333333 0.2165143 0.350552775 0.21427780468750002 0.3468523104166667 0.2092168921875 0.3442345041666667 0.189984140625 0.34513 0.1837100671875 0.3506534520833334 0.177593109375 0.3485603875 0.1726192796875 0.34926755000000004 0.1695009046875 0.35274176874999996 0.1665318140625 0.36191593541666667 0.166118059375 0.3733489958333333 0.1644740921875 0.3786568645833333 0.1647104609375 0.3876817833333333 0.16966401874999998 0.3998160875 0.17100619374999998 0.41021624166666665 0.180208815625 0.42120155416666666 0.1866446140625 0.42185304791666667 0.19191240468749998 0.418754325 0.19457509374999998 0.41149672291666667 0.19441336874999998 0.4053217791666667 0.196082215625 0.4009639020833333 0.1982440703125 0.40181439375 0.199486721875 0.4084145833333333 0.2035289078125 0.41298212500000003 0.212814003125 0.41350095000000003 0.220831565625 0.4064695958333333 0.2249313453125 0.3996206583333333 0.2265628703125 0.39383779166666666
0 0.6236503859375 0.12900120625 0.6186889984375 0.13018336041666667 0.615264221875 0.13557414583333335 0.6150573453125 0.14129067916666666 0.617318721875 0.14594113333333333 0.6185862546875 0.15349131458333334 0.62120379375 0.15812518750000001 0.621684359375 0.1628585604166667 0.629056409375 0.17202680833333334 0.6330115140625 0.17326937916666668 0.6388469515625 0.17822899791666666 0.6423961328125001 0.17758817083333334 0.6436839359375 0.1722968875 0.6413354765625 0.16432146041666668 0.6417741125 0.1538383875 0.6386386859375001 0.14304615625 0.6356401046875 0.13747887291666666 0.6315854765625 0.1324363375 0.6236503859375 0.12900120625
0 0.6337408234375 0 0.632318515625 0.010655037499999999 0.6260739328125 0.0309199375 0.622977215625 0.062452064583333335 0.62336286875 0.07717692916666666 0.626423653125 0.08511918958333334 0.6289338375 0.09926956041666667 0.63259498125 0.10290369166666666 0.63758125 0.102671525 0.64623649375 0.09275703125 0.6537112890625 0.07861732708333333 0.6544563250000001 0.06621768958333334 0.6513582203125 0.05685044166666667 0.6511467328125 0.04877551666666667 0.6521778984375 0.04730077916666667 0.6596324203124999 0.046002539583333335 0.6606635859375001 0.04452780208333333 0.661876746875 0.03638654375000001 0.6660511687499999 0.032387579166666666 0.669438625 0.025571808333333335 0.6718944390625 0.0240307375 0.6689207359375 0.019413447916666667 0.6688212140625 0.015613483333333334 0.6709084234375 0.013614002083333333 0.6758698140625 0.012431843750000001 0.6758200515625 0.010531860416666667 0.6699597328125 0.00462225 0.6668998453125 0 0.6337408234375 0
0 0.22833951406250003 0.2710567520833333 0.23036452343749997 0.2666822916666666 0.22527872968749998 0.26311449375 0.2170870015625 0.26349590833333336 0.21418794375 0.2617285916666667 0.20810830624999999 0.2610605166666667 0.205196809375 0.2588182041666667 0.19673600156249998 0.26254117083333334 0.19589144375 0.27114084374999997 0.1885908140625 0.2919304875 0.18774625625000002 0.30053015833333335 0.1860649671875 0.30441304166666666 0.1862764546875 0.31248796666666667 0.1918303734375 0.32031414375 0.1991029 0.32568242708333334 0.2152794796875 0.330636125 0.21918482187500002 0.32997871458333333 0.2247465703125 0.32448843125 0.2264154171875 0.3201305541666667 0.229190071875 0.3171479125 0.2324904453125 0.3070071729166666 0.23591522031249998 0.3016163875 0.24120327968750002 0.28567619791666665 0.24137283593749997 0.27853468125 0.22944532031249998 0.2724319916666667 0.22833951406250003 0.2710567520833333
0 0.135677 0.20498613125 0.139876303125 0.2019371583333333 0.1429449171875 0.19656295625 0.1447879296875 0.19885502083333334 0.1442870921875 0.2069631125 0.14616742656249998 0.21068016041666665 0.15711353749999998 0.22015757083333334 0.16576095 0.2235595375 0.1679850078125 0.22678500833333332 0.168047209375 0.22915998541666666 0.1719525515625 0.22850257291666667 0.1740397625 0.22650309375 0.1804257984375 0.22525460208333334 0.18453801875 0.2188806583333333 0.1844758171875 0.21650568125 0.188144790625 0.20682335208333333 0.1994300140625 0.202017725 0.2084663 0.19303663958333334 0.2123467640625 0.1914292375 0.21718374687500003 0.18549712291666667 0.2181153890625 0.18022242291666668 0.22192120937499998 0.17576504583333333 0.22576434843749998 0.17273265416666667 0.23002585468749998 0.17205866041666665 0.23244434531249997 0.16909260416666666 0.2332640234375 0.15954293958333335 0.230865803125 0.14966753124999999 0.2356405859375 0.14136043958333333 0.2354539796875 0.13423550625 0.2312127453125 0.12206803541666668 0.2282390453125 0.11745074583333334 0.2227178375 0.09725809791666666 0.21044199218749998 0.07785552916666667 0.20913713750000001 0.0688803625 0.2050203078125 0.06146284791666667 0.19989719374999998 0.05647006041666667 0.193030590625 0.05298517708333333 0.18782039374999998 0.04466742291666667 0.1845402921875 0.04196669791666666 0.171262771875 0.03878031458333333 0.16813195625 0.0417795375 0.1675813578125 0.04798764791666667 0.1622762484375 0.04966138541666667 0.160764515625 0.046402745833333335 0.158590221875 0.04507726041666667 0.153943065625 0.03102638958333333 0.149875996875 0.025508858333333332 0.1423095109375 0.0225321375 0.126257334375 0.02232839375 0.1224141953125 0.025360783333333334 0.1078986328125 0.02936566666666667 0.10308652812500001 0.03624777291666667 0.09855594375 0.04026332083333333 0.09206255468749999 0.05102830625 0.08483656875 0.07466792291666667 0.0856857359375 0.07985971041666667 0.0915958171875 0.08766930416666667 0.092026621875 0.09050269375 0.09190682812499999 0.09954419375 0.08756285 0.110684675 0.0866436484375 0.116434375 0.086404059375 0.13451737291666666 0.0952380796875 0.1450442770833333 0.0966051359375 0.15639442083333333 0.099603715625 0.16196170208333335 0.10362102343749999 0.16557925208333335 0.11308489375 0.18653947291666664 0.114890584375 0.18740655 0.12053158593749999 0.19855769583333333 0.125335859375 0.20499205 0.135677 0.20498613125
0 0.46314935156250003 0.00521563125 0.46368300625 0.0013861833333333332 0.4591320453125 0.00159808125 0.45923156875000004 0.0053980458333333335 0.46314935156250003 0.00521563125
0 0.373722734375 0.10354325208333333 0.378709003125 0.10331108750000001 0.383057590625 0.10596206041666667 0.39089315625 0.10559722916666667 0.39701011406250003 0.10769028958333333 0.401640221875 0.10747470833333334 0.40477103750000004 0.10447548541666667 0.405578275 0.09445082708333333 0.4047572078125 0.06310111458333333 0.4023589875 0.05322570625 0.4025907453125 0.04845916666666667 0.40748993125000005 0.04490203125 0.4167377046875 0.04399587083333333 0.41883735624999996 0.042471383333333335 0.41852634687499995 0.030596491666666666 0.41658381093749997 0.024504466666666665 0.41647184687500005 0.020229506249999998 0.41780941250000003 0.016838204166666666 0.419896621875 0.014838720833333334 0.42908219531249997 0.01155758125 0.445478090625 0.011269747916666666 0.45177704687500003 0.006696287499999999 0.4546663203125 0.0018060104166666667 0.36561405625 0.005952374999999999 0.358293021875 0.018182622916666665 0.3566739359375 0.024440483333333332 0.35562250156249997 0.03875668333333333 0.3539163328125 0.04168957291666667 0.3534403765625 0.05074765833333333 0.35559439843749996 0.0649146125 0.3573471078125 0.09098962083333334 0.36206890937499997 0.10789046458333333 0.3667114546875 0.10814987916666667 0.373722734375 0.10354325208333333
0 0.331667565625 0.4992773833333333 0.3208255875 0.50739139375 0.31634476562499997 0.513306925 0.31333835312499997 0.5210561041666667 0.3127753140625 0.5267892208333333 0.3150740125 0.5328646625 0.31432897656250003 0.5452642999999999 0.3156835921875 0.5561394479166667 0.3168391609375 0.55941466875 0.3215812328125 0.5634740458333333 0.32659238125 0.5641918729166666 0.3269563734375 0.5508588270833333 0.32548979375 0.5357087166666666 0.327046678125 0.5270758791666666 0.3319085421875 0.52209375625 0.3463494640625 0.5152389 0.3494678390625 0.51176468125 0.349355875 0.5074897208333333 0.3364672296875 0.4919202833333333 0.331667565625 0.4992773833333333
0 0 0.33547306875 0.00323863125 0.33575321666666663 0.0090118671875 0.33833785833333335 0.014222062499999999 0.3466556145833334 0.01710868125 0.34794793333333335 0.020094821875 0.3530402208333333 0.033240109375 0.3647931104166667 0.0478800765625 0.3655381833333333 0.060838754687499996 0.37016613541666665 0.068293278125 0.36886789583333335 0.07320490625000001 0.36578575625000004 0.084990965625 0.3528720375 0.091285309375 0.3345071229166667 0.0960352109375 0.3252500395833334 0.09984103125 0.3207926625 0.10451628906249999 0.30868560625 0.10319899531250001 0.29923544166666666 0.099082165625 0.29181792916666666 0.097876834375 0.2866427270833333 0.093428725 0.2801917854166666 0.0882807296875 0.27424901041666666 0.0774217015625 0.26809656666666665 0.06922997187499999 0.26847798333333334 0.06286881718750001 0.27067646458333333 0.06030103906249999 0.267942575 0.058751985937499994 0.26325895208333333 0.059708509374999996 0.2589342416666667 0.058428535937500005 0.25090906458333334 0.0554672765625 0.24676677083333332 0.0514748515625 0.2440992125 0.03615988125 0.24481229375 0.0271811859375 0.2423769 0 0.24364248333333333 0 0.33547306875
0 0.9013946171875 0.11369127291666666 0.891397196875 0.1132056125 0.8850982421875001 0.11777907291666666 0.8841043984375 0.12067879791666666 0.885451184375 0.14487041041666665 0.8878245250000001 0.153795825 0.8862100500000001 0.17384514166666667 0.8874900218749999 0.18187031875 0.8943441859375 0.18488020624999998 0.9142768218749999 0.18347654791666665 0.9192133281249999 0.18134439791666665 0.9261624046874999 0.17436279375 0.9266632421875001 0.16625470208333332 0.9307957328124999 0.14703929375 0.9288407578125 0.14047227083333333 0.923017759375 0.1359876458333333 0.91676395625 0.12866963125 0.9095660734375001 0.126151325 0.9013946171875 0.11369127291666666
0 0.056254303125 0.6172029541666666 0.05929803593750001 0.6108787625000001 0.060279440625 0.6075040416666667 0.060105275 0.6008541041666666 0.058962145312500006 0.5980538812499999 0.051602537500000004 0.5893606291666666 0.0371694453125 0.582899025 0.026591937500000003 0.5738800270833334 0.0230178765625 0.5735708625 0.0157577890625 0.5686775791666666 0.011165003125 0.5703181458333333 0.011538215625 0.5845680166666667 0.0187033890625 0.59945279375 0.0178588296875 0.6080524666666667 0.01910148125 0.6146526541666667 0.0239555171875 0.62298699375 0.0240674796875 0.6272619541666666 0.020373625 0.6359942916666667 0.020767107812499998 0.6374026937499999 0.022978721875 0.6401531708333333 0.025484298437500004 0.6405120833333334 0.034019746875 0.6396390895833334 0.0478229859375 0.6356673729166666 0.048854151562499996 0.6341926354166667 0.04891174375 0.6227761562499999 0.051636635937499994 0.6178935333333333 0.056254303125 0.6172029541666666
0 0.650268134375 0.39646166041666664 0.6505123312500001 0.3921701166666667 0.653887346875 0.38487935 0.656214146875 0.36479686666666666 0.65448631875 0.33967184791666666 0.651781696875 0.33171300416666666 0.651644853125 0.32648805208333337 0.647109659375 0.31671214375 0.6469852546875 0.3119621875 0.6427315796874999 0.2993197208333333 0.6354217328125 0.29252645208333333 0.6300295390625 0.29087521666666666 0.6250930328125001 0.2930073666666667 0.620280928125 0.29988947083333334 0.6198717828125 0.3251139895833333 0.6162525703124999 0.33669630208333334 0.6120408281249999 0.3392702791666667 0.609878975 0.3384197875 0.6035256484375 0.32730180833333333 0.6013762359375 0.32692631250000004 0.5975206546875 0.32948370624999995 0.5938392390625 0.3386910395833333 0.5931937281249999 0.3548906416666667 0.5947847109375 0.37479070833333333 0.6029312874999999 0.38630076666666663 0.6029934890625 0.38867574375 0.6059671890625 0.39329303541666666 0.6071600796875 0.39799324166666666 0.6101089 0.4016605395833333 0.6125693234375 0.4139109270833333 0.62586389375 0.43136376458333336 0.6363294390625 0.4361078 0.641796275 0.44060900833333333 0.64642638125 0.440393425 0.64841406875 0.4345939770833333 0.648078178125 0.42176909791666667 0.6455057921875 0.4052437479166667 0.650268134375 0.39646166041666664
0 0.3400974328125 0.07229421458333334 0.3456094203125 0.06490394791666666 0.34661570468749997 0.062479218749999996 0.34722389531250003 0.04485463125 0.3509177515625 0.03612229375 0.353406275 0.022214752083333334 0.352436059375 0.00656595625 0.337492215625 0.00726175625 0.337374371875 0.00916954375 0.33218122499999997 0.015118239583333333 0.3264204296875 0.013008595833333332 0.31074929687499997 0.013738258333333333 0.3078751203125 0.012920933333333332 0.30495838124999997 0.008776566666666668 0.26502370625 0.010635964583333333 0.2653720375 0.02393584375 0.270250953125 0.033220172916666665 0.27337393906249996 0.0435374125 0.301131090625 0.0821933 0.3058482796875 0.0853026875 0.31064794375 0.0779455875 0.3145035234375 0.07538819166666667 0.32848092812499996 0.07806641458333334 0.33379847812499996 0.07686767291666667 0.3400974328125 0.07229421458333334
0 0.866844175 0.4011204791666667 0.8658876531249999 0.4054451895833333 0.8663931 0.41112855416666666 0.8780390953125 0.4200978020833333 0.88703023125 0.4230081916666667 0.9046766093749999 0.41600408333333333 0.908482428125 0.41154670625 0.9111451203125001 0.40428910625000003 0.9104530656250001 0.39148080625 0.9084234484374999 0.3820638125 0.9035445328125 0.37277948125000004 0.899945590625 0.371520325 0.8946156000000001 0.37224407083333333 0.8869541984374999 0.3792588416666666 0.8835745749999999 0.37275815208333335 0.8789569078125 0.37344873125 0.866844175 0.4011204791666667
0 0.7066956375 0.41333290833333336 0.7051839078125 0.4100742729166667 0.70225996875 0.4073569645833333 0.6986734671875 0.40657280625 0.69584905 0.40765546458333335 0.6941304421875001 0.41011335833333334 0.6953030609375 0.42765503125 0.7024682343750001 0.44253980833333334 0.7030483249999999 0.45107314791666664 0.7057529453125 0.4590319895833333 0.7076005671875001 0.4751155083333333 0.7094187 0.4764575770833333 0.7128729671875 0.4858082416666667 0.7215452609375 0.4901602 0.7246636375 0.48668598125 0.7222156546875 0.47491059166666666 0.721568753125 0.4502108166666667 0.7202141375 0.4393356666666667 0.716490790625 0.43332655625 0.7160599859375 0.43049316666666665 0.70728816875 0.42234124375 0.7066956375 0.41333290833333336
0 0.5473377328125 0.29234755833333337 0.5505431921875 0.29219831041666666 0.5483813390625001 0.29134781666666665 0.5473377328125 0.29234755833333337
0 0.5202975140625 0.26744996041666663 0.5204965609375 0.27504989166666666 0.5210471609375 0.26884178124999997 0.5202975140625 0.26744996041666663
0 0.5253399890625 0.21490194166666668 0.5284459234375001 0.21095272708333335 0.529377565625 0.20567802708333333 0.5291287578125 0.1961781125 0.5279607484375 0.19242789791666667 0.52275055 0.18411014166666667 0.5184019625 0.18145916666666664 0.5051368828125 0.17874777916666668 0.4933835328125 0.1792950270833333 0.49035224062499994 0.18609421458333333 0.49048908437499994 0.19131916875000002 0.48817011718750003 0.19808518958333332 0.4884935671875 0.210435075 0.48748728124999996 0.21285980208333333 0.48644367656250004 0.21385954375 0.4827949734375 0.21070040833333334 0.478996984375 0.20184132291666668 0.46939304843749996 0.20276406666666666 0.46458094531249994 0.20964617083333334 0.462366109375 0.23400361458333335 0.46242048125 0.24969505416666668 0.4640192953125 0.2562786625 0.47575237187499997 0.26857287916666667 0.4801134 0.27169885 0.4829502578125 0.2710911875 0.48673119531250003 0.26568381875 0.49239246718749996 0.2639935 0.49693549218750005 0.2604529479166667 0.499329103125 0.2565369 0.50233090625 0.23499626458333334 0.5010214421875 0.2122296375 0.5027400515625 0.20977174375000002 0.5066453921875 0.20911433333333335 0.510956659375 0.21034032083333332 0.5157236109375 0.21534968958333334 0.5253399890625 0.21490194166666668
0 0.4622177703125 0.3781097125 0.4665617484375 0.36696922708333335 0.47042976875000003 0.36488683125 0.4776152140625 0.36693014166666665 0.48116439375000003 0.36628931458333336 0.49086324374999996 0.35537507916666666 0.495812190625 0.353717925 0.49754324062500005 0.3517350270833333 0.4953518953125 0.3361430875 0.49159122968749996 0.32870899166666667 0.489830690625 0.3159504416666667 0.48800011718749997 0.314133375 0.4856765390625 0.3071079395833333 0.4598619234375 0.27454407708333334 0.455869496875 0.27187652083333336 0.45159555312500005 0.27207551875 0.440318159375 0.2635646833333333 0.43142654843750006 0.2644542604166667 0.426958165625 0.27084478749999996 0.4125172453125 0.27769964375 0.40381224062500004 0.28571415625 0.397993853125 0.29502098958333334 0.39703733125 0.2993457 0.39323151093750003 0.3038030770833334 0.38929806562499997 0.33061841458333335 0.39055776875000003 0.35148505625 0.3947990015625 0.36365252708333334 0.398791428125 0.36632008541666666 0.41669905625 0.36929088541666666 0.4207536828125 0.3743334229166667 0.42494515625 0.38460091041666666 0.4318864015625 0.39093576875 0.4341353375 0.3951112291666667 0.43653355781250003 0.4049866375 0.4394699375 0.40817893958333334 0.44299423750000005 0.40658812083333334 0.44532564687500004 0.40029709375 0.45021239218750003 0.3962649645833333 0.4590293609375 0.3925254125 0.462135296875 0.38857619791666664 0.4622177703125 0.3781097125
0 0.217058396875 0.030941125 0.220889096875 0.0274337375 0.229407496875 0.012294291666666667 0.18726165 0.014256645833333333 0.1892358234375 0.017018175 0.190022790625 0.019834983333333334 0.1900849921875 0.0222099625 0.1856041703125 0.028125491666666665 0.18581565625000002 0.03620041875 0.18697122500000002 0.0394756375 0.1899324875 0.04361793333333333 0.1989982640625 0.04937829375 0.21157129062500002 0.03928138333333333 0.217058396875 0.030941125
0 0.34796210781250003 0.5631968749999999 0.338333290625 0.5631696291666667 0.3284602765625 0.567433925 0.31043746250000004 0.5872960812500001 0.3073688484375 0.59267028125 0.30525675625000004 0.5937197729166667 0.3018941828125 0.6014855354166666 0.30099986093750003 0.6081852249999999 0.3010339625 0.6367181291666667 0.3029889375 0.6432851541666668 0.3088492578125 0.6491947625000001 0.3163411015625 0.6493215104166666 0.3187969140625 0.6477804395833334 0.3225778546875 0.6423730729166667 0.32434622343749997 0.6418151604166666 0.3273401953125 0.6335909854166667 0.327103828125 0.62456606875 0.32967943593750004 0.6139834979166667 0.3300885796875 0.5887589791666666 0.333500915625 0.5828931979166666 0.347217071875 0.5755965125 0.35032300781250003 0.5716472979166666 0.3508736046875 0.5654391895833334 0.34796210781250003 0.5631968749999999
0 0.7746780203125 0 0.7746838281249999 0.00022176458333333332 0.7770322875 0.008197189583333334 0.7768378499999999 0.014388716666666666 0.7741005171875 0.01879634375 0.775380490625 0.02682151875 0.777173740625 0.027213597916666665 0.78305433125 0.020281745833333333 0.7876471171875 0.018641175 0.7911916875 0.004208889583333333 0.794444071875 0 0.7746780203125 0
0 0.5569145125 0.46738878333333334 0.5601402421875 0.45439807083333333 0.559903875 0.44537315208333333 0.5640036546875 0.4385242125 0.5649601765625001 0.4341995041666667 0.5639446718750001 0.40904131875 0.5620394578125001 0.4043742770833333 0.5569163453125 0.39938149166666664 0.553718715625 0.38621428125 0.549639209375 0.3802217520833333 0.5456841031249999 0.37897918125 0.5438286515625 0.37621212291666667 0.5384613390624999 0.37551088125000004 0.531719140625 0.3767759541666667 0.52723831875 0.38269148541666664 0.5216687375 0.40149823125 0.5141193015625001 0.41278796250000005 0.5122435765625 0.42286237083333333 0.5098997265625 0.42867840208333335 0.5096804109375 0.4339199354166666 0.5053861937499999 0.4469604020833333 0.5051668765625 0.4522019375 0.5063597671875 0.45690214375 0.511619725 0.46711988125000004 0.5140303875 0.47747028541666664 0.5158733984375 0.47976234791666666 0.5182218578125 0.48773777500000004 0.5229514890625 0.4913221583333333 0.526707546875 0.48496479583333335 0.527527225 0.47541513541666663 0.5299208359375001 0.47149908749999997 0.5337810265625 0.48273315 0.5378232140625 0.4873006916666667 0.5469138734375 0.49401104375 0.55078189375 0.49192864375 0.556069953125 0.47598845624999997 0.5569145125 0.46738878333333334
0 0 0.2161150125 0.0018968984375000001 0.21644639583333333 0.024198265625 0.21017669583333334 0.0329281515625 0.20311217499999998 0.0419022375 0.1917561125 0.04821363125 0.18765764791666667 0.0499198 0.18472475625 0.0499027484375 0.17045830416666666 0.047541850000000004 0.16200788333333332 0.04531779375 0.1587824125 0.04518095 0.15355746041666668 0.0406706375 0.14473154166666669 0.034772996875 0.13739694374999997 0.030043365625000002 0.1338125625 0.025864334375 0.12402007083333334 0.025752371875000003 0.11974511041666666 0.022666706249999998 0.11085285833333333 0.020156521875 0.0967024875 0.0158904078125 0.08358502708333333 0.0156416 0.0740851125 0.0136368609375 0.06561810833333333 0.0102696765625 0.05959241458333333 0 0.048574450000000005 0 0.2161150125
0 0.6076710828125 0.56727410625 0.6077208453125 0.5691740895833333 0.6088764140625 0.5724493083333333 0.6135562828125 0.57413370625 0.628208690625 0.5753537770833332 0.6440291078125 0.5803240583333333 0.650589309375 0.5857255083333333 0.6548756953125 0.5860015041666667 0.65696290625 0.5840020229166666 0.662980340625 0.5822951208333333 0.67448488125 0.5722479583333333 0.68198455625 0.55905824375 0.689633515625 0.5515684791666666 0.6903412296875 0.5377438541666667 0.6950538109375 0.5270617854166667 0.6998659140625 0.52017968125 0.6996171062500001 0.5106797666666666 0.69627019375 0.49181260833333335 0.6958347796875 0.47518776041666666 0.6946418890625 0.47048755416666665 0.69235563125 0.4648871041666667 0.6853148625000001 0.45475228333333334 0.682991284375 0.44772684999999995 0.6828793203125 0.44345188958333337 0.679918059375 0.43930959375 0.674931790625 0.43954176041666665 0.6707324859375 0.4425907333333334 0.6664709828125 0.4432647270833333 0.6616215578125 0.4487218458333333 0.6539228359375 0.45431163125 0.650854221875 0.45968583125 0.6479551640625 0.4579185145833333 0.64382589375 0.45002600625 0.63446615625 0.44665720625 0.6301922109375 0.4468562041666667 0.6263241890625 0.44893860208333336 0.619437315625 0.45829518541666664 0.6208914546875001 0.4729703 0.6192226062499999 0.47732817708333336 0.61948385625 0.48730308541666667 0.6214388328125 0.49387010833333334 0.6216503203125 0.5019450333333333 0.62406098125 0.5122954395833333 0.6243471109375001 0.5232203395833334 0.6233905875 0.52754505 0.624202434375 0.5313118479166666 0.6281948609375 0.53397940625 0.6293504296875 0.537254625 0.6297360828125 0.5519794916666666 0.6245553765625 0.55840318125 0.6203436328125 0.5609771583333334 0.610408415625 0.5628664791666667 0.6076710828125 0.56727410625
0 0.565555940625 0 0.5684037749999999 0.007448499999999999 0.5650706921875 0.029955712500000002 0.5490774984375 0.05923486458333334 0.5435079171874999 0.07804160833333333 0.53907685625 0.08585712083333334 0.538132775 0.09065682708333332 0.5394127484375 0.09868200416666667 0.5465405999999999 0.11214179583333334 0.5505454671875001 0.11528435000000001 0.5544756890625 0.11557692916666666 0.563648821875 0.11182079375 0.574122196875 0.10324836875 0.5825705625 0.09905040625 0.584620453125 0.0956259375 0.5863888234375 0.095068025 0.5884013921875 0.09021857083333333 0.5964811562500001 0.08556219375 0.5988872078125 0.08212113958333332 0.5997690875 0.07494645625 0.6032187453125 0.0705056625 0.604274790625 0.06998091666666667 0.6080478984375 0.07789001041666667 0.6127899703125 0.0819493875 0.6165957890625 0.07749201041666667 0.6230269765625 0.06435204791666667 0.6254657406249999 0.048544525 0.626148575 0.03376991041666667 0.6314615156250001 0.018779714583333332 0.63404094375 0 0.565555940625 0
0 0.4934543484375 0 0.478734659375 0.0006853645833333334 0.47610803125 0.009843585416666667 0.47540031718750003 0.023668208333333333 0.472774946875 0.032350795833333335 0.47311083906249995 0.04517567916666666 0.47514045781250003 0.054592675 0.47535194531249997 0.06266760208333334 0.47772528437500006 0.07159301666666668 0.479949340625 0.07481848958333333 0.485035134375 0.07838628750000001 0.5000934640625 0.08148975625 0.503361125 0.08371548333333334 0.5120007078125 0.1004339125 0.5169496546875 0.09877675833333334 0.5231988484375 0.09230331666666666 0.531009534375 0.09098849375000001 0.5366459234375001 0.08834818333333333 0.541101865625 0.08148266041666667 0.54447688125 0.07419189374999999 0.5467087671875 0.06410090208333334 0.5565647328125001 0.04557015416666667 0.5575212546875 0.041245443750000006 0.5650458109375001 0.029005720833333335 0.5675467750000001 0.015573175 0.5677163328125 0.008431658333333333 0.56719844375 0.0022732979166666667 0.566181871875 0 0.515229534375 0 0.513736809375 0.0033358020833333334 0.5098065859375 0.0030432229166666666 0.5092152109375 0 0.4934543484375 0
0 0.7093997562500001 0.16257904166666667 0.7092053203125 0.16877056875 0.7110856546875 0.17248761666666665 0.7136207203125 0.18758797708333336 0.718218115625 0.19973886458333334 0.7322374515625001 0.21763352916666667 0.7373232421875 0.22120132916666665 0.7412410265625 0.2210189125 0.745634765625 0.21177841458333332 0.7454606 0.205128475 0.7376826265624999 0.1940768291666667 0.7296231343749999 0.1858917375 0.726119103125 0.17464109375 0.724002403125 0.16189912708333332 0.7207347421875 0.15967339791666665 0.7118431296875001 0.16056297708333334 0.7093997562500001 0.16257904166666667
0 0.7077263 0.1531454625 0.71981093125 0.15163163958333334 0.7215170984375 0.14869875 0.7213802546875 0.14347379791666667 0.71908155625 0.13739835208333334 0.7172883046874999 0.13700627291666667 0.715789015625 0.1342226333333333 0.7103221796875 0.129721425 0.7029003671875 0.11865319583333332 0.698295140625 0.11981876875 0.6972888562499999 0.12224349583333334 0.6964442984375 0.13084316875 0.703771196875 0.15190289166666665 0.7077263 0.1531454625
0 0.689808071875 0 0.69010385625 0.011293516666666666 0.68771024375 0.015209564583333333 0.6841983843749999 0.01727538125 0.6766318984375 0.014298658333333332 0.6755012109375 0.01197343125 0.67159586875 0.01263084375 0.6677527265625 0.015663233333333335 0.6699767828125001 0.018888702083333334 0.670063865625 0.02221367083333333 0.66803885625 0.026588131249999997 0.667463378125 0.03184625 0.6615952265625 0.0392531 0.6621674859375 0.061102899999999995 0.6578483890625 0.073193375 0.6587099984375 0.07886015625 0.661008696875 0.08493560000000001 0.6668316953125 0.08942022291666667 0.6772023265625 0.10415575208333333 0.6822632375000001 0.10677355833333334 0.69046740625 0.10686713958333334 0.6994788125 0.0969360625 0.713687975 0.09484774374999999 0.7187240046875 0.09651556041666667 0.7242157203125 0.10196676041666668 0.726721296875 0.10232567291666667 0.7297277078125 0.09457649375 0.7305598265625 0.08550182499999999 0.7352724078125 0.07481975625 0.7359552421875 0.06004514166666666 0.7385681703125 0.05088755833333333 0.7489171421874999 0.03756517916666667 0.751973315625 0.03171598125 0.7502330484375 0.006115966666666667 0.74762300625 0 0.689808071875 0
0 0.29011406093750003 0.30147070833333334 0.295675809375 0.29598042291666665 0.2993945453125 0.28819807708333334 0.3025751234375 0.28709883750000004 0.3042564109375 0.2832159541666667 0.3099176828125 0.2815256354166667 0.31129256875 0.27955932083333335 0.314829309375 0.27844349583333333 0.31619175624999996 0.2760021854166667 0.31902861250000003 0.27539452291666666 0.31897885000000004 0.2734945395833333 0.321384903125 0.2700534875 0.3272654921875 0.2631216333333333 0.3300899078125 0.26203897708333335 0.3328148 0.25715635416666666 0.3319780734375 0.2524395625 0.32599334999999996 0.24177999583333334 0.3258813859375 0.23750503541666665 0.3243696546875 0.2342464 0.31960270468749996 0.22923702916666666 0.3156475984375 0.22799446041666668 0.3104871640625 0.22157668541666667 0.3102632375 0.21302676250000002 0.3070282875 0.19843456458333333 0.30799725 0.19458485 0.31348435625 0.18624459166666665 0.314941715625 0.17381178958333335 0.3149619875 0.16097032291666666 0.3165935125 0.15518746041666667 0.31503985 0.13671237916666668 0.31301023125 0.12729538333333335 0.3045899671875 0.10533541874999999 0.2961618703125 0.09669191666666667 0.28456563749999997 0.08962265208333334 0.281223334375 0.08454694791666667 0.2705384703125 0.08504444791666667 0.2645832390625 0.08912632916666667 0.258122559375 0.08752484583333334 0.2533804890625 0.08346546666666667 0.2437641125 0.08391321458333333 0.2383719203125 0.08226198333333333 0.236897509375 0.08042833125 0.229024621875 0.07936817708333334 0.2244318359375 0.08100874583333333 0.2226058734375 0.09298313750000001 0.22384852500000002 0.099583325 0.2268471078125 0.10515060833333334 0.2300074140625 0.11689283333333332 0.23529225468749998 0.1280605625 0.23577282031250002 0.13279393541666668 0.23766559375 0.13698597916666666 0.237508478125 0.14460249375 0.23487066875 0.15281008541666666 0.23661876875 0.1650936395833333 0.23647409375 0.17318514791666667 0.23545536875 0.17513488125 0.2308377015625 0.17582545833333332 0.2277068859375 0.17882468333333332 0.22706920312499998 0.18170782291666668 0.22223221875000002 0.18763993750000002 0.20123570625 0.20288480208333332 0.19550440156249999 0.21551660416666665 0.1906674171875 0.22144871875 0.191065509375 0.23664857916666668 0.1958946640625 0.24403292499999998 0.19638767031249998 0.24924129583333335 0.20047961875000003 0.25570881666666667 0.2134507390625 0.26081176875 0.2298466359375 0.26052393125 0.23758267812499997 0.2563591333333333 0.24100745468749998 0.25096835 0.242432103125 0.25090201875 0.24432487812499998 0.2550940625 0.24383647968750002 0.26367715 0.24509157187500002 0.27075233541666666 0.2499704875 0.2800366645833333 0.25623673125 0.287829675 0.2765799015625 0.30210087291666665 0.29011406093750003 0.30147070833333334
0 0.11687005937499999 0.6714496083333333 0.11205334687499999 0.6645402583333334 0.11049185312500001 0.6593816375 0.11129909062500001 0.6493569791666667 0.11093831875 0.63558210625 0.10980762968749999 0.6332568770833333 0.0945051015625 0.6344449541666666 0.0895437140625 0.6356271104166668 0.08604429375 0.6381679229166667 0.0821016296875 0.6374003479166667 0.0669064546875 0.6290719270833333 0.058859401562500004 0.6213618333333333 0.0569666265625 0.6171697895833332 0.052667801562500005 0.6164187958333333 0.051280473437499995 0.6179101166666666 0.04891174375 0.6227761562499999 0.049110790625 0.6303760875 0.052846578125 0.6368601916666666 0.053451546875 0.6463435229166666 0.056450129687499996 0.6519108020833334 0.061511040625 0.6545286125 0.059867075000000006 0.6598364791666668 0.0577674234375 0.6613609666666667 0.0579415890625 0.6680109041666668 0.058728556249999994 0.6708277125 0.06829978125 0.6822714395833334 0.0953929796875 0.6819611020833333 0.101385534375 0.67930420625 0.1071214484375 0.6804638625 0.11592597812500001 0.6762493145833334 0.11687005937499999 0.6714496083333333