0 0.1862378859375 0.4149489520833333 0.18615961406249998 0.4209278020833333 0.1851072265625 0.42228346250000004 0.18415878125000001 0.4420436104166667 0.18791518125 0.44489134375 0.19614161562500002 0.44876321666666663 0.199946184375 0.4479316583333333 0.202069021875 0.4438405979166667 0.2072888140625 0.44028166875 0.21143815625 0.43945813333333333 0.21249656562500002 0.43764256041666666 0.212586878125 0.43074388750000003 0.2089027265625 0.4223772145833333 0.20794065156250002 0.4168342020833334 0.2042384390625 0.40984726666666665 0.20047601718750002 0.40745944375 0.19668349062499998 0.4073711770833333 0.18729629375 0.41313337708333336 0.1862378859375 0.4149489520833333
0 0.846195 0.08342945208333334 0.8537499484375 0.0859055375 0.8550989437500001 0.08823719166666667 0.8560188734375 0.09699958333333333 0.8623227468750001 0.11600841458333333 0.8632788 0.12201133958333334 0.8706350593750001 0.13966450625 0.8705868921875 0.14334379791666668 0.8733029468750001 0.14662737291666667 0.8767567187499999 0.14624770208333335 0.8878798343750001 0.1396058 0.8945329140625 0.1319397625 0.8962628109375 0.13151997083333333 0.902607240625 0.12108643958333333 0.9078330546875 0.11706759583333333 0.9129850296875001 0.09234471041666666 0.9131355515624999 0.08084692083333334 0.91497984375 0.07168881249999999 0.9213122328125 0.06217510208333333 0.9285946546874999 0.059124227083333335 0.9334997765624999 0.05325771458333333 0.933578046875 0.04727886666666667 0.9364145203125 0.04136420625 0.9364687078125 0.037225004166666666 0.9337887765625 0.0311819625 0.9328447640625 0.024259214583333334 0.929493346875 0.016820391666666667 0.9241398421874999 0.009795020833333333 0.9001628546875 0.00923699375 0.8992374328125001 0.009675508333333332 0.8981790249999999 0.01149108125 0.8950640062499999 0.0123386875 0.8939875359375 0.015533995833333333 0.8901528640624999 0.0186651125 0.88976594375 0.02187646875 0.8870077421874999 0.021812277083333335 0.8853621390624999 0.01579330625 0.8864325890625 0.013057910416666667 0.8885132812500001 0.012186229166666666 0.8887565453124999 0.00897153125 0.8438174140625 0.00792564375 0.841587746875 0.013854422916666666 0.8349045609375001 0.02382001875 0.8292075359375 0.03748897916666667 0.8290630359375 0.04852685625 0.8272006812500001 0.05906470208333334 0.8297662156250001 0.07384606249999999 0.8314359031249999 0.07802538958333334 0.8341459359375 0.08176887291666667 0.8372308484375001 0.083220825 0.846195 0.08342945208333334
0 0.24995756249999998 0.26323471875 0.245469465625 0.26359031875 0.2413020609375 0.2657935854166667 0.2351021296875 0.26518923958333335 0.227262615625 0.2581060145833333 0.2245164578125 0.2571219979166667 0.214311684375 0.24630331041666667 0.21231528437499997 0.24073622708333334 0.2124477421875 0.23061817291666667 0.2184473984375 0.22017661666666666 0.21545279687500002 0.21182599166666666 0.2110309296875 0.2071225625 0.20033688125000002 0.20733372708333334 0.1947723140625 0.21088463541666666 0.1926494765625 0.21497569375 0.1925952890625 0.21911489791666666 0.1908172265625 0.22321398125 0.1893116875 0.23284002708333332 0.186832034375 0.23784288541666668 0.185725459375 0.24333775208333333 0.1854786046875 0.26219412708333334 0.18708206249999998 0.27143247708333335 0.19013085000000002 0.27564389791666666 0.201853203125 0.2759167166666667 0.2127415046875 0.2872113666666667 0.2148161765625 0.28679959791666665 0.2166062796875 0.28178069166666664 0.21974538125 0.2790934395833334 0.23458877031249997 0.2780587395833333 0.24224005312500002 0.27317624375 0.24914157499999998 0.27287681458333335 0.2509075953125 0.2696975541666667 0.2540346546875 0.2679301229166667 0.2530545171875 0.26376684791666666 0.24995756249999998 0.26323471875
0 0.482797975 0.20700678958333332 0.49874350781250004 0.22716011666666666 0.504193678125 0.23234752916666668 0.5072785921875 0.23379948333333334 0.508669734375 0.23291175416666665 0.5108166546875 0.22698105 0.5114684921875 0.20353358333333332 0.5085461437500001 0.18966402083333334 0.505194725 0.18222519583333333 0.49935161250000004 0.18070905208333335 0.4927587390625 0.18377597291666667 0.48892406718750003 0.1869070916666667 0.48294247500000004 0.1959689125 0.48187202500000004 0.19870430833333333 0.482797975 0.20700678958333332
0 0.1738890375 0.35715509375000004 0.1717842625 0.3598664166666667 0.1727824625 0.3626499583333333 0.1792187921875 0.37154073541666666 0.18488128125 0.38685422500000005 0.1886497234375 0.3887821375 0.1955512453125 0.3884827083333333 0.200777059375 0.3844638645833333 0.20184751093750003 0.3817284666666667 0.20095166406249998 0.37112642916666666 0.20125270624999997 0.34813085416666667 0.1995529125 0.34625108541666666 0.1961232265625 0.34479111041666666 0.18991125312499998 0.34510658958333335 0.184358728125 0.3477376729166667 0.1770100765625 0.355847575 0.1738890375 0.35715509375000004
0 1 0.48648938541666664 0.9992086265625 0.48723555416666664 0.9862291781250001 0.5039553875 0.9723478640625001 0.5105330979166667 0.9607354734375001 0.5282048520833333 0.9606572015625 0.5341837041666667 0.9688234296875 0.5426546895833333 0.9746665421875 0.5441708333333334 0.9829531859375 0.5434435895833333 0.9899871671874999 0.53302610625 0.9993683421874999 0.52772381875 0.999779346875 0.5226728145833334 0.9980976187499999 0.5194133145833333 0.998145784375 0.5157340229166667 0.9998954640625 0.51380309375 1 0.5058179479166667 1 0.48648938541666664
0 0.204774896875 0.0790826 0.21234790625 0.08017895416666666 0.2171386328125 0.08305076041666666 0.22025365 0.08220315208333333 0.2227032 0.07949985208333334 0.221009428125 0.077160175 0.21928555312500003 0.07712005625 0.21392347812499998 0.07837541458333333 0.21303745625 0.08019500208333333 0.2113196015625 0.07969497083333334 0.21168244062500002 0.07832325833333333 0.204774896875 0.0790826
0 0.2241966953125 0.07079362916666666 0.223833859375 0.07216534166666667 0.2248621640625 0.072649325 0.225225 0.0712776125 0.2241966953125 0.07079362916666666
0 0.224991446875 0.01008530625 0.223576221875 0.012812679166666667 0.22492521718749997 0.015144333333333334 0.2284030734375 0.012925016666666667 0.224991446875 0.01008530625
0 0.23687518281250003 0 0.2364593375 0.003451429166666667 0.2380989203125 0.009930310416666668 0.23803269062500002 0.0149893375 0.23629075312499997 0.016328952083333334 0.236224525 0.021387979166666668 0.238886390625 0.02881075625 0.23877801562499998 0.037089164583333334 0.2365347609375 0.05037845416666666 0.23782355000000002 0.057309222916666666 0.2458814015625 0.07405861666666666 0.24680133125 0.08282100833333333 0.245652609375 0.09153525625 0.24077759062499998 0.09510221041666668 0.237947140625 0.10055695625 0.23612693125 0.10787542083333333 0.23876471562499998 0.11713784375 0.242484990625 0.12274504791666667 0.24418478437500002 0.12462481458333333 0.24762651249999998 0.12516496666666665 0.2560094890625 0.1170791375 0.25877973125 0.11622350833333334 0.26333405781249997 0.11080888333333333 0.2683114296875 0.09942343125 0.2770993890625 0.08674651041666667 0.2789015375 0.08080777916666666 0.27829025625 0.07481288125 0.2800623 0.07117371041666667 0.28122908125 0.061079729166666666 0.2851179421875 0.05380941041666667 0.287288946875 0.046039058333333334 0.2864593296875 0.03037799375 0.28860023125 0.0249072 0.2959729640625 0.01495765 0.2973642421875 0 0.23687518281250003 0
0 0.7895723609374999 0.16722120833333334 0.79061270625 0.16678536875 0.7895904234375 0.16584147291666668 0.7895723609374999 0.16722120833333334
0 0.7435093921875 0.12934503125 0.739348009375 0.13108838750000001 0.7314543062500001 0.12814436458333334 0.7253145859375 0.12294090416666667 0.7198102265624999 0.12189269583333333 0.714602475 0.12453180416666668 0.7052815078125 0.125234975 0.7007572843750001 0.12835004375 0.698616384375 0.1338208375 0.6967419875 0.14527850625 0.696621571875 0.1544767375 0.6993135421875001 0.15959995625 0.704080184375 0.16431140833333335 0.70742558125 0.17221014583333333 0.7115086953125 0.1764456395833333 0.7173698703125 0.17658205 0.725335821875 0.17400713333333334 0.7364890421875 0.16506567291666666 0.7455013593750001 0.16159500833333332 0.7476061359374999 0.15888368333333333 0.748706690625 0.15384872916666667 0.7477205312499999 0.15014536458333336 0.7495046140625 0.14558636875 0.747852990625 0.14002731041666666 0.747925240625 0.13450837083333333 0.7435093921875 0.12934503125
0 0.0541674703125 0.2554576520833333 0.052503803125000005 0.25081841875 0.0545965375 0.24902691458333334 0.056272245312500004 0.25274632708333333 0.0579901 0.2532463583333333 0.0581992421875 0.210926475 0.054110107812499995 0.20715089375 0.040748171875 0.20039919166666667 0.0336162703125 0.19195227708333332 0.02399869375 0.18896813333333334 0.0199155796875 0.18473264166666667 0.018191704687499997 0.18469252083333335 0.016171221875 0.18096508333333333 0.015626171875 0.16991115833333334 0.00609890625 0.16002834166666666 0.004442765625 0.15481421458333333 0.00280333125 0.2800451291666667 0.006590096875 0.28057331041666667 0.010013765625 0.28249319791666666 0.014096878125 0.28672868958333336 0.034450648437499995 0.28628228958333335 0.0379826921875 0.27992376666666663 0.04727355625 0.28152015416666665 0.050055839062499996 0.2797447 0.051513209375 0.27379794583333333 0.053974803125000005 0.27017482291666667 0.0541674703125 0.2554576520833333
0 0.3630770625 0.3160130291666666 0.3541309734375 0.3144246666666667 0.35039865625 0.3097372875 0.35149921093750003 0.3047023333333333 0.3587756125 0.30211137083333334 0.3626403875 0.29668069583333334 0.3627246796875 0.2902419333333333 0.3559616375 0.2799634 0.351018803125 0.26236639791666666 0.347957971875 0.2590748 0.3466511234375 0.25352376666666665 0.3432274546875 0.25160387708333337 0.3414674546875 0.2543232270833333 0.336381709375 0.2739870875 0.3335813609375 0.277142275 0.3324747859375 0.2826371416666667 0.32578558125 0.29306265000000004 0.31858301718750004 0.31635765416666667 0.3129100734375 0.3281869708333333 0.3134551234375 0.33924089583333333 0.30992308125 0.34559941666666666 0.309862871875 0.35019853125 0.3183558109375 0.360057275 0.322118234375 0.3624450979166667 0.333181140625 0.3604023125 0.339459340625 0.35502780624999997 0.34499982500000004 0.3533165479166666 0.3533526984375 0.34753027500000006 0.3585965734375 0.3421316979166667 0.35932225 0.339388275 0.3621225953125 0.3362330875 0.36321712968750003 0.33165804583333336 0.366005434375 0.32942268124999996 0.3661198296875 0.3206843625 0.3630770625 0.3160130291666666
0 0.8750952968749999 0.37853512708333337 0.873449690625 0.37251615624999995 0.8693786187500001 0.36736084166666666 0.8649025640625 0.3667966166666667 0.8596948125000001 0.369435725 0.8490067859374999 0.3691869770833333 0.8455951609374999 0.36634726666666667 0.8366731546875 0.36291926041666667 0.8239104562499999 0.3630822791666667 0.816628034375 0.36613315416666664 0.8075494859375001 0.37466284791666665 0.80566906875 0.38658042708333334 0.8035341890625001 0.39159131041666667 0.8017922515624999 0.39293092291666665 0.799639309375 0.39932154166666667 0.7967245671875001 0.41121504791666663 0.7966884421875 0.4139745166666666 0.7994165390625 0.41633826874999996 0.8052536312499999 0.418314325 0.8186998578125 0.4186272645833334 0.8231578515625 0.42057122291666665 0.8248516218749999 0.4229109020833333 0.8327453234375 0.425854925 0.8427377796875 0.4265475354166667 0.8503589578125 0.42396459583333335 0.8545564671875001 0.4194617708333333 0.8611493375 0.41639484583333336 0.86535286875 0.4114321083333333 0.8699493390624999 0.40279810208333333 0.8738923875 0.3913885791666667 0.8750952968749999 0.37853512708333337
0 0.5467230171875 0.25035924375 0.5458994203125 0.23423826875 0.543291740625 0.22267628750000001 0.5406118109375 0.21663324375 0.5396858609375 0.20833076458333333 0.5359655859375 0.20272356041666667 0.532209184375 0.19987582708333335 0.523922540625 0.20060307083333334 0.519023440625 0.20600967291666666 0.51500814375 0.22293813333333334 0.5128612218749999 0.22886884166666668 0.5111132625 0.23066836458333334 0.51002475 0.23478349791666667 0.5109507 0.24308597708333332 0.5136366515625 0.24866910833333333 0.5145987265625 0.25421211875 0.5183069609375 0.26073914583333335 0.5181203140624999 0.2749964041666667 0.527381075 0.27889234791666667 0.5274292421875 0.27521305625000003 0.5233581703125 0.27005773958333334 0.52372100625 0.26868602708333333 0.5261585156249999 0.26690255 0.5341003843750001 0.26616728125 0.538437959375 0.2773094708333333 0.5382918734375 0.26212436666666666 0.544926890625 0.25583806249999996 0.5467230171875 0.25035924375
0 0.35396222499999996 0 0.354390471875 0.004815933333333333 0.359810540625 0.012302904166666667 0.36325227031249996 0.01284305625 0.36735344531249997 0.015698816666666667 0.368351646875 0.01848235625 0.368273375 0.02446120625 0.3672089453125 0.026736691666666666 0.3670885296875 0.03593492291666667 0.36806866718750003 0.0400982 0.3755453421875 0.0485531375 0.3834691484375 0.04919760208333333 0.395704859375 0.03660092291666666 0.39852929062500003 0.0316060875 0.40036154062499996 0.0233678 0.4024602953125 0.021116389583333332 0.4063732375 0.012006422916666667 0.40750389531250003 0.004671910416666666 0.4109174125 0 0.35396222499999996 0
0 0.6159099953125 0.2869333895833333 0.612003075 0.29558344375 0.6118766375 0.3052415875 0.62952798125 0.3268147708333334 0.631167565625 0.33329365208333334 0.6358679781250001 0.34306413125 0.6389468703125 0.34497599375000004 0.6468706765625 0.34562046041666666 0.6510501234375 0.34249736875000003 0.6511163515625 0.3374383416666667 0.6388489484375001 0.32611159791666666 0.6355517203125001 0.31453356875 0.6267441109375 0.3023672416666667 0.625419196875 0.2981959416666667 0.62520688125 0.28806986250000005 0.6231803765625 0.2848023375 0.6193938703125 0.2842541604166666 0.6159099953125 0.2869333895833333
0 0.3892631640625 0.23887373541666665 0.387254721875 0.23422647708333333 0.38182863437500003 0.22719941875000002 0.3787557625 0.22482764375 0.37427970781250003 0.22426341875 0.36942275156250004 0.22645063958333334 0.36696718125 0.22961385208333332 0.3652433046875 0.22957373125 0.3592556921875 0.23909546458333333 0.35303167812499997 0.24033076458333333 0.3506302953125 0.23935477291666668 0.34765375625 0.2296244125 0.3466134109375 0.23006025416666667 0.34551285625 0.23509520625 0.34341410156249996 0.23734662083333333 0.343329809375 0.24378538333333333 0.3446727859375 0.24657695000000002 0.34776371875 0.24756898749999998 0.3501349984375 0.2508445375 0.354617075 0.25094885 0.3659404640625 0.25535285 0.3792843375 0.2634842854166667 0.38584108437500003 0.26317683124999997 0.39665555 0.25376743749999997 0.3967097375 0.24962823333333334 0.39402980625 0.24358518958333333 0.39197921875 0.2421573125 0.39098101875 0.23937377083333333 0.3892631640625 0.23887373541666665
0 0.135454034375 0 0.1347145671875 0.003843791666666667 0.135319825 0.0102986 0.14372847187499999 0.026596106249999998 0.14567670625 0.03584248125 0.1493608578125 0.04420915416666667 0.1588279125 0.05869108541666667 0.1822726171875 0.059236725 0.18988777343750002 0.057113697916666664 0.197206321875 0.05130335208333334 0.2055230671875 0.04827655 0.20900694375 0.04559732291666666 0.2157683984375 0.029652875000000002 0.21905802031250002 0.015467835416666666 0.22191255468749999 0.008173441666666666 0.2220088875 0.0008148604166666667 0.22171667187500002 0 0.135454034375 0
0 0.25000036406250004 0.4707190166666667 0.24179199218749997 0.46546741458333335 0.23420693906249998 0.4652908833333333 0.22725725156249998 0.4692696041666667 0.22547316718750002 0.4738286 0.224306384375 0.48392258125 0.2203994625 0.4925726375 0.2213254125 0.5008751166666666 0.226067971875 0.5074262145833334 0.228475375 0.50794229375 0.23460305625000002 0.5140655770833333 0.24111163750000003 0.5174374187499999 0.2476744046875 0.5166700520833333 0.2536138515625 0.5108276125 0.25363191406249996 0.5094478770833333 0.262038975 0.49952240208333337 0.2680988375 0.48448172916666665 0.2681349625 0.48172226041666666 0.25683565625 0.47547861458333335 0.25757939531249996 0.47135546041666665 0.25000036406250004 0.4707190166666667
0 0.5436688640625 0.45731141458333335 0.5508368906250001 0.46299886041666666 0.5587727375 0.46272350208333335 0.559219865625 0.45491303125000004 0.552922015625 0.4354442875 0.5519659609375 0.42944136666666666 0.5492860312500001 0.4233983229166667 0.5483299781250001 0.4173954 0.5456319859375001 0.41273209166666663 0.543054409375 0.39887055416666667 0.5373678375 0.38539670833333334 0.5315969734375 0.37836162500000003 0.5247556609374999 0.37406193958333334 0.5137108171875 0.3747249916666667 0.50918659375 0.37784005833333334 0.5053278390625 0.3828108208333333 0.5003384265624999 0.3951160958333333 0.5002300515625 0.4033945041666666 0.5039864515625 0.40624223958333333 0.50565011875 0.41088147291666666 0.501071709375 0.41813574583333335 0.5010175218749999 0.42227495000000004 0.5091295609375 0.43488513958333336 0.5111861703125 0.43585310625 0.512190390625 0.4381767354166667 0.5177067921875 0.43830512083333334 0.5243418109375 0.43201881875 0.5285092140625001 0.42981555 0.530886515625 0.4326311875 0.5312011859375 0.4349387708333333 0.5383571703125 0.4415460375 0.5396399374999999 0.44893671874999996 0.5436688640625 0.45731141458333335
0 0 0.6059131562500001 0.0009422234374999999 0.6066184979166667 0.00506748125 0.6076346104166667 0.009906375 0.6068271229166666 0.0182833296875 0.59920120625 0.038025821875 0.5927599062500001 0.04327571875 0.5869014187499999 0.05278333281249999 0.5719409875 0.056762503124999995 0.5577719958333333 0.055134962499999995 0.5503732895833333 0.051045828125000005 0.5465977083333333 0.048638425 0.5460816291666667 0.043913928125 0.5381507937500001 0.040404379687500006 0.5164466875 0.0353230671875 0.5094276520833333 0.023292065625 0.5063873395833334 0.01952964375 0.5039995166666666 0.0146666671875 0.50664665 0.010070196875 0.51528065625 0.009991925 0.5212595041666667 0.0164101921875 0.5315300166666667 0.0142873546875 0.535621075 0.0111723375 0.5364686833333334 0.0070711609374999995 0.5336129229166667 0.0033629265625 0.5270858958333333 0 0.5247442 0 0.6059131562500001
0 0.29883986875 0.11209527708333332 0.29408526875 0.10646399999999999 0.291339109375 0.10547998333333333 0.2845218796875 0.09934065208333333 0.282852190625 0.09516132916666667 0.27594464687500003 0.09592066875000001 0.27141440625 0.09949564791666667 0.2636547484375 0.11265655208333333 0.25594928125 0.12167825416666668 0.2507234671875 0.12569709583333333 0.24404028281249998 0.13566269166666667 0.2431881703125 0.14806425416666666 0.24483377499999998 0.15408322708333333 0.2549723171875 0.16996094166666667 0.2590494109375 0.17465634583333334 0.2672517625 0.18036786249999998 0.2775468484375 0.18428787708333333 0.28995875 0.18457674375 0.299636534375 0.182961775 0.304130653125 0.1821462625 0.30934442500000003 0.17904724375 0.3132272625 0.1722368375 0.3141275421875 0.15615598125 0.3087977875 0.1417703375 0.308591490625 0.13118434791666667 0.3069458875 0.12516537708333333 0.29883986875 0.11209527708333332
0 0.3087350609375 0.30462716875 0.31149326093749996 0.30469136041666667 0.31012018124999996 0.3041993520833334 0.3087350609375 0.30462716875
0 0.3253954859375 0.24382804166666666 0.31787666406250004 0.23859248541666667 0.31130185312499997 0.24027967291666666 0.30558517812499997 0.2291053875 0.29249576718750003 0.22788064583333334 0.28581860312499996 0.23738633333333334 0.283641578125 0.24561659583333334 0.2815247609375 0.24924774166666666 0.2807328546875 0.25705019166666665 0.2827533390625 0.26077762708333335 0.2946699453125 0.2725562604166667 0.295656103125 0.276259625 0.2945073828125 0.2849738708333333 0.29925596250000003 0.29106505833333335 0.3037380390625 0.29116937083333333 0.31207284999999996 0.2867628354166667 0.3152179703125 0.28361567083333333 0.3200568640625 0.2828081854166667 0.3256455140625 0.27741763124999996 0.3260444765625 0.2732864541666667 0.32781651875 0.26964727916666664 0.32832987812500003 0.25677778125 0.3280453109375 0.2521706416666667 0.3253954859375 0.24382804166666666
0 0.8211167328125001 0.07594501875 0.8184127203125 0.07174162291666668 0.8149709921875001 0.07120146875 0.8112145890625 0.06835373541666666 0.800205871875 0.06625731875 0.7781402671875 0.06574377708333333 0.7681116875 0.06781063541666667 0.7592454546875 0.08646640625 0.7591431 0.09428490208333334 0.7618049671875 0.10170767916666666 0.7627128546875 0.11138989583333332 0.764721296875 0.11603715416666667 0.7784520921875 0.12095723333333333 0.7829763140625 0.11784216666666666 0.7870774890625001 0.120697925 0.7900720906250001 0.12904854999999998 0.7938525734375 0.1300566375 0.8069720890625 0.12898181875 0.8129958281249999 0.11670061666666666 0.8196188046874999 0.11133413541666666 0.8207133375 0.10675909166666667 0.8235317468750001 0.10222417083333334 0.8246503640625 0.09580947916666666 0.8211167328125001 0.07594501875
0 0.038608970312500004 0 0.02981865625 0.007843227083333333 0.025252287499999998 0.014177675 0.024067440625 0.025651389583333333 0.0169913140625 0.03928825625 0.0178149109375 0.055409231249999996 0.0160007234375 0.062267785416666666 0.0157117234375 0.08434353958333334 0.01838563125 0.09084649166666667 0.020303760937500002 0.10239242708333333 0.0236371140625 0.1112109875 0.0284338625 0.11362288125 0.045345903124999996 0.11263632708333333 0.058024309375000006 0.11891206875 0.0757238203125 0.13680596041666665 0.0794320546875 0.1433329875 0.0813923296875 0.1516595395833333 0.0850764796875 0.16002621250000001 0.093593503125 0.16804531041666668 0.09805751562500001 0.16952935833333335 0.1022128796875 0.1682459125 0.11410983593749999 0.15518129791666666 0.1236355140625 0.13884113333333334 0.1309600828125 0.13257087708333332 0.1362220203125 0.12579256458333335 0.1438672796875 0.12136997916666667 0.1490509484375 0.12057051875 0.153962090625 0.11424409375 0.1541186328125 0.10228639375 0.1504886703125 0.08978051875 0.1430722 0.07672646458333333 0.137880925 0.051762856249999996 0.1370753921875 0.034262145833333334 0.1399239046875 0.027427664583333334 0.13895580937500002 0.022344564583333334 0.13084377187500001 0.009734375 0.118972234375 0 0.038608970312500004 0
0 0.12994606250000001 0.36809373333333334 0.131688 0.3667541166666667 0.1313673078125 0.36490644791666665 0.11861063125 0.36460955624999997 0.1134630875 0.3626495479166667 0.1097127078125 0.35934190208333333 0.10143810625 0.35914932499999996 0.09584945624999999 0.36453987708333335 0.094410146875 0.3691068979166667 0.08703139062500001 0.3795163541666666 0.0838140203125 0.38818245833333337 0.083058240625 0.39322543541666666 0.0847219078125 0.39786467291666666 0.0846677203125 0.40200387708333335 0.0892657796875 0.41959285208333336 0.090185709375 0.42835524374999995 0.09186743750000001 0.43161474583333337 0.093743421875 0.44638006041666667 0.0970647328125 0.45611844166666665 0.1162517203125 0.46576602291666663 0.13624265468750002 0.46669133333333335 0.1428174640625 0.46500414375 0.143960165625 0.45674980833333334 0.1356719328125 0.43125407083333334 0.12697713125 0.38412644375 0.1278051625 0.3735645270833333 0.12994606250000001 0.36809373333333334
0 0.143173953125 0.3587405041666667 0.1421877953125 0.3550371416666666 0.1328126375 0.3598795166666667 0.1320689015625 0.36400267291666666 0.1344763046875 0.3645187541666666 0.1393272390625 0.36279144375 0.143173953125 0.3587405041666667
0 0.27691690156250004 0.4695052520833333 0.275780221875 0.4772996770833334 0.2708690796875 0.4836261 0.272841396875 0.4910328291666667 0.2819937828125 0.5032071791666667 0.28575018281250003 0.5060549145833334 0.291266584375 0.5061833 0.29444783124999996 0.5002766666666667 0.294858834375 0.4952256625 0.30116112031250003 0.4880115125 0.303296 0.4830006291666667 0.3043845125 0.4788854979166667 0.303452540625 0.4710429291666667 0.300748528125 0.46683953333333333 0.2976696359375 0.4649276708333333 0.2817859 0.46639820833333334 0.27691690156250004 0.4695052520833333
0 0.450672096875 0.18463668125000002 0.45178469374999997 0.17868190416666666 0.4501089859375 0.17496248958333332 0.44805839687500004 0.17353461041666665 0.44672144375 0.17028313541666668 0.4405576375 0.16691932083333333 0.4368433828125 0.16085220416666665 0.4341875359375 0.15296951666666667 0.43333985625000004 0.13868818541666666 0.4436891296875 0.13846899583333333 0.45331272812499995 0.14099322916666665 0.459041446875 0.15124769375 0.46385625468749997 0.15227985208333333 0.46829618437500004 0.15560354583333333 0.4851841421875 0.1564566375 0.4883413046875 0.15238965208333333 0.4855092671875 0.13162141458333335 0.48665196718750003 0.12336707916666666 0.4884059484375 0.12110764166666667 0.48708103437499994 0.11693634374999999 0.4755453296875 0.10240626666666668 0.4745591703125 0.0987029 0.46471723593750003 0.08651250208333333 0.4633863015625 0.08280111458333334 0.44673917812499997 0.06355156041666667 0.44087198125000004 0.0638750625 0.4370493515625 0.06608635416666667 0.43529537031250004 0.06834579166666667 0.4348663046875 0.07477652916666666 0.43202381093750003 0.08115109791666668 0.4285760609375 0.08107085625 0.4227630515625 0.07725515416666666 0.4190668609375 0.06980830416666667 0.4104655453125 0.06822796875 0.40455018125000003 0.0722307625 0.4003466515625 0.0771935 0.3913283125 0.08112407916666667 0.38852796562499997 0.08427926666666667 0.3874334328125 0.08885431041666667 0.3807081015625 0.10203928541666667 0.37962561093749997 0.10569450625 0.380551559375 0.1139969875 0.376650659375 0.12218712916666667 0.37655432499999997 0.1295457125 0.380843734375 0.14436719583333335 0.390346915625 0.15608965833333333 0.39929902500000003 0.15721810833333333 0.40409577187499995 0.15963000416666664 0.40815480156249995 0.16570514166666667 0.40887002343749995 0.19010452708333334 0.40671105937499996 0.19695505625 0.4066327890625 0.20293390625000002 0.407655071875 0.2038778 0.40758884375 0.20893682708333333 0.4096093265625 0.21266426666666666 0.41413957031250004 0.2090892854166667 0.4194135484375 0.20139115 0.4349946578125 0.19669321041666665 0.450672096875 0.18463668125000002
0 0.868397825 0.15249388541666667 0.86206385 0.1357846125 0.8622625375 0.12060753125 0.8612944421875 0.11552443124999999 0.8586446171875 0.10718183125 0.8559285609374999 0.10389825833333334 0.844296521875 0.09672676458333333 0.83291894375 0.09646196874999999 0.8277051734375 0.09956098958333334 0.8252496015625 0.10272420208333334 0.8209617796875 0.11412570208333334 0.8129837859375 0.11762043958333333 0.8108790109375 0.1203317625 0.8090949265624999 0.12489075833333334 0.80894440625 0.13638854791666669 0.8115821890625 0.14565097291666668 0.8124900765625 0.15533318541666666 0.820928828125 0.16933113333333333 0.8267418390625 0.1731468375 0.8339821140625 0.17331534375000002 0.835669865625 0.17611493333333333 0.8359724937499999 0.1793423375 0.840412425 0.18266603125 0.84420495 0.18275429583333333 0.8577354703125 0.17662847499999998 0.8654349171875 0.16806668541666667 0.8654650203124999 0.16576712916666667 0.86828945 0.16077229375 0.868397825 0.15249388541666667
0 0.064161184375 0.17702140625 0.0696278328125 0.1546061 0.07116949375 0.14222058750000002 0.06919717812500001 0.13481385625 0.059700017187499996 0.12263148333333333 0.0545825796875 0.11837191666666666 0.045660573437500004 0.11494391041666667 0.028754553125 0.11547055208333333 0.0242845203125 0.11444641458333332 0.021217668749999998 0.11161472916666666 0.0182531734375 0.10096454583333332 0.0173212015625 0.09312197708333333 0.01363103125 0.08521521666666666 0.0143611390625 0.05578890416666667 0.013356917187500001 0.05346527291666667 0.007459615625000001 0.05608833333333333 0.0057163890625 0.0575265 0.0045135109375000005 0.14941025416666667 0.0071753781249999996 0.15683303333333332 0.0153295625 0.16622384166666665 0.031407553125 0.17625911666666666 0.0360838828125 0.18786924375 0.041860767187499995 0.19444441250000002 0.0549562 0.19520923958333333 0.058766787499999994 0.19391777083333334 0.0587908703125 0.19207812500000002 0.0637381390625 0.18299223125 0.064161184375 0.17702140625
0 0.23547383437499997 0.21045174375 0.23446359218750001 0.208588025 0.232044146875 0.20899176875 0.2229716203125 0.21706155 0.21848954375 0.21695723541666664 0.213566359375 0.22420348333333334 0.21247784687500001 0.22831861458333333 0.21230324218750002 0.24165605 0.213277359375 0.2462792375 0.22827887812499997 0.25950982083333335 0.2337471125 0.2633175 0.249606765625 0.2636866083333333 0.2534414375 0.26055548958333336 0.25758475937499997 0.26019186875 0.25659860156250003 0.25648850416666663 0.25670095625 0.24867000833333333 0.2550372875 0.24403077083333333 0.25513964218749996 0.23621227708333334 0.24671895312499997 0.22083459166666666 0.2446623453125 0.21986662499999998 0.23821999374999997 0.21143576041666667 0.23547383437499997 0.21045174375
0 0.6102034453125 0.14326445833333334 0.611001371875 0.13500209791666667 0.6045048328125 0.1307104375 0.60078455625 0.12510323333333334 0.5973669109374999 0.12272343333333334 0.5963687109375 0.11993989166666667 0.5978501640625 0.11215349166666666 0.5973111359375001 0.10063965625 0.5915643562499999 0.09176492708333334 0.590578196875 0.08806156250000001 0.5868338390625001 0.08429400416666667 0.585841659375 0.08105055208333334 0.5803553609375001 0.07862260833333333 0.568288234375 0.07834176458333333 0.5644114171875 0.08469226041666666 0.558514115625 0.08731532083333333 0.5564093406249999 0.09002664583333334 0.554595153125 0.0968852 0.553307953125 0.11617741041666667 0.555286290625 0.12312422916666667 0.5580023453125 0.12640780416666667 0.5579240734375001 0.13238665208333333 0.571177634375 0.14741676041666668 0.5776982562499999 0.14986877708333332 0.5832266984375 0.14907733958333333 0.5871035171875 0.14272684375000003 0.590581371875 0.14050752708333333 0.599194728125 0.14116804166666666 0.6012814390625 0.13983644999999997 0.602732790625 0.13434960833333334 0.6044446234375 0.1353095520833333 0.604384415625 0.13990866666666665 0.6063687734375 0.146395575 0.6102034453125 0.14326445833333334
0 0.7938922015625 0.28509497291666663 0.7966865265624999 0.2823996958333333 0.8001463203125001 0.28156011458333335 0.804688603125 0.27706531250000005 0.8089643828125 0.2665836354166667 0.8090607171875 0.25922505 0.801692415625 0.24249170416666666 0.8018068125 0.23375338541666668 0.8007965703125001 0.23188966666666666 0.7939492359375 0.22804989375 0.7846463296875 0.22737333125 0.7773940109375 0.22812464791666667 0.7649158796875 0.23289480625 0.7610390609375 0.23924530208333333 0.7598903406249999 0.24795955208333334 0.76042335 0.2599333 0.757623003125 0.26308848749999997 0.75418729375 0.2620884229166667 0.7464019671875 0.2508659916666667 0.7429481953125 0.2512456625 0.7408434203125001 0.2539569875 0.740420375 0.2599278125 0.7448000953125 0.26785062291666667 0.7611445906250001 0.2838727729166666 0.75925213125 0.2967101729166667 0.7595443078125 0.3270803854166667 0.767081190625 0.33093620625 0.777745134375 0.3330246 0.78810645 0.3318855875 0.7919411203125 0.32875447291666665 0.7958239609375 0.32194406458333336 0.796259046875 0.31505341666666664 0.79980313125 0.30777507083333333 0.8002442390625 0.3004245104166667 0.79996569375 0.29535746041666666 0.7945396046875 0.2883304020833333 0.7938922015625 0.28509497291666663
0 0.28086372656249997 0.22070915624999998 0.28232711875 0.21430248958333334 0.2869175703125 0.20612839375 0.2919310671875 0.191983475 0.2936730046875 0.19064386041666664 0.271340896875 0.18414344375 0.26039840625 0.176988 0.25428878906249996 0.16948498125 0.24699432500000001 0.17345568125 0.2451440125 0.1830737 0.24304525781250003 0.18532511458333334 0.24123107031250002 0.19218366874999998 0.2377170890625 0.19716245208333336 0.23661051406250003 0.20265731875 0.234511759375 0.20490873125 0.23446359218750001 0.208588025 0.24062739843749997 0.21195183958333336 0.2440089203125 0.21709110833333334 0.24844282812500001 0.22087471250000001 0.24875750000000002 0.22318229583333335 0.2534940375 0.23019330416666667 0.2572504390625 0.23304103958333336 0.2648475328125 0.23229774583333332 0.27595258437500003 0.22703557916666667 0.28086372656249997 0.22070915624999998
0 0.4136410265625 0 0.41199801249999995 0.0038564000000000003 0.407437665625 0.0097309375 0.40634313281249995 0.014305981249999999 0.4006762109375 0.025675383333333336 0.3994973859375 0.036689187500000005 0.401197178125 0.03856895416666666 0.40212914843750003 0.04641152291666666 0.40101655156250005 0.05236630208333334 0.40200873125000003 0.05560975416666667 0.4077555109375 0.06448448333333333 0.4173851296875 0.06654880416666667 0.423797378125 0.07727922708333333 0.4313402828125 0.08067513750000001 0.4337958546875 0.07751192708333333 0.43600298437499996 0.06698210416666667 0.44263198125000003 0.0611557125 0.44710201562499996 0.06217984791666666 0.451149003125 0.0691748125 0.46270879374999996 0.08186524166666667 0.4661806265625 0.08010583750000001 0.46829744375000004 0.07647468958333332 0.46838775625 0.06957601666666666 0.4646795234375 0.06304898958333334 0.46470360624999996 0.06120934375 0.4602817390625 0.05650591458333333 0.45930160156250005 0.05234263958333333 0.4518791125 0.03974849791666667 0.44541869843750004 0.03269736458333333 0.44308354375 0.026662345833333333 0.43933918437499997 0.022894789583333335 0.43596970468749996 0.016835700000000002 0.43119704218750005 0.01258415625 0.42578901562500004 0.004177364583333333 0.4254743453125 0.0018697812500000001 0.42389564999999996 0 0.4136410265625 0
0 0.4916087578125 0.27161907916666667 0.4886081375 0.26372836666666666 0.4647207375 0.24431030625 0.45748046093749994 0.2441418 0.457384128125 0.25150038333333335 0.45935644531250003 0.2589071145833333 0.4630526375 0.2663539645833333 0.4686609375 0.28580665833333335 0.47304668124999993 0.2932695583333333 0.473966609375 0.30203194791666665 0.471112075 0.30932633958333333 0.47171733437499996 0.31578115 0.47376190156250003 0.31766894166666665 0.486518578125 0.31796583333333334 0.4955369171875 0.31403525416666667 0.50043601875 0.3086286541666666 0.5005744984375 0.2980506875 0.4995943609375 0.2938874125 0.4921839140625 0.28037344791666663 0.4916087578125 0.27161907916666667
0 0.87099505 0.19119867291666667 0.8688421078124999 0.19758928958333336 0.86709415 0.19938881458333332 0.8669737328125 0.20858704583333332 0.8689039046874999 0.21921315624999999 0.8763625171875 0.2290478291666667 0.887383278125 0.23022442291666667 0.8925669468749999 0.2294249625 0.8950164968750001 0.22672166041666666 0.89797940625 0.21114886041666667 0.8974463984375 0.1991751125 0.89545601875 0.19314811666666667 0.8937502046875 0.1917282625 0.8948206546874999 0.18899286666666668 0.8909799625 0.19258389166666667 0.8834310375 0.18964789375000002 0.88002543125 0.18634827083333333 0.8758760890625 0.18717180416666668 0.87099505 0.19119867291666667
0 0.5870981515625 0.3538904354166667 0.58705600625 0.35710981458333335 0.5918948984375 0.35630233125 0.5922818203125 0.35309097291666663 0.58917884375 0.35301875416666667 0.5870981515625 0.3538904354166667
0 0.5796214749999999 0.34543549791666667 0.5769535875 0.33847263125 0.5752236921875 0.3388924208333333 0.5748247281250001 0.3430236020833333 0.5761376 0.348114725 0.5789078421875 0.34725909375 0.5796214749999999 0.34543549791666667
0 0.6101331125 0.28035821875 0.606406815625 0.27521092708333333 0.5988699296875 0.27135510208333335 0.58922225 0.2706705166666667 0.5854116609375 0.2719619875 0.5818495140625 0.28062006458333333 0.5813722796875 0.2907300958333333 0.5767457046875 0.30166366041666665 0.5763286796875 0.30717457291666667 0.578699959375 0.3104501229166667 0.5762684703125001 0.31177368749999995 0.5761721375 0.3191322729166667 0.5771884 0.32053608125 0.5764627250000001 0.32327950208333334 0.58585594375 0.31705738958333335 0.5849737265625 0.33175851250000005 0.5866133109375 0.33823739375 0.6027334468750001 0.34505328749999997 0.6058424421875 0.34466559166666666 0.612471440625 0.3388392 0.6132573234375001 0.3314966645833334 0.610619540625 0.3222342416666667 0.6107684734375 0.28451346875 0.6101331125 0.28035821875
0 0.437479075 0.2703592958333333 0.4317021890625 0.26378412500000004 0.425283921875 0.2535136125 0.41946489218750005 0.25015782291666666 0.41293222656250006 0.24862563125 0.4101559640625 0.24994117291666665 0.4062851671875 0.25583175625 0.4052147171875 0.25856715416666665 0.405789871875 0.26732152291666667 0.4077922921875 0.27242869375 0.41252883125000006 0.27943970416666664 0.4142466859375 0.27993973541666667 0.41897118281249995 0.28787056875 0.4207869578125 0.3072349979166667 0.4227833578125 0.31280208125000003 0.42621906718749997 0.3138021458333334 0.43766889375 0.30854800208333333 0.455954015625 0.30805345624999997 0.45504010624999996 0.29883115416666667 0.452366196875 0.29232819791666664 0.452111734375 0.28542150208333333 0.4504480671875 0.28078226458333333 0.437479075 0.2703592958333333
0 0.33709342656249996 0.14058866666666667 0.338442421875 0.14292032083333334 0.34465439375 0.14260484375000002 0.35266851250000003 0.13635063541666667 0.3593276140625 0.12822468541666668 0.3610575109375 0.12780489374999998 0.3687930828125 0.1164836375 0.376414259375 0.11390069791666665 0.37687945 0.10471048958333333 0.372952878125 0.08851729791666667 0.3730913578125 0.07793933333333333 0.37525634218750004 0.07062889166666667 0.3780566890625 0.06747370416666666 0.37847973437500004 0.06150287916666666 0.37717890625 0.055491931249999994 0.3707485953125 0.046141241666666666 0.36219544843749996 0.0408816125 0.3532433390625 0.039753164583333334 0.3484526140625 0.03688135625 0.341551090625 0.0371807875 0.33772846093750003 0.03939207916666666 0.3341903984375 0.04621051041666667 0.33042195625000004 0.0442826 0.3303541390625 0.023118645833333333 0.3283878421875 0.015252004166666666 0.3236693671875 0.0068612583333333334 0.321274003125 0.00542535625 0.31057995625 0.005636520833333334 0.30392687500000004 0.013302560416666666 0.28927171875 0.026302981250000003 0.289247634375 0.028142627083333333 0.28749967656250003 0.02994215416666667 0.287433446875 0.03500118125 0.2890790515625 0.04102015208333333 0.28893455156250003 0.052058029166666665 0.28992673125 0.05530148125 0.28957752187499997 0.08197635208333334 0.293225546875 0.09310249375 0.29764139375 0.09826583333333333 0.3097025015625 0.09900658749999999 0.313791634375 0.10278216875 0.3286908 0.12383125 0.3328040171875 0.12576718333333334 0.335520071875 0.12905075833333332 0.3371837390625 0.13368999375 0.33709342656249996 0.14058866666666667
0 1 0.21076291875 0.9962764249999999 0.21067625833333334 0.988957878125 0.2164866020833333 0.9848145562499999 0.216850225 0.98270978125 0.21956154791666668 0.9824990515625001 0.23565845208333333 0.9882398109375 0.24499309583333334 0.983903821875 0.26007388541666665 0.984939734375 0.28632094166666666 0.9866214640625 0.2895804416666667 0.991418209375 0.2919923375 0.9955795953125 0.2902489791666667 1 0.29241600624999997 1 0.21076291875
0 0.9310512109375001 0.37201653333333334 0.9252382015625 0.36820083333333337 0.903880209375 0.36632360625 0.8926411109375 0.35548084375 0.8888485859375 0.35539257916666667 0.8888786906249999 0.3530930208333333 0.8876577187500001 0.36732620624999995 0.8788817999999999 0.37908330625000003 0.8778053296874999 0.3822786145833333 0.8780296875 0.39148486875 0.8796451875000001 0.39980339583333335 0.8833474015625 0.4067903354166667 0.8887855296874999 0.41289757083333334 0.8946286453125 0.41441371458333337 0.897998125 0.42047280625 0.906509125 0.42895181666666665 0.9192597828125001 0.42970861875 0.9227255953125001 0.428409125 0.925047121875 0.40914098541666666 0.9316520359375 0.4051542395833333 0.936599303125 0.39606834375 0.9377119 0.3901135666666667 0.9368100328125 0.37997143958333335 0.9310512109375001 0.37201653333333334
0 0.7935353843749999 0.28600677083333337 0.787383621875 0.2817231333333333 0.7769003015625 0.26583739375 0.7683110296875 0.2633372333333333 0.7555603734375 0.26258043125 0.7464019671875 0.2508659916666667 0.742603421875 0.25123763958333334 0.740849440625 0.2534970770833333 0.740420375 0.2599278125 0.7464818265625001 0.27111012291666664 0.7611506125 0.2834128604166667 0.7585445187500001 0.29807386041666667 0.7581892890625 0.32520864166666663 0.75918146875 0.32845209583333335 0.765357315625 0.3308960875 0.7836063125 0.3331610104166666 0.787755653125 0.332337475 0.7926366921875 0.32831061041666665 0.7958179390625 0.322403975 0.7969666609375 0.31368972916666665 0.79978506875 0.30915480624999997 0.8002863859374999 0.29720512916666664 0.7982839640625 0.29209795833333335 0.7935353843749999 0.28600677083333337
0 0.39471081875 0.4023188645833333 0.3919947625 0.3990352916666666 0.3878634828125 0.3984790916666666 0.3807857703125 0.38589297291666663 0.37562618593749997 0.38485278958333335 0.37496071875000003 0.38299709375 0.37290411093750003 0.3820291270833333 0.36462950781250003 0.38183654791666666 0.3616288875 0.37394583541666665 0.35346868124999997 0.36501493749999997 0.34970023906250003 0.3630870270833333 0.3445286125 0.3629666645833333 0.342097125 0.36429023125 0.338915878125 0.3701968645833333 0.33784542812499996 0.3729322625 0.3377611359375 0.3793710229166667 0.3410824484375 0.38910940625 0.3444519296875 0.3951684979166667 0.34422915781249996 0.412185225 0.347502303125 0.4256029 0.3477266625 0.43480915416666666 0.3524933046875 0.4395206083333333 0.3683529578125 0.43988971666666665 0.377461609375 0.42906046458333336 0.384750053125 0.4255496791666667 0.38862085 0.41965909583333333 0.39148140468750003 0.41190479166666666 0.395340159375 0.4069340291666667 0.39572106093750004 0.40418258333333335 0.39471081875 0.4023188645833333
0 0.43810589687499996 0.433232175 0.4522537171875 0.4326413416666667 0.45677793749999995 0.4295262729166666 0.459941121875 0.42499937499999996 0.46964901093750006 0.42108484375 0.4752497046875 0.41477446875 0.47953150625 0.40383288125 0.48303344375 0.3997739166666667 0.48526465625000004 0.38740445208333335 0.48704271875 0.3833053666666667 0.4919478421875 0.37743885416666667 0.4920020296875 0.3732996520833333 0.4819658390625 0.34960343958333334 0.4762130390625 0.3411886208333333 0.476237121875 0.339348975 0.4677622453125 0.32811049583333335 0.466443353125 0.3234792854166667 0.46683629687500006 0.31980801666666664 0.4641443234375 0.3146847958333333 0.461398165625 0.31370078125 0.46039394375000003 0.31137715 0.455935953125 0.30943319166666666 0.4386971984375 0.3090319875 0.4282997578125 0.3129304666666667 0.42339463750000006 0.31879697916666666 0.4241640453125 0.33905716041666667 0.4230935953125 0.34179255833333333 0.4225802359375 0.35466205624999997 0.42454051093749995 0.3629886104166667 0.424480303125 0.367587725 0.4223092984375 0.375358075 0.41598293125 0.3844118729166667 0.41490043906249996 0.38806709375000004 0.414798084375 0.3958855895833333 0.41647379375 0.3996050020833334 0.41730943125 0.41480615625 0.41996527656250005 0.42268884375 0.42023178124999994 0.42867571875 0.42258499687500006 0.43333100208333336 0.430206175 0.43074806250000003 0.43810589687499996 0.433232175
0 0.6183937562499999 0.14989579791666668 0.61946420625 0.14716040000000002 0.61844794375 0.14575659375 0.6183937562499999 0.14989579791666668
0 0.6654365328125 0.08658341041666667 0.6720294046874999 0.0835164875 0.6765175015625 0.08316088958333333 0.6855478828125 0.0783104875 0.6924614453125 0.07709123749999999 0.70451653125 0.07829190208333332 0.7096159078125 0.08393120208333334 0.716838121875 0.08547944166666667 0.7202979140625 0.08463986041666667 0.72520905625 0.0783134375 0.7269991625000001 0.07329452916666666 0.7326299578125 0.06468459583333333 0.732750375 0.055486364583333336 0.733820825 0.05275096666666667 0.7329490625 0.04030928541666667 0.727226365625 0.029594908333333333 0.7200643609374999 0.023447554166666666 0.71635010625 0.017380439583333334 0.7153880312500001 0.011837427083333333 0.71370028125 0.0090378375 0.710030896875 0.004811972916666667 0.6422021484375 0.003233366666666667 0.6400705234374999 0.022045875 0.6431072703125 0.02717711875 0.6472325296875 0.02819323125 0.6492710765624999 0.030540933333333336 0.6457691375 0.03459989583333333 0.6456968875 0.04011883333333333 0.6483045671875 0.05168081666666667 0.6480155671875 0.07375657083333334 0.6495829 0.08575438958333333 0.6654365328125 0.08658341041666667
0 0.7847962468749999 0.5057080791666667 0.7896230984375 0.5058204166666667 0.7907055890625 0.5021651958333334 0.7908199859375 0.4934268770833333 0.7898338265625 0.4897235125 0.7844438640625 0.47993698333333334 0.78352995625 0.47071468125 0.7781941796875 0.45678894999999997 0.774473903125 0.4511817458333333 0.7651770203125 0.4500452708333333 0.7600354984375 0.4476253541666667 0.746940065625 0.446860525 0.7362460171875 0.44707169166666666 0.7306995125 0.4492428625 0.729641103125 0.4510584375 0.7289033875 0.45472167916666667 0.7305790953125 0.45844109375000003 0.7333071921875 0.46080484583333337 0.739725459375 0.47107535625 0.7503291953125 0.47776286458333334 0.7572186750000001 0.47838325833333334 0.76133189375 0.48031919375 0.7633644187499999 0.4831268083333333 0.7632921687499999 0.48864574583333337 0.7622277390625001 0.49092123125 0.761998946875 0.5083978708333333 0.7656409515625 0.5199839229166667 0.7718408828125 0.52058826875 0.777750225 0.5170453854166667 0.78139064375 0.50240845625 0.7847962468749999 0.5057080791666667
0 0.7266433296875 0.3902618479166666 0.7289724625 0.39675677708333335 0.731355784375 0.39911250416666666 0.7340959218750001 0.40055643333333335 0.749955575 0.4009255416666667 0.756203671875 0.3978505916666667 0.7597236734374999 0.3924118958333333 0.7608422906250001 0.38599720625 0.759916340625 0.3776947270833333 0.7575571015625 0.37349935416666663 0.751768175 0.3678440041666667 0.743184925 0.3648839333333333 0.73629544375 0.3642635395833333 0.730718834375 0.3687342708333333 0.7289106671875001 0.37513291041666663 0.7266433296875 0.3902618479166666
0 0.81926675 0.19091488125 0.817687375 0.17983688333333334 0.809194434375 0.16997813958333333 0.8057587265624999 0.168978075 0.8037262015625 0.16617046041666667 0.7941387265625 0.16088675833333335 0.78859824375 0.16259801875 0.784745509375 0.16710887083333334 0.780850628125 0.17483910208333334 0.7797741578124999 0.17803441041666668 0.7817284124999999 0.18682087291666666 0.7844384468750001 0.19056435833333335 0.789102734375 0.20309430833333333 0.79551498125 0.21382473124999998 0.79649511875 0.21798800625 0.79921719375 0.22081166875 0.8008748406249999 0.22591081666666665 0.8046071578125 0.23059819791666666 0.8111338 0.2325903 0.8145996140625 0.23129080833333332 0.817103353125 0.22444830208333333 0.81755048125 0.21663783125 0.8211186500000001 0.20751983958333334 0.821275190625 0.19556214166666666 0.81926675 0.19091488125
0 0.6521427421875 0.20634750416666667 0.6490156828125 0.20811493333333334 0.6417633640625 0.20886624999999998 0.636852221875 0.215192675 0.635763709375 0.21930780625 0.635601146875 0.23172541875 0.6429032171875 0.25351779166666666 0.6466174734375 0.25958490625 0.6534166406249999 0.2671039708333333 0.662647296875 0.2732994729166667 0.6740248734375001 0.27356426875 0.6757848734375 0.27084492083333334 0.6768974703125 0.26489013958333335 0.6770359499999999 0.2543121770833333 0.6733879234375 0.24318603541666667 0.66867546875 0.23433537708333332 0.6688440531250001 0.22145785416666666 0.6672044703125 0.2149789708333333 0.663478171875 0.20983167916666667 0.6590382421875 0.20650798541666668 0.6521427421875 0.20634750416666667
0 0.80295203125 0.06724133333333333 0.80708933125 0.06733762291666667 0.80848649375 0.06598998541666666 0.8100281578124999 0.053604470833333334 0.8118062203124999 0.04950538541666667 0.8176778515625 0.02249899166666667 0.8182016109375001 0.007329475 0.74740981875 0.005681908333333333 0.747851075 0.0084524875 0.75837051875 0.021578758333333333 0.7596231812500001 0.031268995833333334 0.7587530046875 0.045050293750000005 0.7597391640625 0.048753660416666664 0.7678873281249999 0.05860437916666667 0.772678053125 0.061476187499999994 0.7822956296875 0.06446033125 0.7991835890625001 0.06531342291666667 0.80295203125 0.06724133333333333
0 0.17681390624999999 0.21276693958333331 0.181997575 0.21196747708333333 0.1900177140625 0.20525336041666667 0.1945178515625 0.20397793749999998 0.2086476078125 0.20476683541666668 0.2202555640625 0.21377797708333332 0.22266899062499998 0.21383414583333332 0.2303383328125 0.2075719125 0.23559425156249997 0.2012535125 0.2444845671875 0.18075809583333333 0.2473872671875 0.16978441041666667 0.247834396875 0.1619739375 0.2421297609375 0.14987982916666667 0.2411676859375 0.14433681874999998 0.2423826359375 0.13056354375 0.2414024984375 0.12640026666666668 0.2357159265625 0.112926425 0.23099143125000002 0.10499559166666667 0.2227770375 0.10020389583333333 0.22181496250000002 0.09466088541666666 0.2201272125 0.09186129583333333 0.21364873593749997 0.0861899 0.198194065625 0.0812297 0.1868887390625 0.07544596666666667 0.1776761453125 0.06787073125 0.17181497031249998 0.06773432291666667 0.16976438124999998 0.06630644166666667 0.169734278125 0.068606 0.1679802984375 0.0708654375 0.1652100546875 0.07172106666666668 0.16303905000000002 0.07949141875 0.1629788421875 0.08409053541666665 0.159434759375 0.09136887708333334 0.1571312953125 0.10925728333333334 0.15770042812500001 0.11847156249999999 0.156974753125 0.12121498333333333 0.14927530625000002 0.129776775 0.149227140625 0.13345606666666668 0.1545508734375 0.14830162083333331 0.1553865109375 0.163502775 0.15809052343750002 0.16770617083333333 0.158302840625 0.17783224791666666 0.15990629843749998 0.1870706 0.1615820078125 0.1907900125 0.1624537703125 0.20323169583333334 0.166137921875 0.21159836875 0.1688539765625 0.21488194166666666 0.1719449109375 0.21587398333333332 0.17681390624999999 0.21276693958333331