0 0.756367609375 0.5703106145833333 0.754780815625 0.5784744666666667 0.7563851703125 0.5820537895833334 0.759364225 0.5841485166666666 0.761590546875 0.5878150000000001 0.7650783578125 0.60339898125 0.7688109562500001 0.6118889791666666 0.771511721875 0.61352539375 0.782461490625 0.6142212604166667 0.787109478125 0.6110988229166666 0.7899242609375 0.6073001729166666 0.7923945609375 0.5959056458333334 0.7974675484375 0.5873917208333334 0.8013619890625 0.5778740145833333 0.7995774203125 0.5725921937499999 0.7968439625 0.57137050625 0.7951742234375 0.5686206416666667 0.797398925 0.5563530729166666 0.79423965625 0.5525558479166667 0.7915061984375 0.5513341604166667 0.774680453125 0.54939553125 0.7697214859375 0.5524743854166666 0.756367609375 0.5703106145833333
0 0.3548222921875 0 0.352776209375 0.014352079166666667 0.35171249375 0.015880254166666666 0.3414827640625 0.014027358333333333 0.33965118125 0.02928519791666667 0.340830534375 0.03825600625 0.33867040937500004 0.041727089583333335 0.3364297671875 0.05818553541666667 0.3398354421875 0.07082282916666666 0.3397381734375 0.08003404375 0.3410809890625 0.08693120416666668 0.3475311046875 0.10083376458333333 0.3526543453125 0.1036482875 0.357367715625 0.09969638958333334 0.363309075 0.10010969374999999 0.368105390625 0.10707151458333333 0.36861333749999997 0.11259374375 0.371674528125 0.11763515833333332 0.381331734375 0.12276231041666666 0.3824122015625 0.12501028125 0.3836066890625 0.1218231875 0.3838187859375 0.11514393125 0.38691185781250004 0.11180358958333333 0.392196940625 0.09661041041666667 0.3932757890625 0.08292432708333333 0.392374725 0.07441182916666667 0.39338899843749997 0.06952223541666666 0.39431951718749997 0.045751897916666666 0.39875378906250003 0.03337466458333334 0.3993749453125 0.025494797916666666 0.398212340625 0.02030013958333333 0.3908468375 0.018010010416666666 0.3869507765625 0.011593664583333333 0.3871180265625 0 0.3548222921875 0
0 0.585204334375 0.46413897083333333 0.58032669375 0.46219748958333334 0.5767751171875 0.4633770208333334 0.5689200390625 0.47527486458333335 0.560408684375 0.471566225 0.5547296734375 0.4758021083333333 0.547413615625 0.4768734 0.5389357625 0.48071705625 0.5341570078125 0.48549841250000003 0.52743103125 0.49503862083333333 0.5269733390625 0.5008448375 0.5283647874999999 0.5031363895833334 0.5294293156250001 0.5095752395833333 0.5277938859375 0.5223447 0.528105678125 0.5303553083333333 0.5312330640625 0.5425342895833333 0.53542335625 0.54521806875 0.5391551453125001 0.5457410374999999 0.5508249578125 0.5452798770833333 0.55444191875 0.5432708875 0.5572407609375001 0.5436631145833334 0.5615123796875 0.54132655625 0.563378275 0.5415880416666667 0.56722408125 0.5366759416666667 0.5783867578125 0.5386595791666667 0.5813163703125 0.5373928874999999 0.586143759375 0.528005925 0.5886635015625 0.5199728145833333 0.591510978125 0.5157594333333333 0.5934573890625 0.5030335541666667 0.5968773875 0.49554591458333336 0.597122175 0.48845193125 0.5943719656249999 0.4834540958333333 0.5934549609374999 0.479132475 0.590361078125 0.47450578958333334 0.590491846875 0.47284686875 0.585204334375 0.46413897083333333
0 0.5752896984375 0.01953759583333333 0.570690346875 0.018054425 0.5626869390625 0.019868014583333333 0.5471705078125 0.017274245833333333 0.5442082046875 0.018955668749999998 0.5402316265625 0.025526685416666663 0.5391033359375 0.035851347916666665 0.542264221875 0.05558262708333333 0.5445232343749999 0.058834379166666666 0.5507923265625 0.06306741458333334 0.55187279375 0.06531538541666666 0.5540169796875001 0.06603518125 0.556586975 0.06933051666666666 0.5655568328125 0.07519996666666667 0.56927268125 0.0799138125 0.5716138296875 0.08611225625 0.5727277984375 0.095912525 0.5754293734375 0.10551596875000001 0.5794888968749999 0.10985866666666667 0.58525004375 0.10856947083333333 0.5885719625 0.10232602083333334 0.5942334125000001 0.08634696458333332 0.601794259375 0.07818168541666666 0.6028077234375 0.06532506458333334 0.5994674328125 0.051858312499999996 0.5962260296874999 0.04511439791666667 0.5889418531249999 0.03780393125 0.58322853125 0.02652049375 0.5752896984375 0.01953759583333333
0 0.13807806875 0.08951161249999999 0.1323982484375 0.08578046874999999 0.1255566359375 0.08482169166666667 0.121972365625 0.08641595208333334 0.118272459375 0.07751122708333333 0.112559946875 0.07419481458333334 0.100218725 0.07120739583333333 0.08681378749999999 0.06974815208333333 0.0589410046875 0.07632486875 0.0577959609375 0.08287338333333333 0.0483532796875 0.09496805208333334 0.0467337921875 0.10354663541666667 0.0437882375 0.10900420625 0.041579478125 0.11708089791666666 0.0404511859375 0.12740555833333334 0.043496434375 0.13663785208333332 0.050813303125 0.1435335875 0.0574587625 0.14698074375 0.06644618125 0.16459336666666669 0.07770774375 0.17329984166666668 0.081112609375 0.17797010833333332 0.0832241015625 0.17910463333333335 0.0911469921875 0.19027840833333334 0.09453510781249999 0.19117252708333332 0.09771031718749999 0.190778875 0.107284578125 0.18499231041666667 0.11080346249999999 0.18422751041666666 0.1191999890625 0.18540419166666666 0.12465015156249999 0.18407141666666668 0.1276451484375 0.18197526458333335 0.143308290625 0.17871923541666668 0.1460249984375 0.17616477291666666 0.1485279890625 0.16435551458333333 0.152896875 0.15280773958333332 0.154383165625 0.121987 0.1534167140625 0.11430395833333334 0.14971680781250002 0.10539923333333333 0.14405293125000002 0.09747721250000001 0.14359442656250002 0.09531640208333333 0.13807806875 0.08951161249999999
0 0.7160001703125001 0.3524820895833333 0.7138392328125 0.34798614583333337 0.6961132343750001 0.34550204375 0.6877334578125 0.34810151250000004 0.6811214999999999 0.3522066520833333 0.673152403125 0.36953956458333337 0.669437365625 0.37279274375 0.664119590625 0.38840065416666664 0.663531128125 0.39586578958333335 0.664759115625 0.4002309895833333 0.6646785984375 0.41321835416666663 0.659376765625 0.4246353854166667 0.664075003125 0.43284139375 0.66833068125 0.4346957125 0.6758923359375 0.43449746250000004 0.68440288125 0.430239075 0.6900659515625 0.43019407083333333 0.6959578671875 0.42724595625 0.7042068718750001 0.42630540625 0.7065145203125 0.42495155416666663 0.7127341671874999 0.42582316875 0.7156151453125 0.42916208541666667 0.7207383875 0.43197660833333335 0.72805444375 0.43090531666666665 0.733062046875 0.4232208520833333 0.7332908921875 0.42031774375000003 0.7310645734375 0.41665126041666667 0.7308349171875 0.41158734166666666 0.7331090609375 0.40268119166666666 0.733697525 0.39521605625 0.7356447453125 0.39045720208333334 0.7366255171875 0.3780153104166667 0.7426968359375 0.36880267083333335 0.742646584375 0.3574742270833333 0.7387178296875 0.3514726083333333 0.73179408125 0.34756714375000003 0.728618871875 0.34796079375000005 0.7187009343749999 0.35411850833333336 0.7160001703125001 0.3524820895833333
0 0.987188515625 0.18292710208333332 0.98637120625 0.19329534375 0.9875983843749999 0.18969351666666665 0.9876797109375 0.18467318125 0.987188515625 0.18292710208333332
0 0.8428686187500001 0.08722624166666666 0.851134375 0.09006183958333333 0.8616423953125001 0.09237304375000001 0.8694823406250001 0.09263310416666666 0.87468690625 0.09042728750000001 0.8773047265624999 0.08114998958333333 0.8841941656250001 0.06953613125000001 0.8854540359374999 0.06551957708333334 0.8871070265625001 0.06449329166666666 0.8894959984374999 0.0581191 0.8926871500000001 0.05353456875 0.8941846484375 0.052486495833333334 0.8436499984375001 0.04540462083333333 0.843551921875 0.04664880833333333 0.8422266640625 0.051494825 0.8423255515625 0.058217660416666664 0.8392659796874999 0.0691103 0.8396264062500001 0.07251529791666668 0.8431293484375001 0.075941375 0.8427697328124999 0.08050340416666667 0.841706015625 0.08203157916666666 0.84203375 0.08585130833333333 0.8428686187500001 0.08722624166666666
0 0.7182178343750001 0.4320426916666667 0.71204681875 0.42656546875 0.7076930640625 0.4259553375 0.699624271875 0.42859838541666667 0.6945831671875 0.42873055416666667 0.6925538109375 0.43054271666666666 0.685892409375 0.43128643958333335 0.6719317015625 0.4368776 0.6682326046875 0.43593990416666667 0.6616525296875 0.4316632875 0.658411125 0.42491937291666665 0.654598009375 0.42941674166666666 0.65407493125 0.43605241875 0.6518007875 0.4449585666666667 0.6479222859375 0.4502853958333333 0.6463028000000001 0.45886397916666666 0.6503296296875 0.46362140625 0.6564185078125 0.4661519395833333 0.65997089375 0.47293943541666666 0.6620505046875 0.48245571666666665 0.665586140625 0.4854670625 0.667452034375 0.48572854791666664 0.6700212203125 0.48105685833333334 0.678351553125 0.4750959708333333 0.6851764140625 0.4722786 0.6939158078125 0.4651171041666667 0.697484134375 0.4677137229166667 0.7004145546875 0.47441405625 0.711675309375 0.47515350416666663 0.71890923125 0.471135525 0.7313796031249999 0.4565299729166667 0.733703190625 0.45098524166666665 0.73491361875 0.44360726666666667 0.73946271875 0.43376199375 0.7385457125 0.4294403729166667 0.7364501609375 0.4241149708333333 0.7342405921874999 0.4242246333333333 0.7318843109375 0.43018409583333334 0.7249940640625 0.4338309270833333 0.7182178343750001 0.4320426916666667
0 0.472669784375 0.20852248125 0.4687418421875 0.21048789166666668 0.45345506718750006 0.21295804166666665 0.43973914687500004 0.21145521874999998 0.4352219296875 0.21291873541666667 0.42669544375 0.221368 0.425878134375 0.23173624375 0.4279083015625 0.23789110625 0.4281874 0.24631644375 0.435046575 0.25901839375 0.44046485625000004 0.26606737708333333 0.44200382656250004 0.2704761583333333 0.44306835156249996 0.2769150083333333 0.44046809375 0.29793548124999997 0.44714624531249997 0.30096790625000003 0.45488811562500003 0.30247215625 0.45870123124999995 0.2979747875 0.4609921265625 0.2928447833333333 0.468422203125 0.2863384270833333 0.4719410875 0.28557362708333334 0.4740031359375 0.2833467333333333 0.4750501015625 0.27804240625 0.4744113859375 0.27417909791666667 0.47547510312499996 0.27265092083333337 0.489190215625 0.26618671875 0.4962279828125 0.26465711666666664 0.5130210359375 0.26701047708333336 0.5157544921875 0.26823216250000004 0.51819371875 0.27318641666666665 0.523758709375 0.27438559999999995 0.524985890625 0.27078377708333334 0.5231191843749999 0.2625552666666667 0.51919043125 0.2565536479166667 0.5173891125 0.24749567708333334 0.521543475 0.21872608124999998 0.5213632625 0.21702358124999999 0.5165183125 0.21466736874999998 0.5056993109375 0.21231258333333333 0.4929976625 0.20592016458333334 0.472669784375 0.20852248125
0 0.6082913890625 0.0715445875 0.604036521875 0.07765729166666667 0.5998302875 0.07916439166666667 0.5959844796875 0.08407648958333333 0.5894722171875 0.10287149375 0.587543365625 0.12734054791666666 0.587724390625 0.137010075 0.588084815625 0.1404150729166667 0.59062211875 0.1441251395833333 0.59494318125 0.14515 0.5999021484375 0.14207114166666665 0.6129944859374999 0.12755275208333333 0.614549396875 0.12777065625 0.6168084109375 0.13102241041666668 0.6208184906249999 0.13200368958333333 0.6234044265625001 0.13110814583333333 0.6258428421875 0.12809537499999998 0.6267582296875001 0.11648294166666666 0.6305545953125 0.10820942500000001 0.6326469078125 0.08166672083333333 0.6318774234375 0.07946233125 0.6260165796875 0.06606166249999999 0.6213024 0.062046533333333334 0.6166703546875001 0.060978091666666664 0.6106476703125 0.065585125 0.6082913890625 0.0715445875
0 0.8061113531249999 0.12274830208333333 0.8173872375 0.11132984583333334 0.8197108265624999 0.1057851125 0.8205775781250001 0.09877828958333333 0.823114071875 0.09452132708333334 0.8328852984375 0.0942134125 0.8356346953125 0.09124421875 0.8366816625 0.08593989583333334 0.8341276093750001 0.07845368125 0.8344872249999999 0.07389165416666667 0.8391838453125 0.06616361041666667 0.8416382015625 0.058959960416666665 0.8423505359375 0.04522251458333334 0.8032954515625 0.039749374999999997 0.803091509375 0.04139803958333333 0.798836640625 0.04751074583333333 0.7990462296875 0.03915389375 0.7815571671875 0.036702993749999996 0.7811098328125 0.03705961666666667 0.779408209375 0.04269151041666666 0.7798348296875 0.053234075 0.785187725 0.061112516666666665 0.78473003125 0.06691873124999999 0.7806553765625 0.0747339375 0.7783812328125 0.08364008958333334 0.7942613265625 0.1215069625 0.8003828984375 0.12362276666666668 0.8061113531249999 0.12274830208333333
0 1 0.1285347875 0.9984109109375 0.12831209375 0.9875432749999999 0.13056291458333333 0.98310819375 0.13497312291666666 0.9790008468750001 0.14320305625 0.978706615625 0.146935625 0.9807367828125001 0.1530904875 0.98775941875 0.16371879166666667 0.9884308265625 0.16716737083333333 0.988103903125 0.17131466875 0.9858456984374999 0.17602994166666666 0.9842764640624999 0.19593696666666668 0.9863066312500001 0.20209183125000002 0.99417926875 0.2019371583333333 1 0.19855551666666665 1 0.1285347875
0 0.7047037359375 0.4838206729166667 0.7028051468750001 0.48397391875 0.6969937484375001 0.47393466875 0.6932946515625 0.47299696875 0.6884010671875 0.4752463666666667 0.6871085046875 0.47967765208333335 0.6813481671875 0.4889338729166666 0.6800229125 0.49377988749999996 0.678584446875 0.5120279958333334 0.6792231625 0.5158913041666666 0.6836431109375 0.5236390020833334 0.68356259375 0.5366263666666666 0.68433208125 0.5388307583333333 0.6864108796874999 0.5403800104166667 0.689308609375 0.547495075 0.6930898421875 0.5513794645833333 0.7021083328125 0.5526433062499999 0.7103405875 0.5479266083333333 0.7130899859375 0.5449574166666667 0.7211739125000001 0.5301564625 0.7226115656250001 0.5039413291666667 0.721497596875 0.49414106041666667 0.7177323062500001 0.4860657958333333 0.7123467171875 0.4786020854166667 0.7098588578125 0.4782534395833334 0.7047037359375 0.4838206729166667
0 0.40903047031249995 0.49731509166666665 0.4067714578125 0.49406333750000003 0.40338334375 0.49316921875 0.4009449265625 0.4961819916666667 0.39174703125 0.501182675 0.3879993 0.5048505854166667 0.38780395625 0.5153059916666667 0.38281310468749996 0.5267666020833334 0.380343615625 0.5461281583333334 0.383470190625 0.5503401125 0.3933076109375 0.5571697666666666 0.39761273125 0.5623855020833334 0.4028340484375 0.5639558354166667 0.40411148125 0.57168245625 0.407810578125 0.5726201541666666 0.4150771921875 0.5681874458333334 0.42051060468749996 0.5630785229166667 0.4237495796875 0.5459213583333333 0.424223215625 0.5359242625 0.4217999296875 0.52677913125 0.4207840390625 0.5157346749999999 0.4185409671875 0.5082920416666666 0.41086367343749997 0.49799130625000004 0.40903047031249995 0.49731509166666665
0 0.57394389375 0.1443037375 0.5677736875 0.14679353958333333 0.5576269046875 0.15585436041666664 0.5560393 0.15605118541666665 0.55013144375 0.16319017708333333 0.54980451875 0.167337475 0.543111234375 0.17646295416666666 0.53681106875 0.1885787041666667 0.5345696171875 0.197070125 0.533441325 0.20739478541666667 0.531494103125 0.21215363750000002 0.5227060781249999 0.22392073958333333 0.5223464609375 0.22848276875 0.5237706046875 0.23035959166666667 0.5281570515625 0.23055499375000002 0.534835203125 0.23358741875 0.5401219046875 0.23432829166666666 0.5452443359375 0.22917578541666667 0.5491068953125 0.22803983541666667 0.5515142375 0.24137584583333332 0.5545427359375 0.24683199166666667 0.5578654656250001 0.24855556875 0.5622519125000001 0.24875096875 0.5655738328125001 0.24250752083333332 0.56606421875 0.236286575 0.5681095171874999 0.23028353125 0.572642675 0.22462913541666665 0.5749989546875 0.218669675 0.576651134375 0.20967636458333333 0.579400534375 0.20670717083333334 0.5848833890625 0.20495966666666668 0.585373775 0.19873872083333335 0.5839328828125 0.19308575 0.585372965625 0.19077169375 0.590331934375 0.18769283958333333 0.5924920609375001 0.18422175416666667 0.593276678125 0.17426824166666668 0.5918852265625001 0.17197668958333334 0.59137728125 0.16645446041666664 0.58674361875 0.14945196666666666 0.5842390078124999 0.14532717291666666 0.57394389375 0.1443037375
0 0.9381362328125 0.18695505625 0.9332753421875 0.18878972083333334 0.929740515625 0.19374540208333332 0.926156246875 0.19533966249999998 0.918938265625 0.1951667625 0.9075953765625 0.19148062500000002 0.8988049234375 0.17934665 0.8846472500000001 0.17945916458333333 0.8692448374999999 0.17143032708333333 0.8523369578125 0.16654500625 0.8459211546875001 0.16816177083333333 0.841224534375 0.17588981458333333 0.8340416734374999 0.19920326666666668 0.8336493656249999 0.204180025 0.8306384281250001 0.21046705416666667 0.8292980406250001 0.22747097291666665 0.8381211859375 0.23919022083333333 0.8426551531250001 0.24150285 0.8511178734374999 0.24981709791666665 0.8731649359375 0.2533260625 0.8757508734374999 0.25243051875 0.8770434375 0.24799923333333332 0.8787618109374999 0.2461434875 0.8865036796875 0.2476477375 0.8945405890625 0.25338644583333336 0.9009739531250001 0.2635128583333333 0.9044282625 0.27154454166666664 0.9089295375 0.2742719020833333 0.9109588953125 0.2724597375 0.9252146437500001 0.2711030354166667 0.9364905296874999 0.2596845791666667 0.946932353125 0.25485821666666664 0.9503037171875001 0.25197618541666666 0.9535435031249999 0.24278605 0.9553918359375 0.23130435833333335 0.954490771875 0.22279186041666668 0.9550792359375 0.215326725 0.9544078265625 0.21187814583333334 0.95218150625 0.2082116625 0.9481698062499999 0.19129632708333333 0.9449778484375001 0.18791383333333334 0.9381362328125 0.18695505625
0 1 0.41408572083333334 0.9888976749999999 0.4125298520833333 0.9832346046874999 0.41257485833333335 0.9793393531250001 0.41412553750000003 0.96223531875 0.4117285958333333 0.9521531109374999 0.4119929291666667 0.9417766703125 0.41598983125 0.930483225 0.4156651125 0.9275703640625 0.4207079541666667 0.925950878125 0.42928653541666667 0.9240363484375 0.43363065833333336 0.9184394734374999 0.44081323125 0.9179650296874999 0.4428433 0.9088492703125001 0.4507906729166667 0.901026884375 0.46227378958333337 0.9019765828124999 0.46618067916666667 0.909702509375 0.47187580625 0.914580153125 0.4738172875 0.9173957453125 0.4779856604166667 0.9183781375000001 0.48147782291666663 0.91862454375 0.49031788958333333 0.921259925 0.4927837666666666 0.932244815625 0.51696598125 0.941493771875 0.53126076875 0.9446865421874999 0.5426102916666667 0.9550797328125 0.5423895375 0.965832540625 0.5376067583333334 0.9721829578125 0.5368194541666667 0.9791385921875 0.5323431625 0.9901369953125 0.5284334229166666 0.9918880625 0.5261629479166666 0.997436303125 0.5235859833333333 1 0.5208173395833333 1 0.41408572083333334
0 0.15605913124999998 0.024941666666666664 0.1521957625 0.018110589583333333 0.15039525468749998 0.017019645833333333 0.149658459375 0.014400524999999999 0.1450423578125 0.009141204166666667 0.1393952296875 0.004995333333333333 0.1346978 0.0047563520833333334 0.12446888125 0.010870483333333332 0.11862640937499999 0.01718001666666667 0.1179582390625 0.04559954166666667 0.11589861875 0.07172751458333333 0.121251515625 0.07960595416666667 0.12189023125000001 0.0834692625 0.13557345781250002 0.08538681666666667 0.13755418125000002 0.08818026041666666 0.140598621875 0.08944552916666666 0.14487105 0.09507599791666667 0.151730225 0.10777794791666667 0.1549548765625 0.11074571458333334 0.15909572656249998 0.11006807708333333 0.1608467921875 0.10779760208333333 0.164086578125 0.09860746249999999 0.1668981234375 0.06294070624999999 0.16490064843750002 0.05637111458333333 0.162641634375 0.053119360416666664 0.16182189687499998 0.039586522916666665 0.156697846875 0.028804977083333336 0.15605913124999998 0.024941666666666664
0 0.0888533109375 0 0.0888199171875 0.00042362916666666665 0.0877235078125 0.002366535416666667 0.078967365625 0.005751881249999999 0.07377955 0.011733845833333334 0.0721433125 0.016536279166666668 0.0678557515625 0.023063714583333332 0.06664613281250001 0.03840871458333333 0.06340635 0.04759885208333334 0.06278519375 0.055478718749999996 0.06764689375 0.061611077083333333 0.07589670937500001 0.06863755416666667 0.0814617015625 0.0698367375 0.0869445578125 0.06808923125 0.0913310046875 0.06828463541666667 0.1097116625 0.07044117083333333 0.11280149843750001 0.03523272291666667 0.1127839359375 0.02348954791666667 0.11049223125 0.02065252291666667 0.10582749531249999 0.0199988125 0.1052709140625 0.019082189583333336 0.10649809375 0.015480366666666667 0.1032407484375 0.012927329166666666 0.101079003125 0.0004643604166666667 0.100694428125 0 0.0888533109375 0
0 0.397661365625 0.5577798979166667 0.3978088859375 0.5598971270833334 0.399396490625 0.5597002999999999 0.3985943125 0.5579106395833333 0.397661365625 0.5577798979166667
0 0.4036351671875 0.39424706458333336 0.400083590625 0.39542659583333334 0.3973341921875 0.39839578541666665 0.3982025640625 0.40732301458333336 0.39754871718749996 0.41561760833333333 0.39324521562500003 0.42633592291666667 0.3917238046875 0.43367031666666667 0.388190596875 0.4545600479166667 0.389140296875 0.45846693958333334 0.394051440625 0.46796071666666667 0.39863485 0.47363476666666665 0.40140100156249997 0.47444172291666664 0.4112535515625 0.4691134708333333 0.417537778125 0.4611886 0.42270965 0.45939751458333333 0.42549174218749997 0.45601359375 0.42804417656249993 0.4475657520833333 0.42871396562499997 0.4350802791666667 0.42475171093749997 0.4215263645833333 0.4241775703125 0.40886656875 0.42306440937499995 0.40703332708333334 0.4076779390625 0.39481361458333336 0.4036351671875 0.39424706458333336
0 0.2860897765625 0.11444693541666666 0.2840452875 0.12841700208333334 0.2818524703125 0.13230281458333332 0.2751113609375 0.15400092916666666 0.2698422203125 0.16500322916666665 0.26414726875 0.17342999166666667 0.2626258578125 0.18076438541666665 0.2641983296875 0.1927254625 0.262414571875 0.19541066875000002 0.2615645703125 0.20619364166666668 0.2661982328125 0.22319613541666666 0.274121934375 0.24233693750000002 0.27446641875 0.2499328125 0.2779207265625 0.2579645 0.2794437578125 0.2665641583333333 0.28170276875 0.2698159145833333 0.2928813875 0.2676086708333333 0.2997883859375 0.26773798958333334 0.3018831265625 0.2650963666666667 0.30482868125 0.2596387958333333 0.3067750921875 0.24691291666666665 0.3122403875 0.23342223541666665 0.315055171875 0.22962358541666666 0.318327646875 0.22001871875 0.321549871875 0.19908540625 0.31899581875 0.19159919166666667 0.3198458203125 0.18081621875 0.31869915781249997 0.17143067916666668 0.319091465625 0.166453925 0.3223480015625 0.16103993541666667 0.32548728125 0.12919290833333333 0.3220162203125 0.11738507291666668 0.3191352421875 0.11404615624999999 0.2984301875 0.10946732708333333 0.2875298609375 0.11213287916666667 0.2860897765625 0.11444693541666666
0 0.6560200359375 0.08829669791666667 0.6608809265625 0.08646203125 0.6627284515625 0.06701331458333333 0.6626136234375 0.06448135416666666 0.65832444375 0.0550747375 0.6587494453125 0.04968325208333334 0.66590123125 0.04271858333333333 0.6687654578125 0.04228135 0.673167846875 0.038285872916666665 0.6731343453124999 0.030733577083333335 0.6696146515625 0.023531352083333335 0.668910028125 0.020916739583333333 0.60753656875 0.012315925 0.6061742296875 0.014640877083333333 0.6062077312499999 0.022193170833333335 0.608564821875 0.0242007375 0.6149328 0.03515660833333333 0.6243938546875001 0.042772139583333334 0.6299923484375001 0.05152361875 0.6317928578124999 0.052614562499999996 0.6445455671875 0.07830245416666666 0.6497509421875 0.0840636625 0.6560200359375 0.08829669791666667
0 0.033136746875 0.14441090208333335 0.0339691890625 0.12188475625 0.035065596875 0.11994184791666668 0.035784829687500005 0.11081779374999999 0.035048037500000004 0.10819867291666667 0.0290237328125 0.09687165416666667 0.023463054687500002 0.16741341041666666 0.028440935937500002 0.160105975 0.033136746875 0.14441090208333335
0 0.6195731890625 0.27942672083333336 0.6169713125 0.28451314166666664 0.61720096875 0.2895770604166667 0.6143105875 0.29034607500000004 0.614957896875 0.2821344270833333 0.612649440625 0.2755212541666667 0.6094574796875001 0.2721387583333333 0.600358471875 0.28386228125 0.5899820328125001 0.28785918125 0.5833860171875 0.28777344583333336 0.5794580734375 0.28973885624999995 0.5760045734375 0.2896741958333333 0.56726518125 0.2968356916666667 0.56338668125 0.30216251875 0.56287954375 0.3046073166666667 0.5595735656249999 0.30665988541666667 0.5507201546875 0.3192564479166667 0.54893720625 0.32990867916666666 0.54491199375 0.34108530625 0.5446504546875001 0.3444031416666667 0.548366303125 0.3491169895833333 0.5544551828125 0.3516475229166666 0.5561903078125 0.35356792916666663 0.565110721875 0.35607595833333333 0.577272540625 0.36532790416666666 0.58364051875 0.3762837770833333 0.5901879015625 0.3809751208333333 0.6023991625 0.39358848541666663 0.6069331296875 0.39590111666666666 0.6082751375 0.39483125 0.6123506015625 0.39498307083333334 0.617931534375 0.3919913770833333 0.6240196046875 0.38655488541666666 0.6294697671875 0.3852221083333333 0.6416459078125001 0.37434912291666667 0.6472427828125 0.36716655000000004 0.6516292296875 0.3673619520833334 0.656163196875 0.36967458333333336 0.6607131046875 0.3677963354166666 0.66424793125 0.36284065416666667 0.6691398953125 0.34465720625 0.670022590625 0.33345950208333336 0.6685490046875 0.3282212625 0.6633595703124999 0.3182691729166667 0.6653067906250001 0.3135103208333333 0.66443841875 0.30458309166666664 0.661050303125 0.30368897291666663 0.6540276671874999 0.2930606708333333 0.6402623046875 0.28819642916666666 0.6298683031250001 0.28045015624999997 0.6195731890625 0.27942672083333336
0 0.717458934375 0.05078245 0.7154622703125 0.05217988541666666 0.706689378125 0.05178908125 0.7021721609375 0.0532526 0.69367755625 0.05332011041666666 0.6895040140625001 0.054412479166666666 0.6864109421875 0.057752818750000004 0.685462053125 0.06181295416666666 0.6827780390625 0.0639526875 0.6823203453125 0.06975890208333334 0.6854142296875 0.07438558749999999 0.6865281984375 0.08418585833333332 0.6935675859375 0.09859030833333333 0.693617028125 0.10195172708333335 0.696318603125 0.11155517083333333 0.6987251375 0.11692415208333333 0.7033244890625 0.11840732291666667 0.7147813968750001 0.11665839375 0.7184310515625 0.11423467500000001 0.723438653125 0.10655021041666667 0.7294940296875 0.10152844791666667 0.7325711625 0.10237898333333333 0.7365653 0.10755114166666666 0.740084184375 0.10678634166666666 0.74411020625 0.10357674374999999 0.754926778125 0.08203045 0.7564481875 0.07469605833333333 0.755743278125 0.06369518125 0.75764105625 0.055574910416666665 0.7554147359375001 0.051908425 0.74786983125 0.055882825 0.7391782640625 0.05047168541666667 0.7305034453125 0.04883669375 0.717458934375 0.05078245
0 0.635534859375 0.4758046625 0.6339983171875 0.49529696041666665 0.6306277640625 0.5061460166666667 0.6278170281250001 0.5497797999999999 0.6299947140625 0.5580518916666667 0.6436795609375 0.5759034979166666 0.645529515625 0.5803558604166666 0.6496049796875 0.5805076791666667 0.6508321578125 0.57690585625 0.653516171875 0.5747661229166667 0.6593880984375 0.53617375625 0.6629875000000001 0.5224215895833333 0.6656858359375 0.5001569291666667 0.6626573375 0.49470078333333334 0.6624436218749999 0.48544598541666667 0.658907178125 0.47446761249999997 0.6550111171874999 0.4680512645833333 0.6440613468749999 0.46735539583333335 0.6401334015625 0.46932080625 0.635534859375 0.4758046625
0 0.86370444375 0.09014615208333333 0.8625258984374999 0.08914236874999999 0.8584177421874999 0.08940527916666667 0.86370444375 0.09014615208333333
0 1 0.08525124583333334 0.9999450234375 0.08491871666666667 0.9952635359374999 0.08048885833333334 0.9921537109375 0.08005305 0.9892073484375 0.07754359375 0.977783134375 0.07887779375000001 0.9725785671875 0.08108361041666666 0.97051651875 0.08331050416666666 0.9656237437499999 0.09352692708333334 0.9640193874999999 0.08994760416666667 0.96393644375 0.07903388750000001 0.9625776859374999 0.07632760625 0.951578471875 0.07227032083333333 0.9447041640625 0.07172627291666665 0.9411525875000001 0.07290580416666666 0.9326914859375 0.08052561041666667 0.9325607171874999 0.08218452916666667 0.9267509374999999 0.08807933124999999 0.9227089749999999 0.09547980833333333 0.91958401875 0.10720190416666667 0.9186845734375 0.11462345833333334 0.9167046593749999 0.11979704166666667 0.9169016234375 0.12527568958333332 0.9256585765625 0.12985736875 0.9285722453125 0.13278155625 0.935529496875 0.14423931666666664 0.93993269375 0.14821086875 0.9445320484374999 0.14969403750000002 0.946267171875 0.15161443958333332 0.9512428906249999 0.15231173333333334 0.9552689125 0.14910213541666667 0.95996553125 0.14137408958333333 0.9643017265625 0.13024104791666666 0.9648901890625 0.12277591041666666 0.9693906546875001 0.11753624583333333 0.9706178328125 0.11393441875 0.97492214375 0.11118313125 0.9842348671875 0.10871440625 0.9886045640625 0.10513366041666666 0.9979818609375 0.09386844791666667 1 0.08848370416666666 1 0.08525124583333334
0 0.46676136718750005 0.3712258541666667 0.46757948593750004 0.3688246375 0.46633555781249997 0.3686503145833333 0.46676136718750005 0.3712258541666667
0 0.6220715734375 0.3833467104166666 0.6219408046875 0.3850056291666667 0.6241830671875 0.3844812354166667 0.6236264859375 0.38356461458333335 0.6220715734375 0.3833467104166666
0 0.516442653125 0.2754568916666667 0.5102716375 0.26997966874999996 0.49621204218750004 0.26884799374999996 0.4834785109375 0.27083733125 0.47699732343749995 0.27328355416666666 0.47418334843750004 0.28504923125000003 0.46560741875 0.2901370770833333 0.46073058749999996 0.2961626229166667 0.452974396875 0.31478330625 0.451535121875 0.3250643875 0.45192824062500003 0.32805465625 0.4545309265625 0.3309352604166667 0.46412275000000003 0.33689187291666667 0.46168433281250004 0.33990464583333335 0.460195615625 0.3468243083333334 0.4637480015625 0.35361180416666665 0.46376475156249997 0.3573879541666667 0.4658929953125 0.3622986270833334 0.46734983124999996 0.36376071875 0.47080332968749994 0.36382537708333335 0.47424088906249995 0.3680809125 0.47437246718750004 0.37438902291666665 0.471557684375 0.378187675 0.46844866874999996 0.3857188916666667 0.46887447968749996 0.38829443125 0.4714771671875 0.3911750375 0.474406778125 0.38990834375 0.4834579625 0.39075745833333336 0.48738590625 0.38879204791666666 0.49245970312500004 0.38824515000000004 0.497435421875 0.38894244375000003 0.5021487921875 0.3849905458333333 0.5071890859375 0.37689135416666664 0.5073525484375 0.37481770416666665 0.5113953203125 0.37538425416666665 0.5128362156249999 0.381037225 0.51642129375 0.3874099916666667 0.5232469671875 0.3925596458333333 0.53095614375 0.39447862499999997 0.5336074640625 0.39275362291666666 0.534032465625 0.3873621354166667 0.5338841359375001 0.37727788125 0.530412265625 0.35750302083333335 0.530804575 0.35252626249999996 0.5343720937499999 0.34715585625 0.5366621796875 0.33405882708333334 0.5390679015625001 0.3314607854166667 0.54548370625 0.32984402083333336 0.5473001562500001 0.32674408541666666 0.5479380625 0.32264037083333336 0.54968913125 0.3203698958333333 0.5489850296875 0.31733604583333336 0.5448593125000001 0.30585578125 0.5350043328125 0.28728295416666666 0.527524003125 0.28246086875000004 0.522940590625 0.27678681875 0.516442653125 0.2754568916666667
0 0.44672311249999996 0.48582485208333337 0.4465755921875 0.48370762291666664 0.4510266140625 0.47510653750000004 0.45110794062500004 0.4700862 0.44113975156249996 0.46491546666666667 0.432055875 0.46448108541666666 0.4264749421875 0.4674727791666667 0.42024016093750005 0.47875906874999996 0.40996260781249994 0.48947880833333335 0.40966837656250005 0.49321137499999995 0.41089636562500004 0.497576575 0.4179190015625 0.5082048791666667 0.419981859375 0.5139450104166666 0.4236339421875 0.5354223729166667 0.4292324359375 0.5441738520833332 0.43348811249999997 0.5460281708333333 0.44145882812500004 0.5446293125 0.448022153125 0.5451297791666666 0.45291573593749995 0.54288038125 0.460035640625 0.5442974687500001 0.46371798750000004 0.54145901875 0.472571396875 0.5288624583333333 0.4767106265625 0.5122507666666667 0.47695541406249997 0.5051567791666667 0.4749579421875 0.49858718750000003 0.46647846875 0.48649679166666665 0.46115907500000003 0.48617064791666664 0.453712246875 0.48890085833333335 0.44672311249999996 0.48582485208333337
0 0.5218917578125 0.10262568541666667 0.52084074375 0.06809487708333334 0.5173864359375 0.06006319166666666 0.5169765640625 0.053296772916666665 0.5128508484375 0.04181650833333333 0.5029974875 0.03917773541666667 0.49343835625 0.03280639375 0.4850745234375 0.031214983333333335 0.4699504015625 0.023644458333333333 0.4615865671875 0.02205304791666667 0.45448341406250004 0.024412108333333335 0.451259571875 0.02941136875 0.44798709375 0.03901623541666666 0.44221000625 0.04449630833333333 0.438691121875 0.04526111041666667 0.43631809062500004 0.047444422916666666 0.4336675796875 0.05713645208333333 0.4294294625 0.06702530625 0.42897176875 0.07283152291666667 0.42784266718749997 0.07518915833333333 0.427417665625 0.08058064583333334 0.4251921546875 0.08488118958333332 0.4237201875 0.09557699791666667 0.422493009375 0.099178825 0.4197109171875 0.10256274583333333 0.416962328125 0.11349896458333333 0.41769912187499997 0.11611808541666666 0.42504868125 0.12259908958333333 0.4337888828125 0.12340462083333333 0.43827340625 0.12235583333333334 0.4472918984375 0.12361967708333334 0.44889625468750005 0.12719899791666667 0.4499121453125 0.13824345625 0.44886679999999995 0.15948183333333335 0.438131553125 0.17600778958333332 0.43549860156250003 0.19744299375000002 0.4365471875 0.20807272083333334 0.45019772187499996 0.21040500416666666 0.46383150625 0.20896113958333334 0.47865977812500005 0.20433017916666665 0.49281745 0.20421766458333332 0.49671270156249997 0.20266698541666667 0.497874496875 0.19989461875 0.49942940937499997 0.20011252291666667 0.500133509375 0.20314637500000002 0.5016557296874999 0.20377900625 0.5032927765624999 0.20694359999999998 0.5102819125 0.21001960625 0.513113446875 0.20999710208333333 0.5147991281250001 0.2085560875 0.5185309171875 0.20907905833333332 0.52000369375 0.20635027083333332 0.5222132640625 0.20624060833333333 0.52849586875 0.1823816854166667 0.5297381796875 0.16662195416666667 0.5340743734375 0.15548891041666665 0.5347936062499999 0.14636485625 0.5337944640625001 0.13909654583333333 0.5342521578125 0.13329033125 0.536232071875 0.12811675 0.5392924515625 0.1251911375 0.539619375 0.12104383958333333 0.5360183562499999 0.11886195208333333 0.528800375 0.11868905416666667 0.524626025 0.11181439791666666 0.5247894875 0.10974074791666667 0.5218917578125 0.10262568541666667
0 0.8696251921875 0.6931067750000001 0.8606067 0.6918429333333334 0.8478069765624999 0.6866947020833333 0.846612490625 0.6898818 0.8438957828125 0.6924362604166666 0.8393139921874999 0.7026962645833332 0.8382016406250001 0.7088300479166667 0.8410021015625 0.7251563291666667 0.84353940625 0.7288663916666667 0.8477296984375 0.7315501729166667 0.8554715671875 0.7330544208333334 0.8611505765624999 0.7288185375 0.8652260406250001 0.7289703583333333 0.869153984375 0.72700495 0.8737860296875001 0.7280733895833333 0.8759796578125 0.7321546041666667 0.8772235875 0.7323289270833333 0.8814298218750001 0.7308218270833333 0.884309990625 0.7261937166666667 0.8850786656249999 0.72043108125 0.8912975046874999 0.7133356708333333 0.891264003125 0.7057833729166667 0.8885951203125 0.6957652020833333 0.88311145625 0.6895456812499999 0.8790686843750001 0.6889791312500001 0.8760409953125 0.6914900125 0.8696251921875 0.6931067750000001
0 0.3845644828125 0.20540034166666665 0.38243704843750004 0.20845669375 0.37932722343749997 0.20802088541666666 0.3778209453125 0.20319737708333332 0.3728779203125 0.20208535416666665 0.3705862140625 0.19924832916666665 0.366052246875 0.1969357 0.3607169109375 0.20080043333333333 0.3523387546875 0.21933395208333334 0.35189781249999996 0.22891631875000001 0.349018453125 0.24151145625 0.34846268125 0.24856186249999998 0.349642846875 0.2654996958333333 0.35109968125 0.26696178958333333 0.35170570625 0.27123982916666667 0.354210315625 0.275364625 0.36440735156250004 0.27763224791666663 0.3697761890625 0.2813198104166667 0.3751944703125 0.28836878958333334 0.37837048906250004 0.2959421666666667 0.37884574375 0.3018791229166667 0.381202834375 0.30388668750000003 0.3827577453125 0.30410459166666665 0.38408300156249997 0.29925857916666665 0.3842942875 0.28461229375 0.386322834375 0.2748331041666667 0.3940303921875 0.26081803125 0.3946507390625 0.2449711375 0.39754684687499997 0.23615215 0.39968941406249997 0.22093789375 0.39736420781250004 0.21054857083333334 0.397346646875 0.19880539583333334 0.395038190625 0.192192225 0.392059134375 0.19009749791666666 0.38760730312499997 0.19073155625 0.3852510234375 0.19669101666666666 0.3845644828125 0.20540034166666665
0 0.8163696640625 0.5669785291666667 0.8084643328125001 0.5675479270833333 0.803227075 0.5701684729166666 0.8012312187499999 0.5795329333333333 0.79252533125 0.594246725 0.7889913140625 0.6071694291666667 0.7897607984375 0.6093738208333334 0.7958337375 0.6160952333333333 0.8009577859375 0.6268767812499999 0.8016291953125 0.6303253625 0.8041664984375 0.6340354270833333 0.81154875 0.6401017020833333 0.815591521875 0.6406682520833333 0.821107071875 0.63850601875 0.8268187749999999 0.6338554041666666 0.828700609375 0.6299260104166666 0.8335447500000001 0.62431519375 0.8381273515625001 0.6220222166666667 0.84437969375 0.6224791041666666 0.8468834953125001 0.6186368729166667 0.84735631875 0.60067275 0.8461283312500001 0.59630755 0.845177821875 0.58443363125 0.8399556968749999 0.5748962729166667 0.8358307890625 0.5713830354166666 0.8163696640625 0.5669785291666667