0 0.69213363125 0.5030562979166667 0.698868240625 0.5022694958333334 0.7020771640625 0.5004570958333333 0.7067630453125 0.493961375 0.7058559890625 0.4821460125 0.698549609375 0.47254057083333334 0.69431631875 0.47149850625 0.6896119171875 0.4794091104166667 0.688488765625 0.48410066875 0.685608946875 0.48780780625000003 0.683765840625 0.49342615 0.683716446875 0.4971991604166667 0.6854484171874999 0.5000700895833333 0.69213363125 0.5030562979166667
0 0.8183767578125 0.024317270833333335 0.81658304375 0.02616260625 0.8204440078124999 0.0286113125 0.8205119249999999 0.023423422916666665 0.8183767578125 0.024317270833333335
0 0.880904875 0.08710261041666666 0.88104688125 0.07625520416666666 0.8821453359375001 0.07345015 0.8822379484375 0.06637575625 0.8852042062500001 0.05606585 0.88529681875 0.04899145833333333 0.8815593406250001 0.037110225000000004 0.874948215625 0.028464502083333332 0.8643896890624999 0.023972839583333336 0.8604299375 0.029070152083333335 0.857580990625 0.030419156250000003 0.8561966484375001 0.028028089583333336 0.8563263062500001 0.018123937500000003 0.854563465625 0.017611139583333334 0.8535452749999999 0.014285052083333333 0.844700196875 0.014079197916666668 0.84783503125 0.017926316666666667 0.8453275375 0.02022680625 0.8322306484374999 0.02039376875 0.82810419375 0.038224989583333334 0.8229904203125 0.05037199583333333 0.8217499593750001 0.06402445416666666 0.8166238375000001 0.07711471041666668 0.8167059765625 0.0978745 0.8144843703125 0.10537111666666667 0.8183021125 0.11112120833333333 0.8232306625 0.11312299166666667 0.827500996875 0.11133529791666666 0.8311254671875 0.10481487083333334 0.8389894 0.09886488125 0.842881234375 0.09895545833333334 0.8456746140625 0.10185108958333333 0.853408890625 0.10580525416666667 0.86319806875 0.11499670833333334 0.8667731453125 0.11224929374999999 0.8717263890625 0.11236457291666667 0.8756737921875001 0.1082105125 0.8779633140625 0.09552600833333333 0.880904875 0.08710261041666666
0 0.08621305781250001 0.15352600833333332 0.09161889375 0.1461035 0.09171150624999999 0.13902910625 0.081301159375 0.1232184125 0.070078246875 0.11540889791666667 0.0631071453125 0.10722656666666668 0.051139579687500006 0.10223034166666665 0.0465339640625 0.10259492291666666 0.044026471875 0.10489541458333333 0.040836068749999996 0.10529293125 0.0350887796875 0.11176395416666667 0.033984151562499995 0.11504063333333334 0.0349406 0.12308298333333334 0.036654048437499996 0.12736879166666668 0.035201790625 0.1301656125 0.031663759375 0.13008326875 0.022935989062500002 0.12091651458333333 0.016933684375 0.11983328125 0.0101496828125 0.12439309375 0.006537560937500001 0.12997026666666667 0.0064202515625 0.13893116666666666 0.00987801875 0.14514465000000001 0.0118588296875 0.15604145833333333 0.016279218749999998 0.1698256645833333 0.031965740625 0.18811800416666669 0.036552834374999996 0.18916830208333335 0.045899896875 0.17806336041666665 0.052653026562500004 0.17586167708333333 0.0565201640625 0.17783876041666666 0.0641926984375 0.18650918541666667 0.0764831953125 0.19387177708333334 0.0810764609375 0.19445044791666666 0.0842730390625 0.19358130416666666 0.0853591453125 0.19171950000000001 0.0873936515625 0.17148074166666666 0.08621305781250001 0.15352600833333332
0 0.5771621687499999 0.17485924166666666 0.5796820109375 0.17161549583333333 0.57976845 0.16501272916666665 0.5824179484374999 0.15186483333333334 0.5838251140625 0.12547846458333334 0.57737451875 0.10457045833333334 0.5775041765625 0.09466630833333332 0.5755295390625 0.08329787083333334 0.5699366046875001 0.07797823333333334 0.5639343 0.07689499999999999 0.5611470953125 0.07352774166666666 0.5594336453125 0.06924193541666666 0.55851424375 0.05836982708333334 0.555422628125 0.05122132708333334 0.5479865875 0.05152003333333333 0.5433562765625 0.053771122916666664 0.539470615625 0.05320891666666667 0.5293029359375 0.04589573125 0.5236482609374999 0.04529235833333333 0.5147290921875001 0.050746018749999997 0.513599765625 0.055909204166666664 0.521241428125 0.06693776041666667 0.521807028125 0.07780163333333333 0.5199145296875 0.0871929875 0.515905384375 0.09606331041666666 0.513870878125 0.11630207083333333 0.5155843250000001 0.12058787708333334 0.5158763875 0.125312375 0.522071965625 0.13866612708333334 0.524984528125 0.15949178958333335 0.526722675 0.16189109166666665 0.5297155015625 0.17658561458333333 0.5332164890625 0.17949771458333333 0.5593793984375 0.181521925 0.568243 0.1803129020833333 0.5771621687499999 0.17485924166666666
0 1 0.4330721708333333 0.995703459375 0.4285052 0.9886088734375 0.42975539583333333 0.9803726156250001 0.43711202916666664 0.9714781421875 0.44067918333333334 0.9594488359375 0.4403992208333333 0.9541788328124999 0.43744595 0.9506408015625001 0.43736360625 0.945998140625 0.4405579479166667 0.9448935125 0.4438346291666667 0.9445848031249999 0.46741594166666667 0.9473720078125 0.47078319999999996 0.9508915171875 0.47228041875 0.9672918203125 0.4901176 0.97220801875 0.4930626354166667 0.983560590625 0.49096799999999996 0.98428671875 0.48956958958333335 0.9910336765625001 0.4878395333333333 1 0.4825521104166667 1 0.4330721708333333
0 0.7315241968749999 0.3327205520833333 0.730493659375 0.33033771875 0.7296977390625 0.31003308541666663 0.7243764703125 0.28396189374999997 0.7254854 0.25332265625 0.7228093296875 0.24146612291666666 0.7210650109375 0.23953844791666665 0.722280775 0.22777249375 0.7202690921875 0.21923381666666666 0.7144273171875 0.20588829791666668 0.7102557671875 0.20012997291666668 0.7056933734374999 0.19719316875 0.698189415625 0.20267976875 0.685205534375 0.22124838541666667 0.6850944 0.22973765833333332 0.691724046875 0.23696850416666668 0.6962123515624999 0.24556482083333334 0.7059706578125 0.2571144083333333 0.7069765 0.26138374791666663 0.7088338281250001 0.28171308333333334 0.707605715625 0.29442228958333333 0.705768784375 0.29956900833333333 0.705577384375 0.3141894229166667 0.7072476109375 0.3217766125 0.710003946875 0.3275020041666667 0.7197622546875 0.33905159166666665 0.721463353125 0.34428065208333336 0.729247021875 0.34446180416666666 0.731419234375 0.3407381979166667 0.7315241968749999 0.3327205520833333
0 0.9745377812499999 0.6124746583333334 0.9795157218749999 0.6107034333333333 0.9813156078124999 0.6083864729166667 0.9841460328125 0.6084523458333333 0.98926168125 0.6231962729166667 0.9962513046874999 0.6299637270833334 0.9969280390625 0.632338325 0.9983394531249999 0.6326614958333334 0.99941038125 0.5508569166666667 0.9901754625000001 0.5533955854166667 0.9854834078125 0.5603629354166666 0.9737152921875 0.5671655999999999 0.9693893875 0.57319793125 0.96716778125 0.5806945479166666 0.9639094640625 0.5862799541666667 0.963090721875 0.5947527583333333 0.9651085796875 0.6028198104166667 0.9689201484375 0.6090415291666668 0.9745377812499999 0.6124746583333334
0 0.1180179109375 0 0.11822502500000001 0.006135264583333333 0.1188832375 0.00992474375 0.12167044375 0.013292 0.121540784375 0.02319615208333333 0.12254045312499999 0.02793711875 0.12473118750000001 0.022798635416666668 0.124147065625 0.013349639583333333 0.1295529 0.005927133333333333 0.1316633703125 0.006919791666666666 0.1326568640625 0.012132383333333333 0.13648695625 0.016939222916666666 0.1385233375 0.023591393750000002 0.1470207859375 0.023317389583333334 0.1616255015625 0.016108972916666665 0.1756275734375 0.0008664395833333333 0.1759085765625 0 0.1180179109375 0
0 1 0.10388269166666667 0.998865203125 0.10588812916666666 0.9977358765625001 0.11105131458333334 0.9937823015625 0.11567700208333333 0.9897669812500001 0.12501895 0.9875330281249999 0.13345881666666667 0.9878003921875 0.14006982083333333 0.99439299375 0.15013042291666664 0.9980625578125 0.16719954374999998 1 0.1688770875 1 0.10388269166666667
0 0.758239253125 0.50884073125 0.763241890625 0.505183 0.7537077265625001 0.5035457979166666 0.7526277968749999 0.5049359729166667 0.7536089406250001 0.5110918166666667 0.7563961453125 0.514459075 0.758414003125 0.5225261250000001 0.7602077171875 0.5206807916666667 0.76028180625 0.5150212770833333 0.758239253125 0.50884073125
0 0.7742159625 0.5049666333333334 0.7692503703125 0.50579460625 0.7670966796875 0.50810333125 0.766265590625 0.5175193895833333 0.763385771875 0.5212265270833334 0.769830190625 0.5426061583333334 0.7736911546874999 0.5450548666666666 0.7851178171875 0.5373007145833333 0.7894560671875 0.53032513125 0.791373265625 0.5190472708333334 0.7976472343750001 0.4993789479166667 0.7974107421875 0.49040981666666666 0.794679103125 0.48279792083333334 0.790855184375 0.47751945625 0.7862989625 0.47411102708333336 0.7834500140625 0.47546003333333337 0.781179015625 0.4867296583333333 0.78067703125 0.49804045416666665 0.7742159625 0.5049666333333334
0 0.3714280046875 0.4267139645833333 0.37017332187499996 0.41441874375 0.365586228125 0.41336844791666666 0.36168204375 0.4142211229166667 0.359869809375 0.4174813375 0.3593801734375 0.42784888125 0.3536143625 0.43573478125 0.3520386203125 0.44796412500000005 0.34951260624999997 0.45167949583333333 0.3491094078125 0.45544427291666667 0.3522257203125 0.4607062708333334 0.35468999375 0.4617071625 0.35886154062500003 0.4674654875 0.3609040953125 0.4736460333333333 0.3629960421875 0.4760535708333334 0.3693089328125 0.48044642291666667 0.3788616171875 0.4806687479166667 0.38244904218750003 0.4769780791666667 0.3825169578125 0.47179018958333335 0.3879721875 0.46059467291666667 0.38952323125 0.45025183125 0.3874683296875 0.4450145375 0.37905114375000004 0.4391574 0.3770147640625 0.43250522708333333 0.3714280046875 0.4267139645833333
0 0.8773872390624999 0.11249632083333333 0.8710187828124999 0.11234810416666667 0.8685112890625 0.11464859583333334 0.859293884375 0.1158493875 0.857226634375 0.11155534375000001 0.85658694375 0.1063509875 0.84818828125 0.09907897083333334 0.841819825 0.09893075625 0.8385985515625001 0.10168640625 0.8357619515625 0.10209215833333334 0.8310945953125 0.10717300208333333 0.828910034375 0.11183986041666666 0.82878655 0.12127238541666667 0.8343424390624999 0.12942177916666667 0.829563946875 0.14299189583333333 0.829409590625 0.15478255208333333 0.8349407828125001 0.16481845208333334 0.8429979921875 0.17113898125 0.860235559375 0.17908847708333334 0.8701667437499999 0.17743253125 0.8798490875 0.16775070208333334 0.8820768671874999 0.1597824604166667 0.8838644046875 0.15840875208333335 0.8878735499999999 0.14953842916666668 0.8890090484375 0.14390361666666665 0.8881760859375 0.12642874166666668 0.8837063031250001 0.11641754791666667 0.8773872390624999 0.11249632083333333
0 0.313214546875 0.19655070416666665 0.3204653609375 0.21040078541666668 0.32472334687500004 0.20955634375 0.3324329265625 0.2153970125 0.340769846875 0.22738528958333332 0.3446122859375 0.231248875 0.347082734375 0.23177814166666666 0.3512172375 0.240366225 0.36466175624999997 0.24067912500000002 0.3685721140625 0.23935482083333334 0.3718057359375 0.23565592083333334 0.3714828046875 0.2332895541666667 0.3645364 0.22322071875 0.3737970234375 0.21871854375 0.3756710015625 0.21074207083333332 0.3757883109375 0.20178117083333333 0.37511774999999997 0.19893494374999998 0.37129383125 0.19365647916666667 0.3703003359375 0.18844388750000002 0.367537828125 0.18319012499999998 0.36658137968750004 0.17514777708333332 0.36450795468749997 0.17132536041666666 0.3571460046875 0.16596455208333336 0.3486979484375 0.16246554791666667 0.34450170468749997 0.15859372708333333 0.3460447015625 0.12183158125 0.344660359375 0.1194405125 0.33133932499999996 0.1096950875 0.3256846484375 0.10909171458333335 0.30972028749999997 0.11202255833333334 0.293457690625 0.11070053125 0.2895473328125 0.11202483333333334 0.285947559375 0.11665875416666666 0.28239100625 0.11799129166666668 0.2773451484375 0.12495040624999999 0.2774396359375 0.14476694375000002 0.2734984078125 0.14844937916666667 0.2720276265625 0.15266107916666666 0.273165 0.17391719791666665 0.2774168125 0.17354438125000002 0.28161923125 0.176944575 0.2848466796875 0.1737173 0.283809965625 0.1718060916666667 0.2849578140625 0.16522802708333334 0.2896066484375 0.16156206041666668 0.2965715765625 0.17021601875 0.2953928578125 0.17915221458333336 0.2981491921875 0.18487760416666665 0.3023392609375 0.18922105208333334 0.3065663765625 0.1907347395833333 0.313214546875 0.19655070416666665
0 0.414435759375 0.41261826458333334 0.40766410468750003 0.41623482500000003 0.40330115781250003 0.4250969125 0.40242067343750004 0.4382859791666667 0.40405385781250003 0.4487029291666667 0.4068348890625 0.4525418125 0.41735637031249995 0.45986323125 0.4274252625 0.4747224395833333 0.44263262187499997 0.4755481354166667 0.4508935796875 0.4663049979166667 0.45277990468749996 0.4573852708333333 0.4545674421875 0.4560115604166667 0.4567643515625 0.4504014520833334 0.45652785937499996 0.44143231875000005 0.44538520937500004 0.4274916625 0.441232184375 0.42031845625 0.43424256093749997 0.41355100624999996 0.4264835890625 0.4114833479166667 0.414435759375 0.41261826458333334
0 0.7072723078125 0.3198901083333333 0.706426996875 0.3033584875 0.708858525 0.27982657916666664 0.7078341609375001 0.27697211666666666 0.7069641515625 0.2623270020833333 0.705250703125 0.25804119375 0.69995600625 0.25697442708333335 0.6924643968749999 0.26151777083333333 0.6885169953125 0.26567183125 0.6841170015625 0.27736367916666665 0.6718962937499999 0.29170413125 0.6675271734375 0.30103784375 0.6663175828125001 0.31233217291666665 0.6672616828125 0.32131777291666663 0.6682613500000001 0.3260587395833333 0.6738234140625 0.33373650833333335 0.675878315625 0.33897380208333333 0.677480628125 0.3517488833333333 0.68557488125 0.3552396520833333 0.698293271875 0.3569509625 0.7067413265625 0.36044996875 0.7120545484374999 0.3601018541666667 0.7156481484375 0.3559395604166667 0.71748508125 0.35079284166666663 0.7218171578125 0.3442888854166667 0.7176826562499999 0.3357008020833333 0.71106535625 0.32752670624999997 0.7072723078125 0.3198901083333333
0 0.6051416 0.0023708395833333335 0.556155715625 0.0012307708333333333 0.55710763125 0.003611775 0.5589340890625001 0.026299241666666664 0.5616533796875001 0.03485438958333333 0.5647943875 0.03822987916666667 0.5679662671875 0.03924724166666667 0.5736641625 0.03654923125 0.5924589499999999 0.033684258333333335 0.600689034375 0.026799252083333332 0.60581515625 0.013708995833333333 0.6051416 0.0023708395833333335
0 0.39576743593749997 0.2706527979166667 0.386774178125 0.28176597291666666 0.383844965625 0.28924611875 0.38372765468750003 0.29820701875 0.3865025125 0.3025175291666667 0.386477815625 0.3044040333333333 0.394144175 0.3135460854166666 0.40466565625 0.32086750833333333 0.41244932500000003 0.32104866041666663 0.41747048593749997 0.31597605 0.4185812890625 0.31222774166666667 0.4188467796875 0.2919478125 0.416121315625 0.28386429166666666 0.41298030625 0.2804888 0.4123282671875 0.27622769583333334 0.40804558437500005 0.2789586416666667 0.402489696875 0.27080924791666666 0.39576743593749997 0.2706527979166667
0 0.1594669578125 0.12692467708333333 0.1607568140625 0.10949920833333333 0.159750971875 0.10522987083333332 0.15104789999999998 0.09417660833333333 0.150605784375 0.07388021041666668 0.14818472968750002 0.0695779375 0.1439884859375 0.06570611458333334 0.1419335828125 0.06046882083333334 0.1342240046875 0.054628154166666665 0.1225608484375 0.05341317083333333 0.11436780937499999 0.05746842083333333 0.11146329375 0.0630620625 0.1096016640625 0.07009528541666667 0.10644213281249999 0.06813467291666667 0.0947851515625 0.06644806458333334 0.0848539671875 0.0681040125 0.076977684375 0.07499725416666667 0.072254759375 0.08432273541666667 0.0720510109375 0.09988640208333334 0.075831709375 0.10846625208333333 0.0764837484375 0.11272735625 0.080270621875 0.12083557916666667 0.08897986875 0.13141721041666668 0.093809628125 0.14096501666666666 0.09754093281250001 0.15331787708333333 0.104604646875 0.1544258125 0.107484465625 0.150718675 0.11992314531249999 0.1467622354166667 0.1292146390625 0.13990193333333334 0.141145159375 0.14772791458333331 0.146129275 0.1454850625 0.15330412499999999 0.13810372708333332 0.1576300265625 0.13207139583333333 0.1594669578125 0.12692467708333333
0 1 0.011560545833333333 0.9795794593749999 0.011085289583333333 0.979493021875 0.017688056249999997 0.9812249921875 0.0205589875 0.9822123125 0.026243204166666666 0.9830699718749999 0.041831572916666664 0.9850693078124999 0.05131350416666667 0.9906931125 0.05427501041666667 1 0.05512859583333333 1 0.011560545833333333
0 0.6709757859375001 0.44312086666666667 0.6638812015625 0.4443710604166667 0.65817095625 0.4480123229166667 0.6468245578125 0.44963533333333333 0.6421078078125 0.4584891875 0.6409784828125 0.463652375 0.6404579765625 0.47637805 0.6379010890625 0.4824515520833333 0.6396145375 0.4867373604166667 0.645573621875 0.4911219770833333 0.6522958828125 0.49127842708333336 0.6571503390625 0.49893972708333334 0.662761796875 0.5028444833333333 0.668751753125 0.5048709708333333 0.673704996875 0.5049862479166667 0.679421415625 0.5008733604166667 0.687396484375 0.4864340979166667 0.693248734375 0.47194543125 0.6915846812499999 0.4638866145833333 0.6822048734374999 0.45045875416666664 0.6787100609375 0.44707502916666664 0.6709757859375001 0.44312086666666667
0 0.630429878125 0.5124709479166667 0.6272950421875 0.50862383125 0.6216712375 0.5056623270833334 0.6195175468749999 0.5079710520833334 0.6177485328125 0.50792988125 0.6018971796875 0.5292623833333333 0.597608321875 0.53246495625 0.591239865625 0.5323167416666666 0.5854987515625 0.5383161354166667 0.5861199187499999 0.5449353729166667 0.5899129671875001 0.55257196875 0.5920172625 0.5540362520833334 0.5994779984374999 0.5518510395833334 0.6044188953125 0.5529095708333334 0.60849165625 0.56621391875 0.6141401578125001 0.5672889166666667 0.6240960390625 0.5637464645833333 0.62982480625 0.5586903229166666 0.6338030796874999 0.55217813125 0.63492005625 0.5479581979166667 0.6388798078125 0.5428608854166667 0.640046178125 0.5348679395833333 0.635278159375 0.5206038729166667 0.63040518125 0.5143574541666667 0.630429878125 0.5124709479166667
0 0.09067258125 0.4616955833333333 0.0927274828125 0.4669328770833333 0.1097859984375 0.4885595375 0.1213874125 0.49449078124999996 0.12458398906249998 0.4936216354166667 0.1292822171875 0.48618266041666663 0.1334210203125 0.4674081854166667 0.1327689828125 0.46314707916666664 0.12966501875 0.45694183125 0.12022346875 0.44823023333333334 0.11710715625000001 0.4429682375 0.11324001875 0.44099115625 0.1047549171875 0.4403219083333333 0.0947805125 0.4452792395833333 0.090088459375 0.4522465895833333 0.09067258125 0.4616955833333333
0 0.5106434296875 0.11952934583333333 0.5078377015625 0.11757696666666666 0.5042996703125 0.11749462499999999 0.5014445484375 0.11931525625 0.49495260781250006 0.12859956666666666 0.49323298437499996 0.12478538541666667 0.4922888859375 0.11579978333333334 0.48919109531249994 0.10912290833333334 0.486397715625 0.106227275 0.4768265078125 0.10741983333333334 0.4718485671875 0.10919105833333333 0.4689749234375 0.11242656875 0.4689502265625 0.11431307291666666 0.46102455000000003 0.124979325 0.4587967703125 0.13294756666666668 0.45700305781250006 0.1347929 0.455898428125 0.13806958125 0.45676226406250003 0.153186325 0.46539741875 0.16942747291666665 0.4670553 0.17795791875000003 0.47090391406250004 0.18134987708333333 0.47361085625 0.190848275 0.476751865625 0.19422376875 0.48736595937500005 0.19447079374999998 0.4997984640625 0.19098598125 0.5147755046875 0.18237091875000003 0.5205721875 0.17212688750000002 0.5229234515625001 0.15472612291666668 0.522022571875 0.14243913541666667 0.52034616875 0.13532357083333332 0.5155040609375 0.12671901875 0.5106434296875 0.11952934583333333
0 0.5406100781250001 0.3716801645833333 0.539945690625 0.36836231041666667 0.5435022453125 0.367029775 0.5435454640625 0.36372839166666665 0.5411182343750001 0.35989774166666666 0.5398388546875 0.3494890270833333 0.53436323125 0.3352084916666667 0.5344681921875 0.32719084375 0.533450003125 0.3238647604166667 0.5230273078125001 0.30899731875 0.5202339281249999 0.30610168541666666 0.5170497000000001 0.3060275791666667 0.5041522578125 0.31799343124999996 0.49155922500000004 0.3337405270833333 0.4864578 0.3449442770833333 0.48527907968750006 0.353880475 0.47619320781249996 0.37206804374999997 0.47117204687500003 0.37714065416666664 0.4672678640625 0.37799333125 0.4626128546875 0.38213092291666667 0.46250171875 0.39062019375 0.46878991093750005 0.39689955208333333 0.47085716250000004 0.40119359375 0.47856056875 0.40750588958333334 0.48654368437500006 0.41948593125 0.492155140625 0.4233906895833333 0.49993881093750003 0.42357184166666667 0.5038862140625 0.41941778125 0.506815425 0.41193763333333333 0.50913581875 0.39689499791666666 0.514963371875 0.38429283750000004 0.5228396546875 0.3773995958333333 0.5306850671875 0.37286448541666667 0.5334599250000001 0.3771749958333333 0.5355703953125001 0.37816765208333336 0.5406100781250001 0.3716801645833333
0 0.173885896875 0.21500947083333333 0.1768459796875 0.20517119166666667 0.17806791718749998 0.19293361041666665 0.18204001718750001 0.18689304583333335 0.18326195625 0.1746554645833333 0.1872217078125 0.16955815208333333 0.1887233578125 0.1629883208333333 0.19337219375 0.15932235625000002 0.201552884375 0.15621036041666667 0.2062449390625 0.14924301041666668 0.20808804374999998 0.14362466458333334 0.214970834375 0.13151883333333333 0.21508196875 0.12302956041666667 0.20955695156249998 0.11252203541666667 0.1997183796875 0.1071035875 0.1792039703125 0.10615437708333333 0.17563506874999998 0.10843016666666667 0.1692604375 0.10875357708333334 0.16459925625 0.11336279375 0.16346992968750002 0.11852598125 0.1605654140625 0.12411962291666666 0.15941756406250002 0.1306976875 0.1561530734375 0.13675472083333334 0.1450555171875 0.1464036125 0.13975464375 0.14580847291666668 0.1369612640625 0.14291284166666665 0.13654571875 0.14762087083333333 0.1343796796875 0.15087285 0.131884534375 0.1522300875 0.13086017187500001 0.14937562916666666 0.128029746875 0.14930975625 0.12763889687500002 0.15213127708333335 0.12403295 0.157236825 0.12276161875 0.17324741458333334 0.12479799843749999 0.17989958958333335 0.12759137812500002 0.18279521875 0.12936039375 0.18283638958333331 0.13364925 0.17963381875 0.1449771265625 0.17942568750000001 0.14775815781249999 0.18326456875 0.15012364375 0.19181148125 0.15258174375 0.19328399999999998 0.15569188125 0.19901762291666666 0.1602542765625 0.201954425 0.1630353078125 0.20579331041666665 0.16438877968750001 0.21054251041666666 0.1668468796875 0.21201502708333334 0.168218871875 0.21534935 0.173885896875 0.21500947083333333
0 0.5382062249999999 0.25792765624999997 0.5379160374999999 0.28009409166666666 0.549723071875 0.2973526 0.5514673921875 0.2992802770833333 0.5567620921875001 0.30034704375000004 0.5681084890625 0.29872403125 0.57203119375 0.2964564770833333 0.573849603125 0.2927246375 0.574071875 0.2757460916666667 0.5730660328125 0.27147675208333333 0.5702850015625 0.26763786874999995 0.561867815625 0.26178073333333335 0.559800565625 0.25748669166666666 0.5556104953125 0.25314324375 0.5464239625 0.2519859020833333 0.5400122859375001 0.2551390708333333 0.5382062249999999 0.25792765624999997
0 0.5596011171875 0.24568779999999998 0.5621147843750001 0.24291568125 0.557161540625 0.24280040208333334 0.55713066875 0.24515853541666666 0.5596011171875 0.24568779999999998
0 0.56562194375 0.24535615625 0.564945209375 0.24298155416666667 0.5621147843750001 0.24291568125 0.5627791703125 0.24623353541666668 0.56562194375 0.24535615625
0 0.330137371875 0 0.329922790625 0.0016267979166666665 0.3266829953125 0.005797325000000001 0.3219415484375 0.016537685416666666 0.319540890625 0.0377114625 0.316562284375 0.04896462083333333 0.31418014843750003 0.06872351874999999 0.3132132265625 0.08851535416666666 0.3170494921875 0.09285056458333334 0.3333244375 0.0932293375 0.3411513265625 0.09010910833333334 0.3425665390625 0.09014204375 0.344999940625 0.09350106666666667 0.3480853828125 0.10112119583333333 0.3489986125 0.11246492916666666 0.351748771875 0.11866194375 0.3577202046875 0.12210330833333334 0.3650327625 0.13123712708333332 0.3766422234375 0.16358767500000002 0.37653726249999997 0.17160532291666666 0.37820749062500003 0.17919251458333332 0.384154228125 0.18452038333333334 0.39158409375000003 0.18469330208333332 0.39620823125000004 0.18291384375 0.40336455937500004 0.17694738541666669 0.410545584375 0.16909442291666668 0.4195882359375 0.15420823749999998 0.43033199062499994 0.1445511125 0.43145514062499996 0.13985955208333334 0.43361500468749997 0.1370792 0.43860529374999996 0.1343647208333333 0.44993934218750004 0.13368496458333334 0.455289609375 0.13050709166666666 0.45890173125 0.12492991875 0.45893877656250004 0.1221001625 0.465194225 0.10384671875000001 0.4669879359375 0.10200138541666666 0.46925276250000003 0.09120338541666667 0.47032652031250005 0.09028483541666667 0.46608705625 0.0897144 0.4637709640625 0.07739447708333333 0.45689865 0.061666127083333334 0.45700361093749997 0.05364847916666667 0.4617141875 0.045266249999999994 0.46011187500000006 0.03249117083333333 0.45836755625 0.03056349375 0.4563373515625 0.023439695833333333 0.4498003171875 0.00913445625 0.441982840625 0 0.330137371875 0
0 0.49887122812499995 0.4240187645833334 0.4946317640625 0.4234483291666667 0.4890141328125 0.42001519791666664 0.479615803125 0.40800221666666664 0.47016190468749997 0.4002338729166667 0.46461219062500003 0.3916128520833333 0.45860371093749996 0.39100124375 0.45429633125 0.3956186958333333 0.4524655734375 0.4002937875 0.4522988703125 0.41302769791666666 0.45398762187499997 0.41920001041666666 0.4571348046875 0.4221038770833333 0.458035684375 0.43439086041666664 0.46073027812499995 0.4448325125 0.4673352265625 0.4539498625 0.4712085390625 0.45545531666666667 0.4906800609375 0.4549649458333333 0.49851312343750004 0.45137308750000005 0.49996538125 0.44857626875 0.502094375 0.4481540479166667 0.5074755125 0.44261804374999997 0.507555778125 0.43648690208333335 0.5034027531249999 0.42931369999999996 0.49887122812499995 0.4240187645833334
0 0.4675722734375 0.381774575 0.47008594062500003 0.37900245625 0.46657878124999996 0.37656198125 0.4626190296875 0.3816592958333333 0.46470480312499995 0.38453845833333333 0.46257889687500003 0.38472486666666666 0.4625387640625 0.3877904375 0.46505860625000006 0.38454669166666666 0.46440039375 0.3807572125 0.4675722734375 0.381774575
0 0.1402727234375 0.1873362875 0.13954659375 0.18873469791666667 0.13528860781250002 0.18957914166666667 0.1341963265625 0.19191256874999998 0.13135355312500002 0.19278994791666668 0.12774143124999998 0.19836712083333333 0.124886309375 0.20018775208333334 0.121025346875 0.19773904375 0.11746879375 0.19907158333333333 0.111727678125 0.20507097708333333 0.10954311718750001 0.20973783333333335 0.10836439843750001 0.21867403124999998 0.1102402484375 0.23758848541666666 0.11128313593750001 0.23902806875000002 0.12179226875 0.24729273958333334 0.135882653125 0.2523383708333333 0.147099390625 0.2606195125 0.15558449218749998 0.26128876041666665 0.156664425 0.25989858541666666 0.15672616718750002 0.25518232083333336 0.1529207703125 0.24848897708333334 0.145750221875 0.22850775416666666 0.1456927796875 0.20586146041666667 0.1468838484375 0.19598201041666666 0.145902703125 0.18982616666666668 0.144164559375 0.18742686458333332 0.1402727234375 0.1873362875
0 0.151248115625 0.295155275 0.1527250703125 0.29047195 0.15245770625 0.2838609458333333 0.14671471875 0.2629694083333333 0.13728551718749998 0.25331456041666667 0.1256223609375 0.25209957916666664 0.11386041875 0.25843061666666667 0.10847928124999999 0.26396662083333333 0.10492890156250001 0.26482753125 0.098107853125 0.2722171 0.0969970515625 0.27596540833333333 0.096818 0.28964257083333333 0.097823840625 0.2939119104166667 0.10443496562500001 0.30255763125 0.106409603125 0.31392606875 0.10813539999999999 0.3172686229166667 0.114758871875 0.32497109375 0.117167578125 0.33021662291666665 0.1304392203125 0.34373505625 0.1357462671875 0.34385856875 0.13895519218750002 0.34204617291666667 0.1440010484375 0.33508705833333335 0.14800402031249998 0.3266883625 0.14925682812500002 0.31209265 0.1487282734375 0.29839901874999997 0.151248115625 0.295155275
0 0.0347230578125 0.6533473625 0.0364673765625 0.6552750374999999 0.037386779687499996 0.6661471437500001 0.039416985937499996 0.6732709458333334 0.0449543515625 0.68283521875 0.053799431249999995 0.6830410729166666 0.06143921875 0.6671786979166666 0.060811878124999996 0.6610310875 0.05602533750000001 0.6481819000000001 0.0466146578125 0.6371121729166667 0.043448953125 0.6356231854166666 0.0384895359375 0.63597953125 0.034523609375 0.6415484708333333 0.033717215625000005 0.6490780229166667 0.0347230578125 0.6533473625
0 0.6426573125 0.41651445000000004 0.6415773796875001 0.41790462708333337 0.6425523515625 0.42453209583333334 0.644607253125 0.4297693895833333 0.647053003125 0.4321851625 0.6492005187500001 0.4303480604166667 0.6492499125 0.4265750520833333 0.647201184375 0.42086612916666666 0.6426573125 0.41651445000000004
0 0.660388815625 0.38673384583333337 0.64968828125 0.39308958541666666 0.6468084625 0.3967967229166666 0.64671585 0.4038711166666667 0.648435471875 0.40768529791666663 0.6543636859374999 0.4144280479166667 0.6581382109375 0.4234795229166667 0.66195595625 0.4292296145833333 0.66959761875 0.44025817083333335 0.6745199921875 0.44273158125 0.6830112671874999 0.44292920208333336 0.6851834796875 0.4392055979166667 0.6870574578124999 0.43122912083333337 0.6874834765625 0.3986869104166667 0.6847147921875 0.39390477291666665 0.6805185484375 0.39003295208333333 0.6678310296875 0.38596351041666666 0.660388815625 0.38673384583333337
0 0.78729058125 0.4524326875 0.7866014984375 0.45100134166666667 0.7639580968749999 0.4504743520833333 0.7466711359375 0.4462978645833333 0.739185703125 0.4503695833333333 0.716480559375 0.45455885625000003 0.7129054828125 0.45730627083333336 0.712086740625 0.4657790770833333 0.7141107718749999 0.47337450208333337 0.7179038203125 0.48101109791666663 0.723502928125 0.4858591083333333 0.7344831734375 0.4851711166666667 0.7362151453125 0.4880420458333333 0.7371592453125 0.49702764583333336 0.74169694375 0.5018509541666667 0.75727045625 0.5017416333333333 0.761491396875 0.50372695 0.7742221359375 0.5044950083333333 0.778858621875 0.50177229375 0.7810493562499999 0.49663381041666665 0.7830591671875 0.47828155624999996 0.7824750453125 0.4688325625 0.78729058125 0.4524326875
0 0.9115860703124999 0.52797804375 0.9093150703124999 0.5392476687500001 0.9010788109375 0.5466043020833333 0.8995833328125 0.5527025083333333 0.9019858656249999 0.5584196625000001 0.90375488125 0.5584608333333333 0.905139221875 0.5608519 0.916094771875 0.5620504145833334 0.9224261828125 0.5650283875 0.9256227609375 0.56415924375 0.9302777687500001 0.5600216520833333 0.9313762234375 0.5572165958333334 0.9314750109375 0.5496705770833333 0.933653396875 0.5454753458333333 0.9337213140625 0.5402874562500001 0.9306605687499999 0.5307808229166667 0.9275072124999999 0.5283485833333333 0.9144411921875 0.5261574125 0.9115860703124999 0.52797804375
0 0.610064540625 0.06758966875 0.6099472312499999 0.07655056875 0.6109530734375 0.08081990833333334 0.6167825015624999 0.09510867708333333 0.6234059734375 0.10281114791666666 0.6353117953125 0.11252363750000001 0.637739025 0.1163542875 0.6415938140625 0.11927461875 0.6529216890625 0.1190664875 0.6592512265625 0.09515352916666667 0.6594549749999999 0.0795898625 0.6557730640625 0.06346399375 0.655902721875 0.05355984166666667 0.6476398921875 0.03591205 0.6356661515625001 0.03138745 0.6304331953125 0.025604420833333332 0.6425180703125 0.021639747916666667 0.6420450843750001 0.00370148125 0.641756421875 0.003222991666666667 0.61657743125 0.0026369916666666667 0.6196752203125 0.009313866666666667 0.619613478125 0.014030129166666665 0.61775185 0.021063354166666666 0.6156166828125 0.0219572 0.6134444703125 0.02568080625 0.612247228125 0.03603188125 0.60929331875 0.04539853333333333 0.6091945328125 0.05294455208333334 0.6112309125000001 0.059596725 0.610064540625 0.06758966875
0 0.8334060484375 0.4983241 0.8336672390625001 0.5054067291666666 0.835728315625 0.5101723958333333 0.8356604000000001 0.5153602854166667 0.8450834281249999 0.5254867583333334 0.8560451499999999 0.5262136479166667 0.859601703125 0.5248811104166667 0.87186563125 0.507239275 0.87272141875 0.4959367125 0.8707282578125 0.4859831541666667 0.8577980703125 0.47341620624999997 0.843999746875 0.47309507291666664 0.8339018593749999 0.48748492916666664 0.8316864265625 0.49450991666666666 0.8334060484375 0.4983241
0 0.24557240624999999 0 0.23640145 0.008413864583333335 0.23312460937499999 0.01541415 0.2318964953125 0.028123358333333334 0.23395139843749999 0.03336065208333334 0.2405625234375 0.042006375000000006 0.2473977921875 0.06056448333333333 0.24613880937500002 0.07563182083333334 0.2477966890625 0.08416226666666667 0.2498824625 0.08704142916666666 0.2555000921875 0.09047456041666666 0.2703351296875 0.09270690208333333 0.27885110156250004 0.09101801666666667 0.28882550625 0.08606068541666666 0.29448635625 0.08619243333333333 0.29835349375 0.08816951666666667 0.303380828125 0.08262527916666666 0.30451632812499996 0.07699046666666667 0.3074023203125 0.07281170208333335 0.31155964687500004 0.052622350000000005 0.31558113906249996 0.042808775 0.3177144328125 0.015023995833333333 0.3171241359375 0.006046629166666666 0.3140188390625 0 0.289233903125 0 0.2873738 0.007713087499999999 0.284189571875 0.007638979166666667 0.2828114046875 0.004776283333333334 0.2831649515625 0 0.24557240624999999 0
0 0.0064694859375 0 0.0054528078125 0.07766060208333332 0.020562454687500002 0.08595029583333333 0.026235653125 0.08513879166666666 0.0296977203125 0.06398971875 0.0300126046875 0.03993677708333333 0.029006764062500003 0.03566743958333333 0.029117900000000002 0.027178166666666666 0.030228701562499998 0.023429858333333334 0.030535429687499997 0 0.0064694859375 0
0 0.8621975093750001 0.5428687833333333 0.8526633484374999 0.54123158125 0.8477841937499999 0.5354567854166666 0.8457725109374999 0.5269181083333333 0.836343309375 0.5172632583333333 0.8257415640625 0.51607298125 0.8235817000000001 0.51885333125 0.822440025 0.5249597708333333 0.8226703453124999 0.5344005291666666 0.8214977984375 0.5428651 0.8224727703125 0.5494925708333334 0.8252229312500001 0.5556895875 0.8294809171875 0.55484514375 0.8311449703125 0.5629039625 0.8349935859375 0.5662959229166666 0.8434416421875 0.5697949270833333 0.8498162734375001 0.5694715166666667 0.8534036984375 0.56578085 0.85740666875 0.5573821520833333 0.865928815625 0.5552216416666667 0.8691624375 0.5515227395833333 0.8692056578124999 0.54822135625 0.8671137078125 0.54581381875 0.8621975093750001 0.5428687833333333
0 0.6584139609374999 0.1050412125 0.6572908109375 0.10973277291666667 0.6589363421875001 0.11920646875 0.6669997249999999 0.12505537083333335 0.676173909375 0.12715596666666668 0.6793210937499999 0.13005983125 0.6877753234374999 0.13308721041666666 0.6929650609375 0.14217162291666666 0.6939523796875 0.14785584166666668 0.6995206171875 0.15506198124999998 0.7030463 0.15608757708333335 0.7061934828124999 0.15899144375000002 0.7152256609375 0.17193943958333333 0.7201171640624999 0.17677098125 0.7341705015625 0.18464637083333332 0.750451621875 0.18455351875 0.7558142359375 0.18043239583333334 0.7598851234375 0.16684581041666666 0.7600394781250001 0.15505515416666665 0.7611749765625 0.14942034166666665 0.76521499375 0.13819188541666666 0.76700253125 0.13681817916666666 0.7702917203124999 0.12887464166666668 0.7760513578125 0.12146036666666667 0.7775221390625 0.11724866666666665 0.7818295187500001 0.11263121458333333 0.7850940125 0.10657418125000001 0.7862295109375 0.10093936875 0.7883893750000001 0.09815901666666667 0.7951548546875 0.09501408333333333 0.811777428125 0.09587271666666666 0.8146448984375001 0.09310883333333334 0.8118002515624999 0.06709527916666666 0.8094532875 0.05713348958333333 0.8092044453125 0.04910760625 0.8064789812500001 0.0410240875 0.8055163609375 0.03345336458333333 0.8020956390625 0.024410122916666666 0.8011268421875 0.017311027083333333 0.7959556265625001 0.006811735416666667 0.6772546703125 0.004049158333333334 0.6763392921875 0.0063867041666666674 0.67405594375 0.01859958125 0.6722375359375 0.022331420833333334 0.66990479375 0.038317308333333334 0.6630158296875 0.05089476666666667 0.6628614749999999 0.062685425 0.66064604375 0.06971041458333334 0.6613925671875001 0.09378805625 0.660207675 0.10319587916666667 0.6584139609374999 0.1050412125
0 0.2223028953125 0.5987417416666666 0.223426046875 0.59405018125 0.222841925 0.5846011875 0.22080554531250002 0.5779490145833334 0.2170001484375 0.5712556708333333 0.2043805453125 0.5619983395833333 0.1985017234375 0.5514825812499999 0.1922011828125 0.546146475 0.1883340453125 0.54416939375 0.184076059375 0.5450138354166667 0.1762182984375 0.5504922000000001 0.1716003359375 0.5518000333333333 0.1636993578125 0.5605797791666667 0.1635758734375 0.57001230625 0.16602779843749998 0.57195645 0.1681444421875 0.5724774812500001 0.1756360515625 0.5679341354166667 0.179527884375 0.5680247125 0.183742653125 0.5704816562499999 0.1875665703125 0.5757601208333334 0.187504828125 0.5804763833333334 0.18455709375 0.5893714062500001 0.18445830624999998 0.5969174291666667 0.1864885125 0.6040412270833334 0.1952101078125 0.6136796083333333 0.2033414046875 0.6143406208333333 0.212260575 0.6088869604166667 0.2204906609375 0.6020019541666667 0.2223028953125 0.5987417416666666
0 0.9599350624999999 0.024781197916666668 0.9646888578124999 0.013097583333333333 0.964719728125 0.010739454166666666 0.8801607765625 0.008771477083333333 0.8801175562499999 0.0120728625 0.88380564375 0.02772710416666667 0.8858975906250001 0.030134639583333334 0.8989389125 0.034212316666666666 0.9201671031249999 0.03470636875 0.9285719390624999 0.04150675833333333 0.9440651875 0.047528577083333336 0.9515012281249999 0.04722987083333333 0.9547225015624999 0.044474220833333335 0.9599350624999999 0.024781197916666668
0 0.347068175 0.5572990791666667 0.3402965203125 0.5609156395833333 0.3333377671875 0.55179005625 0.32483414375 0.5525356875 0.3198438546875 0.5552501666666667 0.310807375 0.5696647250000001 0.30678588281249997 0.5794783020833333 0.306631528125 0.59126895625 0.309412559375 0.5951078416666667 0.31503019062500004 0.5985409729166666 0.319109125 0.6113736916666667 0.32360977968750004 0.6190267583333333 0.3277998484375 0.6233702041666667 0.339469178125 0.6241135604166667 0.3563078484375 0.6084652729166666 0.3630856765625 0.6043770895833334 0.36410199374999996 0.58081224375 0.36240706718750004 0.57511155625 0.3624749828125 0.56992366875 0.3607677109375 0.5651662333333333 0.3551932984375 0.5584317166666667 0.347068175 0.5572990791666667
0 0.97782245625 0.36156948333333333 0.9725462796875 0.35908783958333335 0.9682944671874999 0.35946065624999995 0.966134603125 0.36224100625 0.9605046234374999 0.3597511291666667 0.956178721875 0.36578345833333337 0.9504808265625 0.3684814708333333 0.9436721265625 0.3749277875 0.9418537171875 0.37865962708333334 0.941401128125 0.3861974125 0.9377334375 0.39601922291666664 0.9363386203124999 0.4214623375 0.9408701468749999 0.4267572708333333 0.9440420250000001 0.42777463125000004 0.9506840203125 0.43406222499999997 0.9622792609375 0.44046509375000004 0.9707767109375001 0.4401910895833333 0.9814648953124999 0.43477859999999996 0.9839909109375 0.4310632291666667 0.986981865625 0.4188668208333333 0.99280941875 0.4062646583333333 0.9918467953125001 0.3986939333333333 0.989108984375 0.3915536666666667 0.98734614375 0.39104087083333333 0.9779231156250001 0.3809143958333333 0.9769049265625 0.37758830833333334 0.97782245625 0.36156948333333333
0 0.9478900890625 0.5123110125 0.940733759375 0.5182774729166667 0.9389091765625001 0.5224809354166667 0.94160994375 0.5324509604166666 0.9454091640625 0.5396159333333334 0.950319190625 0.5430325958333333 0.9638007546875 0.5405157375 0.968431065625 0.53826465 0.9695233468750001 0.5359312229166666 0.9695727406250001 0.5321582125000001 0.9671825578125001 0.5254978041666667 0.9708317234375 0.5170908729166667 0.9709119890625001 0.5109597333333333 0.9670633750000001 0.5075677708333334 0.9593167499999999 0.5045568625 0.9536559 0.5044251145833333 0.9504346265624999 0.5071807645833333 0.9478900890625 0.5123110125