0 0.428180653125 0.43666650625 0.42509880781250003 0.43116374583333333 0.4233186328125 0.42930972083333335 0.417176809375 0.4290279375 0.4075971046875 0.42287258541666667 0.4004042359375 0.41117736666666665 0.3896396453125 0.40264144166666666 0.383086678125 0.38740871875 0.378608246875 0.3877128041666667 0.3763828078125 0.3915098791666667 0.37291649375 0.40280467708333334 0.372510159375 0.40887849791666664 0.37028472031250004 0.41267557499999996 0.3700730234375 0.42086299375 0.37149147656250003 0.4257798875 0.373310578125 0.42805663541666666 0.378022575 0.43028887083333334 0.3837694359375 0.42977712916666666 0.38626168125000004 0.43237276458333335 0.386294921875 0.4362291583333333 0.3837077625 0.44308910208333335 0.38318464375 0.4478947625 0.3837514984375 0.46453658125 0.3863159125 0.47141132916666667 0.39098898125 0.47322084583333335 0.3961405546875 0.4732356520833333 0.41643542812499995 0.4699131229166667 0.42781893125000003 0.439729375 0.428180653125 0.43666650625
0 0.4296747890625 0.3480287875 0.4268540640625 0.3523524125 0.428566878125 0.3709520833333333 0.4314427125 0.38120859375 0.4341685234375 0.38634055 0.4340792953125 0.39236245625 0.4326048546875 0.3973238604166667 0.4329941296875 0.4015510583333333 0.4351692671875 0.40419861041666666 0.43885208750000004 0.40574115 0.4480482015625 0.4042356291666667 0.45913077968750005 0.38826120833333333 0.4629474421875 0.3807708875 0.46201317968750005 0.3706256125 0.45992158281249995 0.3653898270833333 0.4529233515625 0.35580820625 0.4392269390625 0.34689407083333335 0.4296747890625 0.3480287875
0 0.058734354687500004 0.48298951458333333 0.057382384375 0.48578540625 0.05808308125 0.49339436458333336 0.0563637015625 0.5026867958333333 0.056791904687500006 0.5073367145833333 0.05520068125000001 0.5110299604166666 0.050922575000000005 0.5100139687499999 0.0495259890625 0.5158208125 0.050254240625 0.5307198375 0.053180375 0.5345317187499999 0.0603124484375 0.5350804791666667 0.0720064953125 0.5327369229166666 0.074743678125 0.5310015312499999 0.07740869375000001 0.5249870291666666 0.08261056875 0.5185572104166667 0.08313368593750001 0.5137515479166667 0.084602440625 0.5122238166666667 0.083668178125 0.5020785416666667 0.0807809703125 0.49868937708333333 0.07936251718750001 0.49377248333333335 0.0765920921875 0.4916514791666666 0.0714129640625 0.4843466083333333 0.0667009671875 0.48211437291666664 0.058734354687500004 0.48298951458333333
0 0.5444606875 0.21381091875 0.5445888421875 0.20821173125 0.541429140625 0.20186352916666667 0.537306746875 0.20253841875 0.52837175 0.213870325 0.513806678125 0.22698213333333334 0.509873234375 0.23320429375 0.50958368125 0.24054627499999998 0.5146460265624999 0.24658298958333333 0.5160474203125001 0.2618009 0.515474 0.27305118958333335 0.51673674375 0.27627720624999996 0.5200246 0.27702622083333334 0.5259604125 0.28206175000000006 0.5348726593750001 0.2844645375 0.5392732359375 0.2833150125 0.5575552484374999 0.25114370625 0.556971334375 0.24480290833333335 0.5531384890625 0.23813581666666667 0.5511304359375 0.23031179791666664 0.54828215625 0.22734535625 0.5462294875 0.22253228958333335 0.5444606875 0.21381091875
0 0.38445617187500003 0.20653646041666668 0.3857246015625 0.20632880208333332 0.38465649687500003 0.2052163875 0.38417799218750004 0.20701109583333333 0.3850847 0.20986630416666668 0.38603602187499997 0.20971056041666666 0.38445617187500003 0.20653646041666668
0 0.41356269218749997 0.21850597083333334 0.41587648125000004 0.23314542083333334 0.421244559375 0.24599756458333333 0.4349742140625 0.25876809375 0.437271821875 0.25925013333333335 0.44440958124999996 0.2563652166666667 0.445166265625 0.254095875 0.4486990609375 0.2505138625 0.45562031562499994 0.2347916125 0.4567054796875 0.22560300625000002 0.45526515781250004 0.20996237291666667 0.456155684375 0.19866017083333334 0.45751334374999997 0.19243060625 0.46434536875 0.1827302625 0.46498527031250003 0.17919276041666665 0.463644671875 0.17512130625 0.4585823265625 0.16908459166666667 0.454537784375 0.17060491875 0.44515752812500003 0.18758792708333333 0.43103203125 0.19848230625 0.427783103125 0.1981560125 0.42153586875000004 0.18973872291666666 0.42003956093749995 0.18397638958333334 0.41604532031249997 0.17905208958333332 0.4109611078125 0.16229163541666666 0.40697255468750004 0.15393366458333332 0.40622724374999997 0.1493356625 0.3994236515625 0.14186764166666668 0.398400159375 0.13774427291666666 0.39297040625 0.13820409791666668 0.38971579218749997 0.14131147708333333 0.3864165609375 0.14742981041666667 0.3906832953125 0.15531314583333333 0.3922963859375 0.16234363958333334 0.3980983546875 0.17641203125 0.4028825203125 0.18292337916666668 0.40437882968750005 0.1886857125 0.40730496406250005 0.19249759583333334 0.40812813124999997 0.1979410375 0.40498461093750004 0.20575025 0.394992884375 0.20910239374999998 0.39131006562500004 0.20755985416666667 0.3895242046875 0.20913950208333335 0.3904755265625 0.20898375833333332 0.390786946875 0.21236551666666664 0.40521249062500003 0.21172024374999998 0.41123184375 0.21416753958333334 0.41356269218749997 0.21850597083333334
0 0.5885036171875 0.25165527083333333 0.5856942640625 0.24911154791666668 0.5814940125 0.24894099583333332 0.5732719671875001 0.23655608125 0.569984109375 0.23580706666666668 0.5668908921875 0.23717165208333332 0.5630020609375 0.24038286041666668 0.5613329828125 0.24323066666666668 0.56088771875 0.24888176875 0.553182225 0.25958329583333334 0.5509121734375 0.266391325 0.550027334375 0.27425985208333337 0.5497045390624999 0.27774544166666665 0.5518350625 0.28340394583333334 0.5573759125 0.28764595 0.5620765359375001 0.29674553125 0.57682968125 0.3136394291666667 0.5771411015625 0.3170211875 0.58541345 0.322961475 0.5860419765625 0.32629132083333334 0.5886120765625 0.32973239791666664 0.600066871875 0.3282861958333333 0.602542934375 0.31672441875 0.5996168 0.3129125375 0.5983986703124999 0.30667556875 0.5949218625 0.3003792833333333 0.5933818171875 0.27316946875 0.5885036171875 0.25165527083333333
0 0.46770668750000005 0.30661687291666667 0.463267184375 0.3073436770833334 0.46084710781249993 0.3090271520833333 0.4586881515625 0.3205370125 0.458838175 0.3256615666666667 0.461246878125 0.3308454375 0.46627029531249997 0.33645943125 0.47165543593750003 0.3390105583333333 0.477524765625 0.3363333 0.48128544062499995 0.33872128125 0.490220434375 0.327389375 0.49221230781249997 0.3210559791666666 0.489219690625 0.3095313125 0.48668851718750006 0.30651295624999997 0.48416303125000004 0.3000609270833333 0.4810754984375 0.29799183749999997 0.47948996250000003 0.29825141041666664 0.474126690625 0.30642402291666665 0.47071636562499997 0.3078405229166667 0.46770668750000005 0.30661687291666667
0 1 0.45922492291666667 0.9997246562500001 0.45623492916666664 0.9938901687499999 0.46977683124999997 0.978089909375 0.4869526895833333 0.978162078125 0.49123180208333334 0.979703 0.49398318125 0.9892048484375 0.49929309375 0.9944229046874999 0.5070206854166667 0.996158465625 0.5118856645833333 0.99995806875 0.5146963645833333 1 0.51469418125 1 0.45922492291666667
0 0.315656534375 0.32979305208333337 0.31527863125 0.31869850624999996 0.3143329953125 0.3154205770833334 0.2993510921875 0.31701511875 0.2892482703125 0.31566543125 0.2781998125 0.3110378145833333 0.2750287390625 0.31155696041666664 0.2717351953125 0.31424161666666667 0.27070033125 0.31698559583333336 0.26721215 0.3175566541666666 0.263362246875 0.32119058125 0.262644490625 0.32388264375000003 0.2570476546875 0.3295189375 0.25553428437500003 0.33405762291666663 0.2551336359375 0.3366977708333333 0.259188671875 0.3527685291666666 0.2620369515625 0.35573497083333333 0.266737575 0.3648345520833333 0.26812278749999996 0.3658950541666667 0.2789044375 0.3641299604166666 0.2816302484375 0.3692619166666667 0.28134638437500004 0.373170225 0.2829651609375 0.37676704375000003 0.29542638593750004 0.38974523125 0.299270603125 0.38954497499999996 0.30795016249999996 0.3649530125 0.30847328281249997 0.36014735000000003 0.3109769 0.3558756416666667 0.3113443078125 0.34937909791666666 0.315656534375 0.32979305208333337
0 0.20826956562499999 0.159860125 0.1993183890625 0.15703461875 0.196392253125 0.1532227375 0.195763725 0.14989289375 0.19727709375 0.14535420833333335 0.19750585 0.12686576875 0.20117817656249998 0.11081722291666667 0.2000768296875 0.10584841458333334 0.19762351250000001 0.10367549791666668 0.18747607500000002 0.1053367625 0.1788192609375 0.11619403333333334 0.17645998125 0.12902396875 0.1770049671875 0.13494204583333333 0.17338294375000002 0.14454596666666666 0.174745409375 0.15934115833333334 0.17668129375 0.16288606458333332 0.1898659625 0.16973851458333333 0.19374341875 0.17339465416666666 0.1997124734375 0.18228657708333335 0.20849656562500002 0.19028855 0.21316963437499997 0.19209806666666665 0.218243353125 0.19126743541666666 0.22304457812499998 0.1874777625 0.22211600312500002 0.1738988145833333 0.21903415625 0.16839605208333333 0.214722809375 0.16352366875 0.20826956562499999 0.159860125
0 0.658770715625 0.0080124625 0.654014103125 0.008791179166666666 0.6401611 0.02264459791666667 0.6309593 0.02758379166666667 0.6273543359375 0.026886691666666667 0.6188930375 0.01539913125 0.6154883984375 0.01338195625 0.612155928125 0.015643897916666667 0.611310015625 0.02393514375 0.6131396125 0.04380297708333333 0.61538691875 0.05072964166666667 0.623653578125 0.06010360208333333 0.6297004875 0.06984096666666666 0.634723903125 0.07545496041666667 0.6430019390624999 0.07796157708333333 0.6507292984374999 0.0779837875 0.6533886265625 0.07540295625 0.6638588578125 0.07025610416666667 0.66667958125 0.06593248125 0.666657715625 0.055208741666666665 0.6646334796875 0.03322731041666667 0.6660357515625 0.023986793750000002 0.66552969375 0.018491435416666667 0.6633991703125 0.012832929166666666 0.658770715625 0.0080124625
0 0.124145534375 0.3718731625 0.12185361406249999 0.3679574520833333 0.11654633125 0.36625176458333336 0.111038721875 0.36586615208333334 0.0999399640625 0.3676831604166667 0.0962514578125 0.36957429375 0.0877560390625 0.3786887729166667 0.0872661625 0.3873508270833333 0.0891906734375 0.39776307916666664 0.0866092015625 0.40118934791666666 0.073880290625 0.40627688333333334 0.0710206375 0.4101777875 0.07038073593750001 0.4137152895833333 0.07166534687500001 0.42766504375000003 0.0776790140625 0.43354601458333336 0.0842101125 0.43805499583333335 0.086824828125 0.43848511875 0.09041841875 0.44604956458333334 0.0944515859375 0.45139658125 0.10886575624999999 0.4576186541666667 0.1157642640625 0.45563109583333333 0.1256230265625 0.43685338125 0.12594582031249998 0.43336779166666667 0.12833265625 0.427827925 0.1301745046875 0.4163699770833333 0.128005053125 0.4102887520833333 0.125034303125 0.4094878229166667 0.123137346875 0.40636563750000004 0.124145534375 0.3718731625
0 0.4057658 0.14082935208333333 0.4076846234375 0.15467527708333334 0.41076647031249997 0.1601780375 0.41151178125000004 0.16477604166666668 0.4153446234375 0.17144313333333333 0.416957715625 0.1784736270833333 0.41988385156249997 0.18228551041666666 0.4212633765625 0.18677968333333334 0.4240727296875 0.18932340625000002 0.42545225468750003 0.19381757916666667 0.4276273921875 0.19646513125 0.43123235624999995 0.19716223125000001 0.4447236375 0.18637168124999998 0.45187845781249997 0.17318575 0.45490519375 0.16410837916666668 0.45776484687499996 0.16020747291666665 0.45987918906249997 0.15170856666666666 0.457993603125 0.14171903333333333 0.46066430625 0.13227085833333332 0.45784445937499996 0.11213605208333334 0.4587739125 0.10125656666666667 0.45707728124999997 0.09681430833333333 0.45645443906249994 0.09005078958333333 0.45821843125 0.07774740416666666 0.45558185 0.06659354166666667 0.45646668906250004 0.0587250125 0.46262557343750005 0.04870577708333333 0.461847021875 0.04025138125 0.46066213281249996 0.03787080625000001 0.45199482343749997 0.031136991666666666 0.44177521875 0.02851914375 0.4222702703125 0.03342872291666667 0.4174301171875 0.036795675 0.41643418125 0.03996237083333333 0.4143036578125 0.03430386666666666 0.4052803140625 0.027199247916666665 0.3883179109375 0.0282598375 0.3816586546875 0.02935004375 0.373608503125 0.032813418750000004 0.3621755765625 0.044983360416666666 0.3596330296875 0.048832352083333336 0.35847569687499997 0.053741841666666665 0.3622696109375 0.05998621458333333 0.3630149234375 0.06458421666666667 0.3625307328125 0.06981259791666666 0.3576345921875 0.08305785 0.35817957968749997 0.08897592708333332 0.3618567109375 0.09395213958333333 0.36264094999999996 0.0989728625 0.3674526703125 0.11277427708333333 0.3804475078125 0.13853788541666667 0.38226661093750003 0.14081463333333336 0.3861497546875 0.1410371 0.392620059375 0.13439962083333334 0.395435096875 0.13350967083333334 0.4065841578125 0.12524803541666665 0.40780797187499995 0.12805133124999998 0.4057658 0.14082935208333333
0 0.479996021875 0.30374676875 0.4815815578125 0.30348719583333333 0.480830559375 0.3023228645833333 0.479996021875 0.30374676875
0 0.5450555109375 0.38105971875000005 0.5493725453125 0.38249842916666665 0.56051023125 0.38110413958333333 0.57867458125 0.37212310416666666 0.5812949828125 0.3691195541666667 0.5894229921874999 0.36650161875 0.595414790625 0.36165885000000003 0.5929282328125 0.3556295395833333 0.58826085 0.35038635 0.5853404015625 0.34314079583333335 0.5818189796875 0.3398554625 0.5775522468750001 0.331972125 0.5760559375 0.3262097916666667 0.576223021875 0.32103332500000004 0.574170353125 0.3162202583333333 0.5706100015625 0.31251220625 0.5647634203125 0.30145476875 0.5608859609375 0.29779863125 0.5566581562499999 0.2903380125 0.5542048375 0.28816509583333333 0.5454539875 0.2840195145833333 0.5375263015625 0.28531737916666666 0.5339099640625 0.29148762500000003 0.5288913546875 0.30689839166666666 0.527522325 0.3199953020833333 0.528345490625 0.3254387458333333 0.5364621281249999 0.3296881541666667 0.53931040625 0.33265459583333334 0.5398610796875001 0.33513900208333336 0.53886514375 0.33830569791666665 0.5353712765624999 0.3423104291666667 0.5314435171875 0.34509891875 0.5248231890625 0.34661184375 0.5199384234375 0.35298974791666665 0.518703234375 0.35705380000000003 0.5191314390625 0.3617037166666667 0.5224468484375 0.36974279791666664 0.5264021624999999 0.37424437708333336 0.5360207921875 0.38082244374999996 0.5450555109375 0.38105971875000005
0 0.9145315843749999 0.1253345625 0.9126678671875 0.12606877083333334 0.914804078125 0.12829360416666666 0.9129403609375 0.12902781041666667 0.9113102078124999 0.13229833541666666 0.9102307296875001 0.13805326666666667 0.91130364375 0.16019044166666668 0.9143854890625001 0.16569320208333332 0.9165606281249999 0.16834075416666666 0.9219068390625 0.17046916041666668 0.9323713828125 0.16875598125 0.9327777171875 0.16268216041666667 0.928510984375 0.15479882291666666 0.9256627046875 0.15183238125 0.9246002875 0.14728629166666665 0.92450625 0.13228343958333333 0.9204009140625 0.12265730833333334 0.9180643796875 0.12175255 0.9187821359375 0.1190604875 0.9161284937499999 0.11820764583333333 0.9133077671875001 0.12253126875 0.9145315843749999 0.1253345625
0 0.4706419765625 0.5202536229166667 0.46868902968750004 0.5270097354166666 0.46878875468750003 0.5385789166666667 0.466040196875 0.5471816500000001 0.46730294062500005 0.5504076666666666 0.472170646875 0.55433078125 0.47906346875 0.5557768958333333 0.48255165 0.5552058354166667 0.48770890937500005 0.55178696875 0.4939845765625 0.5430358937499999 0.4991029078125 0.53919430625 0.502563534375 0.5313331812500001 0.501033984375 0.5217144541666666 0.49602762812499995 0.5057994416666667 0.4916773515625 0.5005043375 0.48835056874999994 0.4993326041666667 0.4816077703125 0.5030110416666667 0.4706419765625 0.5202536229166667
0 0.20949069687500002 0.5471309833333333 0.20683136875 0.5497118125 0.20650857500000003 0.5531974020833333 0.21236084531250002 0.5608211666666667 0.21676142031249998 0.5596716416666666 0.21938182187500002 0.55666809375 0.2246169359375 0.5540946645833333 0.2339744484375 0.55084635 0.2359606359375 0.5479466291666667 0.2370514859375 0.5353243541666667 0.23880410625 0.5298883145833334 0.23814233749999997 0.5227020770833334 0.23299076406250002 0.52268726875 0.22866804375 0.5246822333333333 0.22540205468750002 0.5346569583333333 0.22122935625 0.5417764729166666 0.216111025 0.5456180583333333 0.20949069687500002 0.5471309833333333
0 0.6314871796875 0.35489515416666667 0.6251004171875 0.35894439791666666 0.622874978125 0.36274147291666664 0.6217565734375 0.3680736833333333 0.6253663453125 0.38979554166666663 0.628214625 0.39276198333333334 0.6382785203125 0.3936889520833333 0.645177028125 0.39170139375 0.65001718125 0.38833444375 0.6526100265625 0.37804082708333336 0.6511194062500001 0.36884481875 0.6531055921875 0.3659450979166667 0.6567940984375 0.3640539666666667 0.658307465625 0.35951527916666665 0.6541688875 0.3460327583333333 0.6491065421875 0.33999604375000003 0.6448673640625 0.33940277291666665 0.6373678828125 0.3453505520833334 0.6314871796875 0.35489515416666667
0 0.07332522500000001 0.5260846375 0.0749943046875 0.52323683125 0.0711444015625 0.5268707604166667 0.071255496875 0.5315725916666667 0.0751054 0.5279386645833334 0.07534465312500001 0.5270413083333333 0.07332522500000001 0.5260846375
0 0.006601465625 0.4726442520833333 0.0070126078125 0.48759518958333337 0.0082753515625 0.4908212041666667 0.01112363125 0.49378764583333334 0.018333559375 0.49518184583333336 0.029471246875000003 0.4937875583333333 0.0341500015625 0.4921634 0.0379999046875 0.48852947291666665 0.0387565890625 0.48626012916666667 0.039647115625 0.47495792708333334 0.03657664375 0.46258781875000005 0.0328216546875 0.45676616875 0.028031803124999997 0.4536884916666667 0.016916862499999998 0.4413480875 0.0124384328125 0.44165217291666664 0.010969678125 0.44317990416666664 0.006601465625 0.4726442520833333
0 0.0225793515625 0.15679074583333333 0.0327543421875 0.16241954583333335 0.038768009375 0.16830051666666668 0.048119834375 0.168485875 0.05263150625 0.17203818541666666 0.06189979062499999 0.17481177708333334 0.07860588125 0.18494955833333335 0.0834792734375 0.18543900208333333 0.0868839140625 0.187456175 0.09465020156250001 0.18790110625 0.0969145671875 0.18452675 0.09978559375 0.17375850208333335 0.10634512656249999 0.16109911666666665 0.11130774843749999 0.15556665208333334 0.11622575625 0.15304513958333335 0.12182827968750001 0.14397517291666664 0.123358709375 0.12913546875 0.1219402546875 0.12421857291666667 0.1169557640625 0.1190273 0.11743426875 0.11723259166666668 0.1313756203125 0.12181569791666667 0.136449340625 0.12098506666666667 0.146252115625 0.11208565000000001 0.1515432171875 0.099633925 0.15072005156249998 0.09419048125 0.14473962499999998 0.09216590416666667 0.135082065625 0.08516511458333334 0.130659621875 0.07559089583333334 0.12889082031250002 0.066869525 0.12164310781250001 0.058186933333333336 0.037936984374999996 0.07189069375 0.0011525265625 0.07791277708333334 0.0032327484375 0.09001591041666666 0.006820653124999999 0.10101402916666666 0.0078327703125 0.11200474375 0.00897873125 0.11396259791666667 0.0098740671875 0.12368515416666666 0.005968175 0.13719738125 0.0065131625 0.14311545833333333 0.008015156249999999 0.14544412083333333 0.014707653125000001 0.14821030833333332 0.0225793515625 0.15679074583333333
0 0.9418500203125 0 0.942235415625 0.003227675 0.94562868125 0.01211219375 0.947331003125 0.01312078125 0.9507688828124999 0.018994347916666664 0.958134521875 0.022079427083333332 0.9597147984375001 0.021762729166666665 0.957710703125 0 0.9418500203125 0
0 0.262766496875 0.48949247916666666 0.2633674703125 0.48553225833333336 0.2617154515625 0.47807904375 0.2619660765625 0.47031434583333337 0.269844340625 0.45100267499999996 0.27623678749999997 0.4435197604166667 0.277789084375 0.43940379375000005 0.2771216296875 0.4356512291666667 0.27122474375 0.43103841875 0.2633416734375 0.42932532916666666 0.258674290625 0.42408213958333335 0.2540790765625 0.4231180645833333 0.2508633890625 0.42664816250000004 0.250418125 0.43229926458333334 0.24878797343749998 0.4355697895833333 0.2324484140625 0.44339389583333333 0.2314135484375 0.4461378729166666 0.2326373640625 0.44894116875 0.2362366421875 0.45307194375000004 0.2398805328125 0.4541917625 0.24379691874999998 0.45827061875 0.2492096125 0.4681118125 0.25145691875 0.47503847708333335 0.2520797609375 0.48180199375000005 0.248218484375 0.49230326874999997 0.24689975312499998 0.4989555520833333 0.25073259531250003 0.50562264375 0.255405665625 0.5074321604166667 0.2586659671875 0.5008911083333333 0.259823303125 0.49598161875 0.2616091640625 0.49440197083333337 0.262766496875 0.48949247916666666
0 0.3649341640625 0.22174706041666664 0.3663696765625 0.21636293333333334 0.3678384328125 0.21483520208333334 0.3703144953125 0.20327342708333335 0.370487265625 0.1946632875 0.3678231296875 0.17621935833333333 0.362688615625 0.16590353125 0.3588500859375 0.1626701125 0.3543716546875 0.16297419583333334 0.3477067125 0.167498075 0.345720525 0.17039779583333334 0.34159812968750003 0.17107268541666668 0.34053002499999996 0.16996026875 0.3415762625 0.16034894375 0.34556569375 0.14424848333333334 0.34319591875 0.13948733333333332 0.3310679828125 0.14061464583333333 0.3257939390625 0.14276535208333332 0.319273334375 0.15584745416666665 0.3170811375 0.16350092291666665 0.3161962984375 0.17136945208333335 0.301592296875 0.18405853958333335 0.2969857109375 0.18996181041666665 0.2959119171875 0.19228306666666667 0.2962233390625 0.19566482708333333 0.2982370796875 0.20005517291666666 0.3021534640625 0.20413402916666668 0.3046229640625 0.22046436041666664 0.308300096875 0.22544057291666666 0.310074584375 0.23072827291666667 0.315014459375 0.2389305 0.317083309375 0.2579009770833333 0.3217174515625 0.25928777291666666 0.330913565625 0.25778225208333333 0.34674706718750004 0.2444627875 0.357812584375 0.23878938541666667 0.36011587968750003 0.23583774999999998 0.363148303125 0.22332670625 0.3649341640625 0.22174706041666664
0 0.053685140625 0.42116859166666665 0.045128928125 0.41913661041666667 0.0391931140625 0.41410108125 0.038597828125 0.4146276291666667 0.039983040625 0.41568813125 0.0375962046875 0.42122799791666665 0.041772831249999996 0.4595916729166667 0.0441369203125 0.46778649791666665 0.04745801875 0.47239190625000005 0.0498391671875 0.47028570833333333 0.0584789203125 0.46972945624999995 0.060904684375 0.4646123083333333 0.065628053125 0.45997719791666664 0.0682209015625 0.44968358125 0.0672866390625 0.43953830625 0.064961478125 0.4317662020833334 0.0661577390625 0.42727943124999995 0.06565167968749999 0.4217840729166667 0.0616574390625 0.416859775 0.0591984359375 0.41812053125 0.0578075359375 0.4204937020833333 0.053685140625 0.42116859166666665
0 0.016916862499999998 0.4413480875 0.028031803124999997 0.4536884916666667 0.035475296875 0.4576190104166667 0.034669192187499996 0.4418745479166667 0.0353090921875 0.4383370458333333 0.0323221609375 0.4233787041666667 0.028572859375 0.4141233791666667 0.028261439062499998 0.4107416208333333 0.0240611875 0.41057106875000005 0.019972032812500002 0.41510235208333335 0.019888492187500002 0.41769058541666665 0.01631108125 0.42428355208333335 0.014914496874999999 0.4300903958333333 0.014980978124999999 0.43780318124999995 0.016916862499999998 0.4413480875
0 0.6195622484375 0 0.61978925 0.0006632562500000001 0.62283216875 0.005743297916666667 0.6235385531250001 0.00991858125 0.6301750609375001 0.02256306666666667 0.6335407734375 0.024157520833333335 0.6385755640624999 0.022904170833333334 0.6465535499999999 0.015161679166666666 0.6476273406249999 0.012840422916666667 0.6541755 0.007048385416666666 0.6633383734375 0.0016864708333333331 0.6648447890625 0 0.6195622484375 0
0 0.184211796875 0.3774868895833333 0.1853188296875 0.37902202500000004 0.1928126234375 0.37650791666666666 0.19261798593749999 0.37439431666666667 0.1847292296875 0.37611490208333337 0.184211796875 0.3774868895833333
0 0.1835500265625 0.37030065208333335 0.18497416718749998 0.371783875 0.1861258140625 0.37030805625 0.185580828125 0.3643899791666667 0.1835224734375 0.36301058541666664 0.1835500265625 0.37030065208333335
0 0.218543815625 0.34483345625 0.23038876406250003 0.32315602083333334 0.2320246015625 0.31645182083333334 0.23104572499999998 0.3093174979166667 0.2235803625 0.29466323958333335 0.22208405468749998 0.28890090625000003 0.21709956562500002 0.28370963125 0.2063682140625 0.2790301 0.203642403125 0.27389814375000004 0.1971113046875 0.26938916041666666 0.19274965625 0.2709614041666667 0.1891779328125 0.27412069791666666 0.188654815625 0.27892636041666663 0.19094104843749998 0.28627574375 0.1908072046875 0.29530860416666666 0.1896888 0.30064081458333336 0.17912934062500002 0.31180957291666667 0.176108290625 0.3174532708333333 0.17277581875 0.3197152104166667 0.168842375 0.32593737083333335 0.1704497796875 0.33640153749999996 0.1732980609375 0.33936798125 0.1780935984375 0.33901198125 0.187122628125 0.34268292708333337 0.1994727578125 0.35095928125 0.20173143593749998 0.3510185979166666 0.20889675156249998 0.3554237520833333 0.218543815625 0.34483345625
0 0.2348151390625 0.378213425 0.22603104531249998 0.37021145208333334 0.2172412671875 0.3656431520833333 0.21307994375 0.36589532291666665 0.20090170624999998 0.37346726041666667 0.1967736234375 0.37757582291666664 0.1942700046875 0.38184753125 0.1941475359375 0.38401304374999995 0.19025870625000002 0.38722425208333333 0.1854907203125 0.39487031666666667 0.1816683734375 0.4057943104166667 0.18389861875 0.42302199583333333 0.1911304140625 0.43513993333333334 0.1926267234375 0.44090226666666665 0.194762934375 0.4431271 0.1973387203125 0.4431345020833334 0.209310946875 0.44031631250000003 0.21042366562499998 0.43841777291666667 0.21776174843749999 0.43421278541666664 0.22328073124999998 0.42773105208333334 0.2271363203125 0.42066345208333333 0.22988487656249998 0.4120607145833333 0.23140961875000002 0.4006546833333333 0.2359440390625 0.39047230208333333 0.23650608437499998 0.38608936041666664 0.235643990625 0.38022319583333336 0.2348151390625 0.378213425
0 0.3480285796875 0.4995631854166667 0.34207570781249996 0.5048286729166667 0.3389435625 0.5057705395833333 0.3353718375 0.50892983125 0.333658146875 0.5147885916666667 0.3343142296875 0.5254085020833333 0.3313985890625 0.5391877041666666 0.33225499531249997 0.5484875416666667 0.3353368421875 0.5539903020833333 0.33731734062499996 0.55452425625 0.3458792390625 0.5531225645833333 0.3474875234375 0.5391282979166667 0.350586428125 0.5343300395833332 0.353562865625 0.53169729375 0.368233346875 0.5267209958333333 0.3717661421875 0.52313898125 0.37268422343749996 0.5191268458333334 0.3702422796875 0.51008658125 0.36620911093749997 0.5047395625 0.35401469375 0.49815408958333335 0.3480285796875 0.4995631854166667
0 0.9504748890625001 0.4597207541666667 0.9506249125 0.46484530625 0.94827700625 0.47080789375 0.9460126390625 0.47418225 0.9413728109375 0.4762291270833333 0.939425553125 0.47955156666666665 0.9402097906250001 0.48457229166666665 0.9439647796875 0.49039394166666667 0.9500230609375 0.4932639604166667 0.96508281875 0.49251485624999997 0.9770550453125001 0.4896966666666666 0.9845658984375 0.47688153958333335 0.985890315625 0.46679558125000004 0.9877207921875 0.46220498125000004 0.987298275 0.4541213895833333 0.985718425 0.4509472875 0.9801775749999999 0.4467052833333333 0.9770065015625 0.44722442916666666 0.9749813875 0.44970142916666667 0.96728726875 0.4535356104166667 0.9527392562499999 0.45634639791666665 0.9504748890625001 0.4597207541666667
0 0.6092044109375 0.09894200208333334 0.610322815625 0.09360979166666666 0.615051871875 0.08554100833333332 0.6139675859375 0.07027117916666666 0.6168053718750001 0.05564653541666666 0.61649395 0.05226477708333333 0.6117990140625 0.03973152083333333 0.611448665625 0.03592704375 0.6104194875 0.03523734791666667 0.6116214359375001 0.027316904166666666 0.6102200421874999 0.012098989583333334 0.608918371875 0.008450254166666667 0.6026654515625001 0.0034666395833333336 0.5992608109375 0.0014494645833333334 0.593157915625 0.0015903999999999998 0.5808685828125 0.004460508333333333 0.5788434703124999 0.0069375104166666665 0.576651271875 0.014590977083333335 0.576595284375 0.024469277083333334 0.5796268296875 0.036416662499999995 0.583265034375 0.04097015625 0.5849616671875 0.04541241666666666 0.5918431156249999 0.05372587708333333 0.5951974546875001 0.06218767708333333 0.59419583125 0.06878804791666666 0.59117478125 0.07443174375 0.59124695 0.07871085625 0.5941341578125 0.08210001875 0.5954358281250001 0.08574875416666666 0.5982613609375 0.10244988958333333 0.6013432078125 0.10795265000000001 0.6026116375 0.10774499166666666 0.6065004671875001 0.10453378333333332 0.6092044109375 0.09894200208333334
0 0.2998680625 0.4834184791666667 0.3091031046875 0.48233568125000004 0.31691400625 0.47976965833333335 0.3210810171875 0.47608381666666666 0.32169336406250004 0.46525624583333336 0.3240802 0.45971637708333335 0.32330164687499996 0.45126198125 0.321838578125 0.44935604166666665 0.3185507234375 0.4486070270833334 0.305271140625 0.45121015416666665 0.3021779203125 0.45257474166666667 0.2964975421875 0.46079926875 0.2940385375 0.46206002500000004 0.29276442187499996 0.46570135625000003 0.2998680625 0.4834184791666667
0 0.3864165609375 0.14742981041666667 0.382216309375 0.14725926041666665 0.3777321921875 0.15099701666666665 0.375512440625 0.15136041875 0.3734427125 0.15684837083333333 0.37448807031250003 0.17169548125 0.3757118859375 0.174498775 0.37711896718750004 0.18628301458333332 0.3816306390625 0.18983532500000003 0.3868211390625 0.19027285208333333 0.3879671 0.19223070833333333 0.3902257796875 0.192290025 0.4007957328125 0.19871235208333332 0.40229772812500003 0.20104101458333332 0.4064979796875 0.20121156458333334 0.4089626703125 0.19651713541666668 0.40821735937500003 0.19191913125 0.39458830625 0.16625935 0.3915567609375 0.15431196458333335 0.38855277187500004 0.14965464166666667 0.3864165609375 0.14742981041666667
0 0 0.28979194166666666 0.003253275 0.2929734291666667 0.0092498828125 0.30915541874999997 0.01133010625 0.32125855 0.01330491875 0.325226175 0.016075343750000002 0.32734717916666667 0.0421560046875 0.3239356291666667 0.0486595484375 0.3211545416666667 0.0660785890625 0.30757550625 0.072504278125 0.30394898124999997 0.0808383 0.29657729791666665 0.0839761328125 0.29220175833333334 0.08776524062499999 0.2774213729166667 0.0871423984375 0.2706578541666667 0.084967259375 0.26801030416666666 0.079381796875 0.26677925208333336 0.07603314375 0.2548837770833333 0.0717664109375 0.24700044166666668 0.072172746875 0.24092662083333333 0.0708881359375 0.22697686666666667 0.0684186375 0.21064653541666667 0.0660488625 0.20588538541666665 0.05905063125 0.19630376666666666 0.0555681359375 0.19344115208333335 0.050099456249999993 0.19347826041666666 0.0416657125 0.18928076458333332 0.032514210937499996 0.18777533333333332 0.0226287734375 0.17480455208333331 0.019274434375 0.16634275 0.0183344859375 0.15963114791666666 0.0148966046875 0.15375758125 0.0114141109375 0.15089496666666669 0.0007549281249999999 0.15049454791666667 0 0.15066483333333333 0 0.28979194166666666
0 0 0.37888369375 0.00224333125 0.37638276875 0.010810915625 0.3715474020833333 0.020285209375 0.36956724583333334 0.0231837921875 0.3660890625 0.027545440625 0.36451681875 0.028341051562500004 0.3626701958333333 0.0432954015625 0.35378558958333334 0.0442637828125 0.343328825 0.046533834375 0.3365207979166666 0.0450764546875 0.33118118333333335 0.04294024375 0.32895635 0.038306103125000004 0.32756955625 0.014128085937500002 0.33066961875 0.011991875 0.3284447875 0.0106902046875 0.3247960541666667 0.00723045625 0.3081987479166666 0.0041875375 0.30311870625000004 0.0015452687499999999 0.29539851666666667 0 0.29378914166666664 0 0.37888369375
0 0.0240747328125 0.4981037770833333 0.009092831249999999 0.4996983208333334 0.0051983140625 0.5063432020833333 0.0034010781249999996 0.51479019375 0.0037732953125 0.5293184125 0.0050360375 0.5325444270833334 0.009981601562500001 0.53731298125 0.0095363359375 0.5429640833333333 0.011416234375 0.5563872875 0.015727582812499998 0.5612596708333334 0.0200446171875 0.5626983833333333 0.0235328 0.5621273229166667 0.0267484875 0.558597225 0.0328684421875 0.54815526875 0.0350995671875 0.54092451875 0.034493784374999996 0.5238599833333333 0.031579021875 0.5131807541666666 0.030722615624999998 0.50388091875 0.027796481249999998 0.5000690375 0.0240747328125 0.4981037770833333
0 0.77038068125 0.16438124375 0.7720497609375 0.16153343750000002 0.772094375 0.15852248333333332 0.7780918609375 0.15024604166666666 0.780284059375 0.142592575 0.7844510687499999 0.1389067333333333 0.7888127171875 0.13733448958333333 0.7940924453125 0.13175011041666668 0.795683671875 0.12805686458333335 0.79588968125 0.12330311666666667 0.7946999859375 0.09989778333333334 0.7912288640625 0.090167825 0.786127590625 0.08370838958333333 0.7847537531250001 0.07578054375000001 0.78162160625 0.07672240833333334 0.77786093125 0.07433442916666667 0.7677134953125 0.07599569375 0.75811673125 0.08014136250000001 0.7445589671875 0.08321912708333333 0.73539609375 0.08858104166666667 0.7171206484375 0.09286024374999999 0.7140217437499999 0.09765850000000001 0.7129755062500001 0.107269825 0.710705453125 0.11407785208333333 0.7072277671875 0.13223999583333332 0.698687734375 0.14436542916666667 0.6991937921875 0.1498607875 0.7021977828125 0.15451810624999998 0.702982021875 0.15953883124999998 0.70559105 0.16340262708333333 0.7044726453125 0.16873483958333332 0.7096128453125 0.17561699166666667 0.7115933453125 0.17615094583333332 0.7271421015625 0.19119821874999998 0.7354533765625 0.19756122708333335 0.7425854484375 0.1981099875 0.746552134375 0.19574421874999998 0.7522771265625 0.1845087375 0.7610061109374999 0.17793057916666666 0.7650895796875 0.17683296874999999 0.76954045625 0.16923882083333333 0.77038068125 0.16438124375
0 0.7577720703125 0.0729032125 0.75935760625 0.07264363958333334 0.760470325 0.07074509999999999 0.7640363609375 0.07101948125 0.7583730421875 0.06894298958333334 0.7553187515625 0.07073029375 0.7551573546875 0.07247308749999999 0.7577720703125 0.0729032125
0 0.8479779578125 0.13665933541666667 0.8482115234375 0.13919565416666665 0.845268328125 0.14568479166666667 0.8467475765625 0.16174814375000002 0.8504190234375001 0.17015803125 0.85553166875 0.16975011666666667 0.8674374140625 0.1592191395833333 0.8691064921875 0.15637133333333333 0.8692014078125 0.14691575208333332 0.8731737781250001 0.1411163125 0.87381368125 0.13757881041666667 0.87298570625 0.11111060833333333 0.8657368515625 0.10929368958333334 0.8567410609375001 0.10947913749999999 0.8539706359375 0.10735813333333333 0.8498482390625 0.10803302291666667 0.8491694109375001 0.11114780416666667 0.849930903125 0.12990322083333333 0.8479779578125 0.13665933541666667
0 0.6938742578125 0.17948087708333332 0.6955936375 0.17018844583333334 0.7001223703125 0.16343973541666665 0.7022756390625 0.15536354791666668 0.7018863625 0.15113634999999997 0.699872621875 0.14674600416666667 0.7058701093749999 0.1384695625 0.7098481671875 0.12923644791666666 0.7119511359375 0.1276048875 0.710616225 0.12009975833333333 0.712090665625 0.11513835416666666 0.71382141875 0.098978575 0.7120915453125 0.09067992291666667 0.7165756609375 0.08694216666666667 0.7222446671875 0.08558498333333334 0.7239526734374999 0.08315989791666666 0.723230109375 0.06482720208333333 0.7212942234375 0.06128229583333333 0.7142513796875 0.05471162916666667 0.710624546875 0.04329078958333333 0.7074591609375 0.0403762625 0.7004884828125 0.038084708333333335 0.6924050890625 0.037691691666666666 0.68411568125 0.042052422916666665 0.6835982484375001 0.043424412499999995 0.67917011875 0.03728386875 0.6754094453125 0.03489588958333333 0.672110215625 0.04101422083333333 0.6697120046875 0.053421437499999995 0.6704791859375 0.06874318125 0.6731157671875 0.07989704375 0.6747117984375001 0.09722855416666666 0.675935615625 0.10003184999999999 0.6770474546874999 0.12259174375 0.67585119375 0.12707851458333333 0.6760790734375 0.13304850625 0.674593259375 0.14487726041666665 0.6700531546875 0.15849331666666666 0.6692907828125 0.16419633125 0.6699914812500001 0.1718052875 0.6744528515625 0.18180222291666667 0.6819742 0.18657818333333334 0.6862133781249999 0.18717145416666667 0.6902189921875 0.18522840624999998 0.6938742578125 0.17948087708333332
0 0.5994326562500001 0.32839002291666664 0.600383978125 0.32823428125000004 0.5998333062500001 0.32574987499999997 0.5994326562500001 0.32839002291666664
0 0.655712446875 0.2754088416666667 0.6556848921875 0.268118775 0.6524862640625 0.26134785625 0.6485698796875 0.2572689979166667 0.637443565625 0.2517959375 0.6272182734375 0.25261176458333334 0.625794134375 0.25112854375 0.61358265625 0.2548440895833333 0.605182153125 0.2545029875 0.5934491796875 0.256423825 0.59209720625 0.2592197145833333 0.59502815 0.28405635625 0.5943047078125 0.2901820916666667 0.5951221875 0.2990592083333333 0.6031714640625 0.3200542625 0.6087123125 0.32429626875 0.6175913203125 0.32284266250000004 0.62629755625 0.32999919583333337 0.6369510515625 0.33383328958333336 0.651894028125 0.331816025 0.665218225 0.32620194375 0.6662530890625 0.3234579666666667 0.6659416671875 0.32007620833333333 0.6643675046874999 0.3134684333333333 0.659945059375 0.30389421875 0.658154390625 0.28444910625000003 0.655712446875 0.2754088416666667
0 0.4716978765625 0.24159955 0.4564159265625 0.23294498749999998 0.45312238281250006 0.23562964791666668 0.44977853906250004 0.24475893333333335 0.44929434687500003 0.2499873125 0.44317439218750004 0.26042926875 0.440832171875 0.26295818541666666 0.4329434140625 0.26467876875 0.4347730109375 0.2845466 0.4340552546875 0.2872386625 0.4298825578125 0.29435817708333334 0.42278372500000005 0.2976658104166667 0.41925092968750005 0.30124782291666663 0.41793788593750003 0.3044664354166667 0.41772618906250003 0.31265385625 0.41641314375 0.3158724666666667 0.416746434375 0.32997796458333334 0.421886634375 0.33686011666666665 0.42727745937500006 0.33597757083333335 0.43556686562499997 0.3316168395833333 0.4480954515625 0.3278493791666667 0.45536136718750003 0.3193652791666667 0.45846595937499995 0.31113335000000003 0.4591950890625 0.30157393958333334 0.4626500296875 0.2971464875 0.46994918593749996 0.29251878125 0.47126791562500003 0.2858664958333333 0.47041150781249996 0.27656666041666667 0.4792183484375 0.27083393958333335 0.48021428281249995 0.26766724166666667 0.4795525140625 0.2604810041666667 0.4716978765625 0.24159955
0 0.2480116421875 0.21042318125 0.2643949375 0.22404655208333332 0.26704289375 0.22833306666666667 0.27021396875 0.22781392083333335 0.2773963421875 0.22191805625 0.281123775 0.22044964166666667 0.29406438281249997 0.20717468749999998 0.29585593125 0.20216136666666668 0.2939703453125 0.19217183541666666 0.3035784828125 0.18115881875 0.3117121796875 0.1751072104166667 0.31516711875 0.17067975625 0.3159351765625 0.16154306875 0.319401490625 0.15024826875 0.3211873515625 0.14866862291666666 0.322344684375 0.14375913125 0.3286926953125 0.13439548125 0.3362536765625 0.12002741458333334 0.33317182968750003 0.11452465208333333 0.322051203125 0.10561792083333334 0.30448870625 0.08618030208333334 0.2958213953125 0.07944648958333334 0.28485079375 0.07566431041666667 0.269868890625 0.07725885208333333 0.2667813578125 0.07518976666666667 0.2598885375 0.07374365208333335 0.25247828437500003 0.073669525 0.249390753125 0.07160043749999999 0.245952871875 0.06572687083333334 0.243505240625 0.060120279166666665 0.24201461875 0.050924272916666666 0.23980055312499998 0.04785400208333333 0.228151121875 0.047186606250000006 0.2170912890625 0.049426333333333336 0.21106056406249998 0.05384638333333334 0.2037167921875 0.061485043749999996 0.20057327187500001 0.06929425416666667 0.1915604234375 0.07978072083333335 0.190725884375 0.081204625 0.1917436890625 0.08876166666666667 0.194274859375 0.09178002291666668 0.2010452109375 0.09539165000000001 0.2028643140625 0.09766839791666666 0.20266399062499998 0.09898847083333333 0.1998821921875 0.10373481458333332 0.1900518625 0.10534416458333333 0.1864801390625 0.10850345833333333 0.184493953125 0.11140317916666667 0.184371484375 0.11356869166666667 0.182824875 0.11425098333333333 0.17920853750000001 0.12042123125 0.17912499531249998 0.12300946458333333 0.17645998125 0.12902396875 0.175880875 0.14370792916666666 0.17460675781249999 0.14734926041666666 0.17503496093749998 0.15199917916666666 0.17902920312499998 0.15692347708333332 0.182639853125 0.15418690208333335 0.1883420984375 0.1566861145833333 0.1898051671875 0.15859205416666666 0.207473953125 0.16170675 0.214956375 0.1660599875 0.22112575156249997 0.1736318375 0.22187106406249998 0.17822984166666667 0.2237680203125 0.18135202708333334 0.2342155046875 0.18993986875 0.23674099062499998 0.19639189583333333 0.2445737609375 0.20454961458333332 0.2480116421875 0.21042318125
0 0.6923158125 0.35480586458333335 0.6940570593750001 0.35623717083333334 0.6985354906250001 0.3559330895833333 0.70165145625 0.3408338104166667 0.7001722078125 0.3247704583333333 0.692873928125 0.30493973333333335 0.6720673109375 0.3062005791666667 0.6705985546875 0.3077283125 0.6688459359375 0.31316435 0.6692238390624999 0.32425889375 0.6714322171875 0.33076283958333336 0.6870199015625 0.34623283125 0.6923158125 0.35480586458333335
0 0.3855854875 0.36211225208333336 0.3909430734375 0.3573733125 0.39572243125 0.3428599041666667 0.40100784687499996 0.33384185 0.4041124390625 0.32560991875 0.41014885312500005 0.31775619791666665 0.41241890468750003 0.31094816875000003 0.4127473859375 0.30402890625 0.41429968125 0.29991294375 0.42692318125 0.28668990208333334 0.4243369 0.2690914125 0.4209825625 0.2606296125 0.419736878125 0.24710257916666667 0.41078658125 0.21981864166666665 0.40861144375 0.21717108958333334 0.404928625 0.2156285479166667 0.39272283125 0.21591042291666668 0.3868202609375 0.21473128541666667 0.3802891609375 0.21022230416666668 0.376689884375 0.20609152916666668 0.373201703125 0.20666258958333333 0.3700135703125 0.21748275416666668 0.3640882515625 0.23003831041666667 0.363604059375 0.23526668958333333 0.3584021859375 0.24169650833333334 0.34094990625 0.25141915416666666 0.334479603125 0.25805663125 0.3240539859375 0.26019253125 0.3163266265625 0.26017031875 0.31263811874999997 0.26206145416666665 0.3088271453125 0.2661181020833333 0.3117637734375 0.28752106875 0.3224277640625 0.3089462458333333 0.32462476875 0.32231753750000003 0.3267220515625 0.32411965 0.32997098125 0.32444594374999997 0.336908415625 0.32288110625 0.3402408875 0.3206191666666667 0.34459685 0.32248059583333333 0.3458928328125 0.32956300625 0.3452861734375 0.3369569 0.3516112609375 0.34621962916666665 0.359683284375 0.3534799916666667 0.368278425 0.35593469166666664 0.3724340609375 0.3591161958333334 0.379760771875 0.36177855416666665 0.3855854875 0.36211225208333336
0 0.42070040468750003 0.526713325 0.42151788437500004 0.5355904395833334 0.4168277546875 0.54408194375 0.4172948859375 0.54915458125 0.4213669828125 0.5549243208333333 0.42881047499999997 0.5588548375 0.43645998124999996 0.5580316083333333 0.4425685625 0.554457 0.4465798625 0.5490802770833334 0.448649590625 0.543592325 0.44709248749999997 0.52668353125 0.44224184062500005 0.5124593958333333 0.439393559375 0.5094929541666666 0.43344637500000005 0.51132476875 0.4274099609375 0.5191784916666667 0.4220523765625 0.52391743125 0.42070040468750003 0.526713325
0 0.7020949625 0.38409957499999997 0.7005986531249999 0.3783372395833334 0.695330296875 0.37705427291666666 0.69286560625 0.38174870208333334 0.6932159546875 0.38555318125 0.6916133578125 0.39611377291666666 0.6865615078125 0.40766814583333333 0.687340059375 0.4161225416666667 0.6886417312499999 0.41977127500000005 0.697030859375 0.42697972291666664 0.6989724328125 0.42709095625 0.7000794640625 0.42862609166666665 0.7067387203125 0.42753588750000004 0.7118570531249999 0.42369430208333336 0.7149559578125 0.41889604375 0.71555693125 0.41493582083333336 0.7099106734375 0.4025583104166667 0.703262790625 0.39678116874999997 0.7008930140625 0.3920200166666667 0.7020949625 0.38409957499999997
0 0.503835228125 0 0.499595053125 0.002747775 0.49174522343750005 0.004891077083333333 0.4763180578125 0.012136718749999999 0.47341947656250005 0.01561490625 0.46937493437500005 0.017135233333333333 0.46584213906249994 0.020717245833333335 0.4663814390625 0.030068997916666666 0.4682394703125 0.0327684625 0.46886231250000004 0.03953198125 0.467426796875 0.044916104166666665 0.45928172968750003 0.0578350625 0.45708953125 0.06548853125 0.4592865375 0.07885981875 0.4579564328125 0.09237945208333334 0.4607601 0.09835684583333333 0.4612661578125 0.10385220416666667 0.46014775312499995 0.10918441666666667 0.46112094218750005 0.11975241041666668 0.46387999375 0.12874076041666668 0.46573802343750004 0.13144022708333333 0.4674119109375 0.14961717916666667 0.469075303125 0.15020304583333333 0.4706162265625 0.15295442708333334 0.479367078125 0.15710000624999998 0.48193717812500003 0.16054108333333333 0.4817530328125 0.17601856875 0.4870708140625 0.19531534166666667 0.492767371875 0.20124822708333331 0.49766832031249997 0.20902773333333335 0.5004663 0.21843880208333333 0.505450790625 0.22363007708333335 0.5100460046874999 0.22459415416666667 0.516627403125 0.22265850833333334 0.5186135890625 0.2197587875 0.52166788125 0.21797148333333333 0.522424565625 0.21570214166666668 0.5307585859375 0.20833045833333333 0.5321105578124999 0.20553456458333336 0.537545996875 0.20164106458333333 0.544778671875 0.1893005729166667 0.5560502015625 0.1788734229166667 0.563282875 0.16653293125 0.566220384375 0.16347746458333334 0.5706209609374999 0.16232794374999998 0.5790547046875 0.16652543749999998 0.582019765625 0.17076003958333336 0.5823701156250001 0.17456451875 0.585936153125 0.1748388958333333 0.5969570546875 0.17217644999999998 0.600456609375 0.16473804375 0.6007794046875 0.16125245625 0.5982985328125 0.15178947291666667 0.5964632484375 0.13535531458333333 0.5931089093749999 0.12689351458333334 0.5927196343750001 0.12266631666666666 0.5947893625 0.11717836250000001 0.5988006625 0.11180164166666667 0.5989231296875 0.10963612708333333 0.5971657031250001 0.09404740833333333 0.59124695 0.07871085625 0.59177006875 0.07390519583333334 0.5947132640625 0.06741605833333333 0.5940514953125 0.06022982083333333 0.578792290625 0.037840566666666665 0.57571613125 0.028904133333333335 0.571204459375 0.025351822916666666 0.5689457796874999 0.025292504166666667 0.559482859375 0.020405314583333334 0.555371834375 0.01421285625 0.5518057984375 0.013938475 0.5454190359375 0.01798772083333333 0.5422479625000001 0.018506866666666667 0.5357776578125 0.025144341666666667 0.532478428125 0.031262675 0.5252238874999999 0.03287942916666667 0.523721890625 0.030550768750000002 0.5237665046875 0.027539814583333332 0.5286237171875 0.01387184375 0.5286294046875 0.010438170833333335 0.5268159890625 0.004727752083333333 0.5213138734375 0 0.503835228125 0
0 0.7175230078125 0.35239549791666663 0.7156146765625 0.35614065833333336 0.7148912328125 0.36226639374999997 0.712343 0.36954905625 0.710061575 0.38322442916666666 0.7103559359375 0.3969072083333333 0.7095992515625 0.39917655 0.7103445625 0.40377455625 0.7165082546875 0.4147800770833333 0.719401146875 0.41473556666666667 0.7246030234374999 0.40830574583333334 0.726639509375 0.3989614 0.7267904109375001 0.3796275229166667 0.7296111375 0.3753038979166667 0.7294554265625 0.37361301875 0.73315530625 0.3648545375 0.7330888234375 0.3571417520833334 0.7308804453125 0.35063780833333336 0.7245829109375 0.34866514375 0.7201823359375 0.34981466875 0.7175230078125 0.35239549791666663
0 0.199551028125 0.4951216375 0.196140703125 0.4965381375 0.196279353125 0.5085300354166666 0.194320721875 0.5187198229166666 0.1906265296875 0.5240446291666667 0.18392265937500002 0.5281457875 0.182809940625 0.530044325 0.182681784375 0.5356435125 0.1839055984375 0.5384468083333334 0.1908649015625 0.5476057062499999 0.19287864375 0.5519960520833334 0.1968785703125 0.5534866770833333 0.21012491249999998 0.5470271541666667 0.2198773859375 0.5445723645833334 0.2225367140625 0.5419915354166667 0.22607519687500002 0.5349758479166666 0.226726471875 0.524571 0.22100804375 0.507914375 0.21927817031250002 0.49961572291666667 0.2164688171875 0.497072 0.20497509531250002 0.49809548333333337 0.2006580609375 0.49665677291666666 0.199551028125 0.4951216375
0 0.8895330343750001 0.04961588958333333 0.88430929375 0.045321970833333336 0.871029709375 0.047925100000000005 0.8556414718750001 0.055593464583333335 0.8532213953125 0.05727693958333333 0.850077875 0.06508615208333333 0.8501443578125001 0.0727989375 0.8486699171875 0.07776034166666666 0.8491370484375 0.08283297916666667 0.8471841031249999 0.08958909374999999 0.8493421796874999 0.10253766458333334 0.8549219578124999 0.10720238958333334 0.8672445328125 0.10818867708333334 0.8725964296875001 0.10688341041666667 0.8744325921874999 0.0988591375 0.881687134375 0.09724238333333333 0.885181003125 0.09323765 0.8868946953125001 0.08737889166666667 0.88750704375 0.07655132291666668 0.8925645796874999 0.06156327708333333 0.891663559375 0.05527439583333334 0.8895330343750001 0.04961588958333333
0 0.13005555 0.3207017625 0.13384377812499998 0.3303798104166667 0.13772123593750002 0.3340359479166667 0.1419214875 0.3342064979166667 0.1646867375 0.32275586666666667 0.1739720796875 0.31522843958333335 0.18092088906249998 0.30679625416666667 0.1893716921875 0.3006927291666667 0.1905347125 0.29234956458333333 0.1877927203125 0.27306019791666664 0.17909216875 0.26246998958333334 0.176488828125 0.25517252083333336 0.177011946875 0.25036685833333333 0.18291451875 0.25154599583333337 0.1924942234375 0.2577013458333333 0.20354268125 0.2623289645833333 0.21860243906250001 0.2615798604166667 0.22015473437500002 0.25746389583333334 0.2193372546875 0.24858677916666666 0.21310708125 0.22986847083333334 0.2074608234375 0.21749096041666668 0.205736634375 0.20575863333333333 0.198148803125 0.19326988958333333 0.1923914484375 0.17619054583333332 0.181465459375 0.1693974125 0.1785336390625 0.16901920416666666 0.1742612171875 0.16456954166666668 0.17189144218750002 0.15980838958333335 0.16912101875000002 0.15768738541666666 0.15877894374999998 0.15723505208333333 0.1537109109375 0.15463201041666666 0.1476858703125 0.1556183875 0.1409041453125 0.15887410624999998 0.13566334375 0.16488120625 0.132214090625 0.16587498541666665 0.127863815625 0.16057988333333334 0.12414206875 0.15861462291666667 0.1216108953125 0.15559626458333334 0.117844534375 0.15664196041666667 0.10756894218749999 0.1639024125 0.10518210624999999 0.16944227916666668 0.1030791375 0.17107384166666667 0.10247816406250002 0.17503406458333334 0.10029165312499999 0.17925385833333335 0.1004027484375 0.18395569166666667 0.0968253390625 0.19054865625 0.094366334375 0.1918094145833333 0.08418565624999999 0.18961428541666667 0.07819954375 0.19102337916666665 0.0766918625 0.19212839375 0.075489915625 0.20004883541666668 0.07330340468749999 0.20426863125 0.073870259375 0.22091044791666667 0.075639059375 0.22963182083333333 0.07820828125 0.25753132916666666 0.0796267359375 0.26244822500000003 0.084021625 0.264732375 0.09448617031249999 0.26301919583333333 0.0989702859375 0.25928143958333333 0.1036490421875 0.25765728125 0.1095126859375 0.25841369791666663 0.10517290625 0.27070967916666666 0.10519477343750001 0.28143342083333334 0.11013464843750001 0.28963564583333334 0.11514669375 0.3021169875 0.11866811562499999 0.30540232083333335 0.1240029546875 0.3143980729166667 0.13005555 0.3207017625
0 0.41478741562500004 0.010195472916666667 0.41501660625000003 0.01058704375 0.41735314062500006 0.011491802083333334 0.42115842968750006 0.010868827083333334 0.43177299687500004 0.014280202083333334 0.4413527015625 0.020435552083333332 0.45018709531249995 0.021992897916666664 0.4600952796875 0.0212289875 0.4643790734375 0.01881130625 0.462860896875 0.00232523125 0.41478741562500004 0.010195472916666667
0 0.2775909796875 0.22403165416666668 0.26664224375 0.23097321458333334 0.2625701484375 0.22520347916666666 0.2584534390625 0.22244469375 0.2513992203125 0.222741375 0.245724528125 0.22753222708333334 0.2443336296875 0.22990539999999998 0.2453068203125 0.24047339375 0.24858330468749998 0.24808975625000002 0.251431584375 0.25105619791666667 0.25343395156250004 0.2623138916666667 0.2548580921875 0.26379711041666665 0.26649615 0.2713318520833334 0.28057703125 0.26344842916666666 0.2831585046875 0.26002215833333336 0.2847108015625 0.25590619375 0.2849224984375 0.24771877291666666 0.2872314796875 0.24133346458333332 0.28598010937499996 0.23124010416666665 0.2864643 0.22601172083333332 0.28488444999999996 0.22283762083333333 0.2775909796875 0.22403165416666668
0 0.7243082453125 0.25130605208333334 0.7103944484375 0.25401301041666663 0.7057878609375 0.25991628125 0.703311796875 0.27147805625000004 0.705374959375 0.29388220833333334 0.708417878125 0.29896225 0.7143926171875 0.30442049791666664 0.7374636031249999 0.2997853 0.742659790625 0.2967891520833333 0.7490019390625 0.2957508625 0.7521397703125 0.2913753229166666 0.7542095 0.2858873708333334 0.7530084296874999 0.2693493833333333 0.7501715234375 0.25951559375 0.74380750625 0.24983014583333332 0.7390176546875 0.24675247083333335 0.7329536859375 0.24731612708333334 0.7287477499999999 0.2505792479166667 0.7283081734375 0.2527966770833333 0.7243082453125 0.25130605208333334
0 0.199284221875 0.48872892500000004 0.20936517656250003 0.479354875 0.2051762984375 0.4723169791666667 0.1990847765625 0.4655905666666667 0.1903785390625 0.4584340333333333 0.18122135156250002 0.460362275 0.1782392296875 0.4664286916666667 0.17890099843750001 0.47361493125000004 0.186578059375 0.48008176666666663 0.18973775937499998 0.48642996875000005 0.1925860390625 0.4893964104166667 0.199284221875 0.48872892500000004
0 0.2035688921875 0.46185281041666665 0.21128488124999997 0.46874236875 0.2152126390625 0.46595387916666664 0.2165427421875 0.45243425 0.2152856859375 0.4457745604166667 0.2128712953125 0.44402436458333333 0.20966129531250002 0.44412078958333334 0.2017336109375 0.4454186520833333 0.19776692499999998 0.4477844208333333 0.19689345625000002 0.4487856041666667 0.1983119109375 0.45370249791666667 0.2034131828125 0.46016193333333333 0.2035688921875 0.46185281041666665
0 0.34932419531250003 0.05223641041666667 0.3491684859375 0.050545531250000005 0.3562008359375 0.03952511041666666 0.358688271875 0.021095989583333332 0.3585325625 0.019405110416666666 0.3047602078125 0.028208329166666667 0.30378976562500004 0.029654483333333332 0.303539140625 0.03741918125 0.29813694218750003 0.045169075 0.2985262171875 0.04939627291666667 0.30460068125 0.06642370416666667 0.3099744453125 0.075842175 0.3155988375 0.07749594791666665 0.3338799703125 0.06978307291666666 0.34578571406249997 0.05925209583333334 0.34932419531250003 0.05223641041666667