0 0.076539121875 0.04791327708333334 0.0548147546875 0.051452268749999995 0.03490739375 0.06968258541666666 0.031179490625 0.08276959166666667 0.030431832812499997 0.10012065625000001 0.0324489078125 0.10527381041666667 0.0325169625 0.110472325 0.0342375578125 0.1177990875 0.036265978125 0.1238186625 0.038249026562499996 0.12637255625000002 0.048330309375000005 0.12700461458333334 0.0487288734375 0.13262877916666665 0.06312377500000001 0.14009390833333332 0.07126170937500001 0.14120453541666667 0.074168228125 0.13983686666666667 0.074642090625 0.12639225 0.0736222109375 0.12294925416666666 0.070995159375 0.12084368541666667 0.0709554609375 0.11781121875 0.0735314703125 0.1160179 0.074460609375 0.11252954375 0.07320820781250001 0.09132495416666667 0.0805717 0.08292009166666667 0.08734223125 0.07886244375000001 0.09279072968749999 0.07310219791666667 0.0915156421875 0.05016477083333334 0.09082626875000001 0.047147425 0.0868942 0.0446388875 0.0836741890625 0.04688053541666667 0.0791037875 0.0452535375 0.076539121875 0.04791327708333334
0 0.865365159375 0.43602898333333334 0.8623679015624999 0.4304653 0.8574840078125 0.42971228125 0.851585903125 0.4259494770833333 0.847032515625 0.4256221083333333 0.8435670656250001 0.43393625 0.8421130203124999 0.4469703375 0.8432519984375 0.4595107354166667 0.8459244171875 0.46508197916666666 0.85249488125 0.47056250208333333 0.8587064796874999 0.4734513291666667 0.8622740140625 0.47293495625 0.8703212062500001 0.46711423125 0.8770236828125 0.45785806875 0.883344609375 0.44427737083333335 0.8858298781249999 0.4355526979166667 0.8857561515624999 0.429920975 0.8840922687500001 0.42692630833333334 0.8766266937499999 0.4275333979166666 0.8750592218750001 0.4319032958333333 0.8721810609375 0.43543701250000005 0.8682943609375 0.4363941520833333 0.865365159375 0.43602898333333334
0 0.3013725125 0.12068211458333335 0.3053102515625 0.12362386041666666 0.31375033750000003 0.12299409166666667 0.31357452812500003 0.10956459375000001 0.314532025 0.10824228541666667 0.313859665625 0.10652456666666667 0.31253763437500004 0.10482196875000001 0.308662278125 0.10664552916666666 0.307413971875 0.11057465416666666 0.3019824859375 0.11763452916666667 0.3013725125 0.12068211458333335
0 0.2839649125 0.08165316874999999 0.2830754703125 0.08817399166666666 0.28648263281249997 0.10022825833333333 0.29144025625 0.10661300208333334 0.294711309375 0.10827023958333333 0.2976121546875 0.1064693625 0.3036536140625 0.09636189791666668 0.309729103125 0.08885369583333333 0.3115873828125 0.08187698125 0.3104824328125 0.07193584166666667 0.30848237031250003 0.06808231666666667 0.30421979375 0.06514812916666667 0.2928561765625 0.06584594166666666 0.2896475078125 0.06895400833333333 0.2839649125 0.08165316874999999
0 0.7182821406250001 0.44465220833333335 0.7149997453125 0.44212854999999995 0.7036191140625 0.44152673124999997 0.699749428125 0.44378350208333334 0.6943292859375 0.45170979583333337 0.6930299375 0.4517400354166667 0.6888751140625 0.45703683125 0.6847826765625 0.46709893124999996 0.6856421874999999 0.4831125666666667 0.6883089375 0.4882506 0.6907075625 0.49772828958333337 0.6926962828125001 0.5007153958333334 0.6966283515625 0.5032239333333333 0.6969815453125 0.5053824208333333 0.7005660921875 0.50616568125 0.7014725484375 0.5009444854166667 0.7049663546875 0.4947963916666666 0.715578215625 0.4863159270833333 0.7188209125 0.4858071145833333 0.7210550718750001 0.4827217270833334 0.7233232562499999 0.48223559791666665 0.73103994375 0.4759892229166667 0.7348302296875 0.46766752083333335 0.7363069609374999 0.45636627083333337 0.7355835609375 0.45074966666666666 0.7339083359374999 0.44688858124999997 0.7293039078125 0.4426623270833333 0.72540019375 0.44231983750000003 0.72282985625 0.4445463666666667 0.7182821406250001 0.44465220833333335
0 0.8613643874999999 0.0807820125 0.8555286656250001 0.0817845125 0.8481424890625 0.0884565375 0.84463166875 0.09330500416666668 0.8385051406249999 0.09691432083333333 0.8350056609375001 0.10262920833333333 0.8306053984374999 0.11399849791666666 0.8307641953125 0.12612836666666666 0.83179541875 0.13043777916666668 0.8344791812500001 0.13687544375000002 0.8417276734374999 0.14450689375 0.847300940625 0.14827726041666667 0.8616448015625 0.15184350208333333 0.8739886015625 0.15155622083333334 0.8794938140624999 0.15012807083333335 0.8830216468750001 0.1465792333333333 0.8855239312500001 0.13915418958333334 0.889040421875 0.13473893541666668 0.892517215625 0.12729121041666666 0.893412328125 0.12120359583333333 0.8927982562500001 0.09911746875 0.8913401125 0.08701783958333334 0.8893627359374999 0.08489715416666667 0.8776402546875 0.08300326666666667 0.8718272203125 0.08573860625 0.8613643874999999 0.0807820125
0 0.37821233125 0.18216165833333334 0.3781045765625 0.17393067708333335 0.37375692968749996 0.16449834791666668 0.368132621875 0.15682909583333335 0.365180734375 0.15473108958333331 0.3388519390625 0.154043825 0.3339964 0.15545685625 0.332725409375 0.15765314375 0.33210409375 0.15983431041666665 0.3337679765625 0.16282897708333335 0.3341722109375 0.16888635208333333 0.338935434375 0.18524247291666668 0.339105571875 0.1982387604166667 0.33720759375 0.20218300833333333 0.33174775156249997 0.20707683541666666 0.32925113906250003 0.21493508749999998 0.3313135859375 0.22355391875 0.3359520421875 0.23037942916666668 0.3436970828125 0.22629910208333334 0.3492703515625 0.23006946666666667 0.3512817546875 0.23478941250000002 0.354541465625 0.23558023125000002 0.3584395078125 0.23548951041666666 0.3603374875 0.23154526250000002 0.361956 0.2310742541666667 0.3764813421875 0.24850320416666666 0.3817411140625 0.25314754791666666 0.38795838437499996 0.25646958333333336 0.395435303125 0.2567289125 0.3970197875 0.25365864374999997 0.3960752078125 0.23114686666666667 0.3966795109375 0.22766607083333332 0.3985888328125 0.22458824375 0.3984924203125 0.21722367916666666 0.3954838203125 0.21079357708333332 0.392720659375 0.19829097916666666 0.3890907421875 0.19404204583333332 0.37964778906249996 0.19252844791666668 0.37670157187500003 0.19086365 0.37663351718750004 0.18566513541666665 0.37821233125 0.18216165833333334
0 0.050238682812500005 0.04939206041666667 0.0684182015625 0.048102279166666664 0.073262396875 0.04582282916666667 0.07975346250000001 0.04523841875 0.083623146875 0.042981649999999996 0.0908773109375 0.051046310416666664 0.0905313625 0.024620525 0.087774778125 0.009517727083333333 0.0137747390625 0.011239960416666667 0.0186403453125 0.018493529166666668 0.0186687015625 0.020659575 0.021318437500000002 0.024497981250000002 0.0280250125 0.04037553333333333 0.031313078125 0.0433324 0.034236609375 0.04326436041666667 0.039388629687499996 0.03967772291666667 0.0436568765625 0.04304511875000001 0.04664279375 0.04774238333333333 0.050238682812500005 0.04939206041666667
0 0 0.12190198958333333 0.003668871875 0.115910475 0.0051682875 0.10634206458333333 0.004388174999999999 0.09639336458333332 0.0021086453125 0.09601307499999999 0 0.09809680416666668 0 0.12190198958333333
0 0.025129837500000002 0.042609622916666666 0.024417778125 0.037859437499999996 0.0227935953125 0.0378972375 0.02184176875 0.03965275625 0.022200634375 0.042244452083333335 0.0235169953125 0.04351384166666667 0.025129837500000002 0.042609622916666666
0 0.018793470312499998 0.0301901875 0.018850182812499998 0.034522283333333334 0.021482904687500002 0.03706105833333333 0.020406310937499998 0.029285966666666666 0.018793470312499998 0.0301901875
0 0 0.090874575 0.0068621015625 0.08680227291666666 0.0096381796875 0.07547078333333333 0.010163084375 0.06592505208333334 0.01007234375 0.0589937 0.0083744328125 0.053399775000000003 0.0037473203125 0.04744068125 0.0017869562499999998 0.046619625000000005 0 0.041264239583333334 0 0.090874575
0 0.0141039734375 0.0194657875 0.01307275 0.015156370833333332 0.012457103125 0.017770750000000002 0.0134429578125 0.018614489583333334 0.0124854609375 0.01993679791666667 0.013465642187499998 0.02034732708333333 0.0141039734375 0.0194657875
0 0.1519255203125 0.023191672916666666 0.15227304218749999 0.024916954166666668 0.154809353125 0.020091166666666667 0.15219364375 0.018852018749999998 0.1547583109375 0.016192279166666667 0.15376678593749998 0.01491533125 0.1527866046875 0.014504802083333332 0.15215961718749998 0.016252760416666668 0.1518744796875 0.019292787500000002 0.15385185625 0.021413475 0.1519255203125 0.023191672916666666
0 0.16210321562500002 0.031188295833333334 0.1514800125 0.03880233958333333 0.150477146875 0.03665897083333333 0.1514232984375 0.034470241666666665 0.1513268875 0.02710568125 0.1487168515625 0.026299741666666664 0.14191796406249998 0.028191339583333332 0.13896040468749998 0.025660125 0.137951865625 0.023083547916666666 0.137866796875 0.016585404166666668 0.13521706093750002 0.012746997916666667 0.120924240625 0.013079641666666668 0.11809145000000001 0.02007903541666667 0.1162558546875 0.02878858541666667 0.11998785468749999 0.040835293749999994 0.127219334375 0.04716711666666666 0.1312024453125 0.05357453958333334 0.13133855625 0.06397156875 0.1355727765625 0.06473970625 0.1386963765625 0.05513349583333334 0.1429249265625 0.05546842291666666 0.140143178125 0.06636670416666667 0.137589853125 0.06989286041666666 0.13667205625 0.0742476375 0.134124403125 0.07820700416666666 0.12720484375000002 0.09570170833333333 0.12533522187499999 0.10181200208333333 0.12575647031249998 0.10916900624999999 0.13132973750000002 0.11293937083333333 0.1397754953125 0.11274280833333333 0.147275096875 0.11473497708333333 0.151788784375 0.11202987708333333 0.1581834375 0.10408090416666667 0.1614147921875 0.10270567291666667 0.1685612015625 0.10253935208333333 0.1756679125 0.09934056458333333 0.1781928796875 0.09364836041666667 0.1790199375 0.08236223125 0.183101034375 0.07143371041666667 0.184007490625 0.06621251458333334 0.184828875 0.054493175 0.183763625 0.047584502083333334 0.1820770578125 0.04285699791666667 0.1799522265625 0.0294728625 0.1701844359375 0.027966827083333333 0.1640182078125 0.028543677083333333 0.16210321562500002 0.031188295833333334
0 0.715435159375 0.22718100208333333 0.712288875 0.23505437499999998 0.7120320921875 0.24026044791666665 0.7095638390625 0.25028475 0.7019775921875 0.26649494375 0.69938456875 0.2669886354166667 0.697788740625 0.26919248333333334 0.69386234375 0.2671171583333333 0.69400885 0.27830825833333334 0.6949956484375 0.27922434375 0.694038153125 0.2805466541666667 0.6978964953125 0.27742346458333333 0.706398965625 0.281559 0.7087465500000001 0.28713780208333334 0.7116530671875 0.28577013333333334 0.7205273171875 0.26866327916666666 0.7223855968749999 0.2616865666666667 0.72941858125 0.25285605208333334 0.7319265359375 0.24586421875 0.7360700171875 0.23970100416666668 0.7413653921875001 0.2222441 0.74128599375 0.21617916458333333 0.7375766796875001 0.20586529791666666 0.734311296875 0.20464126875 0.7297919375 0.20691315625 0.7224341171875001 0.21575123125 0.715435159375 0.22718100208333333
0 0.9650081390624999 0.3778088895833333 0.9666776921875 0.38123676458333333 0.9692877296875 0.3820427020833333 0.9706154343750001 0.3841785125 0.9745304890625001 0.38538741875 0.9827251359375 0.3908301416666667 0.9892445562500001 0.39241177916666664 0.9960604578125001 0.39181980833333335 0.998623865625 0.38906380208333335 0.9980850453125001 0.34790518958333333 0.9897896234375001 0.3347646645833333 0.9783012390625 0.3259318666666667 0.97473370625 0.3264482375 0.970595896875 0.3330446625 0.969689440625 0.33826585625 0.9637330499999999 0.3548714604166667 0.9628492796874999 0.36182549583333334 0.9684679171875 0.3690615354166667 0.9656010984375 0.3734616729166667 0.9650081390624999 0.3778088895833333
0 0.74271545625 0.05234278541666667 0.7421395093750001 0.05798963125 0.740235859375 0.06150066875 0.7402812296875 0.06496634375 0.741272753125 0.06624329375 0.7493993453125001 0.06648750208333333 0.75456270625 0.06376728333333333 0.75453435 0.061601235416666664 0.7570820015625 0.05764186875 0.7579998 0.05328709166666667 0.7576992234375 0.030326985416666667 0.7540749765625 0.026511258333333333 0.75180111875 0.026564179166666667 0.749566959375 0.02964956666666667 0.745559590625 0.04620981041666667 0.74271545625 0.05234278541666667
0 0.6973390937499999 0 0.6936852609375 0.005382972916666667 0.6921291328125 0.0106192875 0.6922368859375 0.018850270833333335 0.698539225 0.02867045 0.6995647765624999 0.03254665416666667 0.7114176984375 0.0444043625 0.7124319078125 0.04741414791666666 0.7125453328125 0.05607833958333333 0.7180789 0.0568162375 0.719446303125 0.061984512500000005 0.7243245265625 0.062304320833333336 0.7281998828125 0.0604807625 0.73643013125 0.0438222375 0.7417538625 0.028531379166666666 0.74073398125 0.025088383333333335 0.7381182749999999 0.023849235416666666 0.73808991875 0.0216831875 0.7344373140625 0.015701414583333333 0.733064240625 0.01009993125 0.73331535 0.004460645833333333 0.737158959375 0 0.6973390937499999 0
0 0.15893804218750002 0.3354677354166667 0.1518767015625 0.3421322 0.1492893484375 0.34305909999999995 0.1483545375 0.3461142479166667 0.1464282015625 0.34789244583333334 0.1474480828125 0.35133544166666664 0.1500808046875 0.3538742208333333 0.1598882921875 0.35841272291666665 0.1658204234375 0.36477478541666664 0.17786774375 0.36666111041666666 0.1831048296875 0.3695726166666667 0.1873900921875 0.3742396416666667 0.19453650312499998 0.37407332083333333 0.20449868906250002 0.3656079770833333 0.2067668765625 0.3651218479166667 0.20834001875000002 0.36118516041666665 0.20731446562500003 0.35730895416666664 0.20301786093750002 0.3517755104166667 0.20353709687500002 0.3417965708333333 0.201737103125 0.32840487500000004 0.1974631828125 0.32460426875 0.17212591093750002 0.32519395208333335 0.16344038593750002 0.33189621874999997 0.16249423125 0.33408494791666665 0.15893804218750002 0.3354677354166667
0 0.9659448484375 0.5238231958333334 0.9624 0.5260724041666667 0.9588267937499999 0.5261555645833333 0.9584736015624999 0.5239970770833333 0.954855025 0.5206145604166666 0.9543981765625 0.53535880625 0.95663643125 0.5574071333333334 0.9593995937500001 0.56990973125 0.9657473015625 0.5831955875 0.9719192015625 0.5830519458333333 0.9789635296875 0.5750878520833334 0.980821809375 0.5681111375000001 0.980326834375 0.5551224104166667 0.977575015625 0.5434862333333333 0.974925278125 0.5396478291666666 0.972874175 0.5318954166666666 0.96955208125 0.5263392916666667 0.9659448484375 0.5238231958333334
0 0.8154789015624999 0.050649331250000006 0.8064004859375 0.05216064375 0.8022456625000001 0.0574574375 0.7994185421875 0.06489004166666666 0.7978113718750001 0.06622747083333333 0.7978454 0.06882672708333333 0.8027463078125001 0.07087937708333333 0.8070259 0.07511318958333332 0.8077776546875001 0.08289584166666668 0.8097663765625001 0.08588294791666667 0.8176418562500001 0.09176644166666666 0.82063344375 0.09689691666666667 0.82487900625 0.09853147291666667 0.8271301796874999 0.09674571458333332 0.8381632874999999 0.09562225416666667 0.84301315625 0.09377601458333333 0.852969671875 0.08487746041666666 0.8545484859375 0.08137398333333333 0.852548421875 0.07752045833333333 0.8525143937499999 0.0749212 0.8550563765625 0.07052862291666666 0.8540138109375001 0.06535278958333333 0.846793675 0.05988738541666667 0.8360003328125 0.054505143750000005 0.82655738125 0.05299154791666667 0.82360549375 0.050893539583333335 0.8154789015624999 0.050649331250000006
0 0.025451849999999998 0.26577303333333335 0.027686007812500003 0.2626876458333333 0.030928704687500003 0.26217883541666664 0.0344565390625 0.25862999999999997 0.034388484375 0.2534314833333334 0.031436596875 0.2513334770833333 0.027903090624999998 0.25444910416666666 0.025361109375000003 0.25884168125 0.0211779296875 0.26197242916666663 0.0199239515625 0.26546834583333334 0.025451849999999998 0.26577303333333335
0 0 0.26321418333333335 0.0030267671875 0.26542825833333333 0.006599971875000001 0.26534509791666666 0.013028653125000001 0.25999538125 0.017502640625 0.25425781666666664 0.01976515625 0.25333847708333335 0.029015285937500003 0.2401229479166667 0.034161632812499995 0.23610310208333332 0.038310784375000004 0.23037309583333335 0.0391661984375 0.2212530125 0.0364427359375 0.21178288333333334 0.0314510875 0.20279888541666666 0.023541578125 0.19431613333333334 0.011909837500000001 0.19935360208333333 0 0.21439836458333333 0 0.26321418333333335
0 0.045062729687500004 0.24971632500000002 0.044144931250000005 0.25407110208333333 0.045159140625 0.2570808875 0.0520941390625 0.26558631666666666 0.0531310328125 0.27032894166666666 0.0597922375 0.28274081875 0.063546921875 0.2965203666666667 0.0658548078125 0.29906670208333336 0.0723628859375 0.2997819208333333 0.074289221875 0.2980037208333333 0.07514463593750001 0.28888363958333335 0.072985778125 0.27290024583333333 0.069299146875 0.26431921666666663 0.0647117328125 0.26139258958333333 0.055805028125 0.25119968125 0.0505792828125 0.24915459375000001 0.045062729687500004 0.24971632500000002
0 0.62628589375 0.34235795625 0.6215040828125 0.3494027125 0.609974425 0.3622379520833333 0.608082115625 0.36661540625 0.6081274859375 0.3700810854166667 0.6140426031249999 0.37514351875 0.6280673 0.3791505291666667 0.63422785625 0.37814047083333335 0.6403317015625001 0.37279831458333335 0.6438255078124999 0.3666502208333334 0.6420878984375 0.35802382708333336 0.642014171875 0.35239210416666666 0.6435476140625 0.34542295208333335 0.6434115046875 0.3350259208333333 0.6424086375 0.3328825541666667 0.6387843906249999 0.32906682708333335 0.636174353125 0.3282608895833333 0.6309712937499999 0.32794864166666665 0.6290392859375 0.3292936291666667 0.62628589375 0.34235795625
0 0.560145203125 0.15496035625000001 0.55623581875 0.15418465625 0.551089471875 0.15820450416666668 0.5488553125 0.16128989166666668 0.5444777359375 0.17439201875 0.5428762375 0.17616266041666667 0.5429783203125 0.18396042916666666 0.5482607765624999 0.19033761458333334 0.5477585578124999 0.20161618333333334 0.5496436203124999 0.22150602291666666 0.5535530046875 0.22228172291666667 0.559668190625 0.21780598541666668 0.5667068468750001 0.20940868124999998 0.5682856593750001 0.20590520416666666 0.57156963125 0.18372835625 0.5760379484375 0.17755758124999999 0.5785629140624999 0.171865375 0.5784835171875 0.16580044166666666 0.576819634375 0.16280577499999999 0.5766211390625 0.14764343958333334 0.577533265625 0.14285545416666665 0.5745076515624999 0.13512572083333335 0.5702847734375001 0.13522400208333335 0.5632574609375001 0.14448772499999998 0.562077209375 0.15361536666666667 0.560145203125 0.15496035625000001
0 0.890040765625 0.08704808125 0.88549305 0.08715392083333334 0.8884335953125 0.08838551041666666 0.8904393296875 0.09267224583333333 0.889413778125 0.08879603958333333 0.890040765625 0.08704808125
0 0.7988150359375 0 0.7976727375 0.005996220833333333 0.797774821875 0.013793991666666667 0.799763540625 0.0167811 0.8069212921875 0.017481195833333334 0.809542671875 0.019153554166666666 0.8106646359375 0.030394325 0.8179017875 0.03715935625 0.818020884375 0.04625675625 0.8200209453125 0.050110281250000006 0.8395678671875 0.053988775 0.84187008125 0.056101902083333335 0.8447992828125 0.056467070833333334 0.8533414515625 0.06363507083333333 0.8611432078125001 0.06388683958333334 0.8650128921875 0.061630070833333335 0.8825030375 0.057322939583333336 0.8843783328124999 0.05164585625 0.88325636875 0.040405087500000006 0.8778321296874999 0.02319766666666667 0.8774108796875 0.0158406625 0.8731143546875 0 0.7988150359375 0
0 0.4967274 0 0.48598410156250005 0.0002500333333333333 0.48703233749999997 0.005859079166666667 0.4896820734375 0.009697483333333333 0.49884556093750004 0.014684316666666667 0.5095821890625001 0.0157344625 0.5151951546875 0.022537295833333335 0.5187853734375001 0.0237537625 0.5286779312500001 0.03479041041666667 0.535881053125 0.03895618541666667 0.5505554218750001 0.04294807916666667 0.5547329296875 0.03938411875 0.5562947296874999 0.03458101458333333 0.5607460328125 0.027110612500000002 0.5607233484374999 0.025377772916666666 0.5632766734375 0.021851616666666667 0.565117940625 0.013575272916666666 0.5673464265625 0.010056675 0.56762589375 0.006583439583333334 0.5716572265625001 0 0.4967274 0
0 0.5788011078124999 0.19006017708333334 0.5763215109375001 0.19921805833333334 0.5613093890624999 0.21906781250000001 0.5597419171875 0.22343770833333335 0.5596666171875 0.24250648958333335 0.55617848125 0.24908779374999998 0.5535968 0.2504479041666667 0.5536705265624999 0.25607962916666666 0.5565770437500001 0.2547119583333333 0.5681293875 0.24360955625 0.5769696109375 0.22390344375 0.582087603125 0.21771755 0.583706115625 0.21724653958333334 0.587199921875 0.21109844375 0.5909561812499999 0.20017748333333335 0.5935208484375 0.19751774791666668 0.5950769765625 0.19228143125 0.5976303015625 0.18875527291666666 0.5975509046874999 0.18269033958333333 0.5948784828125 0.17711909583333335 0.5932316140625 0.17542405833333333 0.5893222296875 0.17464836041666668 0.585788721875 0.1777639875 0.5807274453125 0.18828197916666667 0.5788011078124999 0.19006017708333334
0 0.13234804375 0.14108287291666669 0.127925096875 0.150719325 0.1245674 0.16726444791666667 0.1191586 0.17605716041666666 0.114650584375 0.17919546875 0.116000971875 0.1830641166666667 0.11606178125 0.212529925 0.11777670625 0.21942347916666666 0.12301379374999999 0.22233498333333335 0.124352840625 0.22533721041666668 0.1239924015625 0.24744602083333334 0.126789590625 0.2625478729166667 0.1310238125 0.26331601250000003 0.13448926249999998 0.2550018708333333 0.13628515937500002 0.24325985208333334 0.143922446875 0.23094854166666667 0.1487723140625 0.22910230208333332 0.16020398593750002 0.23360300625 0.16470633125 0.23003148958333333 0.16721995781250001 0.22347286458333335 0.169072565625 0.21606294166666667 0.1695974703125 0.20651721041666665 0.1692742078125 0.18182426458333334 0.1685508078125 0.17620766041666666 0.1675649546875 0.17536392291666666 0.1673948171875 0.16236763541666666 0.1683466421875 0.16061211458333335 0.1688545328125 0.14976675625 0.1661821140625 0.1441955125 0.162569209375 0.14124620625 0.1472735234375 0.13943548125 0.13590423437500002 0.13970008333333334 0.13234804375 0.14108287291666669
0 0.677144115625 0.23110555625 0.6762319890625 0.23589354166666665 0.673678665625 0.23941969791666665 0.6709025875 0.2507511875 0.6729139921875 0.2554711333333333 0.6755467140625 0.25800991041666665 0.67944475625 0.2579191895833333 0.6856563546875 0.26080801249999996 0.6908650859375001 0.26155347291666664 0.6935545203125 0.26842434374999996 0.6940268109375001 0.2796802333333333 0.6939871125 0.2766477666666667 0.6971220546875 0.267907975 0.7051408921875 0.2599212 0.706383525 0.2555588645833333 0.710521334375 0.24896243958333333 0.713012275 0.24067097708333335 0.712294546875 0.23548758333333333 0.704704203125 0.2265640625 0.6962527749999999 0.22632741666666664 0.6887531703125 0.22433525 0.6822621062499999 0.22491966041666667 0.677144115625 0.23110555625
0 0.7045951984375 0.4168035479166667 0.70177375 0.4246693604166667 0.7001722515625 0.4264399979166667 0.7002346359375 0.43120530416666664 0.7058702859375 0.4397409729166667 0.715615390625 0.43951417083333333 0.7191148703125 0.4337992875 0.7200383375 0.42987772083333337 0.72322999375 0.42547002500000003 0.7325708625 0.41918584791666663 0.7305537875 0.41403269375 0.7222797421875 0.4025250354166667 0.7118509375000001 0.40016770208333335 0.7066705609375 0.4015882916666667 0.7054222546875 0.40551741874999997 0.7045951984375 0.4168035479166667
0 0.8890520890625 0.3093753125 0.885222103125 0.31466454791666665 0.8833524796875001 0.32077484375 0.8854773093749999 0.33415897916666665 0.8897228734375 0.3357935354166666 0.8963160203125 0.34300689791666666 0.9060611249999999 0.34278009583333335 0.9172772890625 0.3308188354166666 0.922686090625 0.32202612291666666 0.9236209015625001 0.318970975 0.9235358328125001 0.31247283125 0.9215244265625 0.3077528875 0.9152901437500001 0.30313122291666666 0.9081437343750001 0.30329754375 0.9042967328125 0.30728715208333335 0.8958339625 0.30618408541666664 0.8890520890625 0.3093753125
0 0.9057965031249999 0 0.9054788593750001 0.0004538125 0.9045780750000001 0.006108216666666667 0.9073185515625 0.016877975 0.9116321703124999 0.02371104791666667 0.91298823125 0.028012904166666668 0.9189146921875 0.033941756249999996 0.9286541250000001 0.03328174375 0.9334416078125001 0.026670199999999998 0.9333962375 0.023204525 0.9359041906250001 0.016212689583333335 0.934855953125 0.010603645833333335 0.9332204281250001 0.009775027083333334 0.9332034140625 0.0084754 0.934810584375 0.00713796875 0.9354138937500001 0 0.9057965031249999 0
0 0.3336652671875 0.2542664375 0.3260919390625 0.24664254583333334 0.322496046875 0.24499286874999998 0.3173100015625 0.24598025 0.3163581765625 0.24773576875 0.3164148890625 0.25206786458333336 0.31810712812499997 0.2572285791666667 0.3213652640625 0.28271990208333336 0.3250235390625 0.28913488541666665 0.3286477859375 0.2929506104166667 0.3349841515625 0.3053700458333333 0.337029584375 0.31268925 0.34132051875 0.31778948333333334 0.3448653671875 0.315540275 0.346752003125 0.3107296104166667 0.347352209375 0.28211509791666667 0.34632665625 0.2782388895833333 0.3446400890625 0.27351138541666664 0.3426627125 0.2713906979166667 0.34158611875 0.26361560624999997 0.339563371875 0.25802924375 0.3336652671875 0.2542664375
0 0.6649758015625 0.071052375 0.6617444484375 0.07242760625 0.6608379921875 0.0776488 0.6518446453125 0.08565825416666667 0.646777696875 0.09574303541666666 0.6364210421875 0.12371792916666666 0.631758328125 0.13986008541666667 0.6251239078124999 0.15431476249999998 0.6233903953125 0.17082208541666669 0.62739051875 0.1785291375 0.6395626062499999 0.189946075 0.6445485828125 0.19849686458333335 0.6484976671875 0.20230502916666668 0.6598329281249999 0.19944117083333335 0.6668148703125001 0.18671177083333335 0.671003721875 0.18401423333333333 0.6728960296875 0.1796367770833333 0.6780367046875 0.1751837208333333 0.68696766875 0.16240896041666666 0.6894699515625 0.15498391666666667 0.6912828625 0.14454152708333332 0.6901835828125 0.13503359583333333 0.691135409375 0.13327807916666667 0.6910786953125 0.12894598124999998 0.688372246875 0.12077548125 0.6864175546875 0.12038763333333334 0.6817904421875001 0.11442853958333334 0.683962215625 0.10657784583333334 0.6882361359375 0.11037845208333333 0.6907837890625 0.10641908541666667 0.6917129296875 0.10293072708333333 0.6912746671875001 0.09427409791666667 0.6877881046875001 0.07615489375000001 0.6837936515624999 0.06888105416666666 0.6801920906250001 0.06679816458333333 0.6691419671875 0.06662199791666666 0.6649758015625 0.071052375
0 0.6803808171875 0.056393577083333334 0.679355265625 0.05251736875 0.6763750203125001 0.048253316666666664 0.6721975140625001 0.05181727291666667 0.6728868859375 0.054834620833333333 0.676813284375 0.05690994583333333 0.6803808171875 0.056393577083333334
0 0.620759871875 0.04434757083333333 0.61855406875 0.04959900625 0.61957395 0.05304200416666667 0.635587365625 0.06003612083333333 0.6284636406249999 0.061935283333333334 0.6249187921875 0.06418449166666666 0.621083134375 0.06904051666666668 0.6139423953125 0.06964004791666666 0.6028056296875001 0.08766624166666667 0.6031345640625 0.11279239791666668 0.6022167656249999 0.11714717499999999 0.6021131093750001 0.13404990625 0.6044436796875 0.13832908333333332 0.6070593890625 0.13956823125 0.61127659375 0.13903673958333332 0.6190102953125 0.13408999166666666 0.623871503125 0.13311017291666666 0.62802065625 0.12738016666666666 0.630186759375 0.11909626458333333 0.6327344125 0.1151369 0.6336465390625 0.11034891458333333 0.6446642078125 0.08322531666666667 0.647394915625 0.06842815208333333 0.646358021875 0.06368552708333333 0.648290028125 0.0623405375 0.6508943953124999 0.06271326666666667 0.656023728125 0.057393789583333334 0.660446675 0.04775733958333333 0.6603842906249999 0.04299203333333333 0.656737359375 0.03744347083333333 0.6479497515625 0.036347962500000004 0.6317249265625 0.038025595833333335 0.62396286875 0.04080629375 0.620759871875 0.04434757083333333
0 0.3192130265625 0.3417044458333333 0.3176285421875 0.34477471249999997 0.30594008906250003 0.3454800854166667 0.299146871875 0.34780489375 0.2935679328125 0.34360131875 0.28968123281249997 0.3445584583333333 0.27877289375 0.3552125291666667 0.276567090625 0.3604639666666667 0.2756946640625 0.36828441875 0.2787429640625 0.37774698958333336 0.2810508484375 0.380293325 0.287547584375 0.38014212291666666 0.29919066875 0.3759710770833333 0.3086563046875 0.3792175104166667 0.312554346875 0.37912678958333335 0.32320590625 0.37367879375 0.32955518906250003 0.36226414375 0.33015382031249996 0.35835013541666666 0.329077228125 0.35057504375 0.33452005625000003 0.34438158958333337 0.336315953125 0.33263956875 0.3359457453125 0.3291814541666667 0.3299285453125 0.3163212479166667 0.326002146875 0.31424592083333336 0.3218529953125 0.319975925 0.31912795781250003 0.3352063020833333 0.3192130265625 0.3417044458333333
0 0.598333540625 0.24247326249999998 0.5867301546875 0.24967677708333333 0.5809624890625 0.2558777916666667 0.56952924375 0.27607759375 0.5657673125 0.2865653458333333 0.5658183546875 0.29046423125 0.56941424375 0.29211390833333334 0.5768628046875001 0.29020718958333336 0.5836333375 0.2861495416666667 0.5945303359375 0.2746290520833333 0.5986794875 0.2688990458333333 0.6056387453125 0.2544368083333333 0.6065565421875 0.25008203333333334 0.6109851609375 0.24087878958333334 0.6160861390625 0.23339326666666665 0.6170039359375 0.22903849166666665 0.6214609109375 0.22200129583333333 0.6227092171875 0.21807217083333336 0.619443834375 0.21684814166666666 0.615323040625 0.22474419583333333 0.6102107203125 0.2313633 0.6012060296875 0.23850633333333335 0.598333540625 0.24247326249999998
0 0.735605421875 0 0.7342501625 0.0014054979166666667 0.7334231046874999 0.012691627083333332 0.7371097359375 0.021272658333333336 0.7390871125 0.023393345833333336 0.753425303125 0.026526379166666666 0.75926669375 0.025957089583333332 0.7650457015625001 0.020622493750000002 0.7701296656250001 0.011837339583333334 0.7690247140625 0.0018962 0.7672836234375 0 0.749201415625 0 0.7488564765625 0.00019887708333333334 0.7484639328125 0 0.735605421875 0
0 0.2379675765625 0.018155791666666664 0.23466816562499998 0.014332504166666668 0.2356256625 0.013010195833333333 0.250562484375 0.012229222916666668 0.25405062031250003 0.00564791875 0.2132294609375 0.0065979666666666666 0.22877573281250002 0.011002910416666668 0.226535903125 0.0136550875 0.2229626984375 0.013738247916666666 0.21815252968749999 0.018616954166666665 0.226335834375 0.023193258333333334 0.2308722078125 0.022220997916666665 0.23805264531249998 0.024653935416666665 0.2415804796875 0.02110509583333333 0.2435295 0.021059735416666666 0.2379675765625 0.018155791666666664
0 0.43591638593750004 0.047782829166666665 0.42743660156249996 0.04538013125 0.41833549843749995 0.045158604166666665 0.41575381875 0.046518714583333336 0.41416933437500003 0.04958898125 0.41272284687500005 0.0632005375 0.4078427359375 0.06273647083333334 0.4067604703125 0.05452816875 0.4041277484375 0.05198939166666667 0.3966565015625 0.05216327291666667 0.39030721874999996 0.06357792291666667 0.3832402078125 0.06980917916666667 0.37141406875 0.08481802499999999 0.3682621109375 0.09225818958333334 0.3760695390625 0.09294316666666667 0.377408584375 0.09594539375000001 0.3716125640625 0.0999803625 0.3681017421875 0.10482882708333333 0.364687334375 0.11704185624999999 0.3659964484375 0.14257853958333333 0.36805322500000004 0.15076416041666668 0.3737285734375 0.16233229791666667 0.382646621875 0.17339162708333333 0.3878099828125 0.17067140833333333 0.396102615625 0.15877818958333334 0.39935098281250003 0.15870258750000002 0.40495827812499996 0.16507221041666667 0.40895840312500004 0.1727792625 0.41486785 0.1774084833333333 0.4150266453125 0.18953835416666667 0.41265480156249995 0.20692721666666666 0.4133838734375 0.21297703125 0.41634143281249997 0.21550824791666667 0.422479303125 0.21276535000000002 0.42503830000000004 0.20967240208333332 0.4377538796875 0.18814273125 0.44352721562499997 0.182374925 0.44537982343750004 0.17496499999999998 0.44919846874999997 0.16880934791666666 0.4517574640625 0.16571639999999999 0.4550001609375 0.1652075875 0.4585393375 0.16252517083333334 0.45912662812500005 0.15774474583333334 0.4573096203125 0.14305342083333333 0.45563439375000003 0.13919233333333333 0.456238696875 0.1357115375 0.460780740625 0.13517248750000002 0.463077284375 0.13685240416666666 0.466000815625 0.13678436458333335 0.466952640625 0.13502884583333333 0.4616134703125 0.12431956666666667 0.46058224687499993 0.12001015208333334 0.4579325109375 0.11617174583333334 0.45522606093749995 0.10800124583333333 0.45508994999999997 0.09760421458333333 0.45666309531250004 0.09366752916666667 0.4565042984375 0.08153766041666667 0.4600037765625 0.075822775 0.45990169375 0.06802500416666667 0.452887296875 0.05345463958333333 0.4525284328125 0.05086294166666667 0.45055105624999997 0.048742254166666665 0.441746434375 0.04634711875 0.43591638593750004 0.047782829166666665
0 0.10674989374999999 0.12174491666666666 0.1111898546875 0.11340809375 0.11209063749999999 0.10775368958333333 0.11559011718750001 0.10203880416666666 0.11555608906249999 0.09943954791666668 0.11651925781250001 0.09855044791666666 0.11613203593750002 0.09379270208333333 0.108877871875 0.08572804166666666 0.102649259375 0.0815395875 0.098363996875 0.07687256249999999 0.0947681078125 0.07522288541666668 0.09054522968749999 0.07532116666666666 0.08025253437499999 0.08336086041666667 0.07320820781250001 0.09132495416666667 0.07269464375 0.10173710416666666 0.074375540625 0.1060314 0.07395271875000001 0.12337490416666667 0.07566764375 0.13026845625 0.0749143125 0.14718631041666666 0.077290253125 0.1549311625 0.0824819703125 0.15437698958333332 0.0831770140625 0.15782754583333333 0.07553972656249999 0.17013885625 0.0737154734375 0.17971482708333333 0.07026703749999999 0.1893286 0.07109252031249999 0.202742975 0.07598775625000001 0.2043624125 0.0802730203125 0.2090294375 0.0884676671875 0.21447216041666667 0.0982638125 0.21814424375 0.1005660265625 0.22025737291666667 0.1100033078125 0.22133775833333333 0.11355949843749999 0.21995497083333332 0.1149754203125 0.1791879083333333 0.10910000156249999 0.17715794166666668 0.10875815 0.1758658729166667 0.11487333749999999 0.17139013541666664 0.1190792015625 0.16999222708333334 0.123553190625 0.16425466249999998 0.124363234375 0.15166890416666667 0.1221646765625 0.13265304166666667 0.121977525 0.11835712708333333 0.1209463015625 0.1140477125 0.11733339843749999 0.11109840625 0.1141814421875 0.11853856875 0.11162244531250001 0.12163151666666666 0.10674989374999999 0.12174491666666666
0 0.254017865625 0.2513533479166667 0.25112269062500003 0.2535874375 0.24827855781250002 0.25972041041666666 0.2379291484375 0.2634280104166667 0.23406513593749997 0.2661179875 0.23311898125 0.26830671666666667 0.2335402296875 0.27566371875 0.23717581875 0.2803458625 0.24368956874999997 0.28149428958333333 0.24804288593749999 0.2913598291666667 0.253621825 0.29556340416666665 0.25627156093750003 0.2994018104166667 0.259873121875 0.3014846979166667 0.263446328125 0.30140153750000004 0.27108361406250003 0.2890902270833333 0.270269475 0.27654226875 0.2711135453125 0.26655576875000003 0.27004829531249996 0.25964709583333334 0.2715817390625 0.25267794166666663 0.27054484375 0.24793531666666666 0.2658950453125 0.24024338750000002 0.26198566093750003 0.2394676875 0.25907914375 0.24083535833333333 0.2578421796875 0.24563090208333332 0.254017865625 0.2513533479166667
0 0.812620278125 0.10531689791666667 0.8109677359375 0.10318865208333333 0.807400203125 0.10370502083333334 0.7990451875 0.11083293749999999 0.7893511234374999 0.11495862500000001 0.7787732921875 0.12603834791666665 0.7707034125 0.13012623333333334 0.763983921875 0.13808276875 0.76076958125 0.14075762708333334 0.7572077203124999 0.14170720625 0.754033078125 0.14741453125 0.7540671046874999 0.1500137875 0.7563636484375 0.15169370625 0.7613382828125 0.15937807708333332 0.757045775 0.17897834791666664 0.7571592015624999 0.18764254166666666 0.760908215625 0.20098887708333332 0.7620188359375 0.21136322708333333 0.7666459515625 0.21732232083333333 0.7704630203125 0.23586717083333333 0.7740815953125 0.23924968541666666 0.7848012093750001 0.23900020416666665 0.789439665625 0.24582571666666667 0.792391553125 0.24792372291666667 0.7966087609375 0.24739223333333332 0.8007862687499999 0.24382827708333332 0.8081157328125 0.23282415625 0.811245003125 0.22365115416666667 0.8121401171875 0.21756353958333333 0.81194729375 0.20283441458333332 0.8138169171875 0.19672411875 0.8137658765625 0.19282523333333332 0.81876476875 0.17754193541666666 0.8189761796875 0.16887018541666665 0.81760310625 0.16326870208333333 0.8143036968749999 0.15944541666666667 0.811176 0.14391791041666666 0.8091816093749999 0.14049759583333332 0.8055687046875001 0.13754828958333334 0.802867928125 0.12981099583333333 0.8047205375 0.122401075 0.8117648640624999 0.11443698125 0.8126996765625 0.11138183333333333 0.811685465625 0.10837204583333333 0.8123067828125 0.10619087916666667 0.82074686875 0.10556110833333333 0.8207185125 0.10339505833333333 0.8187638203125 0.10300721041666666 0.815515453125 0.10308281041666666 0.8158686453125 0.10524129791666666 0.8135891171875 0.10486101041666666 0.813247265625 0.10356893958333332 0.812620278125 0.10531689791666667
0 0.3624991703125 0.0243576875 0.3615983859375 0.030012091666666667 0.3681178078125 0.03159372916666667 0.37617067187500003 0.0262062125 0.3771168265625 0.024017483333333332 0.381322690625 0.022619572916666667 0.386742834375 0.014693281249999999 0.387245053125 0.0034147125 0.385940034375 0.0030117416666666664 0.3810788265625 0.0039915625 0.37853684374999996 0.008384139583333334 0.3724443421875 0.014592714583333333 0.366933459375 0.015587654166666666 0.3624991703125 0.0243576875
0 0.1706709171875 0.26369331458333334 0.1687502515625 0.26590472291666667 0.1687729359375 0.26763756041666664 0.1602235234375 0.28473685625 0.1577552671875 0.29476115625 0.158501353125 0.3021106 0.1621085859375 0.3046266958333333 0.167305975 0.30450573333333336 0.1899878390625 0.29964443333333335 0.1970775359375 0.2951460166666667 0.1970208234375 0.2908139208333333 0.189851728125 0.28924740416666667 0.1888148328125 0.28450477916666667 0.19901678750000001 0.26953373333333336 0.198960075 0.2652016354166667 0.197649384375 0.26436545833333336 0.1917626234375 0.26146907291666666 0.1868844 0.2611492625 0.18201752031250001 0.26169587499999997 0.179128015625 0.2643631708333333 0.1706709171875 0.26369331458333334