0 0.431365878125 0.05217945625 0.43181504843749996 0.054527758333333336 0.4335012234375 0.052030243749999996 0.4323775828125 0.05068094791666666 0.431365878125 0.05217945625
0 0.43584464062499995 0.039016183333333336 0.43524479375 0.041913725 0.43621775781250005 0.04850886041666667 0.43584464062499995 0.039016183333333336
0 0.3514655 0.016832039583333333 0.3523093015625 0.011061829166666667 0.35354979375 0.009547333333333333 0.279244884375 0.014739541666666666 0.282573365625 0.01641070625 0.2962809140625 0.03829786041666667 0.3027400578125 0.05735994791666667 0.306092321875 0.06093320208333333 0.32463595624999997 0.06058930208333334 0.3267339890625 0.059490822916666665 0.333085484375 0.04857637708333333 0.33724566718750004 0.036387239583333335 0.3471374140625 0.024749470833333335 0.3514655 0.016832039583333333
0 0.87910815625 0.17604815416666666 0.8754186562499999 0.17297440208333334 0.857156290625 0.17139489791666668 0.853353428125 0.17451625416666666 0.8469473921875 0.17496388958333334 0.8402801765625 0.16876665 0.8317014875 0.16841422916666668 0.8257073109374999 0.17026089791666665 0.8195050625 0.18497241458333333 0.817425684375 0.18654552708333333 0.81532479375 0.20572982708333332 0.8156979124999999 0.2152225041666667 0.8169148312500001 0.21894496875 0.8225889984375 0.22711535 0.822736815625 0.23995533125000001 0.82414029375 0.24842413333333332 0.8272299468750001 0.254395425 0.8325109125000001 0.26164140416666665 0.8335785843749999 0.26156679791666665 0.8360325078124999 0.2604434520833333 0.8474611828124999 0.24251110208333332 0.8519385171874999 0.23839073958333332 0.8548043 0.238666425 0.8559652515625 0.2409649875 0.8602359406250001 0.24066656458333335 0.8635508921874999 0.24329055000000002 0.8688705984375 0.2424428875 0.870819384375 0.23754733958333332 0.8736291984375001 0.23639912291666668 0.87737609375 0.2318538625 0.877245503125 0.22853142708333335 0.87614051875 0.2276567645833333 0.8771522234375 0.22615825625000002 0.88001800625 0.22643394166666667 0.8831090875 0.22336232291666666 0.8877170124999999 0.22256439583333334 0.8897217656249999 0.21909274791666666 0.892307709375 0.212248925 0.89240241875 0.20557918333333333 0.8955322406249999 0.19441392083333334 0.8945406203124999 0.18734415208333333 0.8912629796875 0.18566943333333336 0.8903832968750001 0.18144746666666667 0.8825536984375001 0.181994575 0.8791827796874999 0.1779466875 0.87910815625 0.17604815416666666
0 0.38560950156249996 0.03205584375 0.3918275484375 0.03590478125 0.39967580156250004 0.03583230625 0.40604452343749997 0.03443540416666667 0.41301309062499997 0.030140960416666664 0.42348603125000006 0.015131018750000001 0.4318035390625 0.00883856875 0.4346283625 0.003881804166666667 0.371827328125 0.008270154166666667 0.38560950156249996 0.03205584375
0 0.7152033390625 0.3550313104166667 0.7098276671875 0.35445507083333333 0.699188253125 0.35615039583333336 0.6961158281250001 0.35969665 0.69259423125 0.3608946041666667 0.6857935671875001 0.36946075 0.6833209874999999 0.3701094645833333 0.68822740625 0.3769056791666667 0.68846993125 0.3830759208333333 0.6914275640625 0.3947676854166666 0.6893855 0.3972900645833333 0.6876060453124999 0.39741440833333336 0.684235125 0.39336652083333334 0.682211715625 0.39636353750000003 0.6848278265625 0.4356835375 0.6867565265625 0.4393562645833333 0.6900714796874999 0.44198025 0.6940235890625 0.4426559625 0.6957843875 0.44205698541666666 0.7005243328125 0.4355385854166667 0.7095521921875 0.43823930833333335 0.7287516390625 0.43642177083333333 0.7311122828125 0.43292525416666666 0.7314509484375 0.42338283958333334 0.7369414140625 0.4087210604166666 0.74106285625 0.4046255645833333 0.753481721875 0.4028058979166667 0.7586894921875 0.3991104333333333 0.7620245296875 0.39316613958333335 0.76071433125 0.38707050625 0.750021809375 0.36925610833333333 0.744422265625 0.3629842645833333 0.7367246890625 0.3578108979166667 0.7206722921875001 0.3579807166666667 0.7152033390625 0.3550313104166667
0 0.76484568125 0 0.763246934375 0.0066195333333333335 0.7641237609375 0.028927320833333332 0.759940634375 0.06777055833333333 0.7608762859375 0.07341642500000001 0.763123565625 0.07611501666666666 0.767019709375 0.07536682916666666 0.7697548984375 0.07232007708333334 0.77322195625 0.06065531041666667 0.7768755734375 0.05373688333333334 0.7806597796875 0.05014089375 0.7842201171875 0.040849295833333334 0.782723359375 0.030007324999999998 0.7834738828125001 0.02186394375 0.7862664703125 0.01119818125 0.7865658125 0 0.76484568125 0
0 0.47044360625000003 0.13844911875000002 0.46928265468749997 0.13615055625 0.46815901406249993 0.13480126041666668 0.4661542609375 0.13827290833333333 0.4643934625 0.13887188541666667 0.4639428625 0.1455664958333333 0.47044360625000003 0.13844911875000002
0 0.46092346875 0.050589997916666664 0.4562409203125 0.049489387499999996 0.44857922656250004 0.0543082 0.444476440625 0.05887832708333333 0.44286488906250004 0.06327437500000001 0.442170334375 0.07284165833333334 0.4390964796875 0.08543082291666666 0.4400880984375 0.09250059166666666 0.44793349375 0.11051393749999999 0.45913258125 0.12305762708333333 0.46806716249999997 0.12338518125 0.479025153125 0.12071571875 0.4854498453125 0.12074271666666667 0.48996449062499997 0.11757162291666666 0.49189462031250003 0.11220143958333333 0.4916894046875 0.10698046666666668 0.48564069062500004 0.09836032291666667 0.48125949375 0.08676803333333334 0.47991627187499997 0.05259439791666667 0.4763200515625 0.05189381458333333 0.4687516359375 0.0590858 0.46521138593750005 0.059809118749999994 0.46337596249999996 0.05850956041666667 0.46092346875 0.050589997916666664
0 0.709475984375 0.20931872916666666 0.7053545421875 0.21341422291666667 0.7000334078125 0.22330479791666666 0.6982152125 0.23152278333333334 0.698436225 0.25530421249999996 0.69922263125 0.25715301041666666 0.7060591796875 0.2585790416666667 0.711902678125 0.2619782145833333 0.71426189375 0.26752461041666664 0.71504686875 0.27841631875 0.7204397703125001 0.28851010208333333 0.7275375000000001 0.29658100625 0.7333436890625 0.2990309125 0.7483657234375001 0.29988496666666664 0.7522432125 0.29866214375 0.753273571875 0.29763827083333333 0.7530870140625 0.29289193333333335 0.7505785515625 0.28354846875 0.7515342890625 0.2806260604166667 0.75127310625 0.27398118749999995 0.739032146875 0.2167721833333333 0.7371221015625 0.21357408958333332 0.734181696875 0.21139986666666666 0.7167243921875001 0.21214379583333332 0.709475984375 0.20931872916666666
0 0.7635555875 0.18697824791666667 0.76261850625 0.19037529166666667 0.7601818078125 0.20101618541666666 0.7596738125 0.21532980416666667 0.7581182296875 0.22114975416666666 0.7514108421875 0.23208906875000002 0.752046571875 0.23918370625 0.754910925 0.24850230208333332 0.7556212765625 0.25749547708333337 0.7588601765625 0.2672638375 0.7598489390625 0.29241942916666663 0.7617776390625 0.2960921583333333 0.76572975 0.29676787083333334 0.7694206765625 0.29079871041666666 0.7743112984375 0.2790344708333333 0.7787326640625001 0.27349020625 0.7812999515625 0.26617175 0.7821064421874999 0.25945227083333333 0.7874275765625 0.24956169791666666 0.7869238671875001 0.23674658333333334 0.7908027843750001 0.22648085208333332 0.790485634375 0.21841207708333332 0.78805179375 0.21096714791666665 0.7864617578125 0.19775200625 0.7800772390625 0.18058845208333332 0.7767622859375 0.17796446666666668 0.7728474875 0.17823802291666666 0.7683141859375 0.18093448125 0.7635555875 0.18697824791666667
0 0.5814687453125 0.33010879375 0.58392266875 0.32898544583333333 0.5831176078125 0.3266620125 0.5784537171874999 0.3260360375 0.5774233546875001 0.32705991041666665 0.5775539453125 0.33038234791666665 0.5805130078125 0.3330312020833333 0.5814687453125 0.33010879375
0 0.56603334375 0.2188661395833333 0.563730096875 0.21474364791666664 0.552452096875 0.22743015833333333 0.55187090625 0.23080233125 0.5538928859375 0.23684822708333333 0.5558000734374999 0.25813214375 0.554918959375 0.2629530875 0.5515839234375 0.26889737708333333 0.5487353671874999 0.27813923749999997 0.548544521875 0.3005216333333333 0.551971409375 0.30599342083333336 0.5549118156249999 0.30816764166666666 0.5624601453125 0.30954393541666664 0.5654378624999999 0.31266742291666666 0.5670852953125001 0.31826355624999997 0.566745203125 0.33684887916666667 0.5678501859375 0.3377235416666667 0.5728326578125 0.33737538125 0.5755305359375 0.3333793625 0.574204540625 0.3087232729166667 0.5753855765625 0.30245356041666666 0.588444459375 0.28059979583333333 0.5903745890625001 0.27522961250000005 0.5979616609375 0.2685122645833333 0.603262709375 0.26718996666666667 0.6013899765625 0.2649411395833333 0.600117090625 0.259794775 0.590304253125 0.24620234375 0.5811271453125 0.23970455208333333 0.5759021484375 0.23388247291666667 0.56822465625 0.22014082916666666 0.56603334375 0.2188661395833333
0 0.5795814874999999 0.06419164791666666 0.5788281078125 0.09042085000000001 0.576130228125 0.09441686875 0.5704359765625 0.09481476666666667 0.56822600625 0.09306544375 0.567402290625 0.09026737708333334 0.5626637750000001 0.08774286666666667 0.555132671875 0.09588411666666666 0.5460646421875001 0.11031995 0.5421498421875001 0.11059350416666666 0.5308947875000001 0.0966259125 0.5262481234374999 0.10551748124999999 0.5191461046875 0.12457531041666667 0.519575190625 0.13549188750000002 0.523956384375 0.14708417708333332 0.5280390875000001 0.15108232708333333 0.5311473953125 0.15752825208333335 0.5326254968749999 0.16789559166666665 0.5399844093749999 0.18261136875 0.5414438546875 0.19250407291666666 0.5438217265625 0.19852510208333335 0.547399290625 0.19875104999999998 0.5532255625 0.19263267708333334 0.55680455625 0.1838157125 0.5576110453124999 0.17709623541666666 0.5650302140625 0.16610718333333332 0.5756739125 0.137283125 0.5857909609374999 0.12229805208333334 0.5874599078125 0.11028299375 0.596416003125 0.09299935833333332 0.5978409953125 0.08385697291666667 0.5968307187499999 0.07631256874999999 0.591456475 0.06669342083333334 0.5840215093750001 0.05912201875 0.582074153125 0.05497465625 0.580387978125 0.057472168750000004 0.5795814874999999 0.06419164791666666
0 0.45109348281250006 0.14551249791666668 0.4511867625 0.14788566666666667 0.453003528125 0.14871059166666667 0.45216115468750007 0.14543789166666665 0.45109348281250006 0.14551249791666668
0 0.44787180937500004 0.14526168125 0.4499884984375 0.14463783541666667 0.44993253125 0.14321393333333335 0.44779718593749995 0.14336314583333334 0.44787180937500004 0.14526168125
0 0.45165601874999994 0.14166569166666668 0.45272369062499995 0.14159108541666668 0.45476575625000004 0.13906870416666667 0.4515627390625 0.13929252083333335 0.45165601874999994 0.14166569166666668
0 0.46808439062499996 0.132902725 0.46461876249999995 0.13552458125 0.46156499218749997 0.13954546875 0.4599907515625 0.14489078333333336 0.4571809375 0.14603899791666666 0.45628116875 0.15038530833333336 0.44972445937499994 0.15607878333333333 0.44805551093749996 0.1680938416666667 0.449121753125 0.17706214583333332 0.45331639062500007 0.18390809791666665 0.457699015625 0.18645747708333332 0.4655286125 0.18591036875 0.46860103906250006 0.18236411458333332 0.4739767125 0.18294035416666665 0.4817503421875 0.18096934375 0.494338540625 0.17437846875000002 0.5001275 0.16731082916666665 0.5036878375 0.15801923333333334 0.5042704578125 0.14560414791666665 0.5065751328125 0.14068372916666666 0.504515840625 0.13368856666666667 0.4993841234375 0.13023965625 0.487565103125 0.12916178333333334 0.47902372499999996 0.12975862916666667 0.47596995625 0.13377951666666668 0.46808439062499996 0.132902725
0 0.48425158125 0.11749488749999999 0.4766472828125 0.11469469166666667 0.475130440625 0.11242099583333333 0.4726392046875 0.112595075 0.4710104265625 0.10747357916666668 0.4650535640625 0.1102695125 0.46761799374999996 0.12103687916666667 0.4669621796875 0.12251051874999999 0.469678715625 0.11898913333333333 0.48425158125 0.11749488749999999
0 0.483766528125 0.10515440833333334 0.48681886875 0.11017643125 0.4878305734375 0.10867792291666666 0.4869695453125 0.10493058958333333 0.483766528125 0.10515440833333334
0 0.48361728125000003 0.1013573375 0.48236305 0.09668560416666666 0.481763203125 0.09958314375 0.48288684374999996 0.10093243958333334 0.48187513906249996 0.10243094791666667 0.48301743437500005 0.10425487708333334 0.48361728125000003 0.1013573375
0 0.45147374687499997 0.10979061875 0.4513431546875 0.10646818124999999 0.45035010625 0.10844132291666667 0.4495263890625 0.10564325833333334 0.45121256406250004 0.10314574583333333 0.4486653609375 0.10189592291666667 0.44711120624999995 0.0986729625 0.445313096875 0.09832267083333333 0.4462487484375 0.10396853958333334 0.44842140468749997 0.10476859583333333 0.45040607499999996 0.10986522291666666 0.45147374687499997 0.10979061875
0 0.44289791406249995 0.091352375 0.44245017343750004 0.07996116458333334 0.4413265328125 0.07861186875 0.44209428125 0.07998603333333333 0.4407453421875 0.08198404375 0.44194217656249996 0.09427478333333333 0.44289791406249995 0.091352375
0 0.4768036765625 0.07327720625 0.4774594890625 0.07180356666666668 0.47410579531249997 0.07727322499999999 0.4752093515625 0.0871908 0.4774752875 0.09036402291666666 0.47841236875000004 0.08696698125 0.4768036765625 0.07327720625
0 0.4765625 0.06666666666666667 0.0015625 0.004166666666666667
0 0.44865385 0.05620673541666667 0.44556276875 0.05927835625 0.4439325625 0.06319976875000001 0.4443243359375 0.07316707916666668 0.44644102343750003 0.07254323541666667 0.4468543109375 0.06489935625 0.45256865 0.05593318125 0.45543443124999994 0.05620886666666667 0.46056615 0.05965777708333333 0.46118465156250005 0.057234868749999994 0.4583002140625 0.056484552083333334 0.46030496718749997 0.053012902083333334 0.4562968890625 0.050913289583333333 0.45496660625 0.053385931250000004 0.4503773375 0.05465849166666667 0.45047061718750003 0.057031660416666664 0.44865385 0.05620673541666667
0 0.85199440625 0.12178216666666668 0.852556940625 0.11793535833333334 0.854243115625 0.11543784583333333 0.8538126015625 0.11356417916666667 0.8509095078125 0.11233922708333334 0.8492606437499999 0.11578600625 0.84545778125 0.11890736249999999 0.8474611062499999 0.12447862500000001 0.85199440625 0.12178216666666668
0 0.8514900765625001 0 0.852104834375 0.015640402083333334 0.849612171875 0.02485739375 0.8475701062500001 0.027379775 0.84708219375 0.03312511875 0.8435591703125 0.04336598125 0.8420782093750001 0.051084464583333336 0.8430325171874999 0.05720496875 0.8470219390624999 0.05882994791666667 0.848182890625 0.061128512499999996 0.8528281265625001 0.06127985416666667 0.8571920953125 0.0633546 0.8786761343749999 0.06518492083333333 0.892425284375 0.060892608333333334 0.8972771625 0.0572220125 0.9045843953125001 0.043385156249999994 0.904509771875 0.04148662291666667 0.9062332578125 0.03993837708333334 0.9049790265625001 0.03526664375 0.9012522171875 0.031243625 0.900803046875 0.02889532708333333 0.8960831875 0.026845447916666664 0.8930308468750001 0.021823425 0.8918727531249999 0.0014390395833333333 0.8920454703124999 0 0.8514900765625001 0
0 0.7596866734375001 0.13394360416666667 0.7562181875 0.15465128125 0.7570031640625 0.16554298958333333 0.760879221875 0.17336307916666666 0.7648686437500001 0.17498806041666667 0.7686155375 0.17044280208333334 0.7705643249999999 0.16554725208333335 0.7802121171875 0.15678215625 0.7849334046875 0.14978912291666668 0.7872194265625 0.14439407083333336 0.78598528125 0.13115406041666666 0.7833275703125 0.11801352708333333 0.779114278125 0.11069294166666667 0.7734013703125 0.11061620416666668 0.766844659375 0.11630967708333334 0.7596866734375001 0.13394360416666667
0 0.67328563125 0.22374603958333333 0.6686217390625 0.22312006666666667 0.6655306578125 0.22619168541666665 0.673453534375 0.22801774583333334 0.67547694375 0.22502073125 0.67328563125 0.22374603958333333
0 0.680963121875 0.23748768333333334 0.6802126000000001 0.24563106458333334 0.68086555625 0.2622432479166667 0.6822130671875 0.26928815 0.6866129187500001 0.28135507291666667 0.6915566484375 0.28910055625000003 0.6944597421875 0.29032551041666665 0.6959952406250001 0.2930738375 0.7013163765625 0.2831832625 0.6993905328125 0.26142471458333333 0.6973685515625 0.2553788166666667 0.697652678125 0.23536959166666668 0.69941490625 0.22572770416666668 0.7066661703125 0.21046694791666667 0.706086409375 0.20479621041666668 0.7031833140625 0.2035712583333333 0.6992871734375 0.20431944583333334 0.6934982109375001 0.21138708541666668 0.684411525 0.22534828333333332 0.680963121875 0.23748768333333334
0 0.62069715 0.41113261458333333 0.6199480546875 0.41023308541666664 0.6189176953125 0.4112569583333333 0.62069715 0.41113261458333333
0 0.5759667687500001 0.29908138333333334 0.5724250859375 0.3088476145833334 0.57468959375 0.3210637520833333 0.575623815625 0.33575253125 0.5767287999999999 0.33662719166666666 0.596099009375 0.3209955375 0.6003323859374999 0.3197478458333334 0.6075434796875 0.32162364374999997 0.6125072968749999 0.3208008479166667 0.615937040625 0.30818681458333336 0.6141977578125 0.29117460625 0.6118571984375001 0.28610284375 0.6136753921875 0.2778848583333334 0.6061471484375 0.2679402875 0.6021017578125 0.26489140208333334 0.5964448171875001 0.26623856875 0.5886137921875 0.27582858958333334 0.5759667687500001 0.29908138333333334
0 0.9555788640625 0.3420420791666666 0.9494354406250001 0.3400916770833333 0.9408754078125 0.3402138895833334 0.9285311640625 0.34393209166666666 0.9272008812499999 0.3464047375 0.92405383125 0.3480524541666667 0.921654446875 0.35964261458333335 0.92811501875 0.36966179374999997 0.9302647328125 0.39711594791666666 0.932491928125 0.40838281666666665 0.9322078015624999 0.4283920416666666 0.9349587906249999 0.44390574583333337 0.9380297875 0.44940240416666666 0.9452222265625 0.4508035666666667 0.9544553015625 0.45872526041666667 0.9658251515625 0.45745483124999997 0.9739718984374999 0.46497649583333334 0.9796288390625 0.46362933333333334 0.9825706750000001 0.45676064166666663 0.9839066734375 0.4181163541666667 0.9875602906250001 0.4111979270833333 0.98664329375 0.40602669166666666 0.9691701921875 0.38821016458333335 0.9641518375 0.3785661458333333 0.9584044765625 0.35945431875 0.9586871718750001 0.34848800625000004 0.9555788640625 0.3420420791666666
0 0.5436996328125 0.022912720833333334 0.54186278125 0.030656075 0.5345742046875 0.04496756458333333 0.5339169625 0.055484114583333334 0.5322494437499999 0.05845626041666666 0.5316668234375 0.07087134583333334 0.5327302078125 0.09792547083333333 0.5379178953125 0.10279828333333334 0.542487078125 0.11009400208333334 0.5478254390624999 0.10972097291666666 0.5527347171875 0.09843136666666667 0.5608843218749999 0.08786720833333334 0.5621586390625 0.08397066458333334 0.564668528125 0.08427121875 0.5677768375000001 0.09071714166666665 0.5711104453125 0.09381576041666667 0.5750252437500001 0.09354220625 0.57744185625 0.09146959166666666 0.5774432859374999 0.08242668125000001 0.5788869328125 0.07375892916666667 0.5786271796875 0.05807114583333333 0.5801454515625 0.05130192916666666 0.577543709375 0.03958529583333333 0.5771519359374999 0.029617985416666666 0.5686880390625 0.014027543750000001 0.5634630421875 0.008205466666666666 0.5552962109374999 0.009252077083333334 0.5518305812500001 0.01187393125 0.5436996328125 0.022912720833333334
0 0.7061453125 0.30616676458333336 0.7006562734374999 0.31178563541666665 0.6908219234375 0.3158043916666667 0.684302525 0.32244713541666664 0.680630253125 0.3288909291666667 0.6804795765625 0.3341367708333333 0.6749532265625 0.33880637291666665 0.6742213609375 0.34742438750000004 0.6781361593749999 0.34715083124999996 0.6814138 0.34882555 0.6903110703124999 0.3482038333333334 0.7004998828125 0.35320312083333333 0.7111579484375 0.3519824291666667 0.7156539390625001 0.3483367 0.722791840625 0.33927104999999996 0.727306484375 0.33609995625 0.7336752078125001 0.3347030541666667 0.7374407578125 0.33063242916666663 0.7401773781250001 0.3185427666666667 0.739878884375 0.3109486270833333 0.7386992765625 0.30817542708333334 0.7356842484375 0.3041026708333333 0.7312829671875 0.3010786583333333 0.724802309375 0.2996277583333333 0.7138256625 0.3018225854166667 0.7061453125 0.30616676458333336
0 0.8919689734375 0 0.8938918749999999 0.025570758333333332 0.8961764656250001 0.029218618749999998 0.9052229828125 0.032393972916666666 0.9112343859375001 0.04006485 0.9134070421875 0.040864906250000006 0.9193811328124999 0.04758651666666667 0.91945575625 0.04948505 0.9236503921875 0.05633100416666667 0.92615885625 0.06567446875 0.929173884375 0.06974722291666667 0.9309719937500001 0.07009751458333334 0.9357679062500001 0.06500301666666666 0.9385777203125001 0.0638548 0.945341075 0.05433938541666667 0.9536212703125001 0.04709766458333333 0.9596728421874999 0.03763198958333334 0.9621267671875 0.03650864166666667 0.9647873359375 0.03156335416666667 0.9658750921875001 0.02292047083333333 0.9685170046874999 0.01750055 0.9783140421875001 0.012532525 0.9808105875 0 0.8919689734375 0
0 0.859914503125 0.25972652291666665 0.8489191999999999 0.26144671666666663 0.84440455625 0.26461781041666665 0.8441232875000001 0.2665412166666667 0.8410322062500001 0.2696128354166667 0.8388954328124999 0.27880495833333335 0.8415344859375 0.29147086041666664 0.8459544234375 0.29496950833333335 0.8517046421875 0.29599551041666666 0.857604109375 0.3008185854166667 0.8487427234375 0.31143247916666666 0.8464753578125 0.3173021645833333 0.848026653125 0.33861094999999997 0.852221290625 0.3454569020833333 0.8582714328125001 0.34503413541666667 0.8641909859375 0.3412889333333334 0.86848033125 0.34146514375 0.872151175 0.34406426041666666 0.8749983 0.3438653104166667 0.8769270015625 0.34753803958333335 0.8761405968749999 0.34568924166666665 0.880692553125 0.34346741458333335 0.884238521875 0.30657245 0.883343040625 0.28379002708333334 0.88220074375 0.28196609791666666 0.8769183484375 0.2837630291666667 0.872198490625 0.28171315208333336 0.8664884390625 0.26355059166666667 0.859914503125 0.25972652291666665
0 0.89423069375 0.2520932979166667 0.8924684671875 0.2617351854166667 0.892897553125 0.27265176458333334 0.8907220375 0.2899375291666667 0.89071775 0.31706626250000003 0.8888809 0.32480961458333335 0.8869852234375 0.34921488749999996 0.8872464062500001 0.3558597604166666 0.8898495750000001 0.3585334833333333 0.89737925 0.35943514374999996 0.906913678125 0.35686515625 0.9136770328124999 0.34734974375 0.9149513468749999 0.3434532 0.9151393359375 0.339156625 0.9161696953125 0.3381327520833333 0.9147848734374999 0.33013858333333335 0.9128375171875 0.3259912208333333 0.9121644765625 0.3179473145833333 0.915762125 0.30960498541666664 0.9164566796875 0.3000377041666667 0.9229574218750001 0.2929203270833333 0.922640271875 0.28485155208333335 0.9193640609375 0.274133925 0.9192722109375 0.26271784583333335 0.918804384375 0.25989490833333334 0.9128489500000001 0.25364793333333335 0.90483279375 0.24944870416666667 0.8965913375 0.24859677916666667 0.89423069375 0.2520932979166667
0 0.7109297140625 0.25538307916666664 0.7105365124999999 0.25445867916666665 0.7069962609375 0.25518199999999996 0.7109297140625 0.25538307916666664
0 0.701972034375 0.04564467291666666 0.6948915296875 0.047091312499999996 0.691181946875 0.0525858375 0.6864434312500001 0.050061327083333336 0.676721015625 0.0569278875 0.66497661875 0.05774855208333333 0.659843471875 0.06334255208333334 0.65349340625 0.0652140875 0.6479297453124999 0.06893442083333333 0.6385617906250001 0.08481902291666667 0.6386550703125 0.08719219375 0.6359945046875 0.09213748125 0.635113390625 0.09695842291666666 0.6356544109375 0.11072280416666666 0.6427148296875 0.11784444166666666 0.6435572015625 0.12111714166666668 0.6439862875 0.13203372083333334 0.6425612953125001 0.14117610416666665 0.638214553125 0.14861890416666668 0.6218421484375 0.15880576875000002 0.6184324875 0.16285152500000002 0.6146281953125 0.17501579583333332 0.615169215625 0.18878017500000002 0.6121341015625 0.19327569791666666 0.6134816125 0.20032059791666665 0.617208421875 0.20434361666666667 0.6244195171875 0.20621941458333334 0.626666796875 0.20891800624999998 0.6419686718750001 0.21689156666666667 0.6534877671875 0.21941820833333334 0.6563162390625 0.218744625 0.6611494609374999 0.21459939583333335 0.6661319328124999 0.21425123541666666 0.6704772453125 0.21585134583333332 0.67639536875 0.22114905416666666 0.6814897765625 0.22364869583333336 0.6860044203125 0.22047760208333333 0.696402734375 0.20356912708333336 0.6954125437500001 0.18745644583333335 0.6985237109375 0.17581654791666665 0.71487603125 0.17419796041666666 0.724373146875 0.17067870625 0.726040665625 0.16770655833333334 0.7261540296875 0.16151145 0.7278215484375 0.15853930624999998 0.7295464640625 0.14794815 0.7340438812500001 0.13525951041666667 0.7393463609375 0.12489430416666666 0.7400782265625 0.1162762875 0.742645515625 0.10895783333333334 0.7433400703124999 0.09939055000000001 0.74189928125 0.08997247916666667 0.7418074296875 0.0785564 0.7401040296875 0.07153636666666667 0.7318266906249999 0.060692264583333336 0.7189973953125001 0.05206998958333333 0.71111183125 0.05119319583333334 0.701972034375 0.04564467291666666
0 0.9850116578125 0.41899101666666666 0.9837359125 0.43193047083333336 0.9839970953125 0.43857534583333335 0.9851580468750001 0.44087390833333334 0.9901405171875 0.44052574791666665 0.998034840625 0.4325460916666667 0.9947760593750001 0.3496377375 0.9936764046875 0.3488986854166667 0.988449978125 0.3521195166666667 0.98221041875 0.36588176666666666 0.9811786281250001 0.37594855000000005 0.973122303125 0.388885875 0.9743951890625 0.39403224166666667 0.98325371875 0.40150417083333334 0.9885533390625 0.4092247854166667 0.9879908046875 0.41307159374999997 0.9850116578125 0.41899101666666666
0 0.9673088140624999 0.19558557291666664 0.9681311015625 0.20742654791666668 0.97015308125 0.21347244583333333 0.9706567906249999 0.22628756041666667 0.9730533171875001 0.23278322083333333 0.98897369375 0.238333875 0.9904617046874999 0.23987404375 0.9840423875000001 0.07655686666666667 0.9747451312500001 0.07608158958333333 0.969837284375 0.07832828333333333 0.9613691 0.08986657708333333 0.9620780234374999 0.10790266041666667 0.960746309375 0.11941821458333333 0.9619431453124999 0.13170895624999998 0.9598982203125 0.15231716041666665 0.9636982250000001 0.16728162291666668 0.9642765578124999 0.18199527291666667 0.9673088140624999 0.19558557291666664
0 0.8384820671875 0.1684163604166667 0.8249955296874999 0.17031063333333335 0.8221283187499999 0.17907786041666668 0.8167885281249999 0.1884938 0.8151195796874999 0.20050885833333335 0.8157725359375 0.21712104166666668 0.8188621875000001 0.22309233125 0.8221957953125001 0.22619095 0.8228114390625001 0.24185386458333333 0.82415895 0.24889876875 0.8325109125000001 0.26164140416666665 0.8360325078124999 0.2604434520833333 0.8492033265625001 0.24143749166666667 0.8501404078125001 0.23804045000000001 0.849692665625 0.22664923750000002 0.853215690625 0.21640837291666667 0.8683338640624999 0.20154977500000001 0.86814730625 0.19680343749999998 0.86275440625 0.18670965208333332 0.860918984375 0.18541009583333334 0.8583172421875 0.1736934625 0.857193603125 0.17234416458333335 0.854776990625 0.17441677916666667 0.8469473921875 0.17496388958333334 0.841722396875 0.16914181041666668 0.8384820671875 0.1684163604166667
0 0.8538901609374999 0.21540936666666666 0.8505924359374999 0.22230292916666666 0.849692665625 0.22664923750000002 0.8501404078125001 0.23804045000000001 0.8513200140625001 0.2408136458333333 0.8575940281250001 0.2460864875 0.8644678875 0.24846178541666666 0.8815879578124999 0.24821736041666667 0.8827689953125001 0.24194764583333334 0.8803724687500001 0.23545198541666668 0.8832210234375 0.226210125 0.8859375578125 0.22268873958333335 0.883671621875 0.21951551458333332 0.8827173140625 0.2133950125 0.878466709375 0.20512515625 0.8751331015625 0.20202653750000002 0.8687084125 0.20199953958333333 0.8628261703125 0.20669401041666668 0.8538901609374999 0.21540936666666666
0 0.75919463125 0.4028826354166667 0.7446217640625 0.40437687916666665 0.737653196875 0.4086713229166667 0.7359670203124999 0.41116883541666666 0.7314509484375 0.42338283958333334 0.7309257234375 0.4281789166666667 0.73487640625 0.43789753958333333 0.7386032171875 0.44192055625000004 0.7488867375 0.44025010000000003 0.7607617249999999 0.442751875 0.767299778125 0.4365837645833333 0.7680316453125 0.42796575000000003 0.7699244640625 0.4216463 0.7694566375 0.4188233645833333 0.767602559375 0.41704917291666666 0.7675279359375 0.4151506375 0.7634638921875 0.41162712083333336 0.7622096609375 0.4069553895833333 0.75919463125 0.4028826354166667
0 0.8693612906249999 0.10057924791666667 0.8634790484374999 0.10527371666666667 0.8580273234375 0.11184185416666666 0.8507760578125 0.12710261041666668 0.850999928125 0.13279821666666666 0.8541082375 0.13924414166666665 0.8563914 0.15193491041666668 0.86277735 0.16005555416666667 0.877406184375 0.15998521041666666 0.8884215703124999 0.14969673749999998 0.8946970140625 0.14592666666666665 0.899099721875 0.13990776875 0.9017617203125001 0.12591957291666667 0.9053407124999999 0.11710260833333333 0.903899921875 0.1076845375 0.898093734375 0.10523463333333334 0.8888592296875 0.10635585 0.8839714687500001 0.10003426666666666 0.8771162640625001 0.09813360208333334 0.8693612906249999 0.10057924791666667
0 0.5134949578125 0.20778330625 0.5164698171875 0.22899261666666665 0.51455834375 0.23483743333333335 0.5077576765625 0.2434035791666667 0.505134421875 0.24929813541666668 0.50479575625 0.25884055 0.507773475 0.2619640375 0.5220076765624999 0.2700122041666667 0.531616728125 0.2693407520833333 0.5382667171875 0.26602044583333334 0.54606043125 0.25548115833333335 0.5493208453125 0.24763833125 0.5485746109375 0.22865297708333332 0.544118790625 0.21516215416666667 0.538051421875 0.20606737291666669 0.5300166109375 0.20139351041666667 0.5189653390625 0.20168980416666665 0.5134949578125 0.20778330625
0 0.3864117046875 0.052465095833333336 0.3876099671875 0.05571292708333333 0.3916740140625 0.05923644375 0.39704968749999997 0.059812681250000006 0.3998394171875 0.06723274375 0.40004463125 0.07245371458333333 0.4021039234375 0.07944887916666667 0.405025671875 0.08114846458333333 0.4154598703125 0.07423216875000001 0.41645291875 0.07225902499999999 0.42137942187500005 0.07048696666666668 0.427149728125 0.06294469375 0.4337064375 0.05725121666666667 0.4336504703125 0.055827314583333336 0.437397365625 0.05128205625 0.4397594390625 0.038742627083333335 0.4427199296875 0.032348572916666665 0.4426079953125 0.029500770833333335 0.44575647343749997 0.018810139583333333 0.4451408296875 0.0031472229166666665 0.4344641046875 0.00389328125 0.43386425937500006 0.006790820833333333 0.43009870625 0.010861445833333334 0.42241835625 0.015205625 0.4157296265625 0.026619575 0.41196407500000004 0.0306902 0.40604452343749997 0.03443540416666667 0.40005034687499996 0.03628207083333333 0.3868637328125 0.036727575 0.3859453078125 0.040599252083333336 0.3864117046875 0.052465095833333336
0 0.4924788234375 0.3268083958333333 0.4910366046875 0.3264332375 0.49146711875 0.32830690416666664 0.4924788234375 0.3268083958333333
0 0.46543104687500003 0.21066593333333333 0.4611015296875 0.22762627708333336 0.460837490625 0.239067225 0.4646920328125 0.26449850208333336 0.46873742343749997 0.26754738541666667 0.474824878125 0.2680738875 0.4939683578125 0.2648324458333333 0.5125535890624999 0.23830908333333334 0.5171815984375 0.22894287916666667 0.5168271359375 0.2199248375 0.5149357484375 0.2172013770833333 0.512464596875 0.20880718125 0.5079327250000001 0.20246073125 0.4960591671875 0.19091604791666666 0.4856823671875 0.19021333333333335 0.47689703281250007 0.19368285208333333 0.46543104687500003 0.21066593333333333
0 0.564250484375 0 0.56484929375 0.007156722916666666 0.5822836546875 0.03306689375 0.5876952109375 0.043635314583333334 0.5936693015625 0.05035692291666667 0.600880396875 0.052232718750000004 0.62410800625 0.043946518749999997 0.6324068578125 0.03717943333333333 0.63918886875 0.028138652083333333 0.6423545734375 0.02696556875 0.6485553937499999 0.021296960416666667 0.650522834375 0.016876045833333336 0.6503362765625 0.01212970625 0.6528662515625 0.0038619833333333334 0.66145029375 0 0.564250484375 0
0 0.4411013875 0.31802412708333333 0.44154912812499997 0.3294153375 0.4427660484375 0.3331378020833334 0.4462115921875 0.33908422499999996 0.451624578125 0.34060973125 0.4536852984375 0.33856198541666666 0.456589821875 0.33074402708333334 0.46200423593749995 0.3232266208333333 0.46726797343750004 0.3209550583333333 0.4762025546875 0.32128261041666667 0.4802680296875 0.3157632145833333 0.4798202890625 0.30437200416666665 0.4745020125 0.29617675625 0.4664112328125 0.2900789916666667 0.4561277125 0.2917494479166667 0.450057484375 0.30074049166666666 0.4411013875 0.31802412708333333
0 0.4741116671875 0.2771665354166667 0.4683040515625 0.28375953958333333 0.4686398578125 0.29230294791666667 0.47154295 0.29352790208333335 0.47641205781249996 0.29937485 0.479594990625 0.30771930833333333 0.4784699203125 0.315412925 0.4754534625 0.32038307916666664 0.4791415328125 0.3324997416666667 0.48350550156249994 0.3345744875 0.49090458281249993 0.33215371250000003 0.4964495890625 0.32795874375 0.5031196640625 0.3160701583333333 0.505948134375 0.31539657916666664 0.508683325 0.312349825 0.5111759890625 0.30313283541666664 0.5113668359375 0.28075043958333334 0.5100752921875 0.27512944166666664 0.505936625 0.2697073895833333 0.499718578125 0.26585844999999997 0.49112123125 0.26503139583333335 0.47740939375 0.270272975 0.4741116671875 0.2771665354166667
0 0.9373912000000001 0.4603935854166667 0.9367540421875 0.46234186041666664 0.9379709609375 0.466064325 0.9403502625 0.46304244166666664 0.9405942171874999 0.46016976875 0.9373912000000001 0.4603935854166667
0 0.954941784375 0.4620228291666667 0.94531550625 0.45317673541666664 0.94246838125 0.4533756854166667 0.941138096875 0.45584832708333334 0.94128734375 0.4596453979166667 0.9447328859375 0.46559182083333334 0.9405927890625 0.46921268125 0.946099053125 0.47311135624999995 0.948009096875 0.47630944999999997 0.94819565625 0.4810557875 0.94397950625 0.4918210229166667 0.9431543609374999 0.49806586875000003 0.945157684375 0.50363713125 0.9514316968750001 0.5089099708333333 0.9650301703125 0.5098635 0.971736128125 0.5079670958333333 0.9758948828125 0.50482086875 0.9883324046874999 0.5034758354166666 0.991742065625 0.49943007916666665 0.9929977265625001 0.4950589 0.99241939375 0.48034525 0.99114650625 0.47519888541666666 0.986146809375 0.46602950000000004 0.97438375625 0.46637552916666664 0.9663116328125 0.46075239999999995 0.954941784375 0.4620228291666667
0 0.6710413125 0 0.6771400203125 0.013112366666666668 0.6818225671875 0.014212975 0.6842391796875 0.012140360416666666 0.69669535625 0.011269960416666667 0.7026321359375001 0.0170423 0.7031186171875 0.02033986875 0.7049726953125 0.0221140625 0.7146004031250001 0.02191724375 0.7181793953125 0.01310028125 0.7186779343749999 0 0.6710413125 0
0 0.5515596281249999 0.4226268645833333 0.5469904453125001 0.4153311458333333 0.5429450546875 0.41228226458333334 0.5350781453125 0.41188010625 0.5327548140625 0.41632588958333333 0.5329227171875 0.42059759375 0.531555121875 0.42212097083333333 0.5310298984374999 0.42691704583333334 0.527001734375 0.43338570833333334 0.5191147421875 0.4415518270833333 0.5171846125 0.4469220104166666 0.521397903125 0.4542425979166667 0.529470028125 0.45986572708333334 0.5355000859375 0.4680112375 0.5455209953125 0.46873881875 0.546248575 0.4872495375 0.5505364921875 0.49646866041666665 0.5546751609375 0.5018907125000001 0.5653705390625 0.5016192854166667 0.5752235453125001 0.4980751625 0.57867051875 0.494978675 0.577809490625 0.49123134166666665 0.572677771875 0.48778243125000004 0.567808665625 0.48193548333333336 0.5661425765625 0.47586471874999997 0.5655829 0.4616257020833333 0.56648266875 0.45727939375000004 0.57822849375 0.4474158208333333 0.583885434375 0.4460686541666667 0.586995171875 0.44347166666666665 0.596192365625 0.44140118333333334 0.60205595 0.4362320791666667 0.6015508125 0.43245987708333333 0.5837189609375 0.43275403749999997 0.5760773515625 0.42900457500000005 0.569989896875 0.428478075 0.567049490625 0.4263038520833333 0.5515596281249999 0.4226268645833333
0 0.547620225 0.1045 0.547020378125 0.10739753958333333 0.5477694718749999 0.10829707083333333 0.547620225 0.1045
0 0.5727593078125001 0.09036898125 0.57459473125 0.09166854166666667 0.575662403125 0.09159393541666666 0.5752146625 0.08020272499999999 0.5727593078125001 0.09036898125
0 0.5781033859375 0.05382430833333333 0.57763413125 0.0600442875 0.5787190296875 0.069487225 0.5781033859375 0.05382430833333333
0 0.5021364640625 0.018677970833333335 0.49410022187499997 0.02304701875 0.48330870625 0.039031095833333335 0.479860303125 0.05117049791666666 0.4767132546875 0.052818214583333335 0.4785859890625 0.05506704166666666 0.4807213328125 0.05491783125 0.48193825312499994 0.05864029583333333 0.48041997968750005 0.06540951041666666 0.48116621562499995 0.0843948625 0.4851728640625 0.0955373875 0.49041651875000003 0.10183410208333334 0.492214628125 0.10218439375 0.5092787296875 0.10051606666666667 0.5166031890625 0.09619675624999999 0.5175402703125 0.09279971458333333 0.516455371875 0.083356775 0.517336484375 0.07853582916666667 0.5190413140625 0.07651295208333334 0.5215899453125 0.06871986041666665 0.5236879796875 0.06762138333333333 0.5293836609375 0.058180575 0.5311444578125 0.057581597916666664 0.5320442296875 0.0532352875 0.5314458125 0.04708991666666666 0.5251732265625 0.032774164583333334 0.5188619 0.026552058333333333 0.5157722484375 0.02058076666666667 0.5110523890625001 0.01853088958333333 0.5021364640625 0.018677970833333335
0 0.8013014453125 0.04869851458333333 0.7956445046875 0.05004567708333333 0.790904559375 0.05656407916666666 0.78848651875 0.06767960416666667 0.787116065625 0.08728880208333334 0.7887979515625 0.11192002291666667 0.7872022000000001 0.134876525 0.7881378515625 0.14052239375 0.7920713046875 0.14072347500000001 0.7956129875 0.13095724375 0.8033119937500001 0.12708769791666666 0.8079400015625 0.11772149375 0.8081839578125001 0.11484882291666666 0.815265890625 0.104359275 0.8148927734375 0.09486659791666667 0.8130573515625 0.09356703749999999 0.8088254031250001 0.08577181666666665 0.80521195625 0.07555369166666666 0.8038486499999999 0.04994833333333334 0.8013014453125 0.04869851458333333
0 0.3647167359375 0.08158544791666666 0.3659537390625 0.07673963541666667 0.3751523625 0.06562623958333333 0.3804361859375 0.05478639791666667 0.3837726515625 0.039799195833333335 0.3823691734375 0.031330391666666665 0.3699222640625 0.008403275 0.35640539375 0.00934779375 0.3478865078125 0.025649002083333334 0.3399808578125 0.033340487499999995 0.33763886875 0.0373116375 0.3338718890625 0.05042517291666667 0.3355925171875 0.06696275208333334 0.342483603125 0.07885559583333333 0.3445615515625 0.08632539374999999 0.35285754687500004 0.09764412916666668 0.3573721921875 0.09447303541666667 0.3647167359375 0.08158544791666666
0 0.8310400343750001 0.32409198958333335 0.8277810499999999 0.32289190416666663 0.8053599296874999 0.324458625 0.8005640171874999 0.329553125 0.7949429593749999 0.34089246666666667 0.79217045625 0.3429899520833333 0.791626578125 0.34731139375000003 0.7882556578125001 0.34326350624999996 0.7871693296875 0.34286347916666665 0.7865135171875 0.34433711875 0.779621 0.34148718333333333 0.775387621875 0.342734875 0.7716780390625 0.34822940208333336 0.77231376875 0.35532403958333336 0.775272828125 0.35797289375 0.775722 0.36032119375 0.78533105 0.3596497416666667 0.787915565625 0.36184883125 0.7960823984375 0.36080221875 0.8001277874999999 0.3638511020833333 0.801512609375 0.3718452708333333 0.8006688078125 0.37761548125 0.801209828125 0.3913798625 0.8056670765625 0.39582777916666667 0.829493103125 0.39368694791666664 0.8335212656250001 0.3872182854166667 0.8376986750000001 0.38454669375 0.8460147546875 0.3872971520833334 0.8490685250000001 0.38327626458333336 0.8484887625 0.37760552708333334 0.845156584375 0.36546399583333333 0.8371232015625001 0.35174722291666666 0.8359464531249999 0.33088820416666664 0.8343363296874999 0.32624133958333335 0.8310400343750001 0.32409198958333335