0 0 0.24519468958333332 0.0006484671875 0.24573211666666667 0.0104509703125 0.2582693166666667 0.013454626562499999 0.26005654375 0.021176696875 0.26043831458333333 0.029606792187499998 0.2667227916666667 0.044235314062499996 0.26971908541666667 0.04804255 0.2739776979166667 0.052581890625 0.2747307395833333 0.056608084375 0.27255099375 0.060948790625000006 0.26050157083333336 0.06586660625 0.2376967958333333 0.066125440625 0.22697857291666665 0.06750613125 0.21869461041666666 0.071142571875 0.21057503125 0.0718189984375 0.20622091458333333 0.07506944843749999 0.20199405208333332 0.0787058890625 0.19387447291666668 0.0864121625 0.18912783333333336 0.091349534375 0.18128402083333334 0.0960401125 0.17945429375 0.10700059375 0.18031334166666665 0.1087033171875 0.18182480208333332 0.117491565625 0.18379228958333332 0.1295859421875 0.18238146041666664 0.131618978125 0.17915165416666667 0.13250231875000001 0.17306331458333332 0.129562625 0.15758795 0.128496446875 0.15600223541666666 0.128218053125 0.15175949791666668 0.1222905046875 0.13962532083333334 0.11932297031250001 0.12372567916666667 0.10880039999999999 0.1099899125 0.10756718750000001 0.10585855625 0.10298420781249999 0.09955282708333332 0.09846894843750001 0.08939150833333334 0.09200416875 0.08373281666666667 0.090106571875 0.07925144166666667 0.085953221875 0.07460568125 0.0792416484375 0.07496107708333333 0.0780799125 0.07680667916666667 0.07185365 0.07967058749999999 0.06853172187499999 0.07792048958333334 0.0640044203125 0.07246331041666668 0.05689105625 0.07158300833333334 0.043734260937500005 0.08124067291666666 0.0395967109375 0.081723325 0.0369271296875 0.08502738333333333 0.0289981421875 0.08637983541666668 0.0218847765625 0.08549953333333334 0.0137729546875 0.07917792916666667 0.0026055578125 0.08005310416666668 0 0.08175658749999999 0 0.24519468958333332
0 0.76547291875 0.23004780625 0.7550255859375 0.23212154791666664 0.75084815625 0.23688406250000002 0.7492011125 0.23622115 0.74835765 0.23802962708333333 0.7472914734375 0.2364439125 0.7460063421875 0.24129656041666667 0.7440131859375 0.2402465 0.74382206875 0.24710913541666668 0.7457475062500001 0.2520147833333333 0.7441441 0.2569045583333333 0.74028494375 0.2616299458333333 0.7287473546875 0.27152624791666663 0.727613459375 0.273796125 0.7219959 0.27616150625 0.7175001984375 0.2809611479166667 0.718172103125 0.30097626875 0.7137358375 0.3164570083333333 0.7153588015625 0.3265281958333333 0.71714504375 0.32931247708333333 0.719567828125 0.3320225041666667 0.723414946875 0.33200125416666665 0.728356078125 0.3339899895833333 0.735719996875 0.33868875416666666 0.7542355140625 0.33738393125 0.7611540015625 0.3352943145833333 0.763974821875 0.32940748541666665 0.7652441546875 0.3194264270833333 0.770818075 0.3115083604166667 0.77069091875 0.30468285625 0.7724455609375 0.2972103125 0.772234884375 0.28911198541666666 0.7734921796875 0.2838350645833333 0.7758713265625 0.28099240625 0.77469379375 0.2777095979166667 0.7791217765625 0.27676554583333335 0.7796033265625 0.2694415104166667 0.7822172296875001 0.2652889041666667 0.7821577921875 0.25460780625 0.7809802578125 0.2513249979166667 0.7793332140625 0.2506620854166667 0.7752197437499999 0.24173646041666666 0.7706924421875 0.23627928125 0.7691687968750001 0.23260932708333334 0.76547291875 0.23004780625
0 0.777113528125 0.4172267708333333 0.78136619375 0.42827376666666667 0.7826430453125 0.43795780625 0.78606053125 0.4362765895833334 0.7897007328125001 0.4379895583333333 0.7954537265625 0.4279129958333333 0.7969179359375 0.42090185625000004 0.8006100546875 0.41363082500000004 0.8040915015625 0.39826146458333334 0.8063036140625 0.3928731645833333 0.807505228125 0.3867476958333333 0.8071989953125 0.3820806854166667 0.8027153312499999 0.38217619166666666 0.798995371875 0.3890229479166667 0.792466634375 0.39705239583333335 0.7774160015625 0.41206123333333333 0.777113528125 0.4172267708333333
0 0.8252690812499999 0.37398748541666665 0.8230569687499999 0.3793757875 0.8214656046875 0.37956142083333333 0.8182392359374999 0.37438000625 0.816981940625 0.379656925 0.8115750578125001 0.39012063541666664 0.810747396875 0.3970575229166667 0.8079544171874999 0.403368625 0.8073336703124999 0.40857129166666667 0.8050102000000001 0.41226249791666664 0.8036016703125 0.42012218749999997 0.8066610031250001 0.4227579604166667 0.814741228125 0.41882274166666666 0.8186718624999999 0.4200743104166667 0.8214129218749999 0.42274721041666663 0.8363717546875 0.4210022395833333 0.83927609375 0.41638823125 0.8416116015625 0.4079928875 0.840446109375 0.4000059395833333 0.8376456125 0.38665194374999995 0.8359428875000001 0.3851404854166667 0.8320679328124999 0.3847374604166667 0.828260696875 0.3804788479166667 0.8252690812499999 0.37398748541666665
0 0.20700758125 0.09639628541666667 0.20825659375 0.10565605416666667 0.20713849843749998 0.11305434166666667 0.2080850359375 0.12747964791666666 0.21269961406250001 0.14404219791666667 0.21555203125000003 0.14841219375 0.220373525 0.16324052291666666 0.2221319265625 0.16560052916666665 0.22566076875 0.16561640833333333 0.24568413281249998 0.16285312916666667 0.25034687187500004 0.16059912916666666 0.2631891515625 0.16081114166666666 0.27404655624999996 0.14543640625 0.27351385 0.12754265833333334 0.27496601875 0.12523565416666668 0.2815263546875 0.12746302708333335 0.29387504375 0.13970321458333332 0.2974874046875 0.14099191041666667 0.299603959375 0.13903492708333334 0.3148178703125 0.11673918125 0.3186175890625 0.10133269583333333 0.323885275 0.08874761666666667 0.3209659015625 0.05403142708333333 0.3192473796875 0.04739155625 0.31285032031250004 0.03787727291666666 0.3094569140625 0.030150216666666667 0.3073087625 0.021850377083333334 0.307204025 0.020580031250000002 0.179829215625 0.035438500000000005 0.1797963796875 0.04826796666666667 0.1779183390625 0.058747552083333335 0.1797602578125 0.06238038125 0.194277421875 0.06367957916666667 0.20216653125 0.06660699375 0.2103618703125 0.07420142083333332 0.212549903125 0.07822139583333333 0.212330946875 0.08465975416666667 0.2082927140625 0.09154363958333334 0.20700758125 0.09639628541666667
0 0.940202434375 0 0.9364458109375 0.005748408333333333 0.9334301171874999 0.008665320833333334 0.9318267125 0.01355509375 0.9308914515625 0.028627437500000002 0.9285439 0.04172691875 0.9290171687500001 0.048939570833333335 0.9318018671875 0.057165156249999995 0.9474047656250001 0.07501103125 0.9501179875 0.07725965833333334 0.9619655687499999 0.08186291458333333 0.967722321875 0.08161890208333333 0.974556928125 0.08313852291666667 0.9691016703124999 0 0.940202434375 0
0 0.43350964375 0.11229906875000001 0.4239531703125 0.12794956875 0.4189842 0.12553655833333333 0.4094081671875 0.12622609583333333 0.39151715625 0.13216080208333333 0.3885014625 0.13507771249999997 0.385792 0.14266163958333333 0.3810337046875 0.14834695416666666 0.3803851171875 0.15312534791666668 0.38246931093750003 0.17511332708333333 0.3785303953125 0.18839844375 0.37977940625 0.19765821249999999 0.3907594453125 0.21347822291666668 0.39520322812500003 0.21766258125 0.3970729875 0.22171968333333333 0.40111497968750004 0.22466835 0.4096526734375 0.22281737083333333 0.422713909375 0.216591025 0.4284149859375 0.2154984625 0.43302204531250005 0.21239591666666666 0.44413376250000003 0.21067219375 0.450511265625 0.20522551666666666 0.4598247015625 0.20542165416666666 0.4650961484375 0.20266912291666667 0.46728041875 0.19685654791666665 0.46910278125 0.18552841666666667 0.46999816250000004 0.1747359375 0.46826384218749995 0.16296765625 0.4719401625 0.1505682125 0.47135553750000003 0.14165846458333334 0.469318740625 0.13505572083333334 0.46044321562499996 0.1219828625 0.4428907984375 0.10863961458333334 0.43684361093749996 0.10934502916666666 0.43350964375 0.11229906875000001
0 0.2951097265625 0.25627248125 0.295981028125 0.25488827708333334 0.2953407234375 0.24512998125 0.294274546875 0.24354426875000001 0.28782556718749996 0.24301398958333334 0.2825104828125 0.24021383333333332 0.2787468859375 0.24150790208333334 0.268072315625 0.2645566916666667 0.2651401390625 0.26874642708333335 0.265251496875 0.27044352083333334 0.2574654640625 0.28374988958333336 0.2534430328125 0.29576218541666666 0.252352775 0.3035847479166666 0.24997362656250002 0.30642740625 0.24990590781250002 0.31028299791666664 0.24625366718750002 0.3132741625 0.24517545156249998 0.3163925875 0.24358408437499998 0.31657822291666665 0.2434606859375 0.31958526666666665 0.24061202812500002 0.32504782083333333 0.240779065625 0.32759346250000004 0.2452905671875 0.3279222333333333 0.2465079796875 0.3269251770833333 0.2477931125 0.32207253125 0.2541028953125 0.3204814416666667 0.2554455859375 0.32139361666666666 0.25550314375 0.3271584395833333 0.2540231375 0.32904117083333334 0.2542180125 0.33201108541666663 0.25813660625 0.33796679583333333 0.2583593203125 0.34136098333333337 0.26006204374999997 0.34287244375000003 0.2663123890625 0.3306002583333333 0.2664914640625 0.32844176458333335 0.2700601875 0.324177775 0.27285316718749997 0.31786667291666665 0.27352959375 0.3135125541666667 0.27727739218749997 0.30709007083333334 0.277925978125 0.3023116770833333 0.2803608046875 0.3003175666666667 0.28153833906250003 0.3036003770833334 0.2810011109375 0.31007586249999997 0.278677640625 0.31376706875 0.276604725 0.32127673958333336 0.27679960000000003 0.3242466541666667 0.2878037203125 0.3306583895833333 0.29230318125 0.33569129583333335 0.2958598625 0.3361314458333334 0.29870852187499997 0.33066888958333335 0.3024721203125 0.3293748166666666 0.3059294859375 0.3234137354166667 0.30641103593749996 0.31608970000000003 0.30917617656249996 0.309354325 0.309685565625 0.3024545645833333 0.3114003296875 0.29926188541666665 0.311687003125 0.28896793541666665 0.31283293749999996 0.2819939208333333 0.31425726875 0.27926264375 0.3148780140625 0.27405997708333335 0.3137125203125 0.26607303125000004 0.3093642953125 0.25845735416666665 0.30359174218749996 0.25357295625 0.300353334375 0.2530956770833333 0.296494178125 0.25782106666666665 0.2951097265625 0.25627248125
0 0.2686735046875 0.24439306458333335 0.269087334375 0.24092462083333333 0.27117605 0.23854336250000002 0.27070278124999997 0.23133071041666667 0.2671739375 0.23131483333333333 0.26240360156250003 0.2417042875 0.26284903125 0.24849266875 0.264551753125 0.25000412708333336 0.2686735046875 0.24439306458333335
0 0.22938672031250001 0.24683832291666666 0.229776471875 0.25277815416666666 0.23135579687500002 0.2572966583333333 0.23689359531249998 0.26349100625 0.2409077484375 0.26601539583333333 0.24377220624999998 0.2656812520833333 0.2461235140625 0.2624143208333333 0.2484033453125 0.2531704270833333 0.2510450875 0.24944209583333335 0.254307578125 0.24051109583333333 0.2535837546875 0.22947997916666668 0.2525454171875 0.22831853958333334 0.2484078671875 0.22880119166666668 0.24324777968750003 0.23325081458333333 0.2314596359375 0.23932865208333334 0.22938672031250001 0.24683832291666666
0 0.1186396765625 0.43589588124999995 0.11394909843750001 0.43772560833333335 0.10628270625 0.4381923833333333 0.1039035578125 0.44103504375 0.092640603125 0.4453415333333333 0.08872576875 0.44921837291666666 0.08892064375 0.4521882895833333 0.0940288125 0.45672266875 0.1045197828125 0.4602016145833333 0.104344465625 0.4721926604166667 0.10647681875 0.4753640875 0.114282409375 0.47701868124999997 0.1213280546875 0.48175457083333334 0.127693515625 0.4810120291666667 0.1297265515625 0.477782225 0.1363944875 0.47187414375 0.1415387765625 0.46229611041666663 0.1424461984375 0.44679949375 0.1391084703125 0.43992098333333335 0.138746559375 0.43440542499999996 0.14040564375 0.4303642 0.14609092031249998 0.42414322708333335 0.1467673453125 0.4197891083333333 0.1453272171875 0.417391975 0.1394591046875 0.41593889375 0.12999443125000001 0.41832552500000003 0.1273526875 0.4220538583333333 0.1246432265625 0.42963778125 0.1186396765625 0.43589588124999995
0 0.483627140625 0 0.4797711234375 0.00044981041666666664 0.47752089218749993 0.015675547916666668 0.47272271562499996 0.025640729166666668 0.47171597812500005 0.0347361125 0.472467640625 0.046191502083333336 0.473700853125 0.05032285833333334 0.479652484375 0.05304876041666667 0.4827674953125 0.05653308125 0.48754535 0.065808725 0.4919056140625 0.0687202625 0.4966797109375 0.06816335833333334 0.500013678125 0.06520931666666667 0.502309309375 0.06109383958333334 0.5031369703124999 0.05415695 0.5054047625 0.04961719791666667 0.5061331078125 0.036279075 0.5031414921875 0.029787714583333333 0.5045658234375 0.027056435416666667 0.5074302796875 0.02672229166666667 0.5088824484375001 0.0244152875 0.5072993640625 0.010064235416666668 0.5058313953125 0.007242829166666667 0.50147113125 0.0043312916666666664 0.5011869265625 0 0.483627140625 0
0 0.528412165625 0.21452166874999998 0.529255628125 0.21271319166666666 0.5286988421875 0.20422771874999998 0.5236027125 0.1949892 0.5191589296875 0.19080483958333333 0.5128611875 0.18769179166666666 0.509746175 0.18420747083333333 0.5036711484375 0.1844886125 0.5000467468750001 0.18790405208333333 0.4973372859375 0.19548797499999998 0.48999292343749995 0.205750175 0.49010428125 0.20744726875000002 0.4809097203125 0.22861332708333335 0.47009219375000005 0.23970819583333333 0.46367481406250005 0.2494347375 0.4614627015625 0.25482303958333336 0.46179677343750003 0.259914325 0.46789964062499995 0.2600574583333333 0.4750250453125 0.25623362083333334 0.4833001453125 0.25526831666666666 0.4972244015625 0.26219445416666665 0.5007968828125 0.2677630166666667 0.50271028125 0.27737280416666665 0.50550701875 0.28089425208333335 0.5056740546875 0.28343989375 0.5074602968749999 0.286224175 0.506684553125 0.28417705833333334 0.5114827296875 0.27421187916666667 0.5157436765625001 0.2707221854166667 0.5245040859375 0.2722653958333333 0.5294015796875 0.26870144583333333 0.542582453125 0.24963550833333334 0.545291915625 0.24205158333333332 0.5465055703125 0.23122197708333334 0.5478742203125 0.2276421541666667 0.5466410078124999 0.22351079791666667 0.5430128484375001 0.2170936875 0.5389986953125 0.21456929583333334 0.5337272484375 0.217321825 0.5295618609375 0.21738020208333333 0.528412165625 0.21452166874999998
0 0.1102644421875 0.645503225 0.1063097265625 0.6536599291666667 0.10653244218749999 0.6570541187500001 0.1123606734375 0.6627870666666666 0.11425827343749999 0.6672684416666667 0.1178984734375 0.6689814125000001 0.1213159578125 0.66730019375 0.12456640781249999 0.6630733333333333 0.1277732203125 0.6532937854166666 0.1303592828125 0.6487169041666667 0.1385787046875 0.64690305625 0.1378910015625 0.621759525 0.1385395875 0.6169811333333333 0.1374177328125 0.6145468708333334 0.12493360625000001 0.6100178666666667 0.12128136406250001 0.6130090354166666 0.1211459265625 0.6207202145833333 0.1182731875 0.6355910458333334 0.1102644421875 0.645503225
0 0.4439877 0.5163669104166667 0.4421457796875 0.51273408125 0.434519265625 0.50892099375 0.430381715625 0.50940364375 0.4260929296875 0.5124690666666667 0.423093034375 0.5205143895833333 0.422997475 0.5239457083333333 0.42090876093749996 0.5263269645833334 0.42014881718749997 0.5294082625 0.421644625 0.53265394375 0.4245926 0.5335926208333334 0.425161428125 0.5373739562500001 0.42691982968750003 0.5397339645833333 0.4280296453125 0.5468723645833333 0.4270349453125 0.5512636083333333 0.43237786875 0.5544880395833334 0.43993290468749996 0.5523241708333334 0.44390341875 0.549295875 0.44661663906250004 0.5515445020833333 0.449536775 0.55205890625 0.4519595625 0.5547689333333333 0.4567253765625 0.5687487145833334 0.45794279062500004 0.5677516583333334 0.4577757546875 0.5652060166666666 0.45978095156250004 0.5615519375000001 0.4635723890625 0.5606821395833333 0.4643880109375 0.5584493895833333 0.465120115625 0.5549438187500001 0.4646190078125 0.5473068895833334 0.4630795609375 0.5385085249999999 0.45420403593750003 0.5254356666666667 0.44952549687500004 0.5225612583333333 0.446951475 0.5224339979166667 0.4442104140625 0.5197611 0.4439877 0.5163669104166667
0 0.3274810734375 0.11910968958333333 0.3217243203125 0.11935370416666666 0.3181277578125 0.12319341666666667 0.31796447968749997 0.130480325 0.3164445921875 0.13664292083333332 0.3167267453125 0.15071820833333333 0.31985755625 0.15933093958333336 0.327985178125 0.17078095624999998 0.3362482390625 0.17451978958333333 0.3434571609375 0.17196877291666668 0.349763184375 0.1605451333333333 0.3501055375 0.15109973125 0.348733128125 0.14484700625 0.3455466390625 0.13538572708333335 0.33681031093749997 0.12443423958333333 0.3351911046875 0.1241956 0.333086590625 0.12144844583333333 0.3274810734375 0.11910968958333333
0 0.9781567953125 0.29929257291666667 0.9803327875000001 0.30801668541666666 0.986121140625 0.31802949583333334 0.987354353125 0.32216085208333334 0.9904124218750001 0.3247773375 0.984038475 0.22763794375 0.9819775984374999 0.230443475 0.9797496875 0.23070336458333335 0.978034925 0.23389604166666667 0.9800754796875 0.2503313354166667 0.9762599609375 0.26060940833333335 0.9757784109375001 0.26793344375 0.9781056390625 0.27407478750000003 0.9770710609375 0.28274589791666666 0.978594709375 0.28641585208333337 0.9781567953125 0.29929257291666667
0 0.8625732796875001 0.25335011875 0.8598043796875 0.25025294375 0.8585711671875 0.2461215875 0.854127384375 0.24193722916666666 0.8480485984374999 0.2323858208333333 0.8416552984375001 0.23270408750000002 0.838086575 0.236968075 0.8363319328125 0.24444061666666667 0.8310085671874999 0.2561771479166667 0.8303321421875 0.26053126666666665 0.8270260140625 0.2639095791666667 0.8203618374999999 0.27965021041666666 0.8198524484374999 0.28654997083333333 0.8207395484375001 0.29029417916666667 0.8313576765624999 0.3005986333333333 0.8316082296875 0.3044170958333333 0.8385741171875001 0.31771271458333333 0.84693649375 0.32785278125 0.8481418671875 0.3315598645833333 0.8518099078124999 0.33369711041666666 0.858382284375 0.3312203458333334 0.8704488218750001 0.32938524375 0.8830841859375 0.33133148125 0.88713821875 0.32957600833333334 0.8894895265624999 0.326309075 0.8898476796875 0.32199208541666663 0.89304245 0.316916675 0.8936353578125 0.31128973541666666 0.892151590625 0.30333991666666665 0.8913480093749999 0.3008685291666667 0.8829299515625 0.2898799125 0.8781919765625 0.2763244041666667 0.86591100625 0.26022862916666667 0.8625732796875001 0.25335011875
0 0.8663135593750001 0.22726253541666666 0.8627847171875 0.22724665833333332 0.8616907015624999 0.22523667291666666 0.8590609984375 0.22426086666666667 0.8555599953125 0.22466926458333333 0.8640374874999999 0.24633897708333335 0.8698100421875001 0.251223375 0.8723998640625 0.25647904375 0.8743930203125 0.25752910416666663 0.8803484109375 0.27008755625 0.8862323218749999 0.27666904791666663 0.89264518125 0.29131174374999996 0.894777534375 0.29448317291666665 0.8970889640624999 0.2954961020833334 0.9036177015625 0.28746665416666667 0.904433325 0.28523390625 0.9041270921875 0.28056689375 0.9023408500000001 0.2777826125 0.8963057015624999 0.27378388958333333 0.8908913015625 0.26458249791666666 0.8915880484375001 0.24098755624999998 0.8877529718750001 0.23630466875 0.8741627890625001 0.23446981458333335 0.8706181453124999 0.2293255270833333 0.868362396875 0.22916114166666668 0.8663135593750001 0.22726253541666666
0 0.72065634375 0 0.7205618765625 0.00015007708333333335 0.720438478125 0.00315711875 0.7145064078125001 0.015392177083333335 0.7147569625 0.019210641666666663 0.7211660625 0.024020783333333334 0.7363754499999999 0.026094277083333332 0.742299240625 0.02839590625 0.762640878125 0.025595502083333332 0.7644113203125 0.02325137291666667 0.771508884375 0.01900325833333333 0.776947365625 0.01879637291666667 0.783937334375 0.02268371666666667 0.7979691875 0.0214744 0.8066543609375 0.007208104166666667 0.807405484375 0 0.72065634375 0
0 0.638567715625 0.3243704458333333 0.635536221875 0.3221589458333333 0.6240783921874999 0.32349551875 0.6150711875 0.3279663916666667 0.6106311640625 0.3336145833333333 0.6099825765625 0.338392975 0.6076591062500001 0.34208418125 0.6062784156250001 0.35036814374999997 0.6079848984375 0.36171215208333335 0.6136062156250001 0.3691793208333333 0.6252070015625 0.37979666666666667 0.6313377078125 0.3803640729166667 0.6443033859375 0.37756904375 0.647581675 0.37376645625 0.6559207328125 0.3591130125 0.657746853125 0.35761743124999995 0.657508340625 0.3490948291666667 0.6546559234375 0.3447248333333333 0.6530607984375 0.33507791875 0.6500970234375 0.32901082916666663 0.6480203484375 0.32668795 0.638567715625 0.3243704458333333
0 0.08098637187499999 0.5121117645833333 0.0716330546875 0.5161954916666667 0.0677701390625 0.51108833125 0.0654865484375 0.5104996729166666 0.0640742609375 0.5085268125 0.059244484374999996 0.5082351708333334 0.05624083125 0.5064479458333333 0.05300618124999999 0.5158032166666666 0.051183820312499996 0.52713135 0.046246446875 0.5349751645833333 0.0382098609375 0.54446306875 0.03782386875 0.5483557875 0.042641603125 0.5533515666666666 0.044869515625 0.5530916770833334 0.048565393750000005 0.5556531958333333 0.057190365624999996 0.5649075875 0.060110501562499995 0.56542199375 0.0637627421875 0.562430825 0.070736909375 0.5611897583333333 0.0783912640625 0.56542711875 0.0852819125 0.5629132291666666 0.09282114999999999 0.5556209479166667 0.10182459531250002 0.5413175229166666 0.1031932453125 0.5377377 0.10285917343749999 0.5326464145833333 0.105473075 0.5284938083333334 0.1118227375 0.5226228541666667 0.11087995937499999 0.5180300979166667 0.10405326875000001 0.5068558479166667 0.09793460312499999 0.5015843020833334 0.08934123125 0.5025867333333334 0.08617429843749999 0.5080864145833334 0.08098637187499999 0.5121117645833333
0 0.0585643015625 0.5027567395833333 0.0596026375 0.50391818125 0.06113832500000001 0.5028839979166667 0.059988629687499996 0.5000254625 0.0585643015625 0.5027567395833333
0 0.092624915625 0.07853014999999999 0.09868790468750001 0.08295315 0.10151248125000001 0.08689887083333334 0.10440853750000001 0.09682155 0.1071774375 0.099918725 0.10766274687499999 0.10242723749999999 0.111151709375 0.10672297916666666 0.113423259375 0.112015775 0.11896105937499998 0.11821012083333333 0.12251774062500001 0.11865027083333332 0.125879546875 0.11612050416666667 0.13507786718749998 0.10478699791666667 0.1462174265625 0.10348755000000001 0.150796646875 0.09996072916666666 0.156497721875 0.09886816875 0.161741328125 0.09569136666666668 0.16316565624999999 0.09296008958333334 0.1699171109375 0.08832482916666667 0.17864592031249998 0.07961121875 0.1808459921875 0.07892705625 0.184912065625 0.07246744583333334 0.1857276875 0.07023469583333333 0.184550153125 0.0669518875 0.18250131875 0.06505328125 0.1802455671875 0.06488889583333333 0.178141053125 0.06214174375 0.1770470390625 0.06013175416666667 0.17674080625 0.055464743749999997 0.17761210624999998 0.05408054166666666 0.1774533515625 0.0369982125 0.1776580796875 0.035691766666666666 0.05617145 0.04986337083333334 0.056537424999999995 0.0515307625 0.059708115625 0.055863631250000004 0.0624928140625 0.06408921666666666 0.0664114078125 0.070044925 0.07154741718749999 0.07500357708333333 0.07583620156250001 0.07193815625000001 0.0821181453125 0.06992279375 0.0859931015625 0.07032581666666667 0.0893707078125 0.07292446250000001 0.092624915625 0.07853014999999999
0 0.15098694375 0.30814136875000003 0.1477921734375 0.313216775 0.14742197968749998 0.32223790625 0.1492119796875 0.3348547375 0.1475528953125 0.3388959604166667 0.1445928796875 0.3426614229166667 0.13631778125 0.343626725 0.13216819062500001 0.3488135145833333 0.12811415937499998 0.3505689875 0.126661990625 0.35287599166666667 0.1287582234375 0.3701598333333333 0.1424635234375 0.38352433125 0.14633019687499998 0.39846404166666666 0.155369 0.4042499916666667 0.1654544203125 0.39666069375 0.1679012890625 0.38996244375 0.17268742343750001 0.38470139999999997 0.1761447890625 0.3787403166666667 0.18280068437500002 0.3775363770833333 0.1867711984375 0.37450808125 0.1894407796875 0.37120402291666665 0.1910441859375 0.36631424791666667 0.194378153125 0.3633602083333333 0.1957189640625 0.3593561104166667 0.1945971078125 0.35692184791666665 0.1922623625 0.33111540625 0.189434025 0.31733713541666664 0.1818752296875 0.30966845625 0.168961471875 0.30347948333333336 0.15556616406249998 0.3046145458333333 0.15098694375 0.30814136875000003
0 0.6983466671875 0.1699023125 0.695677084375 0.173206375 0.6945191078125 0.18488452708333333 0.6950202171875 0.19252145208333332 0.690778828125 0.21097210833333332 0.6919601203125 0.22408746666666665 0.694080434375 0.23196303333333335 0.6922821531250001 0.2338828895833333 0.6777807890624999 0.23771210416666666 0.6680016 0.24996841041666668 0.6681844359375 0.2576424666666667 0.671382965625 0.26239960833333337 0.672811053125 0.26950088125 0.6768966843750001 0.27800222916666667 0.6770637203125001 0.28054787291666666 0.6833373828125 0.2930691979166667 0.686134121875 0.29659064583333333 0.6894560484375 0.29834074166666663 0.6922926671875 0.297582325 0.6953083609374999 0.2946654125 0.6959847875 0.29031129375000003 0.70036913125 0.28381455625 0.7098458453125 0.2767237875 0.725994253125 0.27355748541666663 0.7353596125 0.26476961875 0.74009006875 0.25866003125 0.7425805750000001 0.25751446666666666 0.744004903125 0.2547831875 0.743810028125 0.25181327291666666 0.73897649375 0.24168907916666665 0.7375205671875 0.23416353541666668 0.735527409375 0.23311347500000001 0.7329654265625 0.22828208125000002 0.73335141875 0.22438936250000002 0.7321460453124999 0.22068228124999997 0.72658040625 0.21406366041666666 0.7260792984375 0.20642673333333333 0.7236685515625 0.19901256875 0.7232788 0.1930727375 0.7290280375 0.17316362291666668 0.7262591375 0.17006645 0.7230207296875 0.16958917291666667 0.720944053125 0.16726629166666665 0.709955734375 0.16598297083333333 0.6983466671875 0.1699023125
0 0.7099858625000001 0.06380188333333334 0.7059160296875 0.06042894375 0.699383534375 0.058625841666666664 0.6946372765625 0.059607020833333337 0.6890753984375 0.06282095 0.672206925 0.06478868541666667 0.666991159375 0.06838976041666665 0.6648505234375001 0.07975502083333333 0.6593759218749999 0.09407432083333332 0.6546733046875 0.10060818541666668 0.6501219234375 0.10455928125 0.6465690000000001 0.11395168125 0.6478578921875 0.11893158333333333 0.652357353125 0.12396449166666666 0.6585196578125 0.13478872083333335 0.660540653125 0.13626305625 0.6681114874999999 0.13922759583333333 0.6843712531249999 0.13775839166666665 0.6938238875 0.14007589583333332 0.6979772359374999 0.14472165625000002 0.699154771875 0.14800446458333333 0.6953670921875 0.15870681250000002 0.695701165625 0.16379809791666666 0.6987326578124999 0.16600959583333333 0.7072146734375 0.16331007291666666 0.71023036875 0.1603931583333333 0.7170931781250001 0.15745499375 0.7294779890624999 0.15558276666666665 0.7330745515625 0.15174305208333333 0.73517530625 0.14465765625000002 0.7355733375 0.1360608 0.7356929765625 0.12322120833333333 0.7343724859375 0.10798448125 0.728027346875 0.08948619583333332 0.7211728171875 0.07788767083333334 0.7179584875 0.06800211874999999 0.71415125 0.06374350625 0.7099858625000001 0.06380188333333334
0 0.7565213359375 0.4162087145833333 0.7504741484374999 0.41691412708333336 0.7429627515624999 0.42463068333333337 0.7407228 0.4295947104166667 0.7411403890625 0.4359588166666667 0.74658263125 0.44558448125 0.757379834375 0.4537304375 0.7569855624999999 0.47215984166666664 0.7594083484375 0.47486986875 0.763892009375 0.47477436458333333 0.7716818 0.47130054583333336 0.776412259375 0.46519095416666667 0.7807845640625 0.46339835416666664 0.783979334375 0.45832294583333333 0.7843773671875 0.4497260895833334 0.7783820968749999 0.44144750208333333 0.778048025 0.4363562166666667 0.779623590625 0.43104216875 0.779428715625 0.42807225416666667 0.778139825 0.42309235208333335 0.7746787 0.41922088541666663 0.773389809375 0.41424097916666663 0.7620990140624999 0.4181231958333333 0.7565213359375 0.4162087145833333
0 0.462151875 0.39240448125 0.45559905624999997 0.40984220624999995 0.45593312812500003 0.4149334895833333 0.4630660515625 0.4307747520833333 0.46225418906250004 0.4428400520833333 0.46361455625000003 0.4537969125 0.46603734374999994 0.45650694166666667 0.47274891874999997 0.45615154583333334 0.47616640312499997 0.45447032708333335 0.4800654390625 0.44546507500000004 0.48264774375 0.43105564375 0.4805199125 0.4035149791666666 0.47484291718750005 0.3951992645833334 0.4732237140625 0.394960625 0.469444315625 0.39112628541666666 0.46585979375 0.3902618625 0.462151875 0.39240448125
0 0.671255046875 0.2897758875 0.6698826359375001 0.2835231625 0.668152075 0.2815874291666667 0.6660317625000001 0.27371186458333335 0.6631236656249999 0.26849332291666667 0.6584172875000001 0.2651946375 0.656065978125 0.2684615708333334 0.6513754015625 0.27029129583333333 0.6500067515625 0.27387112291666665 0.6481249515624999 0.2745181583333334 0.6434780124999999 0.28190057083333336 0.6397460125000001 0.29345146666666666 0.6425984296875 0.29782146041666663 0.6426300281249999 0.30807828333333337 0.6449173765625 0.31849949166666663 0.653959940625 0.33411799166666667 0.65633080625 0.34581201875 0.659557175 0.3509934333333333 0.66072266875 0.35898038125000004 0.6573608625 0.3615101458333333 0.6565730796875 0.36416717083333333 0.6541104125 0.36573700833333334 0.6542217703125 0.3674341020833333 0.6518983015625001 0.3711253104166667 0.6503347749999999 0.37173521875 0.6505018125 0.37428086041666664 0.6480948234375 0.37669924375 0.6482896984375001 0.37966916041666665 0.6545596015624999 0.3823579375 0.6570501078125 0.3812123729166667 0.6617248859375 0.37425423541666664 0.6631732953125 0.36211468124999996 0.675848540625 0.35978105208333333 0.6792381859375001 0.35767555833333337 0.688102434375 0.34125076875 0.688321390625 0.33481240625 0.6852462578125 0.3270482229166667 0.684995703125 0.3232297604166667 0.679899575 0.31399124375000004 0.67942630625 0.30677858750000003 0.676601728125 0.3028328666666667 0.675173640625 0.29573159583333336 0.671255046875 0.2897758875
0 0.691937509375 0.3459336541666667 0.689156571875 0.34754061875000003 0.6844261125 0.35365021041666667 0.6820386843749999 0.37102955625 0.6767431578124999 0.3831903604166667 0.6778010531249999 0.39931276250000003 0.6807648296875 0.4053798520833333 0.6809318656250001 0.40792549375 0.681998040625 0.4095112083333333 0.6880452296875 0.40880579375 0.7043727140625 0.4034809979166667 0.7120112671875 0.40258995000000003 0.7149870828125 0.4039529 0.7210621109375001 0.4036717583333333 0.7256970109374999 0.4009934854166667 0.729158134375 0.4048649520833333 0.7371428 0.40436105 0.741208871875 0.39790143958333335 0.7417461015625 0.3914259520833333 0.74437204375 0.38256920625 0.7440500125 0.3727737833333334 0.74635768125 0.3639541666666667 0.7514064140625 0.3578074479166667 0.7554882843749999 0.35647625 0.7569126140625 0.35374497083333334 0.756578540625 0.3486536854166667 0.7545018671875 0.34633080833333335 0.7473049828125 0.34417768541666666 0.739984703125 0.34503160625 0.7270032265624999 0.3426982270833333 0.7063989953124999 0.34638430625 0.691937509375 0.3459336541666667
0 0.5411153046875 0.031770827083333335 0.5395119 0.0366606 0.53652404375 0.040001787500000004 0.5359032984375001 0.04520445208333333 0.5323782140625 0.05502112708333333 0.528352021875 0.057200872916666666 0.52600899375 0.04593111875 0.5225757078125 0.042483925 0.520331996875 0.037615404166666665 0.515848334375 0.037710906249999995 0.512832640625 0.040627820833333335 0.5047283359375 0.053971316666666665 0.50407975 0.05874970625 0.49581216875 0.07938011041666666 0.496424634375 0.08871413333333332 0.49869618437499996 0.09400692916666667 0.4991333328125 0.11533199583333334 0.5050608828125001 0.127466175 0.50654465 0.13541599375000002 0.5125000390625 0.14797444583333333 0.5195735234375001 0.15313461041666668 0.523683234375 0.15222768541666667 0.5275145515624999 0.14707802083333332 0.5382282375 0.15395115833333334 0.54626858125 0.15429580208333335 0.5489261234375 0.15569588124999997 0.5545993609375001 0.15417904791666667 0.557738453125 0.14825509166666664 0.5626720671875 0.13057872916666666 0.5621709593750001 0.1229418 0.5631062203125 0.10786945833333333 0.5659947578125 0.09812703958333334 0.5683460671875 0.09486010625 0.572189421875 0.08500630625 0.5714934390625 0.07439946458333332 0.5702045484375 0.06941956041666668 0.5624629171875 0.05407682708333333 0.5566309265625 0.038511329166666664 0.553432396875 0.03375418958333333 0.54907213125 0.030842650000000003 0.5411153046875 0.031770827083333335
0 0.137708278125 0.2524025020833333 0.13077398906249998 0.24936370625 0.12592841562499998 0.24394365208333332 0.1221610578125 0.23540517291666668 0.11731548437499999 0.22998512083333333 0.1118491640625 0.22976773125 0.10690803125 0.22777899791666664 0.0743606609375 0.23029313333333334 0.0709153359375 0.23155007708333333 0.0670163 0.24055533125 0.06670178593750001 0.2504250083333333 0.0609247109375 0.26990984791666667 0.06139797968750001 0.27712250208333333 0.056182212499999995 0.28072357708333334 0.0412512171875 0.28289282083333334 0.038263362499999995 0.28623400833333335 0.0349173546875 0.2938921854166667 0.0345193234375 0.30248903958333334 0.031849740625 0.3057931020833333 0.029112439062500002 0.31295275 0.027290078125 0.3242808833333333 0.0263909390625 0.3252408125 0.026931925000000002 0.328597875 0.030810640625000003 0.33883344791666664 0.031765459375 0.33872206666666665 0.0376772109375 0.34572783333333335 0.04201339375 0.3580476479166667 0.05234108750000001 0.36881350208333336 0.05519350625 0.3731834958333333 0.05645455781249999 0.377739125 0.0585312328125 0.3800620041666667 0.061769642187499994 0.3805392833333333 0.0662412640625 0.38514791458333336 0.0777984125 0.39021257499999995 0.0828351015625 0.38876999375000004 0.0916752703125 0.38175347708333335 0.09812424843749999 0.38228375833333333 0.10817355 0.38880687291666666 0.1133772765625 0.38990993749999997 0.1222648421875 0.3982786541666667 0.12339873750000001 0.3960087770833333 0.1256266484375 0.3957488895833333 0.1273414109375 0.3925562104166667 0.1276438859375 0.38739067083333334 0.1268764234375 0.37080686875 0.1225364796875 0.34865450416666666 0.1256477328125 0.342306275 0.13304777343750002 0.332892625 0.1346112984375 0.33228271666666664 0.14041997343749998 0.32305470208333337 0.148854590625 0.30496994166666663 0.1543449921875 0.2957790520833333 0.155132775 0.2931220291666667 0.15463166718750002 0.2854851 0.15348197187499998 0.2826265666666667 0.1498538109375 0.27620945625 0.14741522499999998 0.26837102083333336 0.14349662968750002 0.26241531041666666 0.1421799 0.2570111333333333 0.137708278125 0.2524025020833333
0 0.7292499343750001 0.39160108541666666 0.7282115953125 0.39043964583333335 0.728322953125 0.3921367416666667 0.7292499343750001 0.39160108541666666
0 0.761476034375 0.34508973750000005 0.7571752078125 0.35285929583333336 0.748362878125 0.3603000875 0.7446150796875 0.36672257083333337 0.7432343890625 0.3750065354166667 0.744232846875 0.38044783958333334 0.7402262125 0.39758854791666665 0.736311378125 0.4014653875 0.7326154984375 0.39890386875 0.732504140625 0.397206775 0.7289474593749999 0.396766625 0.7280362796875 0.4024306916666667 0.7286886234375001 0.40748485 0.7332437640625 0.41336630208333336 0.737063040625 0.41292077708333336 0.7416701 0.40981822916666666 0.7439258515625 0.4099826145833333 0.749961 0.41398133958333333 0.762345809375 0.4121091104166667 0.7675337359375 0.40808376041666666 0.769455415625 0.4031568604166667 0.7740940734375 0.41031113541666664 0.7782594625 0.41025275833333336 0.7983031484375 0.38824865416666665 0.8012752046875 0.37977905625 0.8007342156249999 0.37642199375 0.8018959515624999 0.37457638958333334 0.80565955 0.37328231875 0.8074021515625001 0.3705139145833333 0.8084088906250001 0.36141853125 0.8074939499999999 0.35725004791666665 0.7993663296875 0.34580003125 0.796072240625 0.34447420833333336 0.77549585 0.3485845604166667 0.768450203125 0.34384866875 0.761476034375 0.34508973750000005
0 0.9213138921875 0.09772054791666666 0.91594313125 0.09407184375000001 0.9107672421874999 0.09339305625000001 0.90869056875 0.091070175 0.902699059375 0.09262413750000001 0.9035778796875 0.11090503333333333 0.9046440546875001 0.11249074791666666 0.9051451640625 0.12012767291666666 0.9099628984375 0.12512345416666668 0.9158866890624999 0.12742508333333333 0.9269028484374999 0.12913268125000002 0.9342110890624999 0.13298289583333334 0.9404847515625001 0.14550422083333334 0.9434086468749999 0.155851175 0.9405043093750001 0.16046518333333332 0.9437983984375 0.16179100833333332 0.9459029125 0.16453816041666666 0.967171528125 0.16120210000000001 0.9717665484375001 0.16280369166666667 0.9759040984375 0.16232103958333333 0.9790988687500001 0.15724563125 0.9793150640625001 0.15565283333333332 0.9778703875 0.13363585625000002 0.969730515625 0.12199916041666665 0.961328259375 0.11613895625 0.9543661312499999 0.1126758875 0.94919024375 0.11199709791666666 0.9415080515625001 0.1073354625 0.938934028125 0.10720820625 0.93622080625 0.10495957916666666 0.9333006718749999 0.10444517708333333 0.9265176203125 0.09882361041666667 0.9213138921875 0.09772054791666666
0 0.9360394984375 0.028881952083333332 0.9332705984375 0.02578477708333333 0.931985465625 0.030637422916666667 0.9346151687500001 0.031613227083333334 0.9364412890624999 0.03011764375 0.9360394984375 0.028881952083333332
0 0.32527871249999996 0.2223992145833333 0.32671884218749997 0.22479635 0.32631705 0.22356065625000002 0.3245586484375 0.22120064791666666 0.32105764375 0.22160904583333335 0.32226301875 0.22531612916666666 0.3244909296875 0.22505623958333335 0.32527871249999996 0.2223992145833333
0 0.3496473046875 0.18321727708333332 0.3420764703125 0.18025273333333333 0.33858750625 0.17595699374999998 0.3298827765625 0.17526233125 0.3216716359375 0.16253949166666667 0.317172175 0.15750658541666668 0.313034625 0.1579892375 0.3094102234375 0.16140467916666665 0.3087375578125 0.17559134583333333 0.3100979265625 0.18654820833333333 0.314267075 0.19632238124999998 0.31457330781250004 0.20098939166666666 0.316331709375 0.2033494 0.3196814765625 0.20552377083333334 0.32720867187499997 0.20293562708333335 0.3275472671875 0.183657675 0.3291785109375 0.17919217499999998 0.3327073546875 0.17920805208333332 0.33342741875000004 0.18040661875000003 0.3342302390625 0.21707979375 0.3324199171875 0.2237037875 0.33091207031250003 0.22516224375 0.330665275 0.23117633125 0.32859235781249996 0.23868600208333335 0.329260503125 0.24886857083333333 0.3323476765625 0.25192861666666666 0.3561662359375 0.25812809166666667 0.376217440625 0.2557890875 0.3810712953125 0.24667245208333333 0.3830606921875 0.23788996250000002 0.3829019359375 0.22080763125 0.3816130453125 0.21582772708333334 0.374368765625 0.19828937083333334 0.371587825 0.1998963375 0.367740709375 0.19991758541666668 0.3590201796875 0.19409451041666664 0.3496473046875 0.18321727708333332
0 0.6398649437499999 0.133972175 0.622236528125 0.13902120416666666 0.616992921875 0.14219800625 0.610229428125 0.15153740416666667 0.6097200390624999 0.15843716458333335 0.610981090625 0.16299279375 0.6050648171875 0.18035626458333331 0.605593765625 0.18841746666666664 0.6072964890625 0.189928925 0.6094168015625 0.19780449166666667 0.610140625 0.2088356083333333 0.6083859828125 0.21630815 0.6020679203125 0.23243592708333333 0.6023184734375 0.23625438958333334 0.6054056453125 0.23931443541666667 0.6093641187500001 0.24099027916666668 0.6137958609374999 0.24987877708333334 0.6218956453125 0.26090451875 0.6253010890625 0.2639274395833333 0.6272385671875 0.26412895000000003 0.6358635375 0.27338334166666667 0.640569915625 0.27668202708333334 0.6449979 0.27573797708333336 0.6652883796875 0.24771978749999998 0.67766943125 0.23601500625000002 0.69060726875 0.23279570416666667 0.6929585781250001 0.22952877083333334 0.6907269078125 0.21995611041666668 0.68960129375 0.20768930000000002 0.69420459375 0.19475420416666667 0.6936320078125 0.18114031666666666 0.6947222640625 0.17331775624999998 0.6939149234374999 0.16101381666666667 0.6959321593750001 0.1526556 0.6954310515625 0.14501867291666667 0.6937004890625 0.14308293958333335 0.6896863375 0.14055854791666667 0.68612965625 0.14011839583333333 0.6583007015625 0.14122708125 0.6480166453125 0.13601391458333334 0.6398649437499999 0.133972175
0 0.0271387859375 0.5077051395833333 0.0195002328125 0.5085961875 0.016719292187500002 0.5102031520833333 0.0125418625 0.5149656666666667 0.011809759375 0.5184712395833333 0.016631251562499998 0.53329956875 0.0157479109375 0.5393879083333334 0.0163046984375 0.5478733833333334 0.0230599109375 0.5530706729166667 0.0249296703125 0.557127775 0.024591075 0.5764057291666667 0.027471331249999998 0.5811999958333334 0.031139371875 0.5833372416666667 0.0416423828125 0.5821120479166667 0.043965851562500005 0.5784208437499999 0.045983089062499996 0.570062625 0.043281909375 0.5631098625 0.0364153390625 0.5562154770833333 0.0363559015625 0.5455343791666666 0.037847950000000005 0.5389475104166667 0.0375138765625 0.5338562270833334 0.039558953125000004 0.52592228125 0.0393362390625 0.52252809375 0.0375221578125 0.5193195395833333 0.03732728125 0.5163496208333334 0.033631403125 0.5137881041666666 0.03242603125 0.5100810229166667 0.0271387859375 0.5077051395833333
0 0.720895390625 0 0.7167741999999999 0.010852425 0.7154612265625 0.015280795833333333 0.71571178125 0.019099260416666666 0.719145065625 0.022546452083333335 0.737966815625 0.025908641666666666 0.7435723328125 0.02824739791666667 0.7645505171875 0.025372739583333335 0.766420275 0.029429841666666668 0.75651393125 0.034860643749999996 0.7539000265625 0.03901325208333333 0.749615 0.051911220833333334 0.7467422609375001 0.06678205416666666 0.7475059640625 0.07353330625 0.7514245578125001 0.07948901458333334 0.7551956750000001 0.09786003958333334 0.75896303125 0.10639851875 0.761071303125 0.11897822291666667 0.76713805 0.13323376875 0.771470475 0.13572103333333332 0.7813647796875001 0.13499437083333332 0.7952852765625 0.13208795833333334 0.8069221828125 0.12859288958333334 0.8090387375000001 0.12663590416666667 0.8144493796875001 0.12600474583333335 0.8200548968750001 0.1283435 0.826463996875 0.13315364583333333 0.8298175234375 0.14516056666666666 0.8301794359375 0.15067612708333333 0.836520815625 0.15934186041666668 0.8435943015625 0.164502025 0.8506519875 0.16453377708333333 0.8550521312500001 0.16316545208333333 0.856448621875 0.16000989999999998 0.8583304203125 0.1593628625 0.8621338984375001 0.15378892916666667 0.86307291875 0.14854913541666667 0.8666536796875001 0.13958100833333334 0.8729875437500001 0.12858164583333334 0.8779211578125 0.11090528333333333 0.87768264375 0.10238268125 0.8792980890625 0.09278876875 0.8790196953124999 0.08854603124999999 0.8746556734375 0.07580194374999999 0.874265921875 0.06986211041666666 0.8715925796875 0.06333362291666667 0.8707731984375 0.055733820833333336 0.8689869578125 0.05294954166666667 0.867984740625 0.03767568541666667 0.8668350453125001 0.03481715208333334 0.8609232953125 0.027811385416666667 0.8576811265625001 0.017501558333333334 0.8559784046875001 0.015990097916666664 0.8503172078125001 0.012802793750000001 0.8379722765625001 0.010395158333333333 0.8369061015625 0.00880944375 0.8410000125 0.002774108333333333 0.8549168671875 0 0.720895390625 0
0 0.5720396 0.38086847083333336 0.562491409375 0.38198228333333334 0.560832325 0.3860235083333333 0.55600255 0.38573186666666665 0.55298685625 0.3886487791666667 0.553164015625 0.39134870208333333 0.555119209375 0.39182020625 0.5575261953124999 0.3894018229166667 0.5585645328125 0.3905632625 0.558759409375 0.3935331791666667 0.5562967421875 0.3951030166666667 0.5542915453124999 0.3987570958333333 0.55038875 0.39792979791666666 0.55220283125 0.4011383541666667 0.5536309187499999 0.408239625 0.5508259 0.41925486458333333 0.5544698593749999 0.4308003875 0.5602860515625 0.4412374708333333 0.565406259375 0.4410677125 0.576251625 0.43039711458333335 0.5821317765625 0.42714605833333336 0.5826569640625 0.42537471041666663 0.5854379046875 0.4237677458333333 0.5870969890625 0.41972652083333334 0.5886605140625 0.41911661041666665 0.59080115 0.40775135 0.587546940625 0.4021456625 0.58526335 0.4015570041666667 0.5850406359375 0.39816281458333336 0.5863257671875 0.39331016875 0.5829880421875 0.38643165833333337 0.579236484375 0.3830215916666667 0.5720396 0.38086847083333336
0 0.520321428125 0.15475745 0.5163629546874999 0.15308160833333334 0.5131644234375 0.14832446666666668 0.51013293125 0.14611296666666668 0.5055619921875001 0.13510309999999998 0.5040782234375001 0.12715328125 0.497748884375 0.11378340833333334 0.496018321875 0.111847675 0.48291344687500004 0.11252133541666667 0.47960731875 0.11589965 0.476496065625 0.12224788125000001 0.47523877187499997 0.1275248 0.471228378125 0.13483295833333334 0.47220275625 0.14968253958333333 0.46841507968749996 0.16038488541666668 0.4685979140625 0.16805893958333332 0.470980821875 0.17504882916666667 0.47177236406249995 0.18222435833333334 0.473502925 0.18416008958333335 0.4767691734375 0.18506164166666667 0.477517078125 0.18668448125 0.4823190140625 0.18655185 0.4869817515625 0.18429785 0.4972500078125 0.18438260416666666 0.504403253125 0.18098303958333334 0.5110869859375 0.18020337291666666 0.515737684375 0.18265350833333333 0.5195848015625 0.18263226041666666 0.5271676765625 0.1808926625 0.5338356109375 0.17498458333333333 0.537400575 0.16088804583333335 0.53608384375 0.15548386875 0.5329688328125 0.15199954791666667 0.5286920859375 0.15036083125 0.5271007203125 0.15054646666666666 0.5235041578125 0.15438618125 0.520321428125 0.15475745
0 0.826372196875 0.14641751041666667 0.8258710890625001 0.13878058541666669 0.8213716281250001 0.13374767916666666 0.8165975328125 0.13430458333333334 0.81419054375 0.13672297083333335 0.8069575406249999 0.14868226041666668 0.8036514140625 0.15206057708333331 0.7995138640625 0.15254322916666666 0.79579014375 0.1495574354166667 0.794998603125 0.14238190833333333 0.7922018640624999 0.13886046041666666 0.778599640625 0.14172974583333334 0.774255175 0.14394661874999998 0.7679055124999999 0.14981757291666667 0.764503825 0.15662720416666664 0.7615874484375 0.16594534791666668 0.7606521875000001 0.18101768958333334 0.758579271875 0.18852736041666668 0.7582564765625001 0.21293372500000002 0.7562114 0.22086766875 0.7565176328125001 0.22553467916666667 0.7658032296874999 0.22530654166666667 0.7677963890624999 0.2263566 0.770883559375 0.22941664583333335 0.772808996875 0.23432229583333333 0.7776824109375 0.240166625 0.7799818000000001 0.24588369375000002 0.7837890359374999 0.25014230625 0.7958593328125 0.25813975625 0.799694409375 0.26282264166666663 0.8069191312499999 0.26540003749999996 0.810074021875 0.26460449166666666 0.820020246875 0.254893825 0.8277107203125 0.24501877500000002 0.8323019796875 0.23678781666666668 0.8415838203125 0.22672712708333334 0.8434618593750001 0.21624754166666668 0.8535630796874999 0.21378665624999998 0.8579474250000001 0.20728991875 0.8599925015625001 0.199355975 0.8609157218749999 0.18898776875 0.8601083796875001 0.17668383333333332 0.8590143640625 0.17467384583333334 0.8535322437499999 0.16932804583333333 0.84774765 0.16914778541666667 0.8421421312499999 0.16680902916666665 0.8333102453125001 0.15928885833333334 0.826372196875 0.14641751041666667
0 1 0.498586425 0.9969702078125 0.4980329354166667 0.9935805625 0.5001384270833333 0.9913127703125 0.50467818125 0.9894588109375 0.5057494895833333 0.9776827078125001 0.5071231895833334 0.9728010140625001 0.5158155520833333 0.96105275 0.517613525 0.9622024437500001 0.5204720604166667 0.9590633531250001 0.5263960166666667 0.9512735625 0.5298698354166667 0.94207148125 0.5313707916666667 0.9390279484375 0.5338634333333334 0.9390437484374999 0.5389918458333334 0.9414424531250001 0.5511101458333333 0.94550024375 0.5591872229166667 0.9539860203125 0.5663202479166666 0.9606697531249999 0.56554058125 0.9649585406250001 0.5624751583333333 0.968690540625 0.5509242625 0.9758159453124999 0.547100425 0.98061788125 0.5469677937499999 0.990058475 0.5539894354166666 0.996423934375 0.5532468958333333 1 0.5509367375 1 0.498586425
0 0 0.3040014166666667 0.0036588750000000002 0.30138622708333335 0.0047054937499999994 0.2880109791666667 0.0089664421875 0.2845212854166667 0.0103350921875 0.28094145833333334 0.0101364578125 0.26813899375 0.00924935625 0.2643947833333333 0.0006921046875 0.2512848 0 0.2508020875 0 0.3040014166666667
0 0.342324790625 0.10583507499999999 0.338895265625 0.11222043124999999 0.33655975625 0.12061577500000001 0.3372677796875 0.12651848125 0.3436091609375 0.13518421666666666 0.3470304046875 0.14333554791666667 0.349484790625 0.15630239583333333 0.3484223734375 0.16454923333333332 0.34165887968750003 0.17388862916666667 0.33534909687500003 0.17547971875 0.329107034375 0.17321521458333333 0.3253675171875 0.16510101041666667 0.3211584875 0.15960670416666664 0.317808721875 0.15743233125 0.3127163515625 0.15802636458333333 0.3094380625 0.16182895208333334 0.308928675 0.16872871458333333 0.30995873125 0.18442684166666667 0.3130617015625 0.1926153 0.31454546875 0.20056511875000002 0.31838054374999997 0.20524800625 0.32729219062500003 0.20420844791666667 0.328465965625 0.19765870833333335 0.3276029453125 0.18450622083333332 0.329926415625 0.18081501666666666 0.331919571875 0.18186507500000001 0.33275099375 0.1847607375 0.3342302390625 0.21707979375 0.331286021875 0.22597366666666666 0.3314530578125 0.22851930833333334 0.3286201984375 0.23911027499999998 0.329176984375 0.24759575 0.3329842234375 0.2518543625 0.35356437343749997 0.2575765583333333 0.367361471875 0.25767719166666664 0.3765357125 0.25575196041666665 0.3810712953125 0.24667245208333333 0.3830050140625 0.23704141458333333 0.3822533515625 0.22558602291666666 0.3829854546875 0.22208045208333335 0.38184780156250003 0.21451777916666667 0.38006155937499997 0.2117335 0.3775394546875 0.20262223958333334 0.37642588125 0.18565128958333332 0.3785823140625 0.17941444166666667 0.3757103390625 0.16008348541666667 0.37710682812499996 0.15692793541666666 0.37808572812499996 0.14740827708333332 0.3772783875 0.13510433958333332 0.3752415921875 0.12850159583333334 0.37022898125000003 0.1205359 0.363764203125 0.11487720625 0.3578246140625 0.10744716666666668 0.3456865984375 0.10330531041666666 0.342324790625 0.10583507499999999
0 0.3402646234375 0.2552803041666667 0.3270085125 0.25853673541666666 0.32406429375 0.26743060625 0.31834665625 0.29759654375 0.318569371875 0.3009907333333333 0.31704948437499997 0.3071533270833333 0.3174392359375 0.31309315833333334 0.3223404875 0.31936176041666664 0.323518021875 0.32264456875 0.3293462546875 0.3283775145833333 0.3361691859375 0.3297192145833333 0.33933987656250003 0.3340520833333333 0.34396273593750004 0.3360779479166667 0.35414747343749997 0.3348898833333333 0.3630154796875 0.3282976395833333 0.36712519062500004 0.32739071249999996 0.3693929828125 0.3228509583333333 0.36969545625 0.31768542083333334 0.3786906203125 0.3179186854166666 0.3785792625 0.3162215895833333 0.3803218640625 0.31345318541666667 0.38156335937499997 0.3030478520833333 0.3811736078125 0.2971080208333333 0.38492140625000004 0.2906855375 0.380533303125 0.287349725 0.3793836078125 0.28449119166666664 0.37860410624999996 0.2726115270833333 0.3746576734375 0.2662315458333333 0.3687895609375 0.2647784625 0.36801381875 0.26273135 0.3626987328125 0.25993119166666667 0.3402646234375 0.2552803041666667
0 0.3830794875 0.28705270833333335 0.3809230546875 0.29328955625 0.380676259375 0.29930364583333335 0.3779231578125 0.30133488333333336 0.3762083953125 0.3045275604166667 0.3784716640625 0.32435704375 0.382084025 0.32564574166666665 0.38651200937499997 0.32470168958333334 0.3914095015625 0.3211377416666667 0.3958495265625 0.31548954999999995 0.40227066718750004 0.31559555625 0.40562043281250004 0.31776992916666663 0.410712803125 0.31717589583333333 0.41666067343749996 0.31006924999999996 0.4214987296875 0.29582420416666666 0.422063796875 0.28977298958333336 0.42092238281250005 0.27237776875 0.42274474531250006 0.26104963333333336 0.4215115328125 0.25691827916666665 0.4181060859375 0.25389536041666666 0.4139685359375 0.2543780125 0.40185007968750003 0.26519711458333334 0.39030045 0.27979755625 0.3830794875 0.28705270833333335
0 0.5444245703124999 0 0.5457268875 0.004299041666666667 0.5470631765625 0.024664181249999997 0.5517695546875 0.027962864583333333 0.5563246937499999 0.03384432083333333 0.565896203125 0.05752401875 0.569814796875 0.06347972708333333 0.5719907890625 0.07220383958333333 0.5728259687499999 0.08493205208333333 0.5715686765625 0.09020897291666666 0.5686365015625 0.09439870625 0.5634959703125 0.11380929166666666 0.56402491875 0.12187049166666666 0.566352146875 0.12801183541666666 0.5697297531250001 0.13061047916666665 0.57323075625 0.13020208333333333 0.5787926359375 0.12698815208333333 0.5969342015625 0.12487191041666666 0.6015691000000001 0.1221936375 0.61788454375 0.12157297916666666 0.63270418125 0.11770663958333333 0.6378921078124999 0.11368128958333333 0.63870773125 0.11144853958333334 0.6366032171875 0.10870138541666667 0.636296984375 0.104034375 0.629263378125 0.09459434791666667 0.6289849859375 0.09035161041666666 0.62596553125 0.083435975 0.6245096046875 0.07591042708333333 0.627776615625 0.042610191666666665 0.6322008390625 0.031833589583333335 0.6322685578125 0.027977997916666667 0.6358613625 0.014305735416666666 0.6394022453125 0.009617472916666666 0.6437467109375 0.007400597916666667 0.6489260046875 0 0.5444245703124999 0
0 0.13626128125 0.55782145 0.1295655078125 0.56330525625 0.11838983125 0.5787171166666667 0.112593196875 0.5832409937499999 0.101803509375 0.5947601375 0.10194270624999999 0.59688150625 0.110619596875 0.5971518958333333 0.1263180546875 0.6115664541666667 0.13467667187500001 0.6118739708333333 0.14098645468749998 0.6102828833333334 0.149993659375 0.6058120083333333 0.158750309375 0.5975226708333333 0.16582003437499998 0.5928502854166666 0.1675626375 0.59008188125 0.17036765625 0.5790666416666667 0.1693692 0.5736253375 0.1628487421875 0.5671180979166667 0.1573628640625 0.5519397479166667 0.15366698437499998 0.5493782291666667 0.14702688749999998 0.5557105812500001 0.13626128125 0.55782145
0 0.3958081203125 0.38817298958333335 0.3976778796875 0.39223009166666667 0.4007056140625 0.3846090395833333 0.40416673750000004 0.38848050624999997 0.4118052921875 0.38758945624999996 0.41932044843750005 0.38970545208333335 0.4231118859375 0.3888356520833333 0.4254752359375 0.38086458333333334 0.425017765625 0.37878034166666663 0.4232593640625 0.37642033541666664 0.4206575 0.3758688041666666 0.4076639828125 0.3782395604166667 0.39714893125 0.3841688916666667 0.3958081203125 0.38817298958333335
0 0.3540872734375 0.35841057083333333 0.3521257140625 0.3676173354166667 0.3527660203125 0.37737563124999995 0.358275978125 0.3831457041666667 0.36321711093750003 0.38513444166666666 0.37684717343749996 0.38268943125 0.37847841875 0.37822393125 0.37685169687500003 0.35832019375 0.37335897500000004 0.3441919041666667 0.3687639546875 0.3425903125 0.361956821875 0.34637702291666667 0.35865069374999997 0.34975533750000004 0.3540872734375 0.35841057083333333
0 0.40745031249999997 0.3261068958333333 0.40280337343749995 0.33348930833333335 0.401518240625 0.3383419541666666 0.3977546421875 0.339636025 0.39495790468749997 0.3361145791666667 0.39280975156250003 0.32781473958333335 0.389722578125 0.32475469166666665 0.38561286875 0.32566161875 0.3795536390625 0.3310711708333333 0.3793903640625 0.3383580770833333 0.382604690625 0.3482436291666666 0.38478444375 0.36680029375 0.3894110609375 0.37865870625000003 0.39357644999999997 0.3786003291666667 0.3959555984375 0.37575767083333333 0.41581192656250004 0.37044875000000005 0.41824675312500004 0.3684546375 0.42423826406250004 0.36690067708333335 0.4283600140625 0.3612896125 0.42645865625 0.34697568749999996 0.42321648749999996 0.3366658604166667 0.42084937968749997 0.33480438333333334 0.41929789375000004 0.33071015416666666 0.41477059374999997 0.3252529729166667 0.40745031249999997 0.3261068958333333
0 0.57250311875 0.29017990208333333 0.5709794718750001 0.28650994583333333 0.5686680421875 0.2854970145833333 0.56525055625 0.2871782333333333 0.562636653125 0.29133083958333333 0.5632889999999999 0.29638499791666667 0.5677884609375 0.30141790625000003 0.565464990625 0.30510911041666666 0.5654807890625 0.3102375229166666 0.563574909375 0.3202928333333333 0.562846565625 0.33363095416666666 0.5632084765625 0.33914651458333334 0.5643303328125 0.341580775 0.5684400421875 0.34067384791666666 0.5743043953125 0.33229438125 0.579229728125 0.32915470625 0.583323640625 0.32311936874999997 0.58542439375 0.31603397291666663 0.5847840890625 0.30627567708333336 0.58152988125 0.3006699875 0.577169615625 0.29775845208333335 0.5701119296875 0.29772669791666667 0.5702353265625 0.2947196541666666 0.57250311875 0.29017990208333333
0 0.49162334999999996 0.4163279458333333 0.48637974375 0.41950474791666664 0.48477633906250006 0.42439452083333334 0.4832684921875 0.4258529770833333 0.48074186562500004 0.44111095625 0.47616640312499997 0.45447032708333335 0.480001478125 0.45915321666666664 0.4846243375 0.46117907708333333 0.49075504375 0.4617464854166667 0.49620932656249994 0.46666801041666667 0.5035574453125 0.4662383625 0.50715400625 0.4623986479166666 0.5161612125 0.457927775 0.5176133796875 0.45562077083333336 0.5191332671875 0.44945817708333335 0.5172913484375 0.44582534791666667 0.5170964734375 0.44285543125 0.5123344171875 0.4387082 0.50972879375 0.42832411875 0.5041074765625 0.42085695208333335 0.49480608125 0.415956675 0.49162334999999996 0.4163279458333333
0 0.5180272671874999 0.2713108416666667 0.5114827296875 0.27421187916666667 0.503696696875 0.28751824583333335 0.5014371875 0.2775213125 0.5014213890625 0.27239290208333333 0.497530634375 0.2668614645833333 0.49629742187500003 0.26273011041666666 0.4920485140625 0.26151566666666665 0.4853489796875 0.257166925 0.47640949531250004 0.25778220625000003 0.4635830140625 0.26269860625 0.45564198749999996 0.26875519374999995 0.45126968125 0.27054779375 0.4449757 0.2772672916666667 0.43800528906249997 0.2883409125 0.437245346875 0.2914222104166667 0.43749589999999994 0.29524067083333333 0.44423907187499995 0.3051421020833333 0.4438530796875 0.30903481875 0.44085318593749995 0.31708014375 0.4404829921875 0.3261012729166667 0.4416522453125 0.34392076875 0.4436055234375 0.34925069166666667 0.4465136171875 0.35446923541666664 0.4620412796875 0.35650560000000003 0.46796507031249995 0.3588072291666667 0.47116360156250003 0.36356436875 0.47832060312499997 0.36999735624999996 0.49428541406250004 0.39335878750000003 0.49626653125000003 0.3991129854166667 0.49649300468749996 0.412339725 0.5009367874999999 0.4165240833333333 0.504437790625 0.4161156854166667 0.5103179421874999 0.4128646291666667 0.5219789296874999 0.3999612833333333 0.527731925 0.38988472291666665 0.5322833078125 0.385933625 0.5389113625 0.3843054125 0.5401009375 0.38288408125 0.5397789046875 0.3730886583333334 0.5368151296875 0.36702156875 0.5365367359375 0.36277883125 0.539246196875 0.35519490833333334 0.5398391046875 0.34956796874999996 0.53797386875 0.3211416291666667 0.5325241093749999 0.29185086666666665 0.529448978125 0.28408668125 0.52777409375 0.28299949583333334 0.5220414203125 0.2738352333333333 0.5180272671874999 0.2713108416666667
0 0.4085879109375 0.5145110541666666 0.4106329875 0.5065771083333334 0.41038243281250003 0.5027586479166667 0.4045384 0.4918972875 0.4014512296875 0.48883724166666664 0.3966771328125 0.48939414791666663 0.392444025 0.4933081145833333 0.3850319453125 0.5074259062500001 0.380011053125 0.5139968958333333 0.376649246875 0.5165266645833333 0.3699655125 0.51730633125 0.362339 0.5134932416666667 0.35984849375 0.51463880625 0.3593233046875 0.5164101541666667 0.35972885468750004 0.5274784 0.3608228703125 0.5294883854166667 0.36361960937500004 0.5330098333333333 0.3706216171875 0.5321930375 0.373887865625 0.5330945895833333 0.3743731734375 0.5356031041666667 0.3724793359375 0.5409542770833333 0.37353347187499997 0.5472441291666666 0.3805392390625 0.5562598854166667 0.3821862828125 0.5569227958333334 0.39266145468749997 0.5552733291666667 0.39726851406249997 0.55217078125 0.4036339765625 0.5514282416666667 0.413213765625 0.5605712541666666 0.41960706718749996 0.5602529875 0.42198621562499994 0.5574103270833334 0.4249582703125 0.5489407291666667 0.4255511796875 0.5433137895833333 0.4242901265625 0.5387581604166667 0.42314043281249997 0.5358996250000001 0.4165364578125 0.5281195645833333 0.4118300796875 0.5248208791666666 0.4089219828125 0.5196023375 0.4085879109375 0.5145110541666666
0 0.3545147265625 0.10099293125 0.369978428125 0.11671743541666667 0.3760293765625 0.12584457083333334 0.3828681046875 0.13231468333333335 0.3895796796875 0.13195928958333333 0.3932040796875 0.12854384791666668 0.3988773171875 0.12702701666666666 0.410001075 0.12059915624999999 0.42050032656249997 0.10954141458333333 0.4218968171875 0.1063858625 0.4308047046875 0.09551375625 0.433625521875 0.08962692708333334 0.4344930640625 0.078410175 0.4332997328125 0.06999895416666665 0.43050299374999995 0.06647750833333334 0.42814792500000004 0.05991189166666667 0.4236484640625 0.05487898333333333 0.4187908484375 0.05416306875 0.41782023125 0.0491460375 0.41899400625 0.042596297916666664 0.41808734843749995 0.023891125 0.419149765625 0.015644289583333335 0.422999815625 0.007072272916666666 0.32697939374999996 0.018273204166666668 0.3267512578125 0.0200099 0.3278053953125 0.026299752083333336 0.32449474375 0.05404730416666667 0.3260499890625 0.06797408125 0.32821018125 0.07156978333333333 0.3329443984375 0.07529274166666666 0.3425083890625 0.07930734166666667 0.3455436421875 0.09135138958333333 0.34853525625000004 0.09784275416666667 0.3545147265625 0.10099293125
0 0.30351045625 0.3305362583333334 0.29776950156250004 0.3359086833333333 0.2955295515625 0.34087271041666667 0.2954339921875 0.3443040270833333 0.296309053125 0.35275237291666667 0.30042252187499996 0.361678 0.3076352046875 0.3689595333333333 0.3098510765625 0.37340378125 0.3127712109375 0.37391818541666666 0.32638547500000004 0.3663447625 0.32979920156250003 0.3548309958333334 0.329075378125 0.34379987708333337 0.32507326718749996 0.33657134791666665 0.3198973796875 0.33589255833333337 0.315107484375 0.3313210541666667 0.3088932609375 0.32948082500000003 0.30351045625 0.3305362583333334
0 0.44807949062499997 0.07041247916666667 0.4543576734375 0.058564566666666665 0.4574531265625 0.047087927083333335 0.4655453921875 0.03844856875 0.47127054843750005 0.027947733333333332 0.47861115 0.007852983333333334 0.4777370921875 0.0006870833333333333 0.4235456734375 0.007008597916666666 0.4222610171875 0.009296060416666667 0.419261121875 0.017341385416666667 0.4193559171875 0.04811185625 0.4205334515625 0.05139466458333333 0.42518415000000004 0.0538448 0.42795305 0.056941975 0.42924194218749995 0.06192187708333333 0.436207828125 0.07521749583333334 0.443528109375 0.074363575 0.44807949062499997 0.07041247916666667
0 0.8586659078125001 0.4577335458333333 0.8566170718749999 0.4558349375 0.85502570625 0.45602057291666664 0.8532552640625 0.4583647041666667 0.850975434375 0.4676085958333333 0.851782775 0.47991253333333334 0.8473863890625 0.49111340833333333 0.8482772484375 0.5046901687500001 0.8492478671875 0.5097072 0.854439553125 0.5155144 0.855270975 0.5184100604166667 0.859826115625 0.5242915166666667 0.8635814328125001 0.5375341291666668 0.8657137859375 0.5407055583333332 0.8745577140625 0.5435215916666666 0.882514540625 0.5425934166666667 0.887523390625 0.5407265625 0.890801678125 0.536923975 0.8914344671875 0.5270171708333333 0.8874323546875 0.5197886416666667 0.8868078484374999 0.5151587583333334 0.890623365625 0.5048806833333334 0.8893344750000001 0.49990077916666664 0.8799616 0.48902354583333335 0.8767435109375 0.4693054416666667 0.8756773359375 0.46771972916666665 0.8625687015624999 0.45856084166666666 0.8586659078125001 0.4577335458333333
0 0.13559700937500002 0.19578846041666667 0.13581972343749998 0.19918265 0.1418669125 0.19847723750000001 0.1400249921875 0.19484440833333333 0.1441189046875 0.18880907083333334 0.14413094531249998 0.18410493333333333 0.1479780609375 0.18408368125000002 0.14684040625 0.17652101041666668 0.15180561718750002 0.16910147083333332 0.152191609375 0.16520875208333333 0.15057240624999998 0.16497011458333333 0.143255884375 0.17565658541666668 0.1423725421875 0.181744925 0.137172575 0.19047441458333333 0.1373396109375 0.19302005625 0.13559700937500002 0.19578846041666667
0 0.22011092968749998 0.16412619791666666 0.21563555 0.14968501666666667 0.21390498593750001 0.14774928125 0.2095688015625 0.1354294666666667 0.2081407140625 0.12832819583333335 0.20608060312499998 0.09693194166666667 0.210449146875 0.08530679166666667 0.2109585375 0.07840702916666667 0.20326054531249999 0.06861698125 0.19441661875 0.06580095 0.1887433828125 0.06731778333333334 0.186905221875 0.07351750416666666 0.1827834703125 0.07912856666666666 0.180901671875 0.07977560208333333 0.1637066453125 0.09631715208333333 0.153529425 0.11717031666666666 0.1534895453125 0.12145017916666667 0.1521208953125 0.12503000625 0.15263404375 0.12796279583333334 0.155001153125 0.129824275 0.162695384375 0.12978177291666668 0.16405199374999999 0.13090608541666668 0.1634312484375 0.13610875208333334 0.1642664296875 0.14883696458333334 0.16933471718749998 0.15765120625 0.170333175 0.16309251041666667 0.1692827984375 0.1666352083333333 0.1768852296875 0.179856575 0.17834115781249998 0.18738211875 0.1804735109375 0.1905535458333333 0.1806962265625 0.1939477375 0.1825381453125 0.19758056458333334 0.189321196875 0.20320212916666666 0.19444140625 0.20303236875000003 0.20133205625 0.20051848125 0.220344921875 0.19701803541666668 0.2246893875 0.1948011625 0.241557859375 0.19283342916666665 0.24972160156249998 0.19017103124999998 0.25617058125000003 0.1907013125 0.264724075 0.19397874583333333 0.2677119296875 0.19063756041666666 0.26598964999999997 0.1741651375 0.26447804218750004 0.16579104583333332 0.2578341875 0.16229084791666668 0.246957225 0.16270462083333334 0.2235442140625 0.16757339166666665 0.22011092968749998 0.16412619791666666
0 0.5047147296875 0 0.5052226906249999 0.0077413562499999995 0.5105136921875 0.0199497875 0.5192221828125 0.030477002083333333 0.523041459375 0.03003147708333333 0.5243980703125 0.031155791666666665 0.527699675 0.05214671458333333 0.52890505 0.05585379791666667 0.53161826875 0.05810242291666667 0.5339417390625 0.05441121875 0.53447896875 0.047935731249999995 0.5373675062500001 0.03819331041666666 0.5459413203125 0.022229920833333337 0.5470315765625 0.01440735625 0.5458382453125 0.005996135416666667 0.543972809375 0 0.5047147296875 0
0 0.7463275546875 0.46613525208333334 0.7439326078125 0.46384950208333336 0.7403759234375 0.46340935208333334 0.733067684375 0.45955913541666665 0.7289022953125001 0.45961751250000005 0.72304998125 0.4632928416666667 0.7200064484375 0.46578548125 0.7190395890625 0.470601 0.711401034375 0.47149205 0.70807910625 0.4697419520833333 0.703706803125 0.47153455208333334 0.7009537031249999 0.47356578958333334 0.697150225 0.4791397270833333 0.6912143937499999 0.4815422354166667 0.6836194796874999 0.4879859708333333 0.679636925 0.4957184020833333 0.6819919921875 0.5022840208333333 0.6796564843749999 0.5106793625 0.6831529656249999 0.5346402041666667 0.6861167390625 0.5407072916666666 0.6895778640625 0.5445787583333334 0.6911571890625 0.5490972604166667 0.6956288109375001 0.5537058958333334 0.7029490921875 0.5528519729166667 0.7080535015625 0.5475538020833334 0.7093943125 0.5435497041666667 0.7127282796875 0.5405956625 0.7208679421874999 0.5473415416666667 0.7274839578125001 0.5504174625 0.735500221875 0.5601703854166666 0.742736984375 0.5580436416666666 0.7491701640625 0.5534455104166667 0.7567530390625 0.5517059145833334 0.7613044203125 0.54775481875 0.7645390703125 0.5383995458333334 0.7632584609374999 0.5188829541666666 0.758063015625 0.50324320625 0.75721579375 0.49521913125 0.75301880625 0.4850206854166667 0.7512882453125 0.4830849520833333 0.7463275546875 0.46613525208333334
0 0.6598549703125001 0 0.65935413125 0.0008772354166666666 0.65590880625 0.00213418125 0.65074871875 0.006583804166666667 0.644176340625 0.00906056875 0.636804140625 0.018898491666666666 0.6340548 0.030762279166666667 0.628814953125 0.043771631250000005 0.6275456187499999 0.05375268958333333 0.6261491296874999 0.056908241666666665 0.625834615625 0.06677791666666667 0.6266419578125 0.07908185625 0.6279308484375 0.08406175833333333 0.6333053703125 0.09754301250000001 0.6361299484375 0.10148873333333334 0.6385406953125 0.1089029 0.6402712578124999 0.11083863125 0.6463184453124999 0.11013321666666666 0.6512558171875 0.10228940416666667 0.6543271921875 0.10022103958333334 0.6601915453125 0.09184157083333333 0.6662191749999999 0.07617519583333333 0.6670032 0.06368562291666667 0.6793323296875 0.06096484583333333 0.6832750046875 0.057512279166666666 0.6863862578125 0.05116405 0.69007461875 0.03406046875 0.6895456703125 0.025999266666666666 0.6921001375 0.011165564583333334 0.6917939046875 0.006498554166666667 0.689466675 0.00035720833333333335 0.6892316468749999 0 0.6598549703125001 0
0 0.1961034859375 0.24302548125 0.19272588125 0.2404268375 0.187450675 0.23334681458333334 0.182107753125 0.23012238333333332 0.1656132328125 0.2329015375 0.1540357625 0.24707770416666666 0.14855740312500001 0.2515644541666667 0.146607884375 0.25606708125 0.14798029375 0.26231980416666667 0.1497943734375 0.26552836041666666 0.151819128125 0.27683524375 0.157233528125 0.28603663333333335 0.1632408390625 0.2896110833333333 0.16886215468750002 0.2970782520833334 0.170481359375 0.29731688958333335 0.17460686875 0.30153837499999997 0.180848934375 0.3038028770833333 0.18782310156249998 0.30256180833333335 0.191710096875 0.29826069374999997 0.2022251484375 0.29233136249999997 0.203649478125 0.28960008541666665 0.202873734375 0.2875529729166667 0.20432590312499999 0.28524596666666663 0.20533640156250002 0.28598313333333336 0.20413102656249998 0.28227605208333334 0.21211193437500003 0.27193959791666666 0.2111413171875 0.26692256875000003 0.20914815937500003 0.26587251041666665 0.2069322875 0.2614282625 0.201589365625 0.25820383125 0.20018911562500002 0.25152683124999997 0.1961034859375 0.24302548125
0 0.7697480828125001 0.48093158333333336 0.7643133609375 0.49097101875 0.759996734375 0.4936121666666667 0.75833765 0.49765339375 0.7638551265625 0.5230885645833333 0.7645390703125 0.5383995458333334 0.762633190625 0.5484548583333333 0.7663569109374999 0.55144065 0.7717675515625 0.5508094895833333 0.7744928140625 0.5483539791666666 0.778574684375 0.5470227791666668 0.7800268531250001 0.544715775 0.7885765859375 0.5381606604166667 0.7920497515625 0.5373279875 0.7953558796875 0.533949675 0.79675236875 0.5307941229166667 0.7972339203125001 0.5234700895833334 0.79952955 0.5193546083333334 0.7999275828125 0.5107577520833334 0.7987500468750001 0.5074749458333333 0.791537365625 0.5001934125 0.789958040625 0.49567491041666667 0.7802232546875 0.4792821166666667 0.7741203875 0.4791389833333334 0.7697480828125001 0.48093158333333336