0 0.60937465625 0.40227448958333334 0.60503043125 0.4004594354166667 0.596472159375 0.40642530833333335 0.5912379109375 0.40768085000000004 0.5874165875 0.4131936854166666 0.5858456999999999 0.4222660333333333 0.5866302671875 0.43015226458333333 0.5849543625 0.44397023750000003 0.582232221875 0.44934363541666666 0.580661334375 0.45841597916666665 0.5723634171875001 0.4835738020833333 0.574718434375 0.48859889166666665 0.582726021875 0.49823075 0.5856043765625001 0.5043725229166667 0.5938736312499999 0.5145627229166666 0.5955482234375 0.5193783625 0.5957044359375 0.5308935333333333 0.5975886265625 0.5324291208333334 0.602325571875 0.5319760895833333 0.60515229375 0.5280682708333333 0.6095229921875001 0.5255913145833333 0.6120359750000001 0.5172867624999999 0.6227405421875 0.5072036229166667 0.6228199609375 0.49432759791666664 0.6204128718749999 0.4854641208333333 0.6146561609375001 0.47318057083333337 0.6137145046875 0.4662015729166667 0.6108621859375 0.46197899166666667 0.61005114375 0.45838476666666667 0.611307415625 0.45733809375 0.6086117468750001 0.45841948125 0.6066490124999999 0.45733750833333336 0.6062046578125 0.4495560020833333 0.608613059375 0.43978587291666665 0.6141619234375 0.43050466041666663 0.6203387031250001 0.42380570624999997 0.6233750234375 0.41661784166666666 0.6166493078124999 0.4140697083333333 0.6091902203124999 0.41989613750000004 0.6080914734375 0.413824375 0.6098715203125 0.40768318541666665 0.60937465625 0.40227448958333334
0 0.7970394359374999 0.4877543833333334 0.79798196875 0.482310975 0.7968567484375 0.48053122083333333 0.7984532343749999 0.47958927083333336 0.7985842875 0.4767628395833333 0.7965165359374999 0.48042649374999996 0.7938208671875 0.48150788125 0.79274771875 0.48356651666666667 0.7919883125 0.4900218854166667 0.7970394359374999 0.4877543833333334
0 0.8724175140625 0.40010909375000003 0.8685697156250001 0.4099139375 0.8644867218750001 0.41486843125 0.8574988984375 0.4179731583333333 0.8466112062500001 0.4270443395833333 0.8357764624999999 0.42753150208333335 0.829390521875 0.4312992958333333 0.8315615390625 0.44773483125 0.835434496875 0.4522715895833333 0.8519218109375 0.45639119166666664 0.86796476875 0.45272929166666664 0.8776222234375 0.44662398125 0.8849237859375 0.44791598958333334 0.892932684375 0.4389142354166667 0.8996857484375 0.42474795625 0.9031143531250001 0.4215032083333333 0.9040568859375 0.4160597979166667 0.9012835484374999 0.4051723979166667 0.90125795 0.397042 0.8990075125000001 0.3934824895833334 0.8973064468749999 0.39295886041666667 0.8871260921875 0.39173628125 0.8786728390625 0.392956525 0.8724175140625 0.40010909375000003
0 0.8944108109375 0.26067383125 0.8935472593749999 0.25945241874999997 0.8916891046875 0.259836025 0.8944108109375 0.26067383125
0 0.5766953874999999 0.6593025395833333 0.5728740609375 0.6648153770833333 0.5719315296875 0.6702587833333333 0.572820240625 0.6858217979166666 0.5710132812500001 0.7024662 0.5729491046875 0.7140513833333333 0.5766910109375 0.72141456875 0.5836258875 0.7268938583333333 0.586426134375 0.7272780479166666 0.5923933171875 0.7238591437499999 0.597470478125 0.7235108354166666 0.60817373125 0.73206130625 0.6121517078125 0.7318524375000001 0.6140623703125 0.7290960187500001 0.6172826890625001 0.7104977083333334 0.6243759671875 0.6964361520833333 0.625790203125 0.6820598375 0.623618746875 0.67183550625 0.615898865625 0.6646811895833333 0.592633328125 0.6603862625 0.5880795062499999 0.6618512583333334 0.5766953874999999 0.6593025395833333
0 1 0.31947915416666667 0.9884905359375 0.32164613124999997 0.9831252359375 0.3257281041666667 0.969071046875 0.3323911729166667 0.9658516031250001 0.33856708125 0.9590469046875001 0.3426837666666666 0.9493890125 0.35500028125 0.9429496875 0.3735632916666667 0.94145734375 0.3821820229166667 0.9422419140624999 0.3900682541666667 0.9442827546875 0.3969078125 0.9493855109375 0.40468990416666667 0.9564766 0.42168436249999997 0.9620245890625 0.4248255541666667 0.9781196171875 0.42500204166666666 0.9845311562499999 0.42936464583333334 0.98780135625 0.44566073958333335 0.988193203125 0.4558150583333333 0.9906002921875 0.4646785375 0.9946824109374999 0.47214645 1 0.4774819645833333 1 0.31947915416666667
0 0.11906381875000001 0.41522867916666667 0.1185925515625 0.41795038125 0.1233294984375 0.4174973479166667 0.123198884375 0.414112575 0.11906381875000001 0.41522867916666667
0 0.16112268125 0.38135148541666664 0.157170740625 0.38347954791666666 0.14929333125 0.38344366875 0.1469643484375 0.38033777291666665 0.1476452140625 0.3743360229166666 0.149058575 0.3723821145833333 0.1445316625 0.36334389791666666 0.14010889375 0.36198246250000005 0.13369691718750001 0.3638310604166667 0.1311843734375 0.3659244104166667 0.127625153125 0.3657843875 0.12479843125000001 0.36969220625 0.122468575 0.37900871875 0.12212792343750001 0.3851151958333333 0.13023965312500002 0.40242383333333337 0.13730514375 0.41128789583333336 0.14319334374999998 0.4145338125 0.1537655453125 0.4259107125 0.160700421875 0.43139000208333333 0.1665365515625 0.43079752708333335 0.1698866109375 0.42800639583333333 0.1710122671875 0.42357494791666667 0.1770059234375 0.41586403541666667 0.18046143750000002 0.4021160770833333 0.1827123125 0.39946438333333334 0.1876063484375 0.39810411458333334 0.1889676390625 0.39231181458333336 0.188418265625 0.3892759333333334 0.18611531875 0.3880892354166667 0.1767199703125 0.38854168541666667 0.16996821875 0.38407435625 0.16112268125 0.38135148541666664
0 0.446242390625 0 0.4469339984375 0.00969215 0.44850401093750003 0.013042208333333333 0.45221988125 0.018486202083333333 0.4576893234375 0.022081008333333332 0.4665348625 0.024803879166666667 0.47038178437499994 0.027421441666666668 0.47428121718750005 0.027666191666666666 0.48179193906249995 0.03188935625 0.4846446953125 0.029900733333333332 0.48577122812500007 0.013046879166666666 0.488030309375 0 0.446242390625 0
0 0.9108777765625 0.18212860208333334 0.9155622156250001 0.18404838124999998 0.9389865937499999 0.16259125833333332 0.9419704031249999 0.15777620625 0.9452419171875001 0.15543868958333332 0.9525968640625001 0.14193548125 0.9607888875 0.13394568958333333 0.961521821875 0.13178232916666668 0.964034365625 0.12968897916666666 0.92007884375 0.11615840416666666 0.92040811875 0.12294889583333334 0.9185234921875001 0.12762450833333333 0.9175544859375 0.13735992500000002 0.915931528125 0.14259388125 0.9120316578125 0.14856033333333332 0.9089684281249999 0.16625141041666666 0.9073979781249999 0.16911255625 0.9068481671875 0.17228787708333335 0.9083656703124999 0.17801074791666668 0.9108777765625 0.18212860208333334
0 0.535466825 0.423481025 0.5360161984375 0.42651690625 0.5346024 0.43468202083333335 0.5320108734375 0.4434401875 0.5327433703125 0.44748803125 0.5348106828125 0.45003558125 0.537846565625 0.44905891875 0.5419820671875 0.4417316125 0.544180871875 0.43524152916666664 0.5476368234375 0.4152823666666666 0.5531071437499999 0.40645476875 0.554207203125 0.39389292291666667 0.5509365625 0.38380803125 0.5475083984375 0.38084157916666667 0.545336065625 0.3830396541666667 0.5418809890625 0.39057641041666663 0.535466825 0.423481025
0 0.5114197828125 0.36782144791666666 0.503228196875 0.3696000354166667 0.49736559375 0.37448451666666666 0.4932300921875 0.38181182291666665 0.4901668609375 0.3995029 0.4892750859375 0.42741830625 0.492781359375 0.43614234375 0.4936184359375 0.44165576458333333 0.49906140624999995 0.44954258125 0.5152345421875 0.45547665416666666 0.5181133359375 0.45540722708333337 0.521358815625 0.45115051666666667 0.535103640625 0.37797868333333334 0.5361511890624999 0.36778964999999997 0.5356803609375 0.36430015208333333 0.5302894625000001 0.3602517270833333 0.52654711875 0.35909974375 0.5227522671875 0.36032057083333335 0.5114197828125 0.36782144791666666
0 0.40232451406249997 0.5860373520833334 0.4058572609375 0.5904693833333333 0.41056729531249997 0.6005195604166667 0.4154348578125 0.6034513 0.42938490468749996 0.5891114479166667 0.4288615671875 0.5879947624999999 0.42263315312499994 0.5846441208333334 0.40800399218749994 0.5801409104166667 0.39774509375 0.5793719479166667 0.398399046875 0.5838734083333333 0.40232451406249997 0.5860373520833334
0 0.41779469062499996 0.5401531541666666 0.4146802640625 0.5415834354166668 0.39725085625 0.5366960354166667 0.392930915625 0.5616449895833333 0.39596636093750004 0.5668795291666666 0.4003105859375 0.5686945833333333 0.433573353125 0.5732001291666666 0.4402214015625 0.5637794729166666 0.44535106718749995 0.5610583520833334 0.4477590328125 0.5574994249999999 0.4499843109375 0.5467173333333334 0.4494349390625 0.5436814520833334 0.447001375 0.5391099833333333 0.4354341328125 0.5355493041666667 0.43009530468749996 0.53533926875 0.42093515156250005 0.54064206875 0.41779469062499996 0.5401531541666666
0 0.362005671875 0.06764110833333332 0.35538453593749997 0.06655855416666666 0.3516942640625 0.06924495833333334 0.348788996875 0.07360639583333332 0.345753115625 0.07458305625 0.3389488546875 0.07248853958333333 0.330810215625 0.0656831125 0.325968690625 0.06467057083333333 0.32157239375 0.05901712708333333 0.3155796125 0.05430563333333334 0.3111568421875 0.05294419791666667 0.303462559375 0.053920275 0.298175803125 0.057548631249999996 0.2945380390625 0.057862225 0.2909263125 0.060095014583333335 0.2896696015625 0.06735289166666666 0.2901404296875 0.07084239166666667 0.295033153125 0.08811572916666667 0.3083261828125 0.11275284166666667 0.31395184062500003 0.12786282083333333 0.3189239828125 0.13226013749999999 0.3316689515625 0.13522775833333334 0.3499363125 0.13320617291666667 0.3542805359375 0.135021225 0.3613733765625 0.12717087291666668 0.3637297078125 0.11356235416666666 0.369880453125 0.10494420624999999 0.371686534375 0.1007222125 0.37210573125 0.09416211666666667 0.3711640734375 0.08718311875000001 0.3690707234375 0.082716375 0.3689140734375 0.07741240416666666 0.36517216874999997 0.07004921874999999 0.362005671875 0.06764110833333332
0 1 0.47991050625000004 0.9978224359375 0.47884656875 0.9954149078125001 0.47619429166666666 0.9894225656250001 0.46527159375 0.9877219374999999 0.4585367625 0.9861792749999999 0.43847228958333334 0.9818094515625001 0.4285268395833333 0.9722834875 0.4255945166666667 0.9612916531250001 0.42698891666666666 0.9575493109375 0.42583693125 0.9552988718750001 0.42227742083333336 0.9542001265625 0.41620565625 0.9482863281249999 0.40482934375 0.9388653796875 0.3971513958333333 0.9318254874999999 0.39641773124999996 0.925701215625 0.40074386875 0.9203610734375 0.41916744375000003 0.9158328499999999 0.42876283541666665 0.9095493015624999 0.46505222291666665 0.912898921875 0.46847229375 0.9210900687500001 0.4729049083333334 0.9232619640624999 0.47691803541666666 0.9228692421875 0.4791861229166667 0.9250406984374999 0.48941045625 0.9280761421875001 0.4946449958333333 0.9297767703125001 0.5013798270833333 0.9305344265625 0.5197692708333334 0.9327319171875 0.5319127958333333 0.9349038109375 0.5359259229166666 0.9392480359375 0.5377409770833333 0.9502659046874999 0.5382657729166667 0.9590333375 0.5352310583333334 0.9680359640624999 0.5370466958333334 0.98769065 0.5311520041666667 0.9976362468750001 0.5213130291666667 1 0.5203340208333334 1 0.47991050625000004
0 0.8516673578124999 0.724833775 0.8470610265625 0.7286715791666667 0.8446530624999999 0.73223050625 0.8437105296875 0.7376739166666667 0.8415629203125 0.7604247937499999 0.8418497500000001 0.7753247395833333 0.8430010046874999 0.7790236875000001 0.850223584375 0.78698051875 0.8657948390625 0.7922515208333334 0.8741174781250001 0.7876465041666666 0.88225743125 0.7758183208333332 0.889168896875 0.7421112 0.8885409796875001 0.7395289333333334 0.8827842671875 0.7272453833333333 0.8739912390625 0.7221497020833334 0.86959450625 0.7227074625000001 0.8616910624999999 0.7207523833333334 0.8516673578124999 0.724833775
0 0.885258534375 0.15417497916666667 0.8879286046875 0.14496319166666666 0.887536321875 0.141020075 0.8852077765624999 0.13170297916666668 0.8859146750000001 0.12762042291666667 0.8838213265625001 0.12315367708333333 0.8841880124999999 0.11896639583333334 0.8802345296875 0.10389335625 0.8401349734375 0.09154974166666667 0.8402489015624999 0.09540717083333333 0.8449073031250001 0.09540775416666666 0.8527300140625 0.12887246458333335 0.854797328125 0.13142001458333333 0.86324883125 0.15504458124999998 0.8668601203125 0.15902299583333335 0.869241175 0.16596727916666668 0.8738735406249999 0.16404866666666665 0.8802594812500001 0.16028087291666668 0.885258534375 0.15417497916666667
0 0.6413428624999999 0.5798211979166666 0.6351929921874999 0.5760169354166667 0.6233115734375 0.5742707291666667 0.6135235015625 0.5769912645833333 0.6118745078125001 0.5803060270833333 0.610539253125 0.5880175229166666 0.606560840625 0.5944375937499999 0.6056183078124999 0.5998810020833333 0.607580603125 0.6071741770833333 0.6117152296875 0.6122692770833333 0.6168184265625001 0.6138401645833333 0.6215818453125 0.6090951229166667 0.6251410640625 0.6092351458333333 0.6367343421875 0.6147150187499999 0.64939989375 0.6305586645833333 0.6502894796875001 0.6336992708333333 0.6562557875 0.6427027729166667 0.661176296875 0.6370504979166667 0.6627471828125 0.62797815 0.6594240359375 0.6202660708333333 0.6588751 0.6110189854166667 0.65678175 0.6065522416666667 0.6570959281250001 0.6047377708333334 0.6528311234374999 0.5900466958333334 0.6435933 0.58338070625 0.6413428624999999 0.5798211979166666
0 0.5035351593749999 0.09878464166666667 0.50115366875 0.09805156041666667 0.4992694796875 0.09651597291666666 0.4970715484375 0.09058364791666666 0.4929629578125 0.08740774375 0.48121259062500005 0.08283510416666666 0.4773396328125 0.07829835 0.4710326734375 0.07540132291666667 0.462291715625 0.07414402916666667 0.45561807187500003 0.07543428541666668 0.4488919171875 0.07909735416666666 0.44425867500000005 0.09343837291666666 0.44035880625 0.09940482708333334 0.42858152812499994 0.1053354 0.4234774578125 0.11618691874999999 0.41897570625 0.12149030416666666 0.41300764843750004 0.1373316125 0.409029234375 0.14375168333333335 0.4064372703125 0.15872105625000002 0.4069862046875 0.16796814166666665 0.40873934062500006 0.17233016041666666 0.420987009375 0.17610028958333332 0.4286023109375 0.18178903125 0.429413353125 0.18538325625000002 0.4276072703125 0.18960525208333331 0.423365875 0.21410058958333333 0.425930053125 0.22205683333333334 0.42553689375000003 0.23053612083333333 0.431293603125 0.24281967291666667 0.4317379578125 0.2506011791666667 0.4383846921875 0.25981413333333336 0.44961172187500004 0.2632700854166667 0.45306636093749997 0.26194452916666666 0.46146710625000004 0.26309709583333335 0.46643968593749996 0.26128321250000003 0.470705803125 0.2573406791666667 0.4794207265625 0.25667877708333336 0.4808340875 0.25472486875 0.4845503953125 0.25395765625 0.497819578125 0.24561955624999998 0.513521884375 0.24806413333333335 0.5181282171875 0.244226325 0.522578771875 0.22266214375 0.5191775171875 0.20919247916666667 0.5205127703125 0.20148098541666667 0.525198084375 0.19097835833333335 0.5288106875 0.17632316458333333 0.53271055625 0.17035670833333333 0.5334964375 0.15960933333333335 0.5312742234375001 0.12691300416666668 0.517955159375 0.10035669583333333 0.51104631875 0.09679660208333334 0.506387915625 0.09679601875 0.5035351593749999 0.09878464166666667
0 0.488030309375 0 0.483022175 0.02892348541666667 0.48537675468749997 0.040159777083333334 0.484800471875 0.04762710625 0.48569005781249996 0.0507677125 0.4910549203125 0.05289694375 0.5093222828124999 0.050875358333333336 0.5173042703124999 0.05237681666666667 0.527170884375 0.0492026625 0.53954960625 0.0501463625 0.5444961515625 0.04641328125 0.5483960203125 0.04044682708333334 0.5541800796875 0.036015962500000005 0.57352015 0.03814694375 0.57864981875 0.03542582291666666 0.5846964203125 0.01913089583333333 0.586057709375 0.013338595833333333 0.5427258546875 0 0.488030309375 0
0 0.0706463640625 0.43615925208333334 0.0701750984375 0.43888095416666667 0.0712742828125 0.43874151666666666 0.0706463640625 0.43615925208333334
0 0.0701750984375 0.43888095416666667 0.0690754765625 0.44523159791666667 0.0708422890625 0.4412364125 0.0701750984375 0.43888095416666667
0 0.184227628125 0.43624326875 0.18626890625 0.436871625 0.1863478875 0.43020680208333334 0.185798515625 0.42717092083333336 0.185013071875 0.43170709583333333 0.186216834375 0.43303323541666666 0.18462035000000002 0.43397518333333335 0.184227628125 0.43624326875
0 0.14576496249999998 0.31689960624999997 0.143540121875 0.32147049375 0.141629896875 0.3180157083333333 0.1326012359375 0.3142808791666667 0.128702240625 0.307824925 0.11786793437500001 0.30210088749999997 0.0949426078125 0.2979106875 0.08829456249999999 0.3073313416666667 0.085101153125 0.31542644166666667 0.08020492968750001 0.34784272499999996 0.08221973437499999 0.35276308749999996 0.0874275109375 0.3557995520833333 0.0985226109375 0.3745043395833333 0.10341620781250001 0.379355275 0.11595158125 0.3856029416666667 0.12008664531249999 0.38448683958333335 0.12142146250000001 0.38298654791666664 0.12435363906250001 0.36812190208333334 0.1336973546875 0.3576198583333333 0.137989509375 0.3555965208333333 0.151780715625 0.3670087166666667 0.1606792 0.36114757291666666 0.16693452656250002 0.3539950041666666 0.16858352031249998 0.35068024375 0.1703114953125 0.3407006625 0.17243263125 0.3222417895833333 0.1718832578125 0.31920590833333334 0.1693971859375 0.31700724999999996 0.15871953125 0.3165871791666667 0.149455234375 0.3142132 0.14576496249999998 0.31689960624999997
0 0.6587320171875 0.413167725 0.659962690625 0.40399065208333335 0.65915165 0.4003964270833333 0.65975440625 0.3886370895833334 0.6562216609375 0.38420505833333335 0.65506996875 0.3867173125 0.6418793296875 0.39460179375 0.6358856734375 0.40231270416666665 0.6337654140625 0.40834917083333333 0.6335028703125001 0.4202132333333333 0.629287509375 0.4466277645833333 0.62889435 0.4551070541666667 0.630594540625 0.4680530895833333 0.6328185046875 0.47590461041666665 0.63522603125 0.4785568833333333 0.6508233203125 0.48574708541666667 0.654801296875 0.4855382166666667 0.6561361140625 0.484037925 0.65624156875 0.4730810958333333 0.6584933203125 0.45800699791666666 0.6578393671875 0.4535055375 0.6589914968749999 0.4447820833333333 0.6573694140625 0.4375936354166667 0.65949055 0.4191347625 0.6587320171875 0.413167725
0 0.6850599093749999 0.41219398125 0.682207590625 0.4079714 0.68144949375 0.3957931604166667 0.6805074 0.39502536458333337 0.6777071515624999 0.3946411770833333 0.6671596734375 0.4038170833333333 0.6630749296875 0.4336163875 0.664539921875 0.44171207083333336 0.6636759343749999 0.44670186250000005 0.6642773796875 0.45357613541666664 0.662575875 0.45926370625 0.6640404328125 0.47357059375 0.6630974625 0.4852252083333333 0.6651643390624999 0.49398395833333336 0.6692204203125 0.4995326770833334 0.692223853125 0.5094804645833333 0.7040015671875001 0.4973386875 0.706985378125 0.4925236354166667 0.7112259 0.4804507020833333 0.7183187390625 0.47260035208333334 0.7187114609374999 0.47033226666666667 0.7162518625 0.4638415979166667 0.7048955296875 0.43836726458333336 0.7048959671875 0.4321560625 0.70733084375 0.41809392291666664 0.710210075 0.41181329166666664 0.7113882406250001 0.4050090333333333 0.7113101328125 0.39925144791666667 0.7007900031250001 0.3917129375 0.692546346875 0.38965313749999997 0.68909126875 0.39718989375 0.688357896875 0.4055644583333333 0.6850599093749999 0.41219398125
0 0.1594181140625 0.43051748125 0.14952633906249999 0.4193500333333333 0.14680463593749998 0.41851222708333335 0.14041957031250002 0.40985761666666665 0.13644159375 0.4100664854166666 0.12879938124999998 0.41488095416666665 0.11992736875000001 0.4164500895833333 0.1156872859375 0.4223118166666667 0.11411639843750002 0.43138416458333334 0.1145872265625 0.4348736645833334 0.11754412656249999 0.44056182083333334 0.11877261406249999 0.46244076458333333 0.1204472046875 0.4672564 0.12337806874999999 0.4710253625 0.1302344 0.4769582708333333 0.1373788734375 0.4791575125 0.1500722109375 0.4720755395833333 0.15938901562500002 0.47207670625000003 0.1636026234375 0.47050698750000003 0.16828749999999998 0.4662155604166667 0.1753799015625 0.4645764145833333 0.17912268125 0.45951719375 0.18048440937500002 0.44751369166666666 0.1805633921875 0.44084887083333335 0.176115025 0.4313570375 0.16912764062500002 0.4282505604166667 0.1614593921875 0.4311458354166666 0.1594181140625 0.43051748125
0 0.664427903125 0.54583694375 0.663643771875 0.5317395083333333 0.662256884375 0.5294014104166667 0.6585145406249999 0.5282494249999999 0.6519715109375 0.5329244562500001 0.6448261625 0.5431476208333332 0.6415542109375 0.5516963395833333 0.638963121875 0.5542433041666667 0.6362401046875 0.57203910625 0.6367894781250001 0.5750749875000001 0.6466552171875 0.5843232395833333 0.65673055625 0.5902914437500001 0.6651573359375 0.59336320625 0.6670154890625 0.5929796020833333 0.66835074375 0.58526810625 0.667278034375 0.5811155395833333 0.6684301625 0.5723920833333334 0.666886625 0.5647500166666667 0.667593525 0.5606674604166667 0.6661280921875 0.5587829791666666 0.6656577015625 0.5490822770833332 0.664427903125 0.54583694375
0 0.7007022671875001 0.52260181875 0.69753576875 0.5201937083333333 0.6935577937499999 0.5204025770833334 0.6823819609374999 0.5332074208333333 0.676440375 0.5447567229166667 0.6725144703125 0.54880398125 0.67149339375 0.5547010083333334 0.672749228125 0.5598655354166666 0.6729839859375 0.5709270875 0.6752869328125 0.5721137875 0.6785055 0.5783602875 0.6827972156250001 0.5825481541666666 0.6876127078125001 0.5816415020833333 0.6880054296875 0.5793734166666666 0.6969824578125 0.5730586541666667 0.6994168953125001 0.5652077187500001 0.708001203125 0.56116104375 0.710436078125 0.54709890625 0.7083427296875 0.5426321604166666 0.708028990625 0.5382354270833333 0.7049935453125 0.5330008875 0.7050460546874999 0.530628075 0.7007022671875001 0.52260181875
0 0.07199081093750001 0.29801249375 0.06186340312500001 0.2882059 0.0486736390625 0.28366797708333336 0.045402125 0.2860054895833333 0.042758526562499996 0.2909252708333333 0.0391993078125 0.2907852458333334 0.036844290625 0.2857601583333333 0.0337823734375 0.28481762499999996 0.024082514062499998 0.28495915833333335 0.013227710937500001 0.3476489145833333 0.0164787671875 0.3516382333333333 0.028019534375 0.3594909166666667 0.035242553125 0.3612365416666667 0.0568864453125 0.35213181666666665 0.0672238890625 0.35244715833333334 0.070155190625 0.35000492083333334 0.0771699234375 0.33639698333333334 0.079212078125 0.32460293125 0.0760204203125 0.30785321875 0.07199081093750001 0.29801249375
0 0.6856342171875001 0.8041628375 0.6774691046875 0.8016494166666667 0.6730723703125 0.8022071770833333 0.66964376875 0.8054519270833332 0.6683349859375001 0.8088714145833333 0.6650361234375 0.82792334375 0.6761060640625 0.8322865291666666 0.6787487875 0.8397891583333333 0.6882999109375 0.8570630791666667 0.6920422546875 0.8582150645833334 0.6937697921875 0.8544466854166667 0.6974600640624999 0.8517602770833334 0.7007840875 0.8470499520833333 0.7089236015625 0.841432975 0.7134518265625001 0.83183758125 0.7202304890625 0.8258016979166667 0.7237120390625 0.8139729354166667 0.727611909375 0.8080064791666667 0.726304440625 0.7927923583333333 0.7271684281249999 0.7878025666666667 0.7256769609375 0.7839988916666666 0.721175646875 0.7830910729166667 0.708612925 0.79355781875 0.6993746671875 0.7931030333333333 0.6856342171875001 0.8041628375
0 0.46479265468750003 0.60813333125 0.46411310468750006 0.5955014750000001 0.46513418125 0.5896044479166667 0.46107809843750003 0.58405573125 0.460842903125 0.5792053791666666 0.46288505625000004 0.5674113291666667 0.45861937499999994 0.5651426583333333 0.4473654359375 0.57218991875 0.4437012 0.57679551875 0.4417380265625 0.58192475 0.440324228125 0.5900898625 0.44178922343749993 0.5981855458333333 0.4414746078125 0.6062112208333333 0.44364606562500003 0.61643555 0.44340999375 0.6240076041666666 0.446209803125 0.6306029979166666 0.45050152031249996 0.6347908624999999 0.4636127390625 0.6397824041666667 0.468035071875 0.64735504375 0.4739497453125 0.6463089520833333 0.47544164999999994 0.6439014249999999 0.4759393890625 0.6368877145833333 0.47450043124999997 0.630711225 0.47054892812500004 0.6266280854166666 0.467592028125 0.6209399270833333 0.4668860046875 0.6126000791666667 0.46479265468750003 0.60813333125
0 0.060469949999999995 0.37903584583333333 0.0593186953125 0.37533689583333335 0.056047617187499996 0.3714632083333333 0.04788250625 0.36894978958333335 0.0367335828125 0.37125142083333335 0.028148839062499997 0.38150929791666666 0.0252700453125 0.38157872708333335 0.016031348437500002 0.38733514583333334 0.0118173 0.39511606875 0.0095395140625 0.40827097083333336 0.0113447203125 0.41647138125 0.014877465624999999 0.4209034125 0.0158716328125 0.42550959791666665 0.025867987500000002 0.43814262291666667 0.0383768875 0.4486823 0.0461232421875 0.45154461041666666 0.055177940625 0.45719863541666667 0.05981030625 0.4552800270833333 0.06564687500000001 0.44847634791666663 0.0672177625 0.43940399999999996 0.06606694375 0.42949384791666667 0.0692868265625 0.41710673958333333 0.0727939734375 0.41340837291666666 0.08129973593749999 0.40981531666666665 0.0832368734375 0.4027668895833333 0.0804630984375 0.39809069166666666 0.0740775953125 0.3956472833333333 0.07046630468750001 0.39166887083333335 0.06758795 0.38552709583333333 0.060469949999999995 0.37903584583333333
0 0.073608078125 0.37352417708333335 0.07368618437499999 0.3792817625 0.076407890625 0.38011956874999997 0.076984175 0.3726522395833333 0.073608078125 0.37352417708333335
0 0.0552374515625 0.3554465770833334 0.055786825 0.35848245833333336 0.0632719484375 0.3545752229166667 0.06130921406249999 0.3534932520833333 0.0552374515625 0.3554465770833334
0 0.22908279999999998 0.4586510916666667 0.22751234999999997 0.46151223541666664 0.22625564062499998 0.46877011458333334 0.228375025 0.47515605625 0.23504779375 0.4862882041666667 0.2400199359375 0.49068552083333333 0.2519799 0.4919781125 0.260015271875 0.4786843541666667 0.2638630703125 0.4688795083333333 0.2729976265625 0.4554463083333333 0.27378307031250004 0.45091013750000003 0.27137554218750004 0.44825786041666665 0.2542082421875 0.4377176 0.24978547187500003 0.4363561645833334 0.24392286875 0.4412406479166667 0.23973485781249998 0.45094076666666666 0.22908279999999998 0.4586510916666667
0 0.909985990625 0.9530155541666667 0.9137018609374999 0.9584595458333334 0.9257924390625 0.9631369104166667 0.931523553125 0.9672900625 0.9321947375 0.96755288125 0.9461268203125 0.88709090625 0.939197490625 0.8836491479166667 0.931817384375 0.8828107583333333 0.9265045921875 0.88451991875 0.9077915624999999 0.8973936083333334 0.9008293374999999 0.90862873125 0.8994155390625 0.9167938458333332 0.8998078234375001 0.9207369604166666 0.9028167953124999 0.93026350625 0.9050672328125 0.9338230208333334 0.909985990625 0.9530155541666667
0 0.7670939125 0.20332638333333333 0.75398269375 0.19833484375000002 0.7373118171875 0.19941448125 0.7323392390625 0.20122836458333332 0.72723560625 0.20586868125000002 0.7219223765625 0.21378904583333333 0.7208227546875 0.22013968958333333 0.72320336875 0.233295175 0.7222608375 0.23873858333333334 0.7167380109375 0.24993899166666667 0.7120796078125 0.24993840833333333 0.7072910265625 0.24034185 0.7040203890625001 0.23025696041666668 0.7001474296875 0.22572020208333335 0.6966667546875 0.2251265625 0.691222471875 0.23587335208333335 0.6824806375 0.24703846666666665 0.6760673484375 0.267520675 0.6729255734375 0.28566536875 0.67664100625 0.2973205625 0.6762474093749999 0.31201105833333337 0.680591196875 0.3200373125 0.6831549359375 0.33420475833333335 0.6880745703125 0.34097488958333333 0.7038029125 0.3453386583333333 0.7142184625 0.3514115895833333 0.7284813734375 0.35389087916666667 0.753421503125 0.36300144166666665 0.7568240703125 0.3578374979166667 0.7605412546875 0.34464787916666667 0.7699114421875 0.32985382916666667 0.7717965078125 0.31896701041666664 0.7756963781249999 0.3130005583333333 0.778209359375 0.30469600625000004 0.7801200203125 0.3019395875 0.783757784375 0.30162599375 0.7873434765625 0.29747401041666666 0.7887572765625 0.28930889791666664 0.7941490499999999 0.28093491666666665 0.7959555703125 0.27050171875 0.7950399499999999 0.2654419145833333 0.7838146703125 0.23714115 0.7794708828125 0.22911489583333333 0.7724314265625 0.22217002916666667 0.771254575 0.21034067916666668 0.7670939125 0.20332638333333333
0 0.5730401296875 0.16509270833333334 0.5712609578125 0.15881149375 0.5687748874999999 0.15661283541666665 0.567597596875 0.1509946875 0.5627560703125 0.14998214375 0.5579405796875 0.1508887958333333 0.55131944375 0.14980623958333333 0.54037968125 0.15503902916666668 0.5377360828125 0.1599588083333333 0.5371333265625 0.17171814375 0.533102840625 0.174299825 0.52873170625 0.18298798333333333 0.5220567484374999 0.20291185 0.5208000390625 0.2101697270833333 0.522055871875 0.21533425625 0.524306309375 0.21889376666666666 0.533177884375 0.22353583333333335 0.5354543578125 0.22901453958333334 0.5414731749999999 0.23564522708333333 0.54503195625 0.24199645416666668 0.5449529734375 0.248661275 0.549924240625 0.2654809979166667 0.552253221875 0.26858689166666666 0.5570162046875 0.2700530520833333 0.5621719093750001 0.26925112916666666 0.5735569015624999 0.25937743750000003 0.5820895765625 0.24528116875 0.59104056875 0.23704721458333333 0.5938946390625001 0.21642498124999998 0.59384431875 0.1877417770833333 0.5917509703125 0.18327503333333334 0.5894219875 0.18016913958333333 0.5814925093750001 0.17629486875 0.5730401296875 0.16509270833333334
0 1 0.14076007291666667 0.9637395140624999 0.12959821666666665 0.952911040625 0.14012101041666666 0.9453204609375 0.154985075 0.941891859375 0.158229825 0.940844746875 0.16220765416666666 0.936500084375 0.16660380416666667 0.9309512203124999 0.17588501874999998 0.9256102046875 0.206731 0.92765060625 0.21978176041666667 0.9326752578124999 0.2218062625 0.9612019546875 0.2143424375 0.9656247234374999 0.21570387083333334 0.9664097296874999 0.21737890208333335 0.9677176359375 0.22638181875000002 0.9652827593750001 0.24044395833333335 0.966433578125 0.25035411041666666 0.9614067390625 0.27938562083333335 0.963106928125 0.29233165625 0.96200686875 0.3048935020833333 0.9640477078125 0.31173306041666665 0.9682869171874999 0.3182937375 0.9789906078125 0.3206330041666667 0.9961067140625 0.31491246666666667 1 0.31523339166666664 1 0.14076007291666667
0 0.8028090499999999 0.6882932166666667 0.7945909906249999 0.6943638125 0.786007121875 0.6921992854166666 0.7758788390625 0.6948150958333333 0.7734444015624999 0.7026660291666667 0.7693874421875 0.70953971875 0.7664813015624999 0.7263235625 0.7640468640625 0.7341744958333333 0.76006845 0.7405945666666667 0.7585761078125 0.7492132958333334 0.7592040250000001 0.7517955604166667 0.7636003203125 0.7574490041666666 0.76933143125 0.7616021562499999 0.78202389375 0.7669425875000001 0.7860804140625001 0.7662801020833334 0.7931207453125 0.7608025645833333 0.7953191125 0.7605236854166667 0.8044532296875 0.7533016895833333 0.81295943125 0.7434974291666666 0.8159436781249999 0.7324711708333334 0.8173579156249999 0.71809485625 0.8214934171875001 0.71076755 0.821598434375 0.706021925 0.8154229671875 0.6940872666666666 0.812858353125 0.6923422250000001 0.8112883406250001 0.6889921666666667 0.8069441156250001 0.6871771145833333 0.8028090499999999 0.6882932166666667
0 0.24034090312499998 0.021111633333333334 0.22626155625000002 0.0134331 0.217258928125 0.011617464583333332 0.2082293890625 0.020305039583333333 0.2039897453125 0.01995556458333333 0.202576384375 0.021909472916666665 0.199017165625 0.021769450000000003 0.18072333125 0.028083045833333334 0.168527734375 0.02815130625 0.16457579375 0.030279368749999997 0.16091155625 0.034884970833333334 0.15996902500000001 0.04032837708333334 0.1572993921875 0.0433289625 0.141936859375 0.04720031458333333 0.1308929546875 0.044756325 0.1295581390625 0.04625661666666667 0.1325146015625 0.05815597708333333 0.13076058906250002 0.06621636458333333 0.12591818593749998 0.077626225 0.1256300453125 0.08135989166666667 0.128115678125 0.08976975208333333 0.124817253125 0.10261047916666667 0.125417821875 0.12190715416666667 0.1278513828125 0.12647862708333332 0.1409626015625 0.13147016875 0.146772259375 0.13516970208333332 0.1525294078125 0.14124204999999998 0.15375920625 0.14448738125 0.1589144734375 0.14989665833333332 0.1639122109375 0.162424375 0.1697479046875 0.16804310416666668 0.177231715625 0.18276947916666667 0.182962828125 0.1869226291666667 0.187202471875 0.18727210416666665 0.18961 0.18992437916666666 0.1893478921875 0.19557724166666668 0.1935089921875 0.19638033333333332 0.1956292546875 0.19034386666666667 0.197985584375 0.17673534791666665 0.1968877140625 0.15824117916666666 0.2001084703125 0.13343166458333336 0.1995074640625 0.12034618958333333 0.20183688437499997 0.11724087916666666 0.20312006718750003 0.10569099374999999 0.2091393203125 0.10611047916666667 0.23195962812499998 0.11504630625 0.2353877953125 0.11801276041666667 0.23913013749999998 0.11916474375000001 0.240726621875 0.11822279375 0.2560114859375 0.10238265208333333 0.262895165625 0.09160114583333333 0.2648583375 0.0864719125 0.2673717578125 0.07195615833333333 0.26703198125 0.06564022916666666 0.25910337656250004 0.04934355416666667 0.24368965 0.036954110416666665 0.241989021875 0.030219279166666668 0.241989459375 0.024008075 0.24034090312499998 0.021111633333333334
0 0.227245653125 0.16089695416666666 0.22714063750000002 0.16564258125 0.23648128906250002 0.19861895833333335 0.23608856718750001 0.20088704583333333 0.2381554421875 0.20964579583333334 0.23739603437499998 0.21610116666666668 0.23838932499999999 0.23312975833333333 0.24270707656249998 0.23923681875 0.247182353125 0.23822543958333334 0.2500880578125 0.22765280208333336 0.25445919375 0.21896464583333333 0.2569201046875 0.20682170208333334 0.25964224687500004 0.20144830625000001 0.2630977609375 0.18770034583333334 0.266134078125 0.18051247916666666 0.26794060000000003 0.17007927916666665 0.267548315625 0.16613616458333333 0.263125984375 0.15856352499999998 0.253914196875 0.15381673333333332 0.24951746406250003 0.15437449374999998 0.238446646875 0.16243371041666668 0.227245653125 0.16089695416666666
0 0.932988121875 0.23862540208333333 0.9221538140625001 0.23290136458333333 0.9122611640624999 0.23415632291666666 0.906764809375 0.24106472708333332 0.8955633781250001 0.24573917291666666 0.889988478125 0.25310119166666667 0.8883130109374999 0.2607079625 0.8884175921875 0.26217353958333334 0.904224478125 0.26608369375 0.91945508125 0.27746117291666667 0.92659955625 0.27966041666666663 0.9331946546875001 0.27882377708333334 0.9403391296875 0.28102301875 0.9425374953125001 0.28074413958333333 0.9471438265625001 0.27690633333333337 0.948165340625 0.26479810416666666 0.947040559375 0.25680714583333336 0.9440836609375 0.2511189875 0.9382740046875 0.24741945625 0.9360760734375001 0.24148713125 0.932988121875 0.23862540208333333
0 0.3869453640625 0.08296287291666667 0.3827577890625 0.08645178958333334 0.379512309375 0.09070850000000001 0.38089876093749997 0.0992578 0.38034895 0.10243312291666666 0.3716340265625 0.103095025 0.372576121875 0.10386281874999999 0.3697494 0.1077706375 0.37082210937500004 0.11192320416666666 0.369173115625 0.11523796666666668 0.369879140625 0.12357781666666666 0.362209578125 0.1451067 0.360874325 0.15281819375 0.3649299703125 0.16457811458333332 0.3727809046875 0.16890600416666668 0.3770205484375 0.16925547916666667 0.3794280765625 0.17190775625 0.385735034375 0.17480478125 0.3928274375 0.17316563124999998 0.3976954359375 0.16988616875 0.403453459375 0.16353611041666666 0.406856903125 0.14594975833333335 0.41206555468749995 0.13656381666666664 0.41622752968750004 0.12494450416666666 0.4170919546875 0.11374351041666667 0.40987025 0.09336427708333334 0.40735814374999996 0.08924642291666667 0.4014439078125 0.08408131041666667 0.39259836875 0.08135843958333333 0.3869453640625 0.08296287291666667
0 0.2856399921875 0.05751216666666667 0.28626834687499997 0.05388322708333334 0.284619790625 0.0509867875 0.2721889984375 0.04620469583333333 0.26917959062499996 0.04288935208333333 0.2625584546875 0.041806795833333334 0.2630288453125 0.051507497916666665 0.2653578265625 0.05461338958333333 0.2681572 0.06741998541666666 0.2652245859375 0.08849583541666667 0.26234535625 0.09477646458333333 0.2589167515625 0.09802121666666667 0.25718921250000004 0.10178959375 0.24334374687500002 0.11759502291666667 0.2399147046875 0.127050975 0.2393644578125 0.1364375 0.24216426875 0.14303289166666666 0.2476857828125 0.15046608958333335 0.25841551093750004 0.15472455000000002 0.26767936875 0.16330973541666666 0.276760540625 0.16467175416666666 0.2854238296875 0.15396025833333335 0.286706575 0.148621575 0.289952053125 0.14436486666666667 0.29288379375 0.13571142291666666 0.2950561234375 0.13351334791666666 0.3009981484375 0.11575284166666666 0.301967153125 0.10601742500000001 0.2918406203125 0.08378842708333334 0.29215479843750003 0.08197395625 0.2873401828125 0.0704582 0.2873406203125 0.06424699791666667 0.2856399921875 0.05751216666666667
0 0.671329528125 0.28039611458333336 0.6633479765625 0.2726834541666667 0.653430165625 0.25959681041666666 0.6465998703125 0.2555831 0.63775433125 0.2528602291666667 0.6313163203125 0.2527896333333333 0.6287252328124999 0.25533659999999997 0.622940296875 0.27218986875 0.6196692203125 0.26831618125 0.6175238000000001 0.26001104583333334 0.6138079296875001 0.2545670541666667 0.6093326515624999 0.25557843124999996 0.603286925 0.25945095 0.596901421875 0.25700754375 0.592923446875 0.2572164125 0.58789748125 0.27382551666666666 0.5821129859374999 0.28446758333333333 0.5771924765625001 0.29011986041666665 0.568659803125 0.30421612708333334 0.5672460046875 0.3123812395833333 0.570987909375 0.31974442708333334 0.5688147031249999 0.3343649083333334 0.5700440640625 0.34382144374999996 0.5730795078125 0.34905598541666666 0.57726664375 0.35177827291666663 0.5849609265625 0.35080219375 0.5904828796875 0.3520241875 0.5964756609374999 0.35673568333333333 0.6056605375 0.3719856854166667 0.6107628578125001 0.3859789791666667 0.614295603125 0.3904110104166667 0.618718371875 0.3917724458333333 0.6257061937499999 0.38866771875 0.6346571890625 0.3804337625 0.6350499109375 0.3781656770833333 0.63997041875 0.3725134 0.6418550453125 0.3678377875 0.64604261875 0.36434887083333334 0.6484245484375 0.3588707479166667 0.650518334375 0.3571262916666667 0.665095421875 0.35779111041666667 0.6663516953124999 0.3567444354166666 0.6701734578125 0.34502039791666667 0.6746504859375 0.3191642104166667 0.6745203078124999 0.30956823333333333 0.673290509375 0.30632289999999995 0.6736836703125 0.29784360833333334 0.671040946875 0.29034098333333336 0.671329528125 0.28039611458333336
0 0.0906425765625 0.41173567708333336 0.088025453125 0.4123634479166667 0.0830008015625 0.41033894583333336 0.0733698203125 0.41215224791666666 0.06975809375 0.41438503541666666 0.0677163765625 0.41996788333333335 0.06614548906249999 0.42904023125 0.06729586875 0.4451615875 0.0659606140625 0.45287308125 0.0665099875 0.45590896249999996 0.069152709375 0.46341158958333334 0.08260370312500001 0.47471906041666667 0.087104578125 0.4818380833333333 0.08877960781250001 0.48044251666666665 0.089722140625 0.4749991083333333 0.08935676718749999 0.46055278125 0.091215796875 0.44774677083333336 0.09226290781249999 0.44376893958333335 0.09786384375 0.4383261145833333 0.0993561859375 0.42970738333333336 0.0996182921875 0.424054525 0.0982053703125 0.4197972333333333 0.09658284843750001 0.41881998541666665 0.0944895 0.4143532395833333 0.0906425765625 0.41173567708333336
0 0.8866900531249999 0.26594191875 0.8735775203125 0.2795839854166667 0.8683441468750001 0.26841712291666664 0.8642095218750001 0.26332202083333334 0.8574838046875 0.26077388958333336 0.8445817468750001 0.2587135020833333 0.83662579375 0.25913123958333334 0.8316007046875 0.2633179375 0.8235662078124999 0.26418929166666666 0.8128095703125 0.2704340395833333 0.8089882453125 0.2759468770833333 0.804355003125 0.2902878958333333 0.796974459375 0.2956607083333333 0.793571890625 0.3008246541666667 0.792707903125 0.30581444375 0.7902999375 0.30937336875 0.789750128125 0.31254869166666666 0.7841227203125001 0.32228352499999996 0.7809028390625 0.33467063333333336 0.7771335859375 0.3440218583333333 0.775327065625 0.35445505833333335 0.7800891703125 0.36834362499999995 0.7906093015625 0.37588213333333337 0.7927811953125 0.3798952625 0.7931456921875 0.40676399375 0.7977771859375 0.4172677895833333 0.8016753031249999 0.43614614791666667 0.809395621875 0.43708926458333336 0.8114894093749999 0.43534480416666665 0.8139494453125 0.43562426875 0.8232666859375 0.42941423125 0.8492808406250001 0.4240437541666667 0.85773453125 0.41661230625 0.8673919874999999 0.41050699791666667 0.8728887796875 0.39738738958333336 0.8777307437499999 0.3921887333333334 0.8901619734375 0.39075961875 0.8992431453125 0.3921216375 0.9037709312500001 0.38873744791666665 0.9145028484375001 0.36193989374999996 0.9184027171875 0.35597344166666667 0.9233501375 0.33981795416666666 0.9272500062500001 0.33385149999999997 0.9288994374999999 0.32432553541666664 0.9320928468749999 0.3162304354166666 0.9328787265624999 0.30548305833333333 0.9295035078125 0.29393258958333335 0.9223074015625 0.2816837541666667 0.9039888453125 0.2674445458333333 0.8958237328124999 0.264931125 0.8866900531249999 0.26594191875
0 0.5395918234375 0.5652225916666667 0.532316296875 0.5658497791666667 0.5241242734375 0.5738395708333334 0.51967459375 0.5829813458333334 0.518077234375 0.5963457020833334 0.51862660625 0.5993815833333334 0.5218191390625 0.6037088854166667 0.5326278484375 0.6013025270833333 0.5374168671875 0.6046878854166666 0.5414733859374999 0.6040253979166667 0.552177953125 0.5939422583333334 0.5585122609375001 0.58012486875 0.55822455625 0.57764733125 0.556890178125 0.5729364208333333 0.550190496875 0.5723074833333333 0.546997528125 0.57419138125 0.5452964625 0.57366775 0.5395918234375 0.5652225916666667
0 0.8764705328125 0.44913623333333336 0.871313953125 0.46236056458333336 0.866184284375 0.46508168541666667 0.86537324375 0.46148746041666666 0.8611075625 0.45921878958333334 0.8323725812499999 0.45132905624999997 0.8300175624999999 0.44630396875 0.830070509375 0.43771995208333336 0.82784610625 0.4360796375 0.821748309375 0.43611376875 0.8161213375 0.43963739583333333 0.8143938000000001 0.44340577499999995 0.8159638109375 0.4467558354166667 0.8163296234375 0.4549909583333333 0.8152300015625 0.46134160208333336 0.8186824515625 0.49107206249999996 0.8244656359375 0.4990636041666667 0.8383878953125 0.50764936875 0.8562876953125 0.5222374708333334 0.8608675531250001 0.5226916729166666 0.8661803453125 0.5209825125 0.8814908062500001 0.5132727666666667 0.8832183453125 0.5095043895833333 0.887013196875 0.5082835604166667 0.8932685203125 0.50113099375 0.8967235984374999 0.49359423541666664 0.9065385796875001 0.4803704875 0.9090784734374999 0.461562725 0.906828471875 0.4517920125 0.9026157375 0.44093932500000005 0.894869384375 0.43807701458333337 0.8848712781250001 0.4502888 0.8764705328125 0.44913623333333336
0 0.34576777187499996 0.2379935291666667 0.3409522796875 0.23890018125 0.3326300796875 0.23729399583333333 0.32791916875 0.23966622708333332 0.3261130859375 0.24388822291666665 0.323181784375 0.2463304625 0.3170839859375 0.24636459166666666 0.31506874375 0.2476554333333333 0.3105144828125 0.25533163125 0.306143784375 0.25780858749999996 0.3038143640625 0.26091389583333335 0.3012228375 0.2696720645833333 0.3026878328125 0.27776775 0.29993921874999996 0.2874331541666667 0.3011160703125 0.2992625 0.3039419171875 0.3077770875 0.308181125 0.31433776666666663 0.320323775 0.3228535229166667 0.3239350640625 0.3268319354166667 0.33238788124999996 0.33182289375 0.34055299375 0.33433631249999995 0.35021001093750004 0.33444220625000004 0.36434318125 0.3211143166666667 0.3656519625 0.31769482916666664 0.368662684375 0.30237656458333334 0.36688394999999996 0.28988414791666667 0.3706536421875 0.27432171875000005 0.3701567765625 0.26891302291666663 0.3659175703125 0.26235234583333333 0.36214962968750003 0.25306996249999997 0.3524934875 0.24054166458333331 0.34576777187499996 0.2379935291666667
0 0.548049678125 0.12729894375 0.5508234546875 0.13197513958333335 0.5731724953125 0.14363266875 0.5786940109375001 0.1510658666666667 0.579688175 0.15567205416666668 0.5793735625 0.163697725 0.583324628125 0.17399206666666667 0.59125410625 0.17786633958333334 0.601276496875 0.1924185604166667 0.60444299375 0.19482666875000001 0.60904845 0.20341126875 0.614727053125 0.20993723333333333 0.61917541875 0.21942906666666667 0.6262409109375 0.22829312916666666 0.6288840703125 0.22958455208333334 0.6324168171875 0.23401658541666667 0.6416025671875001 0.23684418125 0.645894721875 0.23482084375 0.655264471875 0.22623799583333334 0.6658900578125 0.22281967500000002 0.6755739859375 0.21242235833333334 0.684629559375 0.20565397916666667 0.6854410390625 0.203037 0.6913561515625 0.19577970625000002 0.697663546875 0.19246552708333334 0.7000454765625 0.18698740625000002 0.701851996875 0.17655420625 0.7042599609375 0.17299527916666665 0.7069556296874999 0.17191389166666668 0.724594634375 0.17352124375000003 0.727892184375 0.17310292291666668 0.734278125 0.16933512916666665 0.736084209375 0.16511313333333336 0.7384405390625 0.1515046125 0.7375249171875 0.14644480833333334 0.73836286875 0.13953582291666666 0.7416087859375 0.12906791041666665 0.74341574375 0.11242350833333334 0.7426311765625 0.10453727708333332 0.7375548921874999 0.09246317916666666 0.733315684375 0.08590249999999999 0.7339965484375 0.07990074791666667 0.731432371875 0.07194450416666666 0.727088146875 0.07012945 0.725518134375 0.06677939166666666 0.7278876546874999 0.05699729375 0.5942228234375 0.015852016666666666 0.59288800625 0.017352308333333333 0.5900608468749999 0.02747133125 0.5836744687500001 0.03745032916666667 0.580977925 0.05095412083333333 0.563049903125 0.06550284166666667 0.56030085 0.08137944791666667 0.554778021875 0.09257985833333333 0.5515837375 0.11309736458333333 0.550327465625 0.11414403958333333 0.548049678125 0.12729894375
0 0.10233672187500001 0.09999058125 0.1056872171875 0.09098824583333333 0.1054780578125 0.08805708958333333 0.10233803281250001 0.08135697291666667 0.096580884375 0.07528462500000001 0.0895935015625 0.07217814791666667 0.0797537984375 0.06484909166666666 0.0697044953125 0.06080008333333333 0.06473279062500001 0.0501915625 0.046620460937500004 0.15479572291666666 0.0518232921875 0.15372162708333334 0.060773409375 0.157910075 0.07037791875 0.16038878333333334 0.0798518109375 0.15948271458333335 0.0889329828125 0.16084473333333332 0.1000033625 0.15899671875000002 0.10335342031250001 0.15620558541666665 0.10476721874999999 0.14804047291666667 0.099273490625 0.11768165833333333 0.10233672187500001 0.09999058125
0 0.364356525 0.5031583979166666 0.3623421578125 0.49202683124999996 0.360013175 0.4889209395833333 0.35977797968749997 0.4840705875 0.35611461875 0.4762537854166667 0.3527649984375 0.4728337125 0.3472430453125 0.47161171875 0.3338953171875 0.48040343333333335 0.3285560515625 0.4864046 0.31866296250000004 0.4938707625 0.31476309375 0.49983721875 0.3163851765625 0.5070256666666667 0.316201178125 0.5184361125 0.318268053125 0.5271948666666667 0.32253373281250003 0.5294635354166667 0.32585688125 0.5371756145833333 0.328526078125 0.5403862333333334 0.34967135625 0.5507176229166666 0.3643005140625 0.5552208333333333 0.3676766078125 0.5543488979166666 0.37429774375 0.5554314520833333 0.377569259375 0.5530939395833333 0.3787994953125 0.55012806875 0.381312478125 0.5418235166666666 0.38092019375 0.5378804 0.3779637328125 0.5259810395833333 0.3749543234375 0.52266569375 0.37050595625 0.5131738604166667 0.3664498734375 0.50762514375 0.364356525 0.5031583979166666
0 0.296910553125 0.5574107375 0.2901332015625 0.5448130104166666 0.2837476984375 0.5423696041666666 0.2813401734375 0.5397173291666667 0.276236978125 0.5381464416666667 0.27184024375 0.5387042020833334 0.2676526703125 0.5421931166666667 0.2612662921875 0.5521721145833334 0.2583601515625 0.5689559562500001 0.25922326406249996 0.5763885708333334 0.2647183046875 0.5881137770833333 0.27055399687500004 0.59373250625 0.2764161625 0.5950592291666666 0.280027890625 0.5928264395833334 0.294604978125 0.5934912583333334 0.30732435156250004 0.58832848125 0.310674409375 0.58553735 0.31036067031250003 0.5811406166666667 0.3095756640625 0.5794655875 0.306173534375 0.5784183291666667 0.3008611796875 0.5739162833333334 0.298610740625 0.5703567729166666 0.296910553125 0.5574107375
0 0.8176556859374999 0.577714725 0.8139133421875 0.5765627416666667 0.8099614015625001 0.5786908041666667 0.7986809890625 0.5900300708333333 0.7849670140625 0.5967978666666667 0.7793396046875001 0.6065327 0.776748078125 0.6152908687499999 0.7777682796875001 0.62181625 0.785618778125 0.6323553416666667 0.7869527187500001 0.6432774562500001 0.7976039015625 0.6479895333333333 0.8016604218750001 0.6473270479166667 0.8064238421875001 0.6425820062500001 0.814799428125 0.629392975 0.8214995453125 0.6238107104166667 0.8298751296875 0.6106216750000001 0.8340379812500001 0.58657995625 0.8333054843750001 0.5825321124999999 0.8276789515624999 0.5798445395833334 0.8255591296875 0.5796698020833334 0.82380555625 0.5815189854166667 0.82032488125 0.5809253458333333 0.8176556859374999 0.577714725
0 0.83419223125 0.2545597666666667 0.8338259828125001 0.25253584583333333 0.8330930484374999 0.2546992083333333 0.83419223125 0.2545597666666667
0 0.8415463031250001 0.25347896249999996 0.841520265625 0.25155976875 0.8406042078124999 0.25271116875 0.8415463031250001 0.25347896249999996
0 0.8268690109374999 0.18923653541666668 0.83021819375 0.19886780833333334 0.8334107265625 0.20319511458333334 0.8371530703125 0.2043471 0.8421256500000001 0.2025332125 0.8535371156249999 0.18836751458333334 0.8613633281249999 0.17214260208333335 0.8640338375000001 0.15671961041666668 0.8634844640624999 0.15368372916666667 0.856262759375 0.13330449583333334 0.8508206640625 0.11299527291666665 0.8496918656249999 0.09449158333333334 0.8378366015625 0.09084224583333333 0.836663646875 0.09334795416666666 0.8347000390625 0.1046883875 0.837159196875 0.11739025625 0.8370802171875 0.12405507708333333 0.8326817312499999 0.14945765 0.8298810453125001 0.1552846625 0.828467246875 0.16344977500000002 0.8284403359375 0.17395298541666668 0.8261104781249999 0.18326949791666666 0.8268690109374999 0.18923653541666668
0 0.5600253875 0.6479597708333333 0.5496093984375 0.64809804375 0.5464164296875 0.6499819416666667 0.52953464375 0.6729752375 0.5275189640625 0.6804772791666667 0.5294547859375001 0.6920624624999999 0.5315481359375 0.6965292083333333 0.5317047875 0.7018331750000001 0.5377752359375 0.7185134604166666 0.5409417328125 0.7209215708333333 0.5490291765624999 0.7114662 0.5596287265625 0.7061286854166667 0.5706995421875 0.6980694666666667 0.5727412578125 0.69248661875 0.5736842281250001 0.6808320062500001 0.5720886171874999 0.66935155 0.5740522265625 0.6580111145833333 0.5731366062500001 0.6529513145833333 0.5703888671875 0.6501943125 0.5600253875 0.6479597708333333
0 0.40184296875000003 0.36323655416666667 0.394148246875 0.37042383749999996 0.3903000109375 0.3864398833333333 0.390325609375 0.39457028125 0.39490546718749997 0.39502448333333334 0.40600275625000004 0.38267325625000004 0.4082801046875 0.3757295541666667 0.411787253125 0.3720311875 0.41291290937499997 0.36759973958333336 0.41592275624999997 0.3647038833333333 0.41772883906249997 0.3604818875 0.41783385624999997 0.3557362604166666 0.41348963124999993 0.35392120833333335 0.4096947796875 0.3551420375 0.407443903125 0.35779372708333335 0.40440802187499997 0.3587703916666667 0.40184296875000003 0.36323655416666667
0 0.446230375 0.3386764583333333 0.4433511453125 0.3449570875 0.44167523906249995 0.3587750604166667 0.4377753703125 0.36474151458333337 0.4356811453125 0.37269717291666665 0.4345819625 0.37283661458333334 0.43387549999999997 0.37070796666666667 0.43513221093750004 0.3634500895833333 0.43280322812499994 0.36034419791666666 0.42997650781249996 0.3642520166666667 0.428196896875 0.3641820020833333 0.4235905671875 0.36801981041666665 0.41851296875 0.3745793229166667 0.4166283421875 0.37925493541666666 0.40631605937500004 0.39328119166666664 0.4041172546875 0.39977127291666664 0.40495433125 0.40528469375 0.4150040703125 0.4031225 0.4207876921875 0.40490283958333334 0.42732940781249995 0.4188614166666667 0.432249478125 0.4194203458333333 0.434683478125 0.4177806145833333 0.4392633359375 0.4182348125 0.4511712296875 0.41568901458333335 0.460042803125 0.42033108124999996 0.4661662 0.42842734791666665 0.4673439265625 0.42783429166666664 0.468757725 0.41966917916666663 0.46614147656249993 0.40787454375000004 0.468392790625 0.39901165 0.46640664843749996 0.35874326458333333 0.46096411562500006 0.34464524583333334 0.45716970156250003 0.3396548708333333 0.44981606718749995 0.33452447291666665 0.446230375 0.3386764583333333
0 0.2604049296875 0.5198946875 0.2519521140625 0.5149037291666666 0.2404109078125 0.5132622458333334 0.23287415 0.5071198874999999 0.21285233906249998 0.5234130645833334 0.208952471875 0.52937951875 0.20683177343749998 0.5416271874999999 0.209081771875 0.5513979 0.2147864125 0.5598430583333334 0.2187118796875 0.5620070041666666 0.22645779687499998 0.5710805166666667 0.2378939859375 0.577467625 0.239385453125 0.5812713020833333 0.23985584375000002 0.5909720041666666 0.2440950515625 0.5975326833333334 0.251029928125 0.6030119708333334 0.255792909375 0.6044781312499999 0.2654764015625 0.60029201875 0.27042294375 0.5965589375 0.2716531796875 0.5935930666666667 0.2636455953125 0.5839612083333333 0.2606886953125 0.5782730541666666 0.259983109375 0.5637220000000001 0.260952115625 0.5539865833333334 0.2668411921875 0.5448100958333334 0.27903722656249996 0.5385306291666667 0.277885971875 0.5348316791666666 0.27961351093750003 0.5310633 0.27898559375 0.5284810375 0.275714515625 0.52460735 0.2604049296875 0.5198946875
0 0.37802370625 0 0.3776082125 0.0002968729166666666 0.3746244015625 0.005111927083333333 0.37281788125 0.015545125 0.376167065625 0.025176397916666666 0.3782335046875 0.040146356249999994 0.3878106640625 0.059339475 0.39581825 0.06897133125 0.4027010546875 0.07061223124999999 0.419791125 0.06297249791666666 0.428009184375 0.05690190208333334 0.4314377859375 0.05365715208333333 0.4333224140625 0.04898153958333333 0.43622855468750005 0.03219769583333333 0.4339000109375 0.022880599999999997 0.4339008875 0.01045819375 0.43007681093750005 0 0.4050705484375 0 0.40479965625 0.0005445395833333333 0.401528140625 0.00288205625 0.400436003125 0 0.37802370625 0
0 0.8697389015624999 0.9019251125000001 0.8668075999999999 0.9043673520833334 0.864320653125 0.9145911000000001 0.8591645124999999 0.9216042291666666 0.8575675890625 0.9287573791666667 0.854688359375 0.9350380125 0.84966326875 0.9392247104166667 0.8429110812499999 0.9409685833333333 0.8411575062500001 0.94281776875 0.8355045015625 0.9444222020833333 0.8317621578125 0.94327021875 0.8226553890625 0.9337778 0.8169772234374999 0.9210406333333334 0.8165068312500001 0.91133993125 0.8215071984375 0.8866004291666666 0.8183146656250001 0.8822731229166667 0.8135512453124999 0.8870181666666667 0.8077663109375001 0.9038714354166667 0.8056447375 0.9285415104166667 0.8077120515624999 0.9310890604166667 0.8077380875 0.93300825625 0.8169759109375001 0.9396742416666667 0.8173937921875 0.9517477562500001 0.8239880171875 0.9633335229166666 0.82595075 0.9644154958333334 0.8271805499999999 0.9676608291666666 0.8345862546875 0.9766296166666667 0.84167821875 0.9812016729166667 0.8473837328125 0.9772244270833333 0.8481952109374999 0.9746074458333334 0.8527229984375 0.9712232583333333 0.8573818390625 0.9650126395833334 0.8606017203125 0.9526255291666667 0.8715423578125 0.9349703333333333 0.8742128671874999 0.9195473458333333 0.8734278609375 0.9178723166666667 0.8742133046875 0.9133361416666667 0.873611859375 0.90646186875 0.8721989359375 0.9022045770833333 0.8697389015624999 0.9019251125000001
0 0.31614976875 0.13379514583333335 0.3100519703125 0.133829275 0.306205046875 0.1312117125 0.3058908703125 0.13302618333333333 0.301781840625 0.13606147916666667 0.2958137828125 0.15190279166666668 0.2828583390625 0.16463762291666667 0.28026681249999996 0.17339579375 0.2801092859375 0.18051422916666665 0.28408638750000004 0.19272776875 0.28819497968749996 0.19590367291666666 0.3133972140625 0.199361375 0.323106740625 0.19709445625 0.334229190625 0.19908483125 0.3408507640625 0.19395618125 0.3434158171875 0.18949002083333333 0.34634755625 0.18083657708333334 0.3484686921875 0.16237770625 0.3484695671875 0.14995529999999999 0.34527747343750004 0.13941679166666668 0.332009165625 0.13533248541666668 0.325754278125 0.13627384999999997 0.31614976875 0.13379514583333335
0 0.266972025 0 0.266408440625 0.0009459375000000001 0.254421565625 0.010156554166666667 0.25196109375 0.016088295833333332 0.25211774375 0.0213922625 0.256331353125 0.019822543749999998 0.25947137656249997 0.026522662500000002 0.26740085625 0.030396933333333334 0.27347174375 0.0408660125 0.27637657187500003 0.04271577916666667 0.2863998375 0.044845593749999996 0.29817624062500003 0.05133742708333333 0.30207567343749997 0.05158217708333333 0.3082259796875 0.04917523541666667 0.3158677546875 0.05057196666666666 0.32486994375 0.05859880833333333 0.3275916484375 0.05943661458333334 0.33384697343749997 0.052284045833333334 0.3357316 0.04760843125 0.3458867953125 0.034489410416666665 0.35140918593750003 0.029500202083333333 0.356382640625 0.015263910416666667 0.3588960609375 0.0007481541666666667 0.359176684375 0 0.266972025 0
0 0.7746085609375 0.8946202666666667 0.766102796875 0.8982133229166667 0.7648729984375 0.8949679916666666 0.7596391875 0.8900123291666666 0.7446962890625 0.8811123875 0.7413987390625 0.8815307062500001 0.7408489281249999 0.8847060291666666 0.743962478125 0.8956981520833334 0.7433341234374999 0.8993270916666667 0.7414759703125 0.8997106979166667 0.7324212718750001 0.8940566708333333 0.7278674484375001 0.8955216645833333 0.7255380296875 0.8986269729166667 0.7238365265625 0.9043145479166667 0.71959644375 0.9101762770833334 0.7181826453125 0.9183413875 0.7231022796875 0.9251115187500001 0.727891296875 0.928496875 0.73315158125 0.9291605270833333 0.7373651890625 0.9275908083333333 0.7393274859375001 0.9348839812499999 0.735165946875 0.94029209375 0.73383069375 0.9480035875 0.735165071875 0.9527145 0.7346938062499999 0.9554362020833334 0.7415232265625 0.9718723208333333 0.7480918546875001 0.9753276895833333 0.7574351312500001 0.9710368479166667 0.7621200078125 0.9667454249999999 0.7637954734375 0.9591386562499999 0.767982609375 0.9618609437500001 0.7707563859375 0.9665371395833334 0.7747343625 0.9663282708333334 0.777116290625 0.9608501500000001 0.7790017921875 0.9437521312499999 0.7762024203125 0.9309455333333333 0.7822221109374999 0.9251538187499999 0.7831906796875 0.92162960625 0.781385471875 0.9134291958333333 0.7792396140625 0.9113352625 0.7754716734375 0.90205288125 0.775498584375 0.8915496687500001 0.7746085609375 0.8946202666666667
0 0.2123500109375 0.22415863541666667 0.20546676874999997 0.2287289375 0.1966472671875 0.2279252625 0.19018278125000002 0.232146675 0.18845524375 0.23591505416666667 0.1861783328125 0.23664754999999998 0.1827757640625 0.24181149583333333 0.1814140359375 0.2538149979166667 0.18287903125 0.26191068333333334 0.178821196875 0.28120677708333336 0.179344096875 0.2885346666666667 0.18355683125 0.2993873541666667 0.190020440625 0.30758834791666667 0.1964844875 0.3095781375 0.20328962343749998 0.29925024791666666 0.2046765109375 0.30158834375 0.2041262625 0.31097486874999997 0.20789464062500002 0.31404605 0.2136522265625 0.3139071916666667 0.2194623203125 0.31139552291666667 0.2276013984375 0.31198974791666667 0.231893553125 0.30996641041666667 0.236735515625 0.30476775208333334 0.2409764734375 0.28648361875 0.24113400000000001 0.27936517916666664 0.24738932500000002 0.2722126104166666 0.24911730156249998 0.2622330291666667 0.24537583281250003 0.24865863958333334 0.238781609375 0.237072875 0.23268424843750002 0.23089579999999998 0.2216403421875 0.22845181041666668 0.2123500109375 0.22415863541666667
0 0.7774674453125 0.8056748020833333 0.7770751609375 0.8017316833333333 0.7791173140625001 0.7899376333333333 0.7709270421875 0.7730826125 0.76509135 0.7674638833333333 0.7557485109375001 0.7655435208333333 0.7483944390625 0.766624325 0.7431076828125 0.77025268125 0.7420080609374999 0.776603325 0.7430022265625 0.7812095104166666 0.740593825 0.7909796395833334 0.7411948296875 0.8040651145833333 0.74258171875 0.8064032124999999 0.7421364890625 0.8110441125 0.7473698609375 0.8222109750000001 0.75715705625 0.8319128458333334 0.76584594375 0.8293317479166666 0.7699545343749999 0.8325076520833333 0.7720478843749999 0.8369743979166666 0.772753909375 0.8453142479166667 0.780551459375 0.8644373562500001 0.7883763578125 0.8668460499999999 0.7958614828125 0.8629388145833333 0.7999444765625 0.8579843208333333 0.80057326875 0.8481441791666666 0.798270759375 0.8407462770833334 0.79848035625 0.8374662291666667 0.7962038828125 0.8319875250000001 0.78581480625 0.8216225875000001 0.7774674453125 0.8056748020833333
0 0.7536326265625 0.70946795625 0.7571397734375 0.7057695895833334 0.7565378921875 0.7051065208333333 0.7545751593750001 0.70402455 0.7500213375 0.70548954375 0.7476398453125 0.7047564625 0.746147940625 0.7071639895833334 0.7536326265625 0.70946795625