0 0.6767769609375 0 0.676164215625 0.004493464583333333 0.676164215625 0.012254902083333333 0.677696078125 0.019607843750000003 0.684742646875 0.03186274583333333 0.6957720593750001 0.03186274583333333 0.6963848046875001 0.04003267916666667 0.6951593140625 0.047794116666666664 0.6954656859375 0.05351307291666666 0.6969975484375001 0.05718954166666667 0.7022058828125 0.06290849583333333 0.7080269609375 0.06004901875 0.7261029406249999 0.0420751625 0.730085784375 0.03472222291666667 0.7365196078125 0.0265522875 0.7417279406249999 0.023692810416666665 0.746936275 0.022875816666666667 0.7475490203125 0.009803920833333334 0.74601715625 0 0.6767769609375 0
0 0.46384803906250005 0.259395425 0.467524509375 0.2667483666666667 0.471507353125 0.26797385625000003 0.47365196093749995 0.2700163395833333 0.47732843125 0.27573529375 0.4791666671875 0.2761437916666667 0.48069852968750004 0.27941176458333333 0.484068628125 0.27736928125000004 0.4911151953125 0.27859477083333334 0.5009191171875 0.27777777708333334 0.5061274515624999 0.27410130625 0.5094975484375001 0.26797385625000003 0.5104166671875 0.265522875 0.5104166671875 0.26021241875 0.50857843125 0.25449346458333333 0.5094975484375001 0.2483660125 0.5094975484375001 0.240604575 0.50857843125 0.23815359375 0.4978553921875 0.22916666666666666 0.49509803906250005 0.22426470625 0.48988970624999995 0.21936274583333332 0.4849877453125 0.21772875833333333 0.4791666671875 0.21895424791666668 0.46568627500000004 0.23488562083333334 0.46476715625000004 0.23937908541666666 0.4623161765625 0.24387255 0.4623161765625 0.25285947708333334 0.46384803906250005 0.259395425
0 0.6314338234375 0.115604575 0.6338848046875001 0.12581699375 0.6369485296875 0.12785947708333334 0.6513480390625 0.125 0.659313725 0.11846405208333333 0.6672794125 0.115604575 0.6700367640625 0.11029411666666666 0.671875 0.10906862708333334 0.677696078125 0.09313725416666667 0.6724877453125 0.0641339875 0.6639093140625 0.052696079166666666 0.6580882359375 0.04942810416666667 0.65226715625 0.05024509791666667 0.65073529375 0.05228758125 0.6479779406249999 0.04820261458333333 0.6421568625 0.046568627083333335 0.6323529406249999 0.05024509791666667 0.6231617640625 0.05923202708333333 0.6197916671875 0.06535947708333333 0.6161151953124999 0.07761437916666666 0.615196078125 0.08537581666666667 0.6167279406249999 0.09354575208333334 0.625306371875 0.10253267916666667 0.6314338234375 0.115604575
0 0.31617647031249996 0.22058823541666667 0.319852940625 0.22181372500000002 0.33118872499999996 0.23161764791666667 0.336397059375 0.23284313750000002 0.34773284375 0.23161764791666667 0.355085784375 0.2214052291666667 0.359068628125 0.22099673125 0.36611519531250003 0.23161764791666667 0.3740808828125 0.23325163333333335 0.3802083328125 0.23120915 0.3854166671875 0.22385620833333333 0.38725490156250003 0.20506536041666665 0.38694852968750004 0.196895425 0.3854166671875 0.19158496666666666 0.3860294125 0.16870915 0.3844975484375 0.16176470625 0.3826593140625 0.15972222291666668 0.376225490625 0.15972222291666668 0.37254902031250003 0.16503267916666667 0.3697916671875 0.16625817083333333 0.36488970625 0.16421568541666665 0.34773284375 0.16135620833333333 0.33486519531250003 0.1609477125 0.323835784375 0.16217320208333333 0.32107843125 0.16789215625 0.3125 0.17851307291666665 0.311274509375 0.18137255 0.3103553921875 0.19730392083333334 0.311274509375 0.21037581666666666 0.312806371875 0.21568627499999998 0.31617647031249996 0.22058823541666667
0 0.272977940625 0 0.271446078125 0.0032679729166666667 0.27113970625 0.008169935416666666 0.272977940625 0.013071895833333335 0.273897059375 0.024509804166666666 0.27573529375 0.03308823541666667 0.27726715625 0.0359477125 0.2892156859375 0.046977124999999995 0.2953431375 0.04330065416666666 0.296568628125 0.039624183333333333 0.30085784375 0.03390522916666667 0.302696078125 0.028594770833333335 0.30698529375 0.028186275 0.304227940625 0.036764706249999994 0.3017769609375 0.039624183333333333 0.30085784375 0.043709149999999995 0.29932597968749997 0.04575163333333333 0.29319852968750004 0.06372548958333334 0.294117646875 0.07148692708333333 0.30024509843749997 0.08864379166666667 0.3017769609375 0.09640522916666666 0.304227940625 0.09967320208333333 0.3045343140625 0.10171568541666667 0.30851715625 0.10661764791666667 0.31801470625 0.11274509791666666 0.3229166671875 0.11887255000000001 0.3262867640625 0.12540849583333333 0.333946078125 0.13398692708333335 0.33363970625 0.140522875 0.33057597968749997 0.1454248375 0.3296568625 0.15236928125 0.3287377453125 0.15318627499999998 0.3302696078125 0.15604575208333332 0.3330269609375 0.15808823541666667 0.35049019531250003 0.1589052291666667 0.355085784375 0.16135620833333333 0.3642769609375 0.16135620833333333 0.3704044125 0.15604575208333332 0.3912377453125 0.15686274583333332 0.39399509843749997 0.15563725416666668 0.40134803906250005 0.13888888958333334 0.4047181375 0.12622548958333332 0.4056372546875 0.11274509791666666 0.4047181375 0.09109477083333334 0.4071691171875 0.07924836666666667 0.4071691171875 0.07475490208333334 0.4047181375 0.06168300625 0.39736519531250003 0.046977124999999995 0.39736519531250003 0.04289215625 0.3963439546875 0.042211329166666665 0.39460784375 0.04452614375 0.393382353125 0.04411764791666666 0.390318628125 0.03267973958333333 0.3795955875 0.03390522916666667 0.3768382359375 0.036356208333333334 0.3743872546875 0.03553921666666667 0.3685661765625 0.022875816666666667 0.36611519531250003 0.006535947916666667 0.36488970625 0.004084966666666667 0.359681371875 0.0028594770833333333 0.3578431375 0.0016339875 0.3575367640625 0 0.272977940625 0
0 0.4240196078125 0.3035130729166667 0.42432597968749997 0.3071895416666666 0.42585784374999996 0.30882352916666667 0.42677696093749995 0.31372548958333335 0.43198529375000005 0.3214869270833333 0.4384191171875 0.32761437916666664 0.443321078125 0.328022875 0.45649509843749997 0.3223039208333333 0.4623161765625 0.31658496666666663 0.4705882359375 0.3125 0.47487745156249994 0.30514705833333333 0.4739583328125 0.28472222291666666 0.471507353125 0.27777777708333334 0.4696691171875 0.27532679791666664 0.46629902031250003 0.27369281041666665 0.45649509843749997 0.27369281041666665 0.453125 0.27287581666666666 0.44975490156250003 0.2700163395833333 0.44454656875 0.26960784375 0.4427083328125 0.2704248375 0.438725490625 0.27573529375 0.4359681375 0.2724673208333333 0.4359681375 0.2691993458333333 0.43259803906250005 0.26184640625 0.4298406859375 0.259395425 0.42738970624999995 0.2589869270833333 0.419117646875 0.26021241875 0.41574754843750006 0.26715686250000004 0.41482843125 0.28308823541666667 0.4166666671875 0.29411764791666667 0.4200367640625 0.3002450979166667 0.4240196078125 0.3035130729166667
0 0.501225490625 0.08537581666666667 0.505821078125 0.08537581666666667 0.50704656875 0.08333333333333333 0.512867646875 0.08006536041666666 0.521446078125 0.07883986875 0.531556371875 0.06903594791666667 0.5349264703125 0.05923202708333333 0.5349264703125 0.0514705875 0.53982843125 0.039624183333333333 0.53982843125 0.024509804166666666 0.5361519609375 0.01797385625 0.530024509375 0.016748366666666667 0.5263480390625 0.012663397916666668 0.5217524515624999 0.009803920833333334 0.512867646875 0.009395425 0.5079656859375 0.013071895833333335 0.502757353125 0.022467320833333335 0.5006127453125 0.024509804166666666 0.4920343140625 0.04289215625 0.4911151953125 0.05106209166666666 0.49601715625000004 0.0641339875 0.4993872546875 0.08251633958333333 0.501225490625 0.08537581666666667
0 0.9494485296875 0.0110294125 0.950367646875 0.008986927083333334 0.9494485296875 0.006535947916666667 0.9494485296875 0.0110294125
0 0.8272058828125 0 0.826899509375 0.0016339875 0.8223039218749999 0.004084966666666667 0.8210784312499999 0.006535947916666667 0.815257353125 0.009395425 0.813725490625 0.012663397916666668 0.813725490625 0.03390522916666667 0.8177083328125001 0.046977124999999995 0.8198529406249999 0.05024509791666667 0.8235294124999999 0.052696079166666666 0.831188725 0.05351307291666666 0.8412990203125 0.05841503333333333 0.8504901953124999 0.05923202708333333 0.859375 0.06331699375000001 0.8743872546875 0.05841503333333333 0.8811274515624999 0.049836602083333334 0.8844975484375001 0.041666666666666664 0.8844975484375001 0.039624183333333333 0.8912377453125 0.02573529375 0.8921568625 0.01633986875 0.89460784375 0.009395425 0.89460784375 0.0036764708333333336 0.8924632359375 0.0020424833333333335 0.8921568625 0 0.8272058828125 0
0 0.4607843140625 0.3582516333333333 0.4666053921875 0.37704248333333334 0.4705882359375 0.37622548958333335 0.484068628125 0.37949346458333333 0.48927696093749995 0.37908496666666663 0.49142156875 0.3766339875 0.49448529375000005 0.37540849583333336 0.49693627500000004 0.3684640520833333 0.5018382359375 0.36887254999999997 0.50857843125 0.3672385625 0.5137867640625 0.36233660208333335 0.5147058828125 0.359477125 0.514399509375 0.3545751625 0.511335784375 0.34926470625 0.5094975484375001 0.34027777708333334 0.50704656875 0.3333333333333333 0.5052083328125 0.33088235208333333 0.5006127453125 0.3272058833333333 0.4935661765625 0.3272058833333333 0.4889705875 0.32965686250000004 0.4852941171875 0.3284313729166667 0.4852941171875 0.32271241875 0.4911151953125 0.31576797291666664 0.4932598046875 0.31045751666666666 0.48774509843749997 0.30841503333333337 0.4825367640625 0.3035130729166667 0.4767156859375 0.3026960791666667 0.47487745156249994 0.3071895416666666 0.4708946078125 0.3125 0.46384803906250005 0.31699346458333333 0.458946078125 0.3235294125 0.458946078125 0.3300653604166667 0.4607843140625 0.33986928125000004 0.4607843140625 0.3582516333333333
0 0.6127450984375 0.42401960833333335 0.6158088234375 0.4252450979166667 0.63357843125 0.4252450979166667 0.6381740203125 0.42238562083333336 0.64460784375 0.4215686270833333 0.6479779406249999 0.41789215625 0.65073529375 0.40236928125000004 0.6537990203125 0.39297385625000003 0.653186275 0.3848039208333333 0.6516544125 0.3815359479166667 0.646446078125 0.37949346458333333 0.643382353125 0.38112745000000003 0.6369485296875 0.3815359479166667 0.6341911765625 0.38357843125 0.6158088234375 0.38194444375000003 0.613664215625 0.38357843125 0.6127450984375 0.3888888895833333 0.6127450984375 0.40032679791666664 0.6102941171875 0.41217320208333336 0.6102941171875 0.41870915 0.6127450984375 0.42401960833333335
0 0.6075367640625 0.3696895416666666 0.609068628125 0.37091503333333337 0.63357843125 0.37009803958333337 0.6381740203125 0.36805555624999997 0.6513480390625 0.365604575 0.6528799015625 0.3627450979166667 0.6473651953124999 0.3517156854166667 0.6421568625 0.3451797395833333 0.640318628125 0.33210784375 0.636335784375 0.3214869270833333 0.6344975484375001 0.3059640520833333 0.6311274515624999 0.3010620916666667 0.6234681375 0.3010620916666667 0.61948529375 0.30392156875 0.6142769609375 0.3108660125 0.61335784375 0.3190359479166667 0.613664215625 0.33455882291666666 0.609068628125 0.33619281041666665 0.606617646875 0.34027777708333334 0.606617646875 0.34558823541666667 0.605085784375 0.3500817 0.605085784375 0.36070261458333336 0.6075367640625 0.3696895416666666
0 0.040747548437499996 0.5751633979166667 0.0431985296875 0.5714869270833333 0.044117646875 0.5531045750000001 0.0502450984375 0.5494281041666667 0.05238970625 0.54289215625 0.05238970625 0.5363562083333334 0.057598039062499995 0.52900326875 0.057598039062499995 0.5245098041666666 0.05392156875 0.51797385625 0.051164215624999995 0.5167483666666667 0.049938725 0.5147058833333333 0.04289215625 0.51184640625 0.0358455875 0.51184640625 0.0333946078125 0.5155228749999999 0.031556371875 0.5228758166666666 0.0287990203125 0.528186275 0.020526960937499998 0.5343137250000001 0.0165441171875 0.546977125 0.0162377453125 0.56495098125 0.0189950984375 0.5710784312499999 0.028186275 0.57434640625 0.040747548437499996 0.5751633979166667
0 0.296875 0.34068627500000004 0.3045343140625 0.34640522916666666 0.3060661765625 0.3488562083333333 0.3201593140625 0.3525326791666667 0.32107843125 0.3541666666666667 0.33149509843749997 0.35539215625 0.33210784375 0.3533496729166667 0.335477940625 0.3517156854166667 0.3357843140625 0.34722222291666666 0.33976715625 0.33823529375 0.33823529375 0.3349673208333333 0.33823529375 0.33088235208333333 0.3357843140625 0.328022875 0.335477940625 0.3255718958333333 0.332414215625 0.32066993541666666 0.33210784375 0.31617647083333333 0.327818628125 0.31045751666666666 0.32138480468749997 0.30637254999999997 0.319852940625 0.303104575 0.32107843125 0.3026960791666667 0.32107843125 0.2994281041666667 0.3189338234375 0.3002450979166667 0.318321078125 0.30228758125 0.313725490625 0.3002450979166667 0.3103553921875 0.2875817 0.30392156875 0.2810457520833333 0.29993872499999996 0.2810457520833333 0.29350490156250003 0.28472222291666666 0.2876838234375 0.2924836604166667 0.28492647031249996 0.31045751666666666 0.2833946078125 0.31372548958333335 0.284007353125 0.33210784375 0.2858455875 0.33823529375 0.2876838234375 0.34027777708333334 0.296875 0.34068627500000004
0 0.62101715625 0.23937908541666666 0.6228553921875 0.24305555625 0.625 0.24305555625 0.6268382359375 0.24468954166666668 0.6332720593750001 0.24387255 0.6360294125 0.24632352916666667 0.636335784375 0.2557189541666667 0.6397058828125 0.26715686250000004 0.6439950984375 0.27450980416666665 0.65073529375 0.2810457520833333 0.6553308828125 0.2818627458333333 0.659007353125 0.2806372541666667 0.6623774515624999 0.27655228750000005 0.6681985296875 0.27287581666666666 0.6780024515624999 0.27369281041666665 0.6829044125 0.2724673208333333 0.6936274515624999 0.25 0.69607843125 0.2422385625 0.6969975484375001 0.23774509791666668 0.6969975484375001 0.21936274583333332 0.69607843125 0.21119281041666668 0.6911764703125 0.19403594791666665 0.681678921875 0.18055555625 0.67738970625 0.17565359375 0.671568628125 0.17156862708333334 0.6642156859375 0.17156862708333334 0.6614583328125 0.1764705875 0.6614583328125 0.18259803958333334 0.6599264703125 0.18504901875 0.6599264703125 0.1875 0.6571691171875 0.19158496666666666 0.6541053921875 0.19321895416666665 0.6513480390625 0.18831699375 0.6479779406249999 0.17238562083333334 0.643688725 0.1670751625 0.6354166671875 0.16625817083333333 0.6243872546875 0.17075163333333335 0.6200980390625 0.17524509791666668 0.615196078125 0.18300653541666667 0.615196078125 0.18831699375 0.6185661765625 0.19362745 0.6185661765625 0.22712418333333334 0.62101715625 0.23937908541666666
0 0 0.32883986875000004 0.0052083328125 0.32883986875000004 0.011335784375000001 0.32271241875 0.014399509375 0.3214869270833333 0.019914215625000002 0.3141339875 0.032475490625 0.3035130729166667 0.0364583328125 0.30392156875 0.0416666671875 0.31045751666666666 0.052696078125000004 0.31535947708333334 0.0674019609375 0.31617647083333333 0.0735294125 0.31372548958333335 0.076899509375 0.30637254999999997 0.0802696078125 0.27900326875000003 0.077818628125 0.26960784375 0.0772058828125 0.26184640625 0.075367646875 0.25694444375 0.0719975484375 0.25285947708333334 0.07107843124999999 0.24877451041666668 0.065257353125 0.24346405208333335 0.0579044125 0.2422385625 0.053615195312499996 0.24019607916666666 0.0462622546875 0.23978758125 0.035539215624999995 0.23488562083333334 0.019914215625000002 0.22385620833333333 0.018688725 0.22181372500000002 0.008884804687500001 0.21691176458333333 0.0079656859375 0.21282679791666667 0.00857843125 0.19934640625 0.011335784375000001 0.19199346458333333 0.010416667187500001 0.18872548958333332 0.00551470625 0.18872548958333332 0.0049019609375 0.19199346458333333 0 0.19158496666666666 0 0.2810457520833333 0.0018382359375 0.2814542479166667 0.0018382359375 0.28553921666666665 0 0.28594771249999995 0 0.32883986875000004
0 0.76960784375 0.10743463958333334 0.7760416671875 0.1172385625 0.7787990203125 0.11968954166666666 0.7797181375 0.12173202708333333 0.7787990203125 0.12581699375 0.7791053921875 0.13194444375 0.784007353125 0.14624182916666667 0.784007353125 0.14950980416666668 0.78829656875 0.16217320208333333 0.7892156859375 0.16789215625 0.792585784375 0.17401960833333333 0.8002450984375 0.17565359375 0.80851715625 0.17483660208333335 0.81648284375 0.17238562083333334 0.8219975484375001 0.1670751625 0.8244485296875 0.16625817083333333 0.830882353125 0.15931372500000002 0.8422181375 0.15318627499999998 0.8458946078125 0.14869281041666668 0.8520220593750001 0.14705882291666666 0.8627450984375 0.14705882291666666 0.86948529375 0.14419934583333335 0.8700980390625 0.14256536041666665 0.8725490203125 0.14133986875 0.8768382359375 0.12990196041666666 0.877757353125 0.12214052291666667 0.8844975484375001 0.10375817083333333 0.8844975484375001 0.08823529375 0.8869485296875 0.08088235208333333 0.8881740203125 0.0702614375 0.8835784312499999 0.061274510416666664 0.8795955875000001 0.05923202708333333 0.875 0.05923202708333333 0.859068628125 0.06454248333333333 0.8532475484375001 0.060866012500000004 0.8455882359375 0.06004901875 0.8385416671874999 0.058006535416666664 0.8354779406249999 0.05555555625 0.826899509375 0.0547385625 0.8210784312499999 0.051879085416666665 0.81648284375 0.046568627083333335 0.812806371875 0.03880718958333333 0.812806371875 0.022875816666666667 0.8109681375 0.015522875 0.808210784375 0.009803920833333334 0.8036151953124999 0.008169935416666666 0.7916666671875 0.012254902083333333 0.7830882359375 0.018382352083333334 0.781556371875 0.022875816666666667 0.78125 0.029411764583333333 0.7787990203125 0.032271241666666665 0.77726715625 0.0375817 0.7732843140625 0.04411764791666666 0.7689950984375 0.04738562083333333 0.761335784375 0.05923202708333333 0.75704656875 0.07434640625000001 0.75704656875 0.07965686250000001 0.75551470625 0.08700980416666666 0.7564338234375 0.09354575208333334 0.76960784375 0.10743463958333334
0 0.4080882359375 0.12581699375 0.407475490625 0.14215686249999998 0.4151348046875 0.14746732083333333 0.4234068625 0.14869281041666668 0.4270833328125 0.15073529375 0.4353553921875 0.16176470625 0.4454656859375 0.1670751625 0.452818628125 0.17524509791666668 0.45618872499999996 0.17728758125 0.46384803906250005 0.17769607916666666 0.467524509375 0.17524509791666668 0.4705882359375 0.16952614375000002 0.47487745156249994 0.16462418333333334 0.47579656875 0.15931372500000002 0.481617646875 0.14869281041666668 0.48805147031249996 0.140522875 0.49662990156250003 0.1360294125 0.4990808828125 0.13398692708333335 0.5 0.13153594791666667 0.4984681375 0.11519607916666666 0.4920343140625 0.09722222291666666 0.4908088234375 0.08823529375 0.48682597968749997 0.078022875 0.4849877453125 0.06699346458333334 0.4797794125 0.06168300625 0.46384803906250005 0.052696079166666666 0.4540441171875 0.053104575 0.4463848046875 0.060866012500000004 0.440257353125 0.05759803958333333 0.4393382359375 0.055964052083333334 0.43321078437500005 0.06045751666666667 0.42922794062499997 0.061274510416666664 0.423100490625 0.05841503333333333 0.4166666671875 0.058823529166666666 0.40992647031249996 0.06699346458333334 0.409007353125 0.0702614375 0.409007353125 0.0829248375 0.407475490625 0.08782679791666667 0.407475490625 0.09558823541666667 0.409007353125 0.09926470625 0.406556371875 0.11968954166666666 0.4080882359375 0.12581699375
0 0.5459558828125 0.3357843145833333 0.5459558828125 0.3451797395833333 0.563725490625 0.3627450979166667 0.5704656859375 0.3672385625 0.5744485296875 0.36764705833333333 0.5787377453125 0.35620915 0.577818628125 0.34967320208333336 0.5787377453125 0.3447712416666667 0.5830269609375 0.33537581666666666 0.5830269609375 0.32434640625 0.5796568625 0.3125 0.578125 0.30065359375 0.5719975484375001 0.2892156854166667 0.5719975484375001 0.26838235208333333 0.5674019609375 0.2532679729166667 0.563725490625 0.2516339875 0.5603553921875 0.25449346458333333 0.5575980390625 0.2598039208333333 0.552696078125 0.27655228750000005 0.5502450984375 0.2920751625 0.551164215625 0.3035130729166667 0.5484068625 0.31658496666666663 0.5484068625 0.32679738541666664 0.5459558828125 0.3357843145833333
0 0.36825980468749997 0 0.367647059375 0.006535947916666667 0.3685661765625 0.01633986875 0.37193627500000004 0.022875816666666667 0.375 0.022875816666666667 0.37898284375 0.020833333333333332 0.391850490625 0.021241829166666667 0.3970588234375 0.022875816666666667 0.40073529375000005 0.02573529375 0.4114583328125 0.04044117708333333 0.41329656875 0.04452614375 0.41329656875 0.046977124999999995 0.416053921875 0.05106209166666666 0.420649509375 0.0547385625 0.4286151953125 0.058006535416666664 0.4322916671875 0.05841503333333333 0.4368872546875 0.05514705833333333 0.4393382359375 0.052696079166666666 0.4427083328125 0.04452614375 0.4479166671875 0.04084967291666666 0.4525122546875 0.03472222291666667 0.462928921875 0.03390522916666667 0.46476715625000004 0.028186275 0.46476715625000004 0.00694444375 0.462928921875 0 0.36825980468749997 0
0 0.4151348046875 0.4260620916666667 0.419117646875 0.4276960791666667 0.424632353125 0.4309640520833333 0.43137254843750006 0.43790849583333336 0.436274509375 0.44117647083333333 0.44178921562499995 0.44117647083333333 0.44454656875 0.43790849583333336 0.44607843125 0.43137254999999997 0.44454656875 0.41952614374999997 0.438725490625 0.40400326875000003 0.43198529375000005 0.39624182916666667 0.4080882359375 0.3950163395833333 0.4056372546875 0.39624182916666667 0.40073529375000005 0.40400326875000003 0.3998161765625 0.4076797395833333 0.3998161765625 0.41911764791666667 0.40379902031250003 0.4252450979166667 0.4151348046875 0.4260620916666667
0 0.53982843125 0.16911764791666667 0.5474877453125 0.17075163333333335 0.5618872546875 0.18055555625 0.562806371875 0.18259803958333334 0.5661764703125 0.18382352916666667 0.5677083328125 0.1858660125 0.5713848046875001 0.1858660125 0.5744485296875 0.18341503333333334 0.5796568625 0.17565359375 0.581188725 0.17524509791666668 0.5888480390625 0.16584967291666666 0.5900735296875 0.16217320208333333 0.594975490625 0.15808823541666667 0.5958946078125 0.15604575208333332 0.5989583328125 0.15441176458333333 0.60079656875 0.14256536041666665 0.60079656875 0.134395425 0.5989583328125 0.12254901875 0.5974264703125 0.12091503333333334 0.596507353125 0.11601307291666667 0.59375 0.10988562083333334 0.589460784375 0.10416666666666667 0.5848651953124999 0.10008170000000001 0.5787377453125 0.09722222291666666 0.5704656859375 0.09640522916666666 0.5615808828125 0.09313725416666667 0.5575980390625 0.09354575208333334 0.552696078125 0.09722222291666666 0.546875 0.10702614375 0.5392156859375 0.10498366041666667 0.53829656875 0.10661764791666667 0.5358455875 0.10743463958333334 0.531556371875 0.11519607916666666 0.5306372546875 0.12785947708333334 0.528186275 0.13684640625 0.52726715625 0.15645424791666668 0.5291053921875 0.16135620833333333 0.5349264703125 0.16462418333333334 0.53982843125 0.16911764791666667
0 0.17585784375 0.5200163395833334 0.177696078125 0.5191993458333334 0.1825980390625 0.5122549020833334 0.1927083328125 0.50857843125 0.2006740203125 0.50245098125 0.2037377453125 0.49795751666666666 0.20465686249999998 0.49142156875 0.2098651953125 0.47589869375 0.210477940625 0.46609477083333334 0.20863970625 0.45955882291666666 0.206188725 0.45547385625000003 0.202818628125 0.45383986875000004 0.193321078125 0.45710784375 0.18596813750000002 0.4575163395833333 0.1767769609375 0.46650326875000003 0.17585784375 0.48488562083333336 0.1740196078125 0.4946895416666666 0.16942402031249998 0.50857843125 0.169117646875 0.5151143791666667 0.17003676406249998 0.5183823520833334 0.171568628125 0.5200163395833334 0.17585784375 0.5200163395833334
0 0.8820465687500001 0.22630718958333332 0.8860294124999999 0.22834967291666666 0.890318628125 0.22875817083333333 0.8955269609375 0.22385620833333333 0.90625 0.20506536041666665 0.909007353125 0.19730392083333334 0.9099264703125 0.1875 0.90625 0.178104575 0.9013480390625 0.17238562083333334 0.8982843140625001 0.17320261458333333 0.8943014703125 0.17769607916666666 0.887561275 0.18014705833333336 0.8728553921875 0.17401960833333333 0.86948529375 0.17565359375 0.86488970625 0.18137255 0.8609068625 0.18831699375 0.859375 0.19403594791666665 0.859068628125 0.20343137291666666 0.8618259796875 0.20996732083333333 0.873774509375 0.21854575208333332 0.8820465687500001 0.22630718958333332