0 0 0.26248928958333334 0.027344201562499997 0.27721671875 0.033929959375 0.27535219166666663 0.0445684046875 0.2681330791666667 0.055975760937499994 0.2538025291666667 0.058429215624999996 0.2441359125 0.0629823765625 0.23762584583333332 0.06531981718749999 0.22555898958333334 0.070739703125 0.21971594791666668 0.07415770000000001 0.21849481458333334 0.0771605359375 0.2115619520833333 0.0798704796875 0.20864043125 0.07894859374999999 0.19676134166666664 0.0752860609375 0.17853632916666667 0.072704084375 0.17115703541666666 0.0731801046875 0.16805694166666668 0.071715090625 0.1607669375 0.06885842343750001 0.15202076875 0.06513503281250001 0.14260757708333335 0.06222556875 0.13876365 0 0.16099470416666667 0 0.26248928958333334
0 0.44589507812500007 0.37478183125 0.4376918859375 0.37771255 0.4332547421875 0.38662285625 0.4309599609375 0.3952561083333333 0.4389134671875 0.4202498479166667 0.4427955328125 0.4286296770833333 0.45000402968750003 0.4353327479166667 0.4580058921875 0.4368689979166666 0.4714458453125 0.42718398750000003 0.47893473125 0.4152300479166666 0.48263936875 0.4026747375 0.47977645312500006 0.38660573541666665 0.4779269828125 0.3828714479166667 0.47279373593749996 0.3773803125 0.4708527046875 0.3731903979166667 0.4626188078125 0.36685366875000003 0.4508144921875 0.37009426875 0.44589507812500007 0.37478183125
0 0.3131666703125 0.10624655416666666 0.314240978125 0.10976944375 0.31292268437500004 0.11414712916666667 0.3133805015625 0.11642525416666666 0.30987719375 0.12451359375 0.3088825 0.13414738333333334 0.306880609375 0.13876929375 0.3009295453125 0.1365003625 0.2992387484375 0.13173271041666668 0.28708013125 0.12044975625 0.28227048125 0.12021472708333333 0.2753918328125 0.12609059583333332 0.2665232453125 0.12388732083333333 0.26425291562500003 0.1344651875 0.2650161265625 0.14737764166666667 0.2629960328125 0.15737776666666664 0.2578326359375 0.16996590625 0.24927569374999997 0.18571978958333332 0.2481467796875 0.19833155624999999 0.2495202296875 0.2051659375 0.2528040078125 0.20692278333333333 0.2697108640625 0.19990587083333333 0.2811978328125 0.19873200000000002 0.2921905796875 0.2060364375 0.2951570109375 0.2098600125 0.29989955 0.21158402916666666 0.3158907734375 0.2000108625 0.324179278125 0.1902129375 0.3317534765625 0.1713917875 0.3328641875 0.16415824166666668 0.3322596484375 0.15021242499999998 0.3397667375 0.13288026458333332 0.337386090625 0.12103400624999999 0.33503615 0.11845519375 0.33106252187499996 0.10961973958333333 0.3191296859375 0.09581443125 0.3174940484375 0.10225884375000001 0.3131666703125 0.10624655416666666
0 0.1074411640625 0.5445335520833333 0.10495700156250001 0.5449327187499999 0.094513634375 0.5403620333333333 0.0907538375 0.5417052791666667 0.0858344234375 0.5463928416666667 0.08374096875 0.5505591270833333 0.0851388734375 0.5593381229166667 0.08828843125 0.5640729458333333 0.098414453125 0.5707103625 0.1057389671875 0.5798136729166666 0.120082603125 0.58738596875 0.14496686875 0.5799606895833332 0.1471518859375 0.57625003125 0.14522905625 0.5666818979166667 0.1435627125 0.5638588625000001 0.1353288171875 0.5575221312499999 0.1317032390625 0.5558873958333332 0.12096697812499999 0.5553280541666666 0.1074411640625 0.5445335520833333
0 0.5578746359375 0.20829589375 0.5562998578125 0.20592848125 0.5568856421875 0.19790579583333334 0.5535893609375 0.18150328125 0.547296496875 0.17935646458333335 0.531549259375 0.18302906041666667 0.5286135328125 0.18847293541666668 0.520666828125 0.19814874791666667 0.5121343406250001 0.21584724583333334 0.5094977578125001 0.22460261041666665 0.506446015625 0.22764624583333332 0.5015817578124999 0.243545875 0.5008128468749999 0.25065730833333333 0.501685825 0.25864716666666665 0.5075942343750001 0.2643497 0.51230036875 0.27683015833333335 0.52209084375 0.29091251875 0.5282437890625 0.3160612 0.551827965625 0.3076353854166667 0.5614165578125 0.2988379958333333 0.568411225 0.29536236666666665 0.5731230578125001 0.2878189375 0.5757596406250001 0.27906357291666667 0.5800932703125 0.28239869375000004 0.5822845390625 0.28601086875 0.585818553125 0.2871899770833333 0.5899201484375001 0.28572461875 0.5972077062500001 0.2782376458333333 0.6006194515625001 0.2696936791666667 0.6015225828124999 0.2596042666666667 0.6006069484375 0.2550480125 0.60165055 0.24930345416666666 0.5975301984375 0.22880031041666668 0.5991658359375001 0.22235590000000002 0.5991840390625 0.2169776791666667 0.5961869015625 0.20388665625 0.5888379328125 0.19283873333333332 0.57944441875 0.18984632083333333 0.56868995625 0.19466519583333333 0.5617931046875 0.20591928333333334 0.5578746359375 0.20829589375
0 0.47739984843750005 0.27269542708333333 0.47530639375000006 0.2768617104166667 0.4736155984375 0.2720940583333334 0.4695566578125 0.2701258125 0.464405209375 0.2700128958333333 0.4527595671875 0.27222013333333334 0.449958059375 0.2746860291666666 0.44225534062499994 0.27646126875000004 0.4420295578125 0.2789836229166667 0.44505114843750004 0.29401926041666665 0.45025775625 0.30534423958333334 0.45126495312500003 0.31035611874999997 0.46642070625 0.33473009791666664 0.47273802500000006 0.33882152708333335 0.4759057859375 0.3381781333333333 0.47850596406249996 0.34017920833333337 0.489400896875 0.33970518541666667 0.4925931109375 0.34100640833333334 0.5005887234374999 0.3352198229166667 0.503707575 0.33068720208333335 0.5082055765625 0.3129650708333333 0.5146082078124999 0.31018929375 0.5162927515625 0.3076341125 0.516036265625 0.30088901875 0.5115496609375 0.27856337291666666 0.5087845578125 0.27027283125 0.5065932890625 0.2666606541666667 0.49785891875 0.26147940208333337 0.48735469374999996 0.26572053749999996 0.484577640625 0.27013105 0.47739984843750005 0.27269542708333333
0 0.1016590640625 0.44649004166666667 0.09837528749999999 0.44473319791666666 0.07953365 0.4548830291666667 0.070769128125 0.4677810479166667 0.07075092656250001 0.47315926666666663 0.07848435000000001 0.480651475 0.08350782968750001 0.49106520625 0.091058128125 0.4976461604166667 0.098315534375 0.5082384625 0.1040408171875 0.51302974375 0.108258428125 0.5139646270833333 0.112018225 0.51262138125 0.12108189062500001 0.5030348520833333 0.1224917453125 0.49911279583333334 0.120477353125 0.48908903750000005 0.1144284734375 0.4790416458333333 0.11287189687500002 0.4712960166666667 0.1059073828125 0.45669237291666664 0.10355744062500001 0.4541135625 0.1016590640625 0.44649004166666667
0 0.12067868125 0.48462206875 0.1251834875 0.5015694916666666 0.122614015625 0.50883586875 0.1214179921875 0.522936625 0.12288300468749999 0.53022663125 0.1273997625 0.5344730041666667 0.1378431296875 0.5390436916666667 0.1461867921875 0.5404578270833333 0.1569537578125 0.5502846208333333 0.16351506093749998 0.5464754791666666 0.165742734375 0.5393312166666667 0.1589852484375 0.5002367208333334 0.1550298234375 0.48602304583333333 0.150897521875 0.47822095625000005 0.1432556609375 0.471184375 0.129400546875 0.47515765416666667 0.12208853593749999 0.48070001041666666 0.12067868125 0.48462206875
0 0.6247211984375001 0.20004072708333334 0.6255208140625 0.20219674166666665 0.631630553125 0.20343230625 0.6326986078125 0.1996323625 0.6306415578125 0.19304220833333333 0.62915834375 0.19113042083333334 0.62744934375 0.1917409875 0.6224383671875 0.19597292708333333 0.6209369484375 0.19943935833333332 0.6247211984375001 0.20004072708333334
0 0.6133684500000001 0.19823662083333332 0.6154192468749999 0.19750394166666665 0.6123612515625 0.19322473958333333 0.6086014546875 0.19456798541666667 0.6088761453125 0.1959348625 0.61195234375 0.19483584375 0.61393603125 0.19559215416666667 0.6133684500000001 0.19823662083333332
0 0.59035645 0.12930064166666666 0.5766782125 0.12686233541666667 0.572234815625 0.12844980833333333 0.5652646031249999 0.13387005208333333 0.56485569375 0.13548115416666665 0.5655028890625 0.14599336666666665 0.564434834375 0.1497933125 0.569458315625 0.16020703958333332 0.570831765625 0.16704142083333334 0.5733648328125 0.17053148124999998 0.5728461593749999 0.17706517916666667 0.574860553125 0.1870889375 0.58812988125 0.19113834375 0.5939467265625 0.19638525208333332 0.5958877593749999 0.20057516666666667 0.6023819515625 0.19825501458333333 0.607118240625 0.1926562 0.6062026078125 0.18809994583333334 0.6083205140625 0.18587827708333335 0.60929700625 0.18162270625000002 0.60792355625 0.17478832708333333 0.6086742640625 0.17305511041666666 0.6131176609375 0.17146763750000002 0.614368840625 0.16857894583333335 0.6113353015625 0.16624436041666665 0.6064585421875 0.16749831874999999 0.6057015812500001 0.16190870208333333 0.6107370140625 0.15962137708333335 0.6133980484375 0.15281062916666668 0.6118903796875 0.14895422500000002 0.5992983984375 0.13733775833333334 0.5988405828125 0.13505963124999998 0.5965822046875 0.13293644583333333 0.591497865625 0.13133453958333333 0.59035645 0.12930064166666666
0 0.5311392453125 0.12994672083333333 0.5305108046875 0.14140301041666667 0.5281244578125001 0.1495806375 0.5288205609375 0.16398207916666668 0.5317505875 0.17856209166666667 0.535376165625 0.180196825 0.5471804796875 0.176956225 0.55372358125 0.17852530208333334 0.5572700968750001 0.19435007708333335 0.55590915 0.2021613645833333 0.5580088546875 0.20531791458333334 0.5645701578125 0.20150877291666666 0.5669809578125 0.1952757625 0.5691904296875 0.19350971875 0.5695748843749999 0.189954 0.5672186921875 0.18005235625 0.56301928125 0.17373925416666666 0.565546096875 0.16990648333333333 0.5582210296875 0.13345645208333332 0.5506707328125 0.12687549374999998 0.5426688703125 0.12533924583333333 0.5408438546875 0.12354957083333334 0.5325491 0.12602466458333333 0.5311392453125 0.12994672083333333
0 0.5314446390625001 0.14058104583333333 0.5316522203125 0.14343691041666667 0.5323602734375 0.1451373 0.5314446390625001 0.14058104583333333
0 0.48450776875 0.13488643333333333 0.47903897500000003 0.13684024583333335 0.47564543125 0.14000599583333334 0.473551978125 0.14417227708333333 0.47374135624999997 0.1524063625 0.47692162031249996 0.1664086375 0.47849639843749997 0.16877605 0.48044368281249994 0.18028879791666666 0.4760736484375 0.18771011458333334 0.47156314374999997 0.190786575 0.47108712343750003 0.19388666875 0.46751045468749997 0.19614116458333333 0.4673762359375 0.19911914375 0.46569169062500004 0.201674325 0.47248502812500004 0.20266566458333332 0.4707089203125 0.20476521875 0.46489832656249996 0.20684114375 0.46356183125 0.21659704583333333 0.465167315625 0.22823190833333334 0.4637574625 0.23215396458333334 0.4599550109375 0.23693081458333334 0.4570926453125 0.24820853333333334 0.460022671875 0.26278854583333333 0.4737134125 0.27987251875 0.4804151859375 0.28040823125000003 0.4847607671875 0.2710423 0.49077269062499995 0.26449940625 0.4971753203125 0.26172362916666664 0.49842650156249996 0.2588349354166667 0.4991220515625 0.24588965625 0.5046699078125 0.2297458 0.5032230953125 0.21707757708333333 0.5050600625 0.20616619791666665 0.5067446062500001 0.20361101458333333 0.5066041359375 0.19926616041666667 0.504712009375 0.19896547708333331 0.5020020671875 0.20188699791666667 0.4997436890625 0.1997638125 0.489648371875 0.20239384583333334 0.48351418125 0.1992136645833333 0.497228821875 0.19089552916666666 0.5122924609374999 0.18746716041666664 0.51260355625 0.1780776 0.5080987484375 0.161130175 0.505333646875 0.15283963125 0.5013173625 0.14743778333333332 0.49901007656249996 0.14142536874999997 0.4933763578125 0.13708970833333334 0.48450776875 0.13488643333333333
0 0.4173208875 0.5187949708333334 0.41317038437500003 0.5163711 0.41237076874999995 0.5142150854166666 0.402977253125 0.5112226729166667 0.398283621875 0.5133878854166667 0.3965990765625 0.5159430645833333 0.3990712875 0.52824495 0.3985952671875 0.53134504375 0.39328514531250003 0.5322654916666667 0.3891346421875 0.5298416208333333 0.386601575 0.5263515583333334 0.3811754375 0.5248717666666667 0.3757066421875 0.5268255791666667 0.3699449546875 0.5327907333333334 0.36548335781249996 0.5397564229166666 0.36534913750000003 0.5427344041666667 0.3624134109375 0.5481782791666666 0.361833878125 0.5635237979166666 0.3641229625 0.5749144312500001 0.3680476828125 0.57986065625 0.368871753125 0.5839612854166667 0.37503039843749997 0.5890860812500001 0.381079278125 0.5991334687500001 0.3933050046875 0.6089274354166666 0.401581559375 0.6118305604166667 0.40618362656249996 0.6092097249999999 0.408435753125 0.6040100770833334 0.41098702343750004 0.6021219208333334 0.43183680312500006 0.5946730124999999 0.43976530468749997 0.5903754166666667 0.4424752484375 0.5874538958333333 0.4440437765625 0.582498475 0.44374463124999997 0.5791869833333333 0.4423040734375 0.5738415916666667 0.43927053125000004 0.5715070083333333 0.438196225 0.5679841166666667 0.4382144265625 0.5626058979166667 0.43663964843749997 0.5602384854166667 0.43699965 0.5547381520833333 0.43567510781249996 0.5517930020833333 0.43282469375000004 0.5503696687499999 0.4274167578125 0.5435116562500001 0.42402891406250004 0.5266535166666667 0.4173208875 0.5187949708333334
0 0.0480424890625 0.62630854375 0.0497270328125 0.6237533625 0.0435558859375 0.6039829 0.041138834375 0.6028930770833333 0.038331075 0.5980361395833333 0.036713640625 0.59910233125 0.03368635 0.6040905791666666 0.032349856249999996 0.6138464833333334 0.0255627703125 0.620177975 0.021101173437500002 0.6271436687499999 0.0116468015625 0.6329630791666666 0.0090939671875 0.6330205291666666 0.01415938125 0.658226375 0.0159991859375 0.6582667020833333 0.026192315625 0.6634151270833333 0.0304770390625 0.66286101875 0.037123653125 0.6521846687499999 0.0368245109375 0.6488731791666668 0.03877749375 0.6403620395833334 0.0380631890625 0.6313388166666667 0.03947304375 0.6274167604166667 0.043257293749999995 0.6280181291666668 0.0480424890625 0.62630854375
0 0.45063031562500006 0 0.44393033437499996 0.0023936729166666665 0.4490004984375 0.0074190062499999996 0.44982456875 0.011519633333333333 0.45614813906249996 0.0229339 0.46839832187499997 0.03467247916666667 0.47644283906249996 0.032775125 0.48008661874999997 0.029031639583333334 0.48963255468750005 0.023667852083333333 0.4913597546875 0.017679066666666667 0.4928130734375 0 0.45063031562500006 0
0 0.4027733390625 0.08546494375 0.3962182875 0.09659692083333334 0.3952417953125 0.10085248958333333 0.39590719375 0.10598648333333333 0.4009977828125 0.11491122291666667 0.4064483765625 0.11833562916666666 0.40936589999999995 0.11826997291666667 0.41627525312499997 0.12166155208333333 0.42550384374999994 0.11836449375 0.42793909843750005 0.11407609583333334 0.4301423171875 0.10498722083333334 0.42865285000000003 0.0957526 0.42857323750000004 0.08259592083333334 0.426357515625 0.07703912916666668 0.42252435781250003 0.07254853125 0.4160057109375 0.07292406874999999 0.4121788046875 0.07575630416666666 0.40874260625 0.08235565625 0.4027733390625 0.08546494375
0 0.7470314203124999 0.19980556041666667 0.7422462249999999 0.20151514583333335 0.7426124781250001 0.20333764583333333 0.7479959609375 0.20825104374999998 0.7482888546875001 0.2042397 0.7470314203124999 0.19980556041666667
0 0.7343973359375 0.21896941875 0.73015526875 0.21608992083333334 0.7256874203125 0.21573277916666667 0.7238624046875 0.21394310416666668 0.7206946453125 0.21458649791666667 0.7177526671875001 0.21270753958333335 0.7122838734375 0.2146613520833333 0.7044651359375 0.21403635208333333 0.6965121812499999 0.21638933124999998 0.6923008203125 0.22277728541666666 0.693857396875 0.23052291458333332 0.69899064375 0.23601405208333331 0.700864565625 0.24169295416666667 0.720555278125 0.26493508541666666 0.7229296734374999 0.2694585125 0.7325063171874999 0.27336217291666665 0.7407766171875 0.2689424666666667 0.7432181234375 0.27197690416666664 0.7423331937500001 0.27668810000000005 0.7434990640625 0.2806666125 0.753411253125 0.2771253291666667 0.7543206359375 0.27435875000000004 0.75755550625 0.27222636666666666 0.760082321875 0.26839359375 0.7629691421875 0.25906049166666667 0.760863184375 0.24858110625000002 0.7508895843750001 0.23358749374999999 0.744639375 0.22800707291666666 0.7423076359375 0.22005004375 0.7409159828125 0.21859388124999998 0.7343973359375 0.21896941875
0 0.43596064375 0.48576538541666664 0.43599134843750004 0.4950328333333333 0.43277523437500004 0.5191337166666666 0.43927623125000004 0.5514831208333334 0.44440947656249996 0.5569742541666667 0.44693004218750004 0.54581865 0.446490428125 0.5381623041666667 0.448217628125 0.53217351875 0.46019256718749996 0.5151985020833333 0.46392165781249994 0.50458780625 0.46146765 0.4869077041666667 0.4595510703125 0.48466240208333333 0.45651753125 0.48232781875 0.45118295625 0.48130365208333337 0.44270507343750004 0.48286749375 0.4378709703125 0.48068784999999997 0.43596064375 0.48576538541666664
0 0.17679136875 0.29170334583333335 0.16626269062500001 0.29399986875 0.15705855156249998 0.29924154166666667 0.14065216875 0.3051029791666667 0.13787511562500002 0.3095134875 0.13801558593750002 0.31385834166666665 0.141220303125 0.32980523125 0.14514502499999998 0.33475145625 0.1486852890625 0.3432533958333333 0.15402611718749998 0.35160039583333336 0.15886021875 0.3537800416666667 0.1617288359375 0.34982515625 0.1661722296875 0.34823768541666666 0.1701760125 0.3389938645833333 0.1701942140625 0.33361564583333336 0.171536959375 0.33118257916666666 0.174161590625 0.3351282666666667 0.17257486093750002 0.34546190833333335 0.1765302875 0.35967558125000004 0.17869710156250002 0.3613431395833333 0.180638134375 0.36553305416666665 0.1868638890625 0.3691688604166667 0.19951672812500001 0.37197350416666664 0.20858664531249999 0.3697098104166667 0.21378075000000002 0.36638912083333336 0.22181276562500002 0.3498461 0.2229905859375 0.3411235625 0.22200159218749999 0.33073346249999996 0.21749678593750002 0.31378603958333334 0.2203654015625 0.3098311541666667 0.2305522828125 0.30765674583333336 0.23282886249999998 0.3044017125 0.23348800781249998 0.3022128708333333 0.23229768437499998 0.29628974166666666 0.2298561796875 0.2932553041666666 0.2170810734375 0.28072758750000004 0.2095796828125 0.27803585833333333 0.200302184375 0.2774436875 0.1893645953125 0.28135131041666667 0.17679136875 0.29170334583333335
0 0.636474396875 0.08352401458333333 0.6295894953125 0.08207705000000001 0.6167717328125 0.0729829375 0.6152458625 0.07450475416666666 0.61451960625 0.07818258333333333 0.615484146875 0.08662806875000001 0.614745940625 0.10300695208333334 0.6131347578125 0.11139597708333333 0.6138064062499999 0.12385280416666666 0.6202152890625 0.1283998625 0.625965025 0.13513575833333333 0.632013903125 0.14518314791666667 0.63650620625 0.14748490416666668 0.6394908390625 0.14593026041666668 0.643177275 0.13875317083333333 0.6444711125 0.13243087291666666 0.6468148031250001 0.12768685 0.64701613125 0.12321988125000001 0.6495184953125 0.11744249375 0.6622930499999999 0.10262349166666666 0.6663883937499999 0.09383530000000001 0.66802403125 0.08739088958333333 0.6663332359374999 0.08262323541666668 0.6604003734375 0.07497608750000001 0.6544248546875 0.07076254374999999 0.6506650578125 0.07210578958333333 0.6441526625 0.07980416041666666 0.636474396875 0.08352401458333333
0 0.7030506875 0.2926757375 0.6982228359375 0.2978189291666667 0.694719528125 0.30590726875 0.6917656 0.3167293625 0.6917047421875 0.32554118541666666 0.6906366859374999 0.3293411291666667 0.68405718125 0.33852849166666665 0.6915159156249999 0.3446538208333333 0.6966798671875 0.3594124041666667 0.7011966234375 0.3636587770833334 0.7083988703124999 0.3630390145833333 0.7317999203125 0.3537019479166667 0.735602371875 0.34892509791666665 0.7382816109375 0.3367361291666667 0.737890903125 0.33296901250000005 0.7397523234375 0.32400224791666665 0.737463240625 0.31261161249999997 0.7274287796875 0.3064298229166667 0.7261713484375 0.30199568125000004 0.720012703125 0.2968708875 0.708019009375 0.29187740208333335 0.7030506875 0.2926757375
0 0.2793364125 0.20769876250000002 0.277242959375 0.21186504583333335 0.2728791765625 0.22660919791666664 0.2732454296875 0.22843169791666668 0.2702181390625 0.23341994791666665 0.26851539375 0.24135334791666668 0.2717019078125 0.26267845416666663 0.27659116875 0.2760701625 0.28184043281250004 0.28396153749999997 0.2872665703125 0.28544133125000004 0.30264755625 0.2799462333333333 0.3097519875 0.2715480125 0.31401225625 0.26904928958333335 0.31754001875000004 0.2629055625 0.3219282546875 0.250106025 0.3228313859375 0.24001661249999998 0.3218241890625 0.23500473333333333 0.31333380312500003 0.22192290625 0.31047713906249996 0.21317673958333333 0.305893271875 0.21041935625 0.29675624375 0.21417203958333333 0.2946565390625 0.21101548958333333 0.283004646875 0.20589989166666667 0.2793364125 0.20769876250000002
0 0.175132934375 0.3782433041666666 0.1760178640625 0.3735321104166667 0.1747359765625 0.36715335416666667 0.168003496875 0.35735019375000004 0.1574503640625 0.3577020979166667 0.15425815 0.3564008770833333 0.14776395625 0.35872102916666665 0.14448643125 0.36428701666666663 0.1433757203125 0.37152056666666666 0.1394635015625 0.3812200083333333 0.141093440625 0.39479948541666665 0.1478930296875 0.4031136583333333 0.1503771890625 0.4027144916666667 0.15452769375 0.40513836249999996 0.15856843125 0.41248482708333334 0.162651825 0.41639768541666666 0.174505046875 0.41704631666666664 0.1784724234375 0.41855893541666667 0.18565021718750002 0.41599455625000004 0.18758499687500002 0.4128616375 0.1887201625 0.40757270416666663 0.18743827500000002 0.4011939479166667 0.1859306046875 0.39733754583333336 0.1823721390625 0.39421382499999996 0.17208744375 0.38860977291666665 0.1714465 0.3854203958333333 0.175132934375 0.3782433041666666
0 0.4950526046875 0 0.493672740625 0.003667597916666667 0.49336164531250004 0.013057158333333334 0.492110465625 0.015945852083333333 0.492183825 0.021779695833333335 0.4900721703125 0.031324199999999996 0.4917692171875 0.04341468541666667 0.49476010156249994 0.04918287708333333 0.49807458593750004 0.06020717083333334 0.500607653125 0.06369723333333334 0.5017064125 0.0691647375 0.499717025 0.0884323125 0.5021892359375 0.1007342 0.5070233390625 0.10291384375 0.5152509843749999 0.10192773958333333 0.5177595984375001 0.1034731875 0.52047579375 0.10787450208333334 0.5290025828125 0.11019988958333334 0.539244621875 0.11923754375 0.5522881671875 0.12580930208333332 0.5599971375 0.13135689583333335 0.567132275 0.13222612291666666 0.5712094171875 0.12881614791666665 0.5747127265625 0.12072780833333334 0.5797908125 0.11500687916666667 0.585662265625 0.10411912916666667 0.585613359375 0.1002299 0.5818410593750001 0.08692747916666667 0.5783007921875 0.0784255375 0.5768539828125 0.06575731041666667 0.5818160515625 0.05763614375 0.5923873875 0.05190601875 0.5949568609375 0.04463964166666667 0.595481234375 0.01808205833333333 0.5923123984374999 0 0.4950526046875 0
0 0.04123554375 0.5559780958333334 0.046460353125 0.56192485625 0.05770333749999999 0.5686515583333333 0.0618782953125 0.5730200416666666 0.0659127796875 0.5730436729166667 0.0699899234375 0.5696337 0.072742521875 0.563278575 0.07461019375 0.56163464375 0.0764289578125 0.5561014833333334 0.07578801406249999 0.55291210625 0.0677861515625 0.5513758541666667 0.0617190703125 0.5467066854166667 0.05690316875 0.5391488229166667 0.055163465625 0.5304919395833333 0.053313996875000005 0.52675765 0.048345675 0.5275559854166667 0.043768059375 0.5321214375000001 0.0391477890625 0.54012049375 0.038854896875 0.5441318354166668 0.04123554375 0.5559780958333334
0 0.456045178125 0.06252604583333334 0.4582119921875 0.06419360833333333 0.4660978375 0.06332961875 0.474581971875 0.06908861041666667 0.48017303437500003 0.07685787291666667 0.48545870156250004 0.07399281041666667 0.48641074062499995 0.06779262708333333 0.48498213124999995 0.04974618125 0.48326688281249996 0.04303391458333334 0.4822170296875 0.0414556375 0.47309820468749997 0.03983010208333333 0.4722985875 0.037674089583333334 0.467714721875 0.03491670625 0.4524736546875 0.017409935416666668 0.44733415781249997 0.00459596875 0.443768928125 0.0024513375 0.3902962703125 0.021555277083333334 0.39139503124999997 0.027022781250000003 0.3942027890625 0.03187971875 0.399720490625 0.0338151375 0.406245390625 0.040762435416666666 0.414113034375 0.045276662499999995 0.426094775 0.06297119999999999 0.43033684218749996 0.06585069791666667 0.437288853125 0.06580867291666667 0.44779307968750004 0.0615675375 0.456045178125 0.06252604583333334
0 0.344575834375 0.10576857291666666 0.342848634375 0.11175735833333333 0.3428548859375 0.11908019375 0.3450279515625 0.12807058541666666 0.3507776875 0.13480648541666668 0.3553615546875 0.13756386666666665 0.3652555421875 0.13940080208333333 0.3729582609375 0.13762556041666668 0.38031292968749997 0.1286496 0.38222325625 0.12357206458333334 0.3822596609375 0.11281562708333334 0.388405803125 0.10329475625 0.3862998453125 0.09281536875 0.3825582515625 0.08878039583333333 0.3751728796875 0.08848891041666666 0.357057496875 0.0949609125 0.34872008593750004 0.10086960833333333 0.344575834375 0.10576857291666666
0 0.871760903125 0.31004709583333334 0.8681353250000001 0.30841236250000004 0.8639421671875 0.3094220958333333 0.8560443718749999 0.32298713958333336 0.855092334375 0.32918732500000003 0.85824814375 0.34124498333333336 0.8635400625 0.3457027541666667 0.8694666734375 0.34602706875 0.874233665625 0.3496957041666667 0.8787748765625001 0.35588668958333336 0.8870087734375 0.36222341875 0.8900178609375 0.36261338958333333 0.8965120531249999 0.3602932375 0.904385396875 0.34478358124999997 0.915274078125 0.3369867270833333 0.916433696875 0.33364240833333336 0.9143459421875001 0.3177848041666667 0.9103296578125001 0.31238295624999995 0.9058982140625 0.301269375 0.8995382390625 0.30061154791666667 0.89444195 0.3117106958333334 0.8897483171875 0.31387590625 0.8835225624999999 0.3102401020833333 0.871760903125 0.31004709583333334
0 0.17915785625 0.20686377708333334 0.1904434953125 0.210156875 0.1956438515625 0.21415902083333332 0.198884975 0.21934946875 0.2037435296875 0.2234737291666667 0.2101706140625 0.22264256458333334 0.212038284375 0.22099863541666667 0.22157171875 0.20098918125 0.22990287812500002 0.18775765208333334 0.2348831515625 0.17425826458333335 0.23743442187500002 0.17237010833333333 0.2392776375 0.1687815625 0.23970475000000002 0.16179223958333333 0.2387891171875 0.1572359875 0.24013186250000002 0.15480291666666668 0.24035139375 0.1449577291666667 0.24276219375000002 0.13872471874999998 0.26170734375000004 0.11632945833333334 0.261817109375 0.1114068625 0.2567936296875 0.10099313541666667 0.254712125 0.09245836666666667 0.2466061953125 0.07582082500000001 0.24408489531250002 0.07379157083333333 0.1433088671875 0.10979537708333333 0.1380850828125 0.12826514166666667 0.1388727484375 0.14312220833333333 0.136700234375 0.16147853541666668 0.1392333015625 0.16496859583333334 0.1525026296875 0.16901800416666665 0.1611454359375 0.17374363333333334 0.1635931921875 0.18410090208333332 0.16695033125 0.1916915916666667 0.170417234375 0.19435968958333336 0.17915785625 0.20686377708333334
0 0.8771978890625001 0.24413239583333332 0.8758306906250001 0.24462084791666666 0.8749213078125001 0.24738742708333333 0.8712775296874999 0.2511309145833333 0.86904985625 0.25827517708333336 0.8682570437500001 0.29078871666666667 0.8648942046875 0.30322191249999997 0.8686357984375 0.3072568854166667 0.8756122640624999 0.309159475 0.8807392578125001 0.30732777708333336 0.8841999093749999 0.30267303958333336 0.8915363749999999 0.29907529791666665 0.8974811890625001 0.29402139374999997 0.9012591875 0.28729992916666663 0.9085040890625 0.2832465604166667 0.9063492249999999 0.2688779479166667 0.890711753125 0.26762794791666666 0.8828441093749999 0.26311372083333334 0.8804208062500001 0.25470106458333336 0.8799811921874999 0.24704471666666666 0.8771978890625001 0.24413239583333332
0 0.3231814703125 0.6500953083333333 0.31326927968749996 0.65363659375 0.31236615 0.6637260083333333 0.3142707765625 0.6786723604166667 0.3239088296875 0.70111091875 0.3384293390625 0.7022716333333333 0.34955005625 0.6992752583333334 0.3529435984375 0.6961095125 0.354322746875 0.6829200041666666 0.3531079703125 0.6750522624999999 0.34484961875 0.6667709166666668 0.346460803125 0.6583818895833333 0.345087353125 0.6515475104166666 0.3464483 0.6437362208333333 0.345349540625 0.6382687166666667 0.3377565859375 0.6351213645833333 0.32415170937500004 0.63851690625 0.3220582546875 0.6426831895833334 0.324182415625 0.6477843541666667 0.3231814703125 0.6500953083333333
0 0.067876609375 0.49713803958333336 0.06010678125 0.5004022708333333 0.055370492187499995 0.5060010833333333 0.05278281875 0.51864568125 0.0534971234375 0.5276689020833333 0.0588442015625 0.5433387375 0.06865287656249999 0.5520428791666667 0.073987453125 0.5530670458333333 0.08574285937500001 0.5459372166666667 0.0882696765625 0.5421044458333333 0.091254309375 0.5405498020833334 0.0996952359375 0.5223956770833333 0.1000552375 0.51689534375 0.09760748125 0.5065380708333334 0.08800013437500001 0.49336696041666667 0.08394119375 0.4913987166666667 0.0823664140625 0.4890313041666667 0.0716790625 0.49236118958333336 0.067876609375 0.49713803958333336
0 0.2589806796875 0.5001604520833334 0.25470220625 0.5080373958333333 0.2512722609375 0.52195958125 0.25237102031249997 0.5274270854166666 0.2544707265625 0.5305836354166666 0.2595550640625 0.5321855416666667 0.2613129703125 0.5354642041666666 0.265018159375 0.5502556145833334 0.2816571296875 0.57654138125 0.28717483125 0.5784767979166666 0.2913435359375 0.5755224499999999 0.2929058140625 0.5632441958333333 0.29632380937499997 0.5620230625 0.300840565625 0.5662694333333333 0.30558310624999996 0.5679934541666667 0.3095931375 0.5660724687500001 0.312711990625 0.5615398458333334 0.31309644531249997 0.5579841270833333 0.3181682828125 0.5449403645833333 0.3268230390625 0.5369649395833334 0.32823289375 0.5330428833333333 0.3270181171875 0.5251751375 0.3283790640625 0.5173638520833334 0.3259984171875 0.5055175916666667 0.32006555468750003 0.49787044166666666 0.32147540937499997 0.4939483854166667 0.3206513390625 0.48984775625 0.3001735125 0.47909527916666667 0.2947473734375 0.47761548958333333 0.2890954515625 0.47865804791666666 0.26770254531250004 0.49069603958333335 0.2589806796875 0.5001604520833334
0 0.2619612703125 0.6006698583333333 0.2567427109375 0.60204593125 0.25066367968750003 0.6100778145833333 0.24852756875 0.6176777020833334 0.2501393046875 0.6366353979166667 0.2515798640625 0.6419807875 0.25470496875 0.644771 0.26286550625 0.6452738854166667 0.2719172203125 0.6483884104166666 0.28207964531249996 0.6442693875 0.2859003015625 0.6341143166666666 0.2856438125 0.6273692229166666 0.287938596875 0.6187359708333333 0.2869496015625 0.6083458729166666 0.2851916953125 0.6050672083333333 0.279307740625 0.6013092895833334 0.27527325468749997 0.6012856604166666 0.2683274953125 0.60865051875 0.2659531 0.6041270916666667 0.2619612703125 0.6006698583333333
0 0.750158734375 0.31198265208333337 0.7489991171875 0.31532697291666667 0.7517824203125001 0.31823929375 0.7517642171875 0.32361751250000004 0.748346221875 0.32483864583333333 0.7467043328125 0.3239602229166667 0.7420351562499999 0.32807004791666666 0.7407413171874999 0.33439234791666667 0.741156478125 0.34010407708333334 0.7452643250000001 0.34596155208333335 0.7570077828125 0.351532775 0.764551828125 0.3507908979166666 0.772071421875 0.34810440625 0.779041634375 0.3426841625 0.785505121875 0.3310965625 0.7873909953125 0.32407441458333336 0.7854499625 0.31988449999999996 0.77525683125 0.31473607291666666 0.7698488953125 0.30787806250000005 0.7650819015625 0.3042094270833333 0.7572876203125001 0.30552904375 0.750158734375 0.31198265208333337
0 0.43926739374999996 0.11393558958333333 0.43482399843749997 0.11552306250000001 0.4309299828125 0.11984428750000001 0.4265781515625 0.12188738541666666 0.41473743125 0.13588442291666666 0.410110909375 0.13656064375000002 0.400253878125 0.15131399166666668 0.400077003125 0.157725575 0.3978493296875 0.1648698375 0.3989787953125 0.17960479166666668 0.40435032812499994 0.19721923958333332 0.41240109687500004 0.20264472083333332 0.41443369375000005 0.20729026041666668 0.4181752875 0.21132523333333333 0.42545089531249997 0.2165393125 0.4394953859375 0.22080011875000002 0.4439387828125 0.21921264583333333 0.44516550937500005 0.2143793375 0.45078672500000005 0.20406932708333334 0.46356753125 0.19657316041666667 0.4745904328125 0.18579832708333335 0.4785515578125 0.1799881125 0.4793449234375 0.17482129375 0.47333244687500003 0.15401746458333332 0.4691330359375 0.14770436666666667 0.4667341875 0.14123632291666668 0.4665692625 0.13494685416666666 0.4694134265625 0.12904735416666666 0.4708659359375 0.12169169375000001 0.4687417765625 0.11659052916666666 0.45948248124999996 0.1106201375 0.4569983203125 0.11101930416666667 0.44965560312499997 0.10729421458333334 0.44316140937500004 0.10961436666666667 0.43926739374999996 0.11393558958333333
0 0.49328296250000003 0.3480850145833333 0.4888765234375 0.36626276875 0.48949926406250005 0.3748303666666667 0.4881383171875 0.3826416541666667 0.48848636875 0.38984237499999996 0.49235022968750003 0.4036004229166667 0.49946716562500004 0.40984786875 0.505918703125 0.41096131875 0.515421984375 0.4090311354166667 0.518223490625 0.4065652416666667 0.5271222328125 0.39068924374999997 0.5273662156250001 0.38278867083333334 0.52231203125 0.36310749375 0.52214710625 0.356818025 0.5200229484375 0.35171686041666667 0.5172151890625 0.3468599229166667 0.513748284375 0.344191825 0.50494680625 0.3404995604166666 0.49801925 0.34248619999999996 0.49328296250000003 0.3480850145833333
0 0.314720684375 0.5915874916666667 0.3017322984375 0.59622779375 0.2946278671875 0.6046260166666666 0.289623140625 0.6161807895833333 0.289147121875 0.61928088125 0.290520571875 0.6261152625 0.2925531671875 0.6307608020833333 0.29750328593750003 0.6353406854166667 0.2907162015625 0.64167218125 0.289306346875 0.6455942395833334 0.2923398875 0.6479288229166666 0.2961241390625 0.64853019375 0.3123718484375 0.6437021208333333 0.315808046875 0.6371027687499999 0.3222777859375 0.6328380020833334 0.3276732203125 0.6250503458333333 0.33033425625 0.6182395958333333 0.328118534375 0.6126828041666667 0.3195183828125 0.6045235729166667 0.31841962343749997 0.5990560687500001 0.31930455156250004 0.5943448729166667 0.3182546984375 0.5927665979166666 0.314720684375 0.5915874916666667
0 0.2433301515625 0.4569180666666667 0.2382941671875 0.4318586708333333 0.2368109515625 0.42994688333333336 0.232526228125 0.43050099166666667 0.22512265468749998 0.4355877229166667 0.21826845781249998 0.44340820833333333 0.2177008765625 0.4460526729166666 0.2190743265625 0.45288705625 0.2101937859375 0.46338483333333336 0.2092297984375 0.4822860708333333 0.213075459375 0.5014223354166666 0.2159747796875 0.5067349020833334 0.21545610625 0.5132685958333333 0.2171042453125 0.5214698541666667 0.2157250953125 0.5346593604166666 0.2183986359375 0.5424942770833333 0.22366609999999998 0.5450074333333333 0.2341276703125 0.5441999000000001 0.2401885015625 0.5415462375 0.2475431703125 0.532570275 0.24917880625 0.5261258645833333 0.24901388125 0.5198363958333333 0.24562603749999998 0.50297825625 0.24215913437499997 0.5003101583333334 0.244618840625 0.49796637708333336 0.24518642499999999 0.4953219104166667 0.2562826859375 0.49038092083333334 0.25762543125000004 0.48794785416666664 0.2587116875 0.4787696895833333 0.25583056875 0.4680789083333333 0.2536637546875 0.46641134791666666 0.24671174375 0.46645337291666666 0.24281147500000003 0.46345176250000003 0.24207896875 0.45980675833333334 0.2433301515625 0.4569180666666667
0 0.780634615625 0.33967335625 0.7758067640624999 0.3448165458333333 0.75949194375 0.3511336083333333 0.75742294375 0.35724450625 0.759803590625 0.3690907666666667 0.7636856562500001 0.37747059583333337 0.765693796875 0.38017151875 0.770686571875 0.3813178 0.7746966046875 0.37939681666666664 0.7773638921875 0.3799089 0.786330296875 0.38989063125 0.7937156703125 0.39018211875000003 0.7998680640625 0.38798408125 0.8042870046875 0.38445199375 0.8060631125000001 0.3823524375 0.8078085156249999 0.3709854333333333 0.8157000609375 0.35009755833333334 0.8146013 0.34463005416666664 0.8097609468750001 0.33512757499999996 0.8083874953124999 0.32829319375000005 0.8064464640625 0.32410327916666665 0.8004709453125001 0.3198897354166667 0.7899178124999999 0.3202416416666667 0.787708340625 0.3220076854166667 0.780634615625 0.33967335625
0 0.2210774984375 0.20946749375 0.22110195 0.21141210833333332 0.2169332453125 0.21436645625 0.21087866718749998 0.22434295416666666 0.20395111093749999 0.22632959375 0.1999592796875 0.22287236041666666 0.193574853125 0.22026991875000002 0.192250309375 0.21732476666666667 0.1863419 0.21162223333333333 0.1845413390625 0.21177717499999998 0.17804089375 0.20677449166666667 0.171741778125 0.19730484166666665 0.16638275 0.19433606041666665 0.16284248437499999 0.18583411875 0.16196950625 0.17784425833333334 0.1588199484375 0.17310943333333334 0.1515932484375 0.1717845854166667 0.1480836875 0.17255008958333334 0.1398133875 0.17696979791666667 0.1345766265625 0.18372409166666664 0.12711844375 0.20494547916666667 0.1279243125 0.21442432708333334 0.12562952968750002 0.22305758125 0.12707009062500002 0.22840297083333333 0.133161625 0.23501675416666667 0.141175990625 0.25119867291666664 0.14362374687499999 0.26155594375 0.14624837968749999 0.26550163125 0.1461386125 0.270424225 0.14806144375000002 0.27999235833333336 0.1516261625 0.2904389145833333 0.1555264296875 0.29344052291666667 0.16288735000000001 0.2917873979166667 0.17945240468749998 0.2848925958333333 0.1878324734375 0.27555029375 0.1960356640625 0.27261957708333334 0.2044464359375 0.27254472500000004 0.21256431718750002 0.27648121458333336 0.2183993640625 0.27634990416666666 0.22179290625 0.27318415625000003 0.22654739687499997 0.26220712291666665 0.22816483125000003 0.26114093125 0.231118759375 0.2503188375 0.23181430937499997 0.23737355833333332 0.232973928125 0.23402923958333333 0.23224142187500002 0.23038423541666667 0.23330947656249998 0.22658429375000003 0.22983006874999998 0.20927052708333335 0.22670496562500003 0.20648031666666666 0.232216415625 0.20109290208333333 0.23241774375 0.19662593333333334 0.2309345296875 0.19471414375 0.22704051249999999 0.19903537083333334 0.22597245937500002 0.20283531458333334 0.22401322499999998 0.20402361875 0.224129240625 0.20642385833333332 0.2210774984375 0.20946749375
0 0.343444359375 0.5959756458333333 0.3343135828125 0.6070511604166666 0.33062714843749996 0.6142282520833333 0.330700509375 0.6200620979166668 0.3258300015625 0.6286388916666666 0.325103746875 0.6323167208333333 0.3274110328125 0.6383291375 0.3363893875 0.63560981875 0.344665940625 0.63851294375 0.3441228125 0.6431020249999999 0.3396612140625 0.6500677166666667 0.3402105953125 0.65280146875 0.3426520984375 0.65583590625 0.344349146875 0.66792639375 0.3458323625 0.6698381791666667 0.35472540625 0.6739860708333333 0.3591688 0.6723985979166667 0.3716749171875 0.6635355520833334 0.378773096875 0.64781449375 0.3840769671875 0.6395712125 0.3887398921875 0.6281385541666666 0.38630408906249997 0.6050802291666667 0.376220721875 0.5950092104166667 0.36782815156250004 0.58970584375 0.36184638125 0.5781694666666667 0.3573540796875 0.5758677083333333 0.35368584531249997 0.5776665791666667 0.35140926562499997 0.5809216104166667 0.348479790625 0.5936883208333333 0.343444359375 0.5959756458333333
0 0.5046875 0.09166666666666666 0.0015625 0.0020833333333333333
0 0.59807520625 0 0.6004677593750001 0.011905504166666667 0.5998575203125001 0.01798357708333333 0.6075181374999999 0.04698866041666667 0.611625984375 0.05284613333333333 0.6121327078125 0.05901349166666667 0.6158561 0.06842668333333334 0.632049203125 0.07973326875 0.646496353125 0.0750601375 0.6484311328125 0.07192721875 0.6547422 0.06869581458333333 0.6628356265625001 0.07068768958333332 0.671838434375 0.06991298541666667 0.6785157546875 0.06850408541666667 0.6940309578125 0.06003100833333333 0.720880709375 0.05874026041666667 0.727283340625 0.055964483333333336 0.7295599203124999 0.052709447916666666 0.7301030484375 0.04812036875 0.7333561203125 0.04060976458333333 0.7362548906249999 0.018575608333333334 0.7395079625000001 0.01106500625 0.7381507640625 0 0.59807520625 0
0 0.6448662390625 0.35497175416666665 0.6399223703125 0.3577147041666667 0.6350518625 0.3662914958333333 0.6361079671875001 0.37519260625 0.645641953125 0.3825298729166667 0.654840390625 0.39731208749999997 0.6576908046875001 0.3987354208333333 0.6617924000000001 0.39727006249999997 0.6699222312499999 0.3885055 0.6720156859374999 0.38433921666666665 0.6720338875 0.3789609958333333 0.678564484375 0.36588440625 0.6813352859374999 0.3541510625 0.6787715125 0.34139355416666667 0.675396171875 0.33918108124999996 0.6707696515625 0.33985730208333337 0.65703680625 0.35355365625 0.6512262125 0.35562958125 0.6448662390625 0.35497175416666665
0 0.2342379890625 0.5666240291666667 0.23526963906249998 0.5735805229166666 0.229599515625 0.5800013020833333 0.2266211328125 0.5888787812499999 0.2307232828125 0.6147601437500001 0.2320233703125 0.6157606791666667 0.2340377640625 0.6257844375 0.2366379421875 0.6277855124999999 0.2403977390625 0.6264422645833334 0.24693458750000002 0.6206885083333333 0.254057221875 0.6069120666666666 0.2589521828125 0.6002798874999999 0.2607464921875 0.5928021124999999 0.2645489453125 0.5880252625 0.2659588 0.5841032041666666 0.2652262921875 0.5804582020833333 0.2661112203125 0.57574700625 0.26334611875 0.5674564645833333 0.25638785625 0.56017565625 0.24801974062499998 0.5568169041666666 0.2415926578125 0.5576480666666667 0.235281590625 0.56087946875 0.2342379890625 0.5666240291666667