0 0.14215686249999998 0.6507352937499999 0.153492646875 0.6507352937499999 0.16789215625 0.6478758166666666 0.171875 0.6417483666666667 0.171875 0.6270424833333333 0.169117646875 0.6160130729166667 0.1599264703125 0.6143790854166666 0.15073529375 0.6066176479166666 0.14307597968750002 0.60702614375 0.136335784375 0.6102941166666667 0.13357843125 0.6127450979166666 0.1311274515625 0.6205065354166667 0.1295955875 0.62254901875 0.1286764703125 0.6380718958333333 0.13357843125 0.6450163395833334 0.139399509375 0.6495098041666666 0.14215686249999998 0.6507352937499999
0 0.44454656875 0.3627450979166667 0.450367646875 0.3643790854166667 0.454350490625 0.36315359375 0.45710784374999996 0.35988562083333336 0.45802696093749995 0.35620915 0.4641544125 0.3500817 0.469975490625 0.34967320208333336 0.4733455875 0.34803921666666665 0.4852941171875 0.3316993458333333 0.4865196078125 0.328022875 0.4865196078125 0.32434640625 0.4837622546875 0.31740196041666663 0.48069852968750004 0.31372548958333335 0.47181372499999996 0.30800653541666667 0.4705882359375 0.30555555624999997 0.46875 0.3047385625 0.4672181375 0.3026960791666667 0.4666053921875 0.2957516333333333 0.4641544125 0.29289215625 0.4641544125 0.2892156854166667 0.4598651953125 0.2875817 0.45741421562499995 0.2892156854166667 0.45680147031249996 0.29411764791666667 0.44944852968750004 0.2977941166666667 0.4485294125 0.3018790854166667 0.44577205937500003 0.3047385625 0.4427083328125 0.3047385625 0.4375 0.30228758125 0.4329044125 0.3026960791666667 0.42432597968749997 0.31617647083333333 0.4234068625 0.321895425 0.4234068625 0.3325163395833333 0.42922794062499997 0.34599673124999997 0.44056372499999996 0.35988562083333336 0.44454656875 0.3627450979166667
0 0.5747549015625 0.45874182916666667 0.5814950984375 0.46609477083333334 0.583946078125 0.47344771249999995 0.58823529375 0.47589869375 0.590686275 0.47099673124999997 0.590686275 0.446895425 0.58976715625 0.43831699375 0.5873161765625 0.43300653541666667 0.5863970593750001 0.4260620916666667 0.5833333328125 0.42238562083333336 0.577818628125 0.42320261458333336 0.573835784375 0.4321895416666666 0.5729166671875 0.43668300625 0.5729166671875 0.44035947708333334 0.5719975484375001 0.44158496666666663 0.572303921875 0.45383986875000004 0.5747549015625 0.45874182916666667
0 0.4525122546875 0.5747549020833334 0.46262254843750006 0.5800653604166667 0.469056371875 0.5923202604166666 0.47303921562499995 0.5955882354166667 0.4935661765625 0.5927287583333333 0.501225490625 0.5833333333333334 0.505821078125 0.58210784375 0.50857843125 0.5792483666666667 0.5094975484375001 0.5665849666666667 0.515625 0.5625 0.5177696078125 0.5547385625000001 0.515318628125 0.5363562083333334 0.5110294125 0.5314542479166666 0.5061274515624999 0.528186275 0.498774509375 0.528186275 0.4932598046875 0.5330882354166666 0.4751838234375 0.5408496729166666 0.4620098046875 0.5388071895833334 0.452818628125 0.5318627458333334 0.44699754843750006 0.5314542479166666 0.4454656859375 0.5326797395833334 0.44117647031249996 0.5510620916666666 0.44117647031249996 0.56331699375 0.4454656859375 0.5710784312499999 0.44944852968750004 0.57434640625 0.4525122546875 0.5747549020833334
0 0.72734375 0.20416666666666666 0.00078125 0.004166666666666667
0 0.6228553921875 0.2675653604166667 0.6243872546875 0.26797385625000003 0.621936275 0.27450980416666665 0.6185661765625 0.27941176458333333 0.6161151953124999 0.28962418333333334 0.6197916671875 0.29125817083333333 0.6228553921875 0.2949346395833333 0.6228553921875 0.2965686270833333 0.626225490625 0.29901960833333335 0.6369485296875 0.3026960791666667 0.6488970593750001 0.3035130729166667 0.66176470625 0.3002450979166667 0.66482843125 0.2965686270833333 0.6651348046875001 0.29289215625 0.659007353125 0.2826797395833333 0.659007353125 0.27532679791666664 0.66329656875 0.26184640625 0.6639093140625 0.25694444375 0.6666666671875 0.2516339875 0.677696078125 0.24754901875 0.68351715625 0.23529411666666666 0.687806371875 0.2295751625 0.6893382359375 0.22385620833333333 0.687806371875 0.21568627499999998 0.6850490203125 0.20955882291666666 0.6841299015625 0.19199346458333333 0.6801470593750001 0.1875 0.6792279406249999 0.18341503333333334 0.67585784375 0.178104575 0.6727941171875 0.17524509791666668 0.6654411765625 0.16421568541666665 0.6639093140625 0.16421568541666665 0.6544117640625 0.17442810416666665 0.6482843140625 0.17769607916666666 0.64460784375 0.18137255 0.6430759796875 0.18504901875 0.6421568625 0.19403594791666665 0.634803921875 0.20547385624999998 0.6311274515624999 0.21323529375 0.627757353125 0.21650326875 0.6225490203125 0.22589869375 0.6158088234375 0.23243463958333335 0.6118259796875 0.23937908541666666 0.609375 0.24019607916666666 0.6069240203125 0.24346405208333335 0.6075367640625 0.25367647083333333 0.6170343140625 0.2598039208333333 0.6204044125 0.26307189583333335 0.6228553921875 0.2675653604166667
0 0.6326593140625 0.33619281041666665 0.634803921875 0.33905228750000005 0.6424632359375 0.35294117708333334 0.6470588234375 0.35702614374999997 0.6513480390625 0.35784313749999996 0.6541053921875 0.35661764791666667 0.6556372546875 0.3533496729166667 0.6580882359375 0.35130718958333335 0.6608455875 0.3443627458333333 0.666053921875 0.34640522916666666 0.667585784375 0.34844771249999995 0.6697303921875 0.34844771249999995 0.6709558828125 0.34722222291666666 0.6786151953124999 0.34722222291666666 0.6829044125 0.3435457520833333 0.6853553921875 0.3431372541666667 0.686274509375 0.34150326875000003 0.6859681375 0.33455882291666666 0.6810661765625 0.32598039166666665 0.6807598046875001 0.31944444375000003 0.68351715625 0.30964052291666666 0.6911764703125 0.29411764791666667 0.6911764703125 0.28431372499999996 0.688725490625 0.27655228750000005 0.688725490625 0.27369281041666665 0.690257353125 0.2691993458333333 0.69301470625 0.2667483666666667 0.6951593140625 0.26184640625 0.6936274515624999 0.25081699375 0.6896446078125 0.24305555625 0.6853553921875 0.24101307291666665 0.6798406859375 0.24795751666666668 0.6700367640625 0.2516339875 0.6666666671875 0.25449346458333333 0.6657475484375001 0.26021241875 0.6608455875 0.26838235208333333 0.6599264703125 0.27205882291666666 0.6599264703125 0.28349673124999997 0.66482843125 0.2920751625 0.66482843125 0.2965686270833333 0.6623774515624999 0.30065359375 0.6537990203125 0.30514705833333333 0.63357843125 0.30555555624999997 0.6271446078125 0.31944444375000003 0.626225490625 0.32271241875 0.6271446078125 0.33088235208333333 0.6295955875 0.33455882291666666 0.6326593140625 0.33619281041666665
0 0.9071691171875 0.0110294125 0.9080882359375 0.009803920833333334 0.907475490625 0.009395425 0.906556371875 0.011437908333333333 0.9071691171875 0.012254902083333333 0.9080882359375 0.01184640625 0.9071691171875 0.0110294125
0 0.8912377453125 0.08455882291666666 0.8887867640625 0.0890522875 0.8844975484375001 0.10661764791666667 0.8829656859374999 0.10906862708333334 0.8829656859374999 0.11274509791666666 0.8844975484375001 0.11519607916666666 0.8887867640625 0.11642156875000001 0.8979779406249999 0.11642156875000001 0.9071691171875 0.11437908541666666 0.9126838234375001 0.11029411666666666 0.9166666671874999 0.10906862708333334 0.921875 0.1045751625 0.9295343140625001 0.09395424791666666 0.9359681375 0.09027777708333334 0.9393382359375 0.08537581666666667 0.9411764703125 0.08006536041666666 0.9436274515624999 0.07679738541666666 0.9439338234375001 0.07352941249999999 0.9469975484375001 0.06862744999999999 0.9512867640625 0.05351307291666666 0.950367646875 0.043709149999999995 0.948835784375 0.04003267916666667 0.9479166671874999 0.03308823541666667 0.9479166671874999 0.02736928125 0.9451593140625001 0.01756536041666667 0.9384191171875 0.00694444375 0.934742646875 0.004493464583333333 0.9304534312499999 0.0036764708333333336 0.9224877453125 0.004901960416666667 0.9160539218749999 0.012254902083333333 0.9157475484375001 0.015114379166666667 0.9132965687500001 0.018382352083333334 0.9114583328125001 0.02736928125 0.9077818625 0.033496731249999995 0.9041053921875 0.03308823541666667 0.9044117640625 0.04003267916666667 0.90073529375 0.043709149999999995 0.8970588234375001 0.04289215625 0.8912377453125 0.04452614375 0.890318628125 0.046977124999999995 0.8897058828125 0.06372548958333334 0.8939950984375 0.07148692708333333 0.8915441171875 0.08006536041666666 0.8912377453125 0.08455882291666666
0 0.8814338234375001 0 0.8808210781250001 0.0020424833333333335 0.877757353125 0.004493464583333333 0.878063725 0.005718954166666667 0.8808210781250001 0.00612745 0.8826593140625001 0.0032679729166666667 0.887561275 0.0036764708333333336 0.8915441171875 0.0012254895833333332 0.8915441171875 0 0.8814338234375001 0
0 0.7046568625 0.13194444375 0.7055759796875 0.13807189583333335 0.7080269609375 0.14297385624999998 0.708946078125 0.14746732083333333 0.7150735296875 0.15318627499999998 0.719975490625 0.1609477125 0.7325367640625 0.16952614375000002 0.7392769609375 0.18014705833333336 0.74142156875 0.18096405208333335 0.74448529375 0.1797385625 0.746936275 0.17565359375 0.7484681375 0.17524509791666668 0.7588848046875001 0.16421568541666665 0.7604166671875 0.15441176458333333 0.7680759796875 0.14583333333333334 0.77267156875 0.14501633958333335 0.781556371875 0.14624182916666667 0.787071078125 0.14501633958333335 0.7907475484375001 0.14133986875 0.7931985296875 0.13643790833333333 0.796875 0.12254901875 0.7974877453125 0.11437908541666666 0.7974877453125 0.10539215625 0.7959558828125 0.10130718958333333 0.796875 0.09272875833333334 0.7931985296875 0.07598039166666666 0.7931985296875 0.06372548958333334 0.7873774515624999 0.055964052083333334 0.7818627453125 0.052696079166666666 0.7689950984375 0.04820261458333333 0.765318628125 0.04901960833333333 0.7607230390625 0.053104575 0.7536764703125 0.0641339875 0.7493872546875 0.07883986875 0.7450980390625 0.08578431458333333 0.737438725 0.09272875833333334 0.731311275 0.09640522916666666 0.7196691171875 0.09517973958333334 0.7123161765625 0.09722222291666666 0.7055759796875 0.10171568541666667 0.6954656859375 0.11315359374999999 0.6951593140625 0.11683006458333334 0.69607843125 0.11968954166666666 0.7006740203125 0.125 0.7046568625 0.13194444375
0 0.917585784375 0.6580882354166667 0.9166666671874999 0.6609477125000001 0.9172794124999999 0.6666666666666666 0.9200367640625 0.6691176479166666 0.9234068625 0.6699346395833333 0.92738970625 0.6744281041666667 0.9276960781250001 0.6797385625000001 0.93198529375 0.6887254895833334 0.9353553921875 0.6932189541666667 0.937806371875 0.6940359479166667 0.938725490625 0.6956699354166667 0.9427083328125001 0.6960784312499999 0.9494485296875 0.6919934645833333 0.9512867640625 0.6891339875 0.9512867640625 0.6805555562500001 0.9537377453125 0.6752450979166666 0.9537377453125 0.6715686270833333 0.950367646875 0.6540032687499999 0.9479166671874999 0.6474673208333334 0.9469975484375001 0.6401143791666667 0.9439338234375001 0.63684640625 0.9436274515624999 0.6348039208333333 0.938725490625 0.6270424833333333 0.9359681375 0.62581699375 0.9286151953124999 0.62581699375 0.924938725 0.6299019604166667 0.9227941171875 0.6352124187499999 0.9224877453125 0.6417483666666667 0.9240196078125 0.6474673208333334 0.9209558828125 0.6511437916666666 0.917585784375 0.6580882354166667
0 0.6498161765625 0.5555555562500001 0.6541053921875 0.56331699375 0.6599264703125 0.5682189541666667 0.6639093140625 0.5690359479166667 0.667585784375 0.5714869270833333 0.6752450984375 0.5718954249999999 0.6850490203125 0.5661764708333333 0.691789215625 0.5653594770833333 0.69607843125 0.56331699375 0.6969975484375001 0.5584150333333333 0.69607843125 0.5477941166666667 0.6927083328125 0.5416666666666666 0.6911764703125 0.5347222229166667 0.681678921875 0.5200163395833334 0.6752450984375 0.5138888895833333 0.6724877453125 0.5147058833333333 0.671568628125 0.51633986875 0.667585784375 0.5147058833333333 0.6672794125 0.5183823520833334 0.6645220593750001 0.5224673208333334 0.6599264703125 0.5236928104166666 0.6541053921875 0.528186275 0.6488970593750001 0.5347222229166667 0.6479779406249999 0.5371732020833334 0.6479779406249999 0.54452614375 0.6488970593750001 0.5457516333333333 0.6498161765625 0.5555555562500001
0 0.6609375 0.5125 0.00078125 0.0010416666666666667
0 0.94914215625 0.33823529375 0.9546568625 0.3329248375 0.95710784375 0.33210784375 0.9613970593750001 0.32679738541666664 0.9653799015625 0.31576797291666664 0.96476715625 0.30637254999999997 0.9623161765624999 0.3010620916666667 0.9623161765624999 0.2933006541666667 0.96476715625 0.28717320208333336 0.96875 0.2818627458333333 0.9764093140625001 0.26715686250000004 0.9797794124999999 0.25612745 0.9791666671874999 0.2483660125 0.9761029406249999 0.24591503333333334 0.9666053921875 0.24468954166666668 0.9310661765624999 0.25122548958333335 0.9286151953124999 0.2532679729166667 0.9267769609375 0.259395425 0.9267769609375 0.27205882291666666 0.9181985296875 0.28308823541666667 0.9160539218749999 0.28431372499999996 0.9154411765624999 0.2863562083333333 0.9132965687500001 0.2875817 0.9123774515624999 0.2908496729166667 0.910539215625 0.29289215625 0.909313725 0.29738562083333336 0.909007353125 0.30800653541666667 0.907475490625 0.31372548958333335 0.907475490625 0.3316993458333333 0.9099264703125 0.3349673208333333 0.9151348046875001 0.33823529375 0.94914215625 0.33823529375
0 0.327818628125 0.39460784375 0.3376225484375 0.3880718958333333 0.346507353125 0.38684640625 0.3498774515625 0.38357843125 0.35232843125 0.37622548958333335 0.3532475484375 0.37295751666666666 0.353553921875 0.3627450979166667 0.359375 0.35702614374999997 0.36274509843749997 0.3517156854166667 0.36335784375 0.34763071874999996 0.36611519531250003 0.34109477083333334 0.366727940625 0.33455882291666666 0.36335784375 0.3292483666666667 0.359375 0.3190359479166667 0.355085784375 0.31372548958333335 0.348039215625 0.31290849583333336 0.344975490625 0.3141339875 0.33486519531250003 0.32761437916666664 0.33210784375 0.3255718958333333 0.3287377453125 0.32066993541666666 0.327818628125 0.31372548958333335 0.32506127500000004 0.31617647083333333 0.32107843125 0.31576797291666664 0.32107843125 0.32107843125 0.3170955875 0.321895425 0.313725490625 0.3292483666666667 0.30698529375 0.3651960791666667 0.3060661765625 0.37622548958333335 0.30943627500000004 0.3860294125 0.315257353125 0.39460784375 0.327818628125 0.39460784375
0 0.1896446078125 0.09517973958333334 0.1936274515625 0.10171568541666667 0.191789215625 0.11356209166666667 0.1920955875 0.12622548958333332 0.1979166671875 0.13807189583333335 0.198835784375 0.14215686249999998 0.20710784375000002 0.1535947708333333 0.20710784375000002 0.15727124166666667 0.20894607812500002 0.16421568541666665 0.2126225484375 0.16993463958333335 0.2169117640625 0.16993463958333335 0.2205882359375 0.16625817083333333 0.22334558750000003 0.1515522875 0.223039215625 0.14297385624999998 0.22395833281250002 0.14174836666666665 0.2248774515625 0.12949346458333333 0.22916666718749998 0.11968954166666666 0.2282475484375 0.11437908541666666 0.2254901953125 0.10866013125 0.23100490156250003 0.09885620833333333 0.23161764687500003 0.09477124166666666 0.234375 0.09027777708333334 0.2349877453125 0.08578431458333333 0.23590686249999998 0.08496732083333333 0.234375 0.06944444375 0.23039215624999998 0.0625 0.2279411765625 0.061274510416666664 0.22334558750000003 0.0625 0.21660539218750002 0.05718954166666667 0.2107843140625 0.058823529166666666 0.1997549015625 0.06535947708333333 0.18933823593750002 0.06699346458333334 0.18596813750000002 0.07148692708333333 0.1853553921875 0.08088235208333333 0.1868872546875 0.08700980416666666 0.18933823593750002 0.09109477083333334 0.1896446078125 0.09517973958333334
0 0 0.34722222291666666 0.001225490625 0.34722222291666666 0.0045955875 0.3517156854166667 0.0076593140625 0.35375817083333333 0.015931371875 0.3545751625 0.0248161765625 0.35089869375 0.030330882812499998 0.34640522916666666 0.0358455875 0.33374182916666667 0.039828431250000004 0.32761437916666664 0.046875 0.33047385625000003 0.0502450984375 0.3300653604166667 0.05085784375 0.32883986875000004 0.0493259796875 0.3202614375 0.053615195312499996 0.3035130729166667 0.053615195312499996 0.2957516333333333 0.051776960937500005 0.28676470625 0.0474877453125 0.27900326875000003 0.05238970625 0.27450980416666665 0.053615195312499996 0.27205882291666666 0.053615195312499996 0.2691993458333333 0.0493259796875 0.2598039208333333 0.0444240203125 0.25367647083333333 0.029105392187500002 0.24305555625 0.0223651953125 0.24387255 0.019914215625000002 0.24632352916666667 0.01960784375 0.2483660125 0.015318628125 0.25449346458333333 0.0021446078125 0.25449346458333333 0.0015318625 0.2565359479166667 0 0.2565359479166667 0 0.34722222291666666
0 0.20649509843749997 0 0.2055759796875 0.0036764708333333336 0.2055759796875 0.01756536041666667 0.20710784375000002 0.021241829166666667 0.20894607812500002 0.03390522916666667 0.2120098046875 0.04003267916666667 0.2123161765625 0.043709149999999995 0.21599264687500003 0.053921568749999996 0.219056371875 0.05718954166666667 0.22334558750000003 0.058823529166666666 0.23223039218750002 0.05841503333333333 0.23590686249999998 0.060866012500000004 0.23805147031249999 0.060866012500000004 0.242647059375 0.0641339875 0.2493872546875 0.07148692708333333 0.26164215625 0.07516339791666667 0.265625 0.07924836666666667 0.27236519531250003 0.08210784375 0.27787990156250003 0.08169934583333333 0.28492647031249996 0.07883986875 0.2864583328125 0.07679738541666666 0.2864583328125 0.07107843124999999 0.2830882359375 0.06454248333333333 0.2806372546875 0.05351307291666666 0.27726715625 0.046977124999999995 0.2763480390625 0.04289215625 0.2748161765625 0.04125817083333334 0.271446078125 0.030228758333333335 0.26899509843749997 0.01633986875 0.26899509843749997 0.004084966666666667 0.2665441171875 0 0.20649509843749997 0
0 0.0772058828125 0.28676470625 0.0790441171875 0.28839869375 0.08823529375 0.2892156854166667 0.08976715625000001 0.2863562083333333 0.09221813749999999 0.26470588333333334 0.0955882359375 0.2553104583333333 0.0998774515625 0.25 0.1014093140625 0.24468954166666668 0.09895833281250001 0.22875817083333333 0.0983455875 0.21037581666666666 0.0955882359375 0.20220588333333334 0.0955882359375 0.19158496666666666 0.09681372499999999 0.18668300625 0.0998774515625 0.18218954166666668 0.10324754843749999 0.17075163333333335 0.1056985296875 0.16911764791666667 0.109375 0.16380718958333332 0.1099877453125 0.15604575208333332 0.109068628125 0.15441176458333333 0.1041666671875 0.15604575208333332 0.0983455875 0.16135620833333333 0.0958946078125 0.16462418333333334 0.09221813749999999 0.17442810416666665 0.08854166718749999 0.17769607916666666 0.086397059375 0.178104575 0.0845588234375 0.18259803958333334 0.07965686250000001 0.18872548958333332 0.078125 0.1956699354166667 0.07965686250000001 0.21078431458333335 0.0772058828125 0.22467320208333333 0.0772058828125 0.23733660208333335 0.0735294125 0.24754901875 0.06954656875000001 0.2549019604166667 0.0686274515625 0.2589869270833333 0.0661764703125 0.26184640625 0.063725490625 0.2675653604166667 0.0634191171875 0.27573529375 0.0744485296875 0.27777777708333334 0.076899509375 0.2826797395833333 0.0772058828125 0.28676470625
0 0.5180759796875 0.32516339791666665 0.5297181375 0.3325163395833333 0.535539215625 0.33374182916666667 0.5431985296875 0.3325163395833333 0.5450367640625 0.32965686250000004 0.5474877453125 0.30514705833333333 0.551164215625 0.29370915 0.55085784375 0.2863562083333333 0.5484068625 0.2814542479166667 0.5358455875 0.2810457520833333 0.534313725 0.2818627458333333 0.5327818625 0.2863562083333333 0.53125 0.28349673124999997 0.5278799015625 0.2810457520833333 0.5223651953124999 0.2810457520833333 0.5180759796875 0.28431372499999996 0.514399509375 0.28962418333333334 0.511335784375 0.29738562083333336 0.5104166671875 0.30637254999999997 0.511335784375 0.3141339875 0.5147058828125 0.3214869270833333 0.5180759796875 0.32516339791666665
0 0.0189950984375 0.4799836604166667 0.02113970625 0.4877450979166667 0.021446078125 0.49264705833333333 0.0248161765625 0.5016339875 0.026348039062500002 0.51184640625 0.029105392187500002 0.5191993458333334 0.0346200984375 0.5200163395833334 0.042585784375000005 0.5098039208333334 0.047181371875 0.5057189541666667 0.0579044125 0.4877450979166667 0.0560661765625 0.47344771249999995 0.052696078125000004 0.46691176458333333 0.052696078125000004 0.4579248375 0.0514705875 0.45547385625000003 0.0392156859375 0.44485294166666667 0.03125 0.44240196041666663 0.0223651953125 0.4440359479166667 0.0180759796875 0.44934640625 0.0171568625 0.4522058833333333 0.0171568625 0.46282679791666664 0.0180759796875 0.46527777708333334 0.0189950984375 0.4799836604166667
0 0.1556372546875 0 0.15471813750000002 0.0028594770833333333 0.148897059375 0.01021241875 0.14767156875 0.015114379166666667 0.140318628125 0.014705883333333334 0.136335784375 0.0204248375 0.13357843125 0.028594770833333335 0.1329656859375 0.04575163333333333 0.1360294125 0.06168300625 0.136335784375 0.06985294166666667 0.134803921875 0.090686275 0.136335784375 0.10702614375 0.137867646875 0.10988562083333334 0.1455269609375 0.11601307291666667 0.146446078125 0.12050653541666666 0.1495098046875 0.12418300625 0.1498161765625 0.12622548958333332 0.15716911718749998 0.12990196041666666 0.16329656875 0.1360294125 0.171875 0.13888888958333334 0.1724877453125 0.13725490208333332 0.1752450984375 0.13643790833333333 0.1767769609375 0.13398692708333335 0.179227940625 0.12622548958333332 0.179227940625 0.11764705833333333 0.1767769609375 0.10743463958333334 0.17585784375 0.09395424791666666 0.1767769609375 0.08088235208333333 0.180147059375 0.07393790833333333 0.18198529375 0.06617647083333333 0.17432597968750002 0.05841503333333333 0.171568628125 0.053921568749999996 0.1672794125 0.05065359375 0.17003676406249998 0.04738562083333333 0.17432597968750002 0.051879085416666665 0.18504902031249998 0.058006535416666664 0.190257353125 0.05514705833333333 0.19454656875 0.042483660416666666 0.1963848046875 0.04125817083333334 0.1985294125 0.03553921666666667 0.20036764687500003 0.02614379166666667 0.1994485296875 0.01797385625 0.19454656875 0.011437908333333333 0.1920955875 0.004901960416666667 0.188725490625 0.0016339875 0.18658088281250002 0.0016339875 0.18596813750000002 0 0.1556372546875 0
0 0.38694852968750004 0.39133986875000004 0.3897058828125 0.39379085 0.390625 0.39787581666666666 0.39368872499999996 0.39950980416666665 0.3955269609375 0.3950163395833333 0.3955269609375 0.38684640625 0.3982843140625 0.37908496666666663 0.4056372546875 0.37173202708333336 0.41482843125 0.3696895416666666 0.4166666671875 0.37050653541666667 0.41850490156250003 0.3733660125 0.4286151953125 0.37826797291666664 0.427696078125 0.37745098125 0.42922794062499997 0.37540849583333336 0.42922794062499997 0.36887254999999997 0.42677696093749995 0.36233660208333335 0.421875 0.35702614374999997 0.4200367640625 0.3488562083333333 0.41482843125 0.3443627458333333 0.4047181375 0.3431372541666667 0.394914215625 0.3443627458333333 0.3854166671875 0.35089869375 0.38204656875 0.35702614374999997 0.3814338234375 0.3651960791666667 0.386335784375 0.3815359479166667 0.38817402031250003 0.384395425 0.38694852968750004 0.39133986875000004
0 0.2006740203125 0.5477941166666667 0.2012867640625 0.5571895416666667 0.20465686249999998 0.5608660125 0.2080269609375 0.5723039208333333 0.20894607812500002 0.5808823520833334 0.211397059375 0.5849673208333334 0.233149509375 0.5849673208333334 0.237438725 0.5825163395833334 0.245710784375 0.5825163395833334 0.2521446078125 0.5870098041666666 0.2552083328125 0.5874183 0.26194852968750004 0.5825163395833334 0.26960784375 0.5682189541666667 0.272977940625 0.5526960791666667 0.272977940625 0.5477941166666667 0.271446078125 0.54289215625 0.273897059375 0.5392156854166666 0.27450980468749997 0.5359477125000001 0.2705269609375 0.5257352937499999 0.264399509375 0.5191993458333334 0.26164215625 0.5126633979166667 0.2515318625 0.509395425 0.24417892187499998 0.51021241875 0.241727940625 0.5089869270833334 0.23774509843749997 0.5012254895833334 0.234375 0.49754901875 0.22334558750000003 0.49673202708333336 0.219975490625 0.49877451041666665 0.2126225484375 0.5089869270833334 0.20404411718749998 0.5147058833333333 0.20036764687500003 0.5200163395833334 0.20036764687500003 0.5224673208333334 0.1985294125 0.5261437916666667 0.19454656875 0.5318627458333334 0.19301470625 0.5371732020833334 0.1927083328125 0.5412581708333334 0.1942401953125 0.5441176479166666 0.19914215625 0.5453431375 0.2006740203125 0.5477941166666667
0 0.525428921875 0.42401960833333335 0.5263480390625 0.4260620916666667 0.52573529375 0.42728758125 0.5291053921875 0.4215686270833333 0.5358455875 0.42238562083333336 0.5373774515624999 0.4252450979166667 0.5373774515624999 0.4309640520833333 0.5358455875 0.4358660125 0.5395220593750001 0.4358660125 0.5404411765625 0.43790849583333336 0.5444240203125 0.44076797291666664 0.552696078125 0.44199346458333333 0.55698529375 0.44076797291666664 0.5646446078125 0.4358660125 0.5674019609375 0.43341503333333337 0.5686274515624999 0.43055555624999997 0.57107843125 0.41952614374999997 0.5704656859375 0.4068627458333333 0.565257353125 0.3950163395833333 0.5575980390625 0.38684640625 0.5536151953124999 0.37704248333333334 0.5484068625 0.37990196041666663 0.5407475484375001 0.3864379083333333 0.532475490625 0.3897058833333333 0.528186275 0.3954248375 0.5248161765625 0.40441176458333333 0.5245098046875001 0.4113562083333333 0.5220588234375 0.41462418333333334 0.5223651953124999 0.421977125 0.525428921875 0.42401960833333335
0 0.30943627500000004 0.14501633958333335 0.3125 0.1625817 0.3125 0.16952614375000002 0.30851715625 0.18300653541666667 0.3060661765625 0.1875 0.30575980468749997 0.19076797291666667 0.30024509843749997 0.20261437916666666 0.2977941171875 0.21323529375 0.3045343140625 0.21813725416666668 0.3140318625 0.21895424791666668 0.3201593140625 0.22181372500000002 0.3229166671875 0.22467320208333333 0.327818628125 0.23692810416666665 0.33057597968749997 0.23856209166666667 0.33700980468749997 0.24550653541666667 0.33823529375 0.24877451041666668 0.346507353125 0.2565359479166667 0.35232843125 0.2565359479166667 0.3578431375 0.24877451041666668 0.36274509843749997 0.24509803958333334 0.37193627500000004 0.23488562083333334 0.384803921875 0.21650326875 0.3897058828125 0.20057189583333335 0.39368872499999996 0.19403594791666665 0.39767156875 0.19117647083333333 0.4047181375 0.19035947708333334 0.4114583328125 0.18668300625 0.41574754843750006 0.1858660125 0.41942402031250003 0.18259803958333334 0.419117646875 0.17728758125 0.4166666671875 0.16789215625 0.419117646875 0.1609477125 0.4200367640625 0.15196078333333332 0.4224877453125 0.14501633958333335 0.4224877453125 0.13684640625 0.416053921875 0.12581699375 0.41574754843750006 0.11233660208333333 0.4172794125 0.10171568541666667 0.4108455875 0.090686275 0.40073529375000005 0.0829248375 0.3970588234375 0.08251633958333333 0.38694852968750004 0.07720588333333334 0.3795955875 0.07720588333333334 0.3728553921875 0.07924836666666667 0.36948529375 0.07557189583333333 0.365196078125 0.07434640625000001 0.36274509843749997 0.07557189583333333 0.35569852968750004 0.08333333333333333 0.35232843125 0.09109477083333334 0.34742647031249996 0.08986928125 0.344056371875 0.08619281041666667 0.337928921875 0.08333333333333333 0.332414215625 0.08333333333333333 0.32567402031250003 0.08986928125 0.3189338234375 0.09395424791666666 0.312806371875 0.10212418333333333 0.30943627500000004 0.10988562083333334 0.30851715625 0.11478758125 0.305147059375 0.12091503333333334 0.304227940625 0.12581699375 0.3060661765625 0.13153594791666667 0.30698529375 0.13153594791666667 0.30943627500000004 0.1360294125 0.30943627500000004 0.14501633958333335
0 0.2720588234375 0.6474673208333334 0.27787990156250003 0.6409313729166667 0.281556371875 0.6343954249999999 0.29319852968750004 0.6209150333333333 0.29442402031250003 0.6107026145833333 0.296875 0.6045751625 0.29932597968749997 0.5910947708333333 0.30085784375 0.5870098041666666 0.30361519531250003 0.5829248375 0.3060661765625 0.5816993458333334 0.30851715625 0.5772058833333333 0.30851715625 0.5710784312499999 0.30698529375 0.5674019604166667 0.2916666671875 0.5661764708333333 0.2818627453125 0.5608660125 0.2748161765625 0.5612745104166666 0.2732843140625 0.5665849666666667 0.273897059375 0.57434640625 0.27236519531250003 0.5763888895833333 0.26807597968749997 0.5772058833333333 0.265318628125 0.5800653604166667 0.2561274515625 0.5939542479166667 0.25367647031249996 0.6037581708333334 0.24448529375 0.6188725500000001 0.24448529375 0.6254084958333334 0.2545955875 0.6388888895833333 0.2647058828125 0.6482843145833334 0.2720588234375 0.6474673208333334
0 0.49509803906250005 0.23120915 0.49693627500000004 0.23733660208333335 0.5036764703125 0.24591503333333334 0.5091911765625 0.24877451041666668 0.5147058828125 0.25367647083333333 0.5248161765625 0.2565359479166667 0.528492646875 0.25612745 0.5330882359375 0.25367647083333333 0.5395220593750001 0.24673202708333333 0.5459558828125 0.23488562083333334 0.5459558828125 0.22998366041666665 0.5401348046875001 0.2214052291666667 0.5297181375 0.21364379166666667 0.5165441171875 0.21527777708333332 0.501225490625 0.20874182916666667 0.4978553921875 0.21037581666666666 0.4935661765625 0.21568627499999998 0.49264705937500003 0.22222222291666668 0.4935661765625 0.22589869375 0.49509803906250005 0.22712418333333334 0.49509803906250005 0.23120915
0 0.948835784375 0 0.9469975484375001 0.004901960416666667 0.9469975484375001 0.008986927083333334 0.9522058828125 0.024509804166666666 0.9604779406249999 0.03063725416666667 0.9696691171875 0.03063725416666667 0.9761029406249999 0.0265522875 0.9859068625 0.024509804166666666 0.9892769609375 0.022875816666666667 0.9911151953124999 0.0204248375 0.9993872546875 0.017156862499999998 0.9993872546875 0 0.948835784375 0
0 0.903186275 0.6188725500000001 0.90226715625 0.6392973854166667 0.9044117640625 0.6474673208333334 0.9111519609375 0.64460784375 0.9157475484375001 0.640522875 0.9166666671874999 0.6376633979166667 0.9181985296875 0.6364379083333334 0.9181985296875 0.6290849666666667 0.919117646875 0.6262254895833334 0.9292279406249999 0.6123366020833333 0.9310661765624999 0.60620915 0.93351715625 0.6025326791666666 0.9460784312499999 0.60089869375 0.9485294124999999 0.5980392166666667 0.9494485296875 0.5906862749999999 0.948835784375 0.5882352937499999 0.9457720593750001 0.5857843145833334 0.9292279406249999 0.5853758166666666 0.9276960781250001 0.58210784375 0.92585784375 0.5723039208333333 0.9234068625 0.5694444437499999 0.919117646875 0.5674019604166667 0.9148284312499999 0.5686274499999999 0.9132965687500001 0.5706699354166667 0.910539215625 0.5849673208333334 0.903186275 0.5849673208333334 0.90226715625 0.5882352937499999 0.9041053921875 0.5955882354166667 0.9041053921875 0.6156045750000001 0.903186275 0.6188725500000001
0 0.3998161765625 0.25816993541666666 0.4047181375 0.26307189583333335 0.41401133593750006 0.27668831666666666 0.41819852968750004 0.2810457520833333 0.4224877453125 0.2802287583333333 0.4454656859375 0.2589869270833333 0.450367646875 0.25122548958333335 0.45067402031250003 0.24877451041666668 0.4537377453125 0.24591503333333334 0.45618872499999996 0.23774509791666668 0.44362745156249994 0.2201797395833333 0.4368872546875 0.20669934583333335 0.4329044125 0.19076797291666667 0.43351715625000004 0.17892156874999998 0.43259803906250005 0.17606209166666667 0.42524509843749997 0.16503267916666667 0.421875 0.1670751625 0.41942402031250003 0.17075163333333335 0.41942402031250003 0.18218954166666668 0.41819852968750004 0.18382352916666667 0.4108455875 0.18668300625 0.405943628125 0.19035947708333334 0.3998161765625 0.19117647083333333 0.394914215625 0.19403594791666665 0.3887867640625 0.20383986875 0.387867646875 0.20955882291666666 0.3844975484375 0.21895424791666668 0.3829656859375 0.23039215625 0.3854166671875 0.23856209166666667 0.3927696078125 0.24632352916666667 0.3998161765625 0.25816993541666666
0 0.7748161765625 0.2201797395833333 0.780024509375 0.22549019583333332 0.7858455875 0.23570261458333333 0.7916666671875 0.24142156874999998 0.7931985296875 0.24468954166666668 0.80085784375 0.24632352916666667 0.80238970625 0.25081699375 0.8036151953124999 0.25081699375 0.8036151953124999 0.24673202708333333 0.801164215625 0.24591503333333334 0.7993259796875 0.23774509791666668 0.80238970625 0.23325163333333335 0.8066789218749999 0.2295751625 0.8244485296875 0.2295751625 0.8287377453125 0.22589869375 0.8305759796875 0.22099673125 0.8314950984375 0.21691176458333333 0.8314950984375 0.19771241875 0.8290441171875 0.18423202708333333 0.8287377453125 0.17687908541666666 0.8272058828125 0.17156862708333334 0.8272058828125 0.15400326875 0.823835784375 0.14665032708333334 0.8195465687500001 0.14256536041666665 0.8118872546875 0.13888888958333334 0.8030024515624999 0.13194444375 0.796875 0.13235294166666667 0.7950367640625 0.13480392083333334 0.79289215625 0.14133986875 0.7889093140625 0.14746732083333333 0.775428921875 0.15196078333333332 0.7738970593750001 0.15441176458333333 0.7705269609375 0.17156862708333334 0.7680759796875 0.17524509791666668 0.7662377453125 0.18504901875 0.765318628125 0.1858660125 0.7631740203125 0.1956699354166667 0.7631740203125 0.20016339791666665 0.7662377453125 0.20710784375 0.7748161765625 0.2201797395833333
0 0.7037377453125 0.35375817083333333 0.70710784375 0.3541666666666667 0.70710784375 0.35702614374999997 0.7104779406249999 0.35702614374999997 0.7123161765625 0.3549836604166667 0.7104779406249999 0.3533496729166667 0.7012867640625 0.35375817083333333 0.7006740203125 0.3549836604166667 0.702818628125 0.35661764791666667 0.7048100484375001 0.35661764791666667 0.7037377453125 0.35375817083333333
0 0.7392769609375 0.31658496666666663 0.7417279406249999 0.3214869270833333 0.7481617640625 0.3239379083333333 0.755821078125 0.3223039208333333 0.7576593140625 0.32066993541666666 0.7594975484375001 0.31699346458333333 0.761335784375 0.30841503333333337 0.7610294125 0.27900326875000003 0.7533700984375 0.2749183 0.746936275 0.27450980416666665 0.7408088234375 0.27859477083333334 0.7359068625 0.28962418333333334 0.7352941171875 0.3002450979166667 0.7368259796875 0.30759803958333337 0.7392769609375 0.31290849583333336 0.7392769609375 0.31658496666666663
0 0.1084558828125 0.2214052291666667 0.109681371875 0.2214052291666667 0.11948529375000001 0.22998366041666665 0.1302083328125 0.23161764791666667 0.1344975484375 0.22549019583333332 0.1369485296875 0.22385620833333333 0.1412377453125 0.2160947708333333 0.14368872500000002 0.20710784375 0.14307597968750002 0.19771241875 0.13817402031249998 0.18259803958333334 0.13878676406249998 0.17769607916666666 0.13357843125 0.16503267916666667 0.1302083328125 0.16217320208333333 0.112438725 0.16380718958333332 0.1056985296875 0.16748366041666665 0.10079656875000001 0.17524509791666668 0.0998774515625 0.18300653541666667 0.096507353125 0.19117647083333333 0.0958946078125 0.203022875 0.0974264703125 0.20710784375 0.10232843124999999 0.21200980416666668 0.1084558828125 0.2214052291666667
0 0.6295955875 0 0.628063725 0.004084966666666667 0.629289215625 0.008169935416666666 0.6381740203125 0.018382352083333334 0.6412377453125 0.023692810416666665 0.643688725 0.03308823541666667 0.65073529375 0.041666666666666664 0.657475490625 0.043709149999999995 0.659313725 0.0420751625 0.671568628125 0.03921568541666667 0.6740196078125 0.03553921666666667 0.6767769609375 0.017156862499999998 0.6767769609375 0.004901960416666667 0.6752450984375 0 0.6295955875 0
0 0.2916666671875 0.196895425 0.296568628125 0.20016339791666665 0.301164215625 0.1985294125 0.30575980468749997 0.18954248333333332 0.30851715625 0.17851307291666665 0.3109681375 0.17524509791666668 0.3118872546875 0.1625817 0.30943627500000004 0.15563725416666668 0.30851715625 0.14950980416666668 0.30851715625 0.13684640625 0.304227940625 0.12867647083333333 0.30361519531250003 0.11968954166666666 0.30085784375 0.11642156875000001 0.29932597968749997 0.11642156875000001 0.2950367640625 0.12254901875 0.294117646875 0.12826797291666667 0.28492647031249996 0.1515522875 0.28492647031249996 0.15563725416666668 0.282475490625 0.1609477125 0.28125 0.16748366041666665 0.27818627500000004 0.17320261458333333 0.27726715625 0.18014705833333336 0.2763480390625 0.18137255 0.27573529375 0.1858660125 0.2766544125 0.1875 0.2858455875 0.1875 0.2916666671875 0.196895425
0 0.2671568625 0.1670751625 0.26899509843749997 0.17524509791666668 0.27236519531250003 0.171977125 0.273897059375 0.1670751625 0.2763480390625 0.16421568541666665 0.27726715625 0.15727124166666667 0.2833946078125 0.14501633958333335 0.284007353125 0.13766339791666665 0.2907475484375 0.12377451041666668 0.292585784375 0.11519607916666666 0.294117646875 0.11315359374999999 0.296875 0.1045751625 0.296875 0.0984477125 0.29319852968750004 0.09436274583333333 0.2864583328125 0.096813725 0.2827818625 0.11111111041666667 0.2763480390625 0.11887255000000001 0.2748161765625 0.12295751666666667 0.273897059375 0.12826797291666667 0.273897059375 0.14419934583333335 0.2671568625 0.16053921666666668 0.2671568625 0.1670751625
0 0.234375 0.09967320208333333 0.23590686249999998 0.0984477125 0.2349877453125 0.09150326874999999 0.234068628125 0.09150326874999999 0.23345588281250002 0.09599673125000001 0.23529411718749998 0.09763071875 0.23345588281250002 0.09885620833333333 0.234375 0.09967320208333333
0 0.237438725 0.08741829999999999 0.23835784375000002 0.08578431458333333 0.237438725 0.08619281041666667 0.2368259796875 0.0890522875 0.23774509843749997 0.08986928125 0.23835784375000002 0.08823529375 0.237438725 0.08741829999999999
0 0.24019607812500002 0.08374182916666667 0.238664215625 0.08496732083333333 0.241727940625 0.08496732083333333 0.2411151953125 0.08333333333333333 0.24019607812500002 0.08374182916666667
0 0.2509191171875 0.07761437916666666 0.251225490625 0.07883986875 0.25551470625 0.07761437916666666 0.2509191171875 0.07761437916666666
0 0.00078125 0.3072916666666667 0.0015625 0.0020833333333333333
0 0.046875 0.2863562083333333 0.046875 0.2826797395833333 0.0459558828125 0.2826797395833333 0.046875 0.2863562083333333
0 0.073835784375 0.3627450979166667 0.08670343124999999 0.3619281041666667 0.0946691171875 0.3590686270833333 0.0998774515625 0.35089869375 0.1084558828125 0.3300653604166667 0.1127450984375 0.3235294125 0.11335784374999999 0.31985294166666667 0.121936275 0.30800653541666667 0.1228553921875 0.30392156875 0.121936275 0.3014705875 0.1228553921875 0.28553921666666665 0.126225490625 0.27573529375 0.126225490625 0.2708333333333333 0.1234681375 0.26960784375 0.11856617656249999 0.2700163395833333 0.1078431375 0.27450980416666665 0.09926470625 0.27655228750000005 0.0943627453125 0.2818627458333333 0.0931372546875 0.28594771249999995 0.08976715625000001 0.2916666666666667 0.08823529375 0.2924836604166667 0.0870098046875 0.2977941166666667 0.083946078125 0.303104575 0.08333333281250001 0.3071895416666666 0.07965686250000001 0.30882352916666667 0.077818628125 0.31168300625 0.075367646875 0.3182189541666667 0.073835784375 0.31985294166666667 0.0719975484375 0.3272058833333333 0.0719975484375 0.33660130625 0.0762867640625 0.3451797395833333 0.07291666718749999 0.3549836604166667 0.073835784375 0.3627450979166667
0 0.008884804687500001 0.43014705833333333 0.022977940625000002 0.44035947708333334 0.0346200984375 0.44199346458333333 0.043811275 0.4473039208333333 0.05085784375 0.45383986875000004 0.0634191171875 0.4575163395833333 0.0670955875 0.4599673208333333 0.07107843124999999 0.45874182916666667 0.075367646875 0.44934640625 0.0772058828125 0.43464052291666666 0.0787377453125 0.4309640520833333 0.09895833281250001 0.4297385625 0.10232843124999999 0.42728758125 0.1026348046875 0.4207516333333333 0.0998774515625 0.41339869375 0.09681372499999999 0.40890522916666666 0.090992646875 0.39705882291666666 0.08976715625000001 0.3925653604166667 0.0857843140625 0.3860294125 0.07107843124999999 0.36805555624999997 0.0674019609375 0.365604575 0.0560661765625 0.3627450979166667 0.048406862499999995 0.3582516333333333 0.03676470625 0.35702614374999997 0.030637254687499997 0.3541666666666667 0.0248161765625 0.3545751625 0.0223651953125 0.36151960833333335 0.0223651953125 0.37091503333333337 0.023897059374999998 0.37540849583333336 0.023897059374999998 0.38521241875 0.022977940625000002 0.3897058833333333 0.0220588234375 0.39011437916666664 0.014705882812500001 0.384395425 0.00857843125 0.38316993541666666 0.00551470625 0.3872549020833333 0.0036764703125 0.3941993458333333 0.0036764703125 0.40890522916666666 0.0061274515625 0.41911764791666667 0.00704656875 0.428104575 0.008884804687500001 0.43014705833333333
0 0.13357843125 0.7369281041666667 0.13357843125 0.7483660125 0.1354166671875 0.7459150333333333 0.137867646875 0.7455065354166667 0.15441176406249998 0.734477125 0.1556372546875 0.73202614375 0.1556372546875 0.7214052291666667 0.156556371875 0.7165032687499999 0.1614583328125 0.70383986875 0.1608455875 0.6960784312499999 0.1541053921875 0.6805555562500001 0.148897059375 0.6809640520833333 0.1443014703125 0.68504901875 0.14154411718749998 0.68504901875 0.140318628125 0.6838235291666667 0.13817402031249998 0.6919934645833333 0.13878676406249998 0.7099673208333334 0.136335784375 0.7193627458333334 0.136335784375 0.7234477125000001 0.13357843125 0.7369281041666667
0 0.879289215625 0.06331699375000001 0.8786764703125 0.06617647083333333 0.8802083328125001 0.06617647083333333 0.8814338234375001 0.06372548958333334 0.879289215625 0.06331699375000001
0 0.887867646875 0.06821895416666666 0.8869485296875 0.06045751666666667 0.8835784312499999 0.06045751666666667 0.8848039218749999 0.06740196041666667 0.8860294124999999 0.06903594791666667 0.887867646875 0.06821895416666666
0 0.88359375 0.05416666666666667 0.00078125 0.0020833333333333333
0 0.8244485296875 0.14338235208333333 0.8287377453125 0.14133986875 0.8373161765624999 0.12867647083333333 0.8489583328125001 0.12173202708333333 0.8507965687500001 0.12295751666666667 0.8578431375 0.1233660125 0.8599877453125 0.125 0.8618259796875 0.1233660125 0.8618259796875 0.12173202708333333 0.863664215625 0.12132352916666668 0.86335784375 0.12295751666666667 0.8664215687500001 0.12377451041666668 0.8685661765624999 0.12704248333333334 0.8728553921875 0.125 0.873774509375 0.12173202708333333 0.871936275 0.11887255000000001 0.8716299015625 0.115604575 0.876225490625 0.115604575 0.8768382359375 0.11437908541666666 0.875306371875 0.11288112708333334 0.875306371875 0.11056658541666667 0.8768382359375 0.11111111041666667 0.8795955875000001 0.10906862708333334 0.8802083328125001 0.10702614375 0.8802083328125001 0.10375817083333333 0.8786764703125 0.10089869375 0.879289215625 0.10008170000000001 0.8811274515624999 0.10171568541666667 0.8835784312499999 0.10171568541666667 0.8844975484375001 0.09640522916666666 0.8869485296875 0.09313725416666667 0.8869485296875 0.0890522875 0.8844975484375001 0.08088235208333333 0.8786764703125 0.07148692708333333 0.878063725 0.06740196041666667 0.8759191171875 0.06576797291666667 0.877757353125 0.05923202708333333 0.8795955875000001 0.05718954166666667 0.87898284375 0.05759803958333333 0.877757353125 0.05228758125 0.876225490625 0.05024509791666667 0.875 0.05228758125 0.8728553921875 0.052696079166666666 0.871936275 0.053921568749999996 0.871936275 0.058006535416666664 0.86488970625 0.05637255 0.8642769609375 0.05024509791666667 0.859681371875 0.04452614375 0.8556985296875 0.041666666666666664 0.8422181375 0.0375817 0.8373161765624999 0.039624183333333333 0.8330269609375 0.04411764791666666 0.8272058828125 0.047794116666666664 0.823835784375 0.052696079166666666 0.8204656859374999 0.07066993541666666 0.813725490625 0.08700980416666666 0.80851715625 0.10416666666666667 0.8079044124999999 0.1233660125 0.809436275 0.13194444375 0.813725490625 0.13725490208333332 0.8244485296875 0.14338235208333333
0 0 0.08578431458333333 0.008884804687500001 0.09109477083333334 0.010416667187500001 0.09313725416666667 0.0162377453125 0.09395424791666666 0.0232843140625 0.09722222291666666 0.029718137500000002 0.10375817083333333 0.0330882359375 0.10906862708333334 0.0401348046875 0.11437908541666666 0.0459558828125 0.11764705833333333 0.049632353125 0.11601307291666667 0.048406862499999995 0.11274509791666666 0.042585784375000005 0.10743463958333334 0.0389093140625 0.10130718958333333 0.037377451562500004 0.08251633958333333 0.031556371875 0.06944444375 0.025428921875 0.06454248333333333 0.0180759796875 0.060866012500000004 0.011335784375000001 0.05228758125 0.007352940625 0.04452614375 0.0018382359375 0.04084967291666666 0 0.04084967291666666 0 0.08578431458333333
0 0.4935661765625 0.365604575 0.49601715625000004 0.3684640520833333 0.49601715625000004 0.37009803958333337 0.500306371875 0.37540849583333336 0.5045955875 0.37704248333333334 0.515318628125 0.37622548958333335 0.52267156875 0.37377451041666665 0.52573529375 0.36764705833333333 0.5266544125 0.3549836604166667 0.5287990203125 0.3435457520833333 0.5291053921875 0.33823529375 0.52726715625 0.33374182916666667 0.5248161765625 0.33047385625000003 0.515318628125 0.32434640625 0.511335784375 0.3272058833333333 0.5052083328125 0.32271241875 0.49601715625000004 0.32434640625 0.49662990156250003 0.32761437916666664 0.4935661765625 0.33088235208333333 0.494178921875 0.33782679791666664 0.490196078125 0.3488562083333333 0.490196078125 0.35702614374999997 0.4935661765625 0.365604575
0 0.8619791671874999 0.21568627499999998 0.8627450984375 0.21772875833333333 0.859681371875 0.21977124166666667 0.8584558828125 0.2234477125 0.8517156859374999 0.23284313750000002 0.8517156859374999 0.23488562083333334 0.855085784375 0.24019607916666666 0.8642769609375 0.2483660125 0.886335784375 0.24754901875 0.8897058828125 0.24591503333333334 0.9001225484375001 0.23529411666666666 0.901960784375 0.23488562083333334 0.9077818625 0.2295751625 0.910539215625 0.22998366041666665 0.9129901953124999 0.23243463958333335 0.9148284312499999 0.23774509791666668 0.9240196078125 0.23774509791666668 0.92738970625 0.23406862708333334 0.9316789218749999 0.22385620833333333 0.9310661765624999 0.21650326875 0.93198529375 0.2140522875 0.93198529375 0.20833333333333334 0.9276960781250001 0.19117647083333333 0.9283088234375001 0.17769607916666666 0.92738970625 0.171977125 0.9224877453125 0.16176470625 0.9181985296875 0.15604575208333332 0.910539215625 0.1515522875 0.9041053921875 0.15073529375 0.8995098046875001 0.15277777708333332 0.8958333328125001 0.15277777708333332 0.8844975484375001 0.14869281041666668 0.8728553921875 0.14869281041666668 0.86948529375 0.15073529375 0.8627450984375 0.16339869375 0.8599877453125 0.16666666666666666 0.8535539218749999 0.17034313750000002 0.8501838234375001 0.17565359375 0.844975490625 0.18627451041666668 0.8431372546875 0.19403594791666665 0.842524509375 0.20261437916666666 0.844975490625 0.20751633958333335 0.8523284312499999 0.21323529375 0.8619791671874999 0.21568627499999998
0 0.9142156859374999 0.15073529375 0.921568628125 0.15318627499999998 0.9316789218749999 0.15931372500000002 0.9341299015625 0.16217320208333333 0.936274509375 0.16748366041666665 0.9341299015625 0.17442810416666665 0.9301470593750001 0.18014705833333336 0.9292279406249999 0.18423202708333333 0.9292279406249999 0.19281045833333332 0.9310661765624999 0.20220588333333334 0.9350490203125 0.21323529375 0.9353553921875 0.23774509791666668 0.9368872546875 0.24019607916666666 0.9436274515624999 0.24305555625 0.952818628125 0.24346405208333335 0.9733455875000001 0.24101307291666665 0.984375 0.23733660208333335 0.9914215687500001 0.23733660208333335 0.9950980390625 0.23488562083333334 0.9978553921875 0.23120915 0.9993872546875 0.23120915 0.9993872546875 0.20220588333333334 0.9978553921875 0.20220588333333334 0.99448529375 0.19607843125000002 0.9950980390625 0.18014705833333336 0.9978553921875 0.17524509791666668 0.9993872546875 0.17524509791666668 0.9993872546875 0.07434640625000001 0.99448529375 0.07393790833333333 0.9908088234375001 0.07638888958333333 0.987438725 0.07638888958333333 0.984375 0.07434640625000001 0.9782475484375001 0.07352941249999999 0.9724264703125 0.06944444375 0.9601715687500001 0.06658496666666666 0.9537377453125 0.06740196041666667 0.9485294124999999 0.07230392083333334 0.9469975484375001 0.07761437916666666 0.94301470625 0.08455882291666666 0.9341299015625 0.09313725416666667 0.9310661765624999 0.09436274583333333 0.9234068625 0.10620915 0.917585784375 0.11274509791666666 0.9132965687500001 0.125 0.9123774515624999 0.13398692708333335 0.9099264703125 0.14133986875 0.9099264703125 0.14705882291666666 0.9142156859374999 0.15073529375
0 0.8170955875000001 0.6229575166666667 0.8262867640625 0.6335784312499999 0.831188725 0.6339869270833333 0.8431372546875 0.6233660125 0.8452818625 0.6180555562500001 0.8526348046875001 0.6196895416666667 0.8587622546875 0.6156045750000001 0.8599877453125 0.6127450979166666 0.859375 0.6033496729166666 0.8575367640625 0.5964052291666667 0.8547794124999999 0.5910947708333333 0.8498774515624999 0.5857843145833334 0.8422181375 0.5829248375 0.8379289218749999 0.5833333333333334 0.8351715687500001 0.5853758166666666 0.827818628125 0.5857843145833334 0.825367646875 0.5882352937499999 0.8244485296875 0.5910947708333333 0.8235294124999999 0.5992647062500001 0.8201593140625001 0.6127450979166666 0.8170955875000001 0.6180555562500001 0.8170955875000001 0.6229575166666667
0 0.957414215625 0.6907679729166667 0.9604779406249999 0.6924019604166667 0.96476715625 0.6924019604166667 0.969975490625 0.6903594770833333 0.9767156859374999 0.6834150333333333 0.9819240203125 0.6760620916666666 0.9877450984375 0.6715686270833333 0.9917279406249999 0.6658496729166666 0.9911151953124999 0.6564542479166667 0.98835784375 0.6478758166666666 0.9877450984375 0.6425653604166667 0.9837622546875 0.63684640625 0.971813725 0.63684640625 0.9672181375 0.6352124187499999 0.9607843140625001 0.63684640625 0.9555759796875 0.64297385625 0.952818628125 0.6511437916666666 0.9522058828125 0.6617647062500001 0.9546568625 0.6732026145833333 0.9540441171875 0.6858660125 0.957414215625 0.6907679729166667
0 0.0609681375 0.48733660208333335 0.0649509796875 0.4877450979166667 0.06770833281250001 0.484477125 0.0689338234375 0.4795751625 0.07107843124999999 0.4775326791666667 0.0744485296875 0.47712418333333334 0.083946078125 0.48570261458333336 0.0848651953125 0.4877450979166667 0.0916053921875 0.49264705833333333 0.0986519609375 0.49305555624999997 0.10079656875000001 0.4946895416666666 0.10324754843749999 0.4946895416666666 0.10814950937500001 0.4922385625 0.112438725 0.48651960833333335 0.1295955875 0.5 0.1341911765625 0.49795751666666666 0.140318628125 0.49142156875 0.14368872500000002 0.490604575 0.1473651953125 0.4869281041666667 0.1513480390625 0.47058823541666667 0.1473651953125 0.45955882291666666 0.147977940625 0.45547385625000003 0.1470588234375 0.44607843125 0.148897059375 0.4432189541666667 0.147977940625 0.43872548958333335 0.14307597968750002 0.43545751666666666 0.13664215625 0.4276960791666667 0.130821078125 0.42401960833333335 0.12316176406249998 0.4142156854166667 0.12009803906250001 0.41380718958333335 0.11519607812499999 0.4142156854166667 0.112438725 0.41911764791666667 0.1056985296875 0.42320261458333336 0.10324754843749999 0.4297385625 0.10018382343750001 0.4321895416666666 0.096507353125 0.4321895416666666 0.0955882359375 0.43382352916666667 0.0931372546875 0.43137254999999997 0.0814950984375 0.4321895416666666 0.0787377453125 0.43668300625 0.077818628125 0.44934640625 0.07291666718749999 0.45588235208333333 0.070772059375 0.4624183 0.066789215625 0.46200980416666665 0.061887254687500004 0.45874182916666667 0.057598039062499995 0.4575163395833333 0.051776960937500005 0.45874182916666667 0.051164215624999995 0.4599673208333333 0.056678921874999996 0.47181372499999996 0.05851715625 0.4824346395833333 0.0609681375 0.48733660208333335
0 0.055759804687500004 0.15400326875 0.059436275000000004 0.178104575 0.063725490625 0.18872548958333332 0.06770833281250001 0.19199346458333333 0.0661764703125 0.19607843125000002 0.06770833281250001 0.19730392083333334 0.072303921875 0.196895425 0.0744485296875 0.19934640625 0.0775122546875 0.19893790833333333 0.07965686250000001 0.1956699354166667 0.07965686250000001 0.19403594791666665 0.0814950984375 0.19240196041666666 0.0814950984375 0.1891339875 0.0857843140625 0.18382352916666667 0.0888480390625 0.18218954166666668 0.0916053921875 0.17728758125 0.09221813749999999 0.17361111041666666 0.096507353125 0.16462418333333334 0.0955882359375 0.15931372500000002 0.094056371875 0.15808823541666667 0.0931372546875 0.1535947708333333 0.0903799015625 0.1499183 0.0873161765625 0.13725490208333332 0.0787377453125 0.12050653541666666 0.068321078125 0.11233660208333333 0.0634191171875 0.11274509791666666 0.057598039062499995 0.115604575 0.054227940625000005 0.11846405208333333 0.0490196078125 0.12663398750000002 0.048406862499999995 0.13807189583333335 0.0493259796875 0.14297385624999998 0.052696078125000004 0.15073529375 0.055759804687500004 0.15400326875
0 0.7267156859375 0.37091503333333337 0.7328431375 0.3827614375 0.7392769609375 0.38684640625 0.7475490203125 0.3880718958333333 0.7524509796875 0.3839869270833333 0.7576593140625 0.37254901875 0.759803921875 0.3627450979166667 0.762867646875 0.3582516333333333 0.7647058828125 0.3525326791666667 0.764399509375 0.34681372499999996 0.7604166671875 0.34109477083333334 0.7493872546875 0.3272058833333333 0.7426470593750001 0.32271241875 0.740196078125 0.3223039208333333 0.7368259796875 0.3239379083333333 0.7310049015625 0.3329248375 0.7267156859375 0.3357843145833333 0.7224264703125 0.34150326875000003 0.721813725 0.3488562083333333 0.7233455875 0.3545751625 0.72579656875 0.3590686270833333 0.7267156859375 0.37091503333333337
0 0.437806371875 0.29820261458333336 0.437806371875 0.29983660208333335 0.4329044125 0.30228758125 0.42432597968749997 0.31535947708333334 0.4227941171875 0.3300653604166667 0.42432597968749997 0.33537581666666666 0.42677696093749995 0.33905228750000005 0.427696078125 0.3435457520833333 0.437806371875 0.3545751625 0.44056372499999996 0.35988562083333336 0.44607843125 0.36315359375 0.4549632359375 0.3627450979166667 0.46047794062499997 0.3525326791666667 0.4641544125 0.3500817 0.4733455875 0.34803921666666665 0.4852941171875 0.3316993458333333 0.4865196078125 0.32434640625 0.484375 0.3182189541666667 0.481617646875 0.3141339875 0.47181372499999996 0.30759803958333337 0.4693627453125 0.30392156875 0.4681372546875 0.3014705875 0.4666053921875 0.2892156854166667 0.46384803906250005 0.28594771249999995 0.462928921875 0.2826797395833333 0.46384803906250005 0.2716503270833333 0.4705882359375 0.259395425 0.47242647031249996 0.25816993541666666 0.4739583328125 0.25367647083333333 0.4739583328125 0.25122548958333335 0.46875 0.24305555625 0.46568627500000004 0.240604575 0.4623161765625 0.24019607916666666 0.45741421562499995 0.24346405208333335 0.4522058828125 0.24918300625 0.44883578437500005 0.25449346458333333 0.44883578437500005 0.25612745 0.4442401953125 0.2622549020833333 0.4286151953125 0.27573529375 0.427696078125 0.27900326875000003 0.427696078125 0.2826797395833333 0.43504902031250003 0.28962418333333334 0.4359681375 0.2957516333333333 0.437806371875 0.29820261458333336
0 0.4108455875 0.5625 0.41482843125 0.5641339875 0.4209558828125 0.56331699375 0.4224877453125 0.5584150333333333 0.4224877453125 0.5477941166666667 0.41574754843750006 0.5314542479166666 0.4056372546875 0.5175653604166667 0.40073529375000005 0.5167483666666667 0.398897059375 0.5175653604166667 0.397977940625 0.5200163395833334 0.39736519531250003 0.52900326875 0.3998161765625 0.5465686270833333 0.40931372499999996 0.5588235291666667 0.4108455875 0.5625
0 0.0330882359375 0 0.02726715625 0.01184640625 0.026348039062500002 0.019199345833333333 0.023897059374999998 0.0265522875 0.023897059374999998 0.033496731249999995 0.0248161765625 0.0359477125 0.0379901953125 0.03921568541666667 0.0435049015625 0.0420751625 0.0450367640625 0.04452614375 0.0505514703125 0.04738562083333333 0.056678921874999996 0.052696079166666666 0.063725490625 0.06168300625 0.063725490625 0.06331699375000001 0.06556372499999999 0.06576797291666667 0.0686274515625 0.06821895416666666 0.07506127500000001 0.06903594791666667 0.086397059375 0.07352941249999999 0.09895833281250001 0.07230392083333334 0.1056985296875 0.06862744999999999 0.112438725 0.06862744999999999 0.1182598046875 0.07107843124999999 0.121936275 0.07107843124999999 0.125 0.06903594791666667 0.1311274515625 0.05555555625 0.13204656875 0.023284314583333333 0.13357843125 0.01756536041666667 0.1326593140625 0.014705883333333334 0.1234681375 0.01021241875 0.11519607812499999 0.01021241875 0.10539215625000001 0.015522875 0.0958946078125 0.01756536041666667 0.0946691171875 0.015931372916666665 0.094975490625 0.013888889583333335 0.09773284374999999 0.01184640625 0.0998774515625 0.008169935416666666 0.0946691171875 0 0.0330882359375 0
0 0.5830269609375 0.365604575 0.583946078125 0.37173202708333336 0.5854779406249999 0.375 0.590686275 0.37867647083333333 0.6017156859375 0.37867647083333333 0.609375 0.375 0.6109068625 0.37091503333333337 0.6127450984375 0.3696895416666666 0.6142769609375 0.36315359375 0.6167279406249999 0.359477125 0.6182598046875001 0.3533496729166667 0.6167279406249999 0.3435457520833333 0.6127450984375 0.33823529375 0.606617646875 0.3374183 0.6075367640625 0.3235294125 0.6056985296875 0.31985294166666667 0.6017156859375 0.31740196041666663 0.594975490625 0.31740196041666663 0.58976715625 0.3263888895833333 0.5830269609375 0.32761437916666664 0.5775122546875 0.3325163395833333 0.573835784375 0.34068627500000004 0.5729166671875 0.3443627458333333 0.573835784375 0.3517156854166667 0.5796568625 0.3590686270833333 0.5830269609375 0.365604575
0 0.5689338234375 0.17442810416666665 0.5729166671875 0.18137255 0.573835784375 0.18668300625 0.5772058828125 0.19444444375 0.5863970593750001 0.203022875 0.5873161765625 0.20547385624999998 0.5863970593750001 0.20833333333333334 0.5863970593750001 0.21691176458333333 0.5873161765625 0.2201797395833333 0.5931372546875 0.22875817083333333 0.596507353125 0.22998366041666665 0.5974264703125 0.23202614375000002 0.60079656875 0.23406862708333334 0.6075367640625 0.23651960833333333 0.612438725 0.23529411666666666 0.625306371875 0.22058823541666667 0.6311274515624999 0.21037581666666666 0.63204656875 0.20588235208333333 0.6344975484375001 0.20383986875 0.6412377453125 0.19158496666666666 0.6430759796875 0.18137255 0.653186275 0.17238562083333334 0.6547181375 0.16789215625 0.6547181375 0.16421568541666665 0.65073529375 0.16462418333333334 0.643688725 0.15400326875 0.6421568625 0.14338235208333333 0.6397058828125 0.13807189583333335 0.6354166671875 0.11805555625 0.63357843125 0.11519607916666666 0.6228553921875 0.11519607916666666 0.6127450984375 0.11887255000000001 0.6102941171875 0.12132352916666668 0.609068628125 0.12295751666666667 0.6041666671875 0.14011437916666666 0.6017156859375 0.14338235208333333 0.5998774515624999 0.14950980416666668 0.5952818625 0.15645424791666668 0.594056371875 0.15686274583333332 0.5919117640625 0.16830065416666665 0.589460784375 0.16952614375000002 0.587928921875 0.16952614375000002 0.5870098046875001 0.16789215625 0.5854779406249999 0.15032679791666667 0.5830269609375 0.14419934583333335 0.58210784375 0.13684640625 0.5762867640625 0.12418300625 0.5744485296875 0.115604575 0.57107843125 0.11805555625 0.5704656859375 0.12050653541666666 0.5670955875 0.12377451041666668 0.566789215625 0.12622548958333332 0.5670955875 0.14011437916666666 0.565257353125 0.15073529375 0.5661764703125 0.16503267916666667 0.5689338234375 0.17442810416666665
0 0.68351715625 0.5964052291666667 0.69301470625 0.6098856208333333 0.6994485296875 0.6098856208333333 0.7046568625 0.6045751625 0.7092524515624999 0.6025326791666666 0.7135416671875 0.6025326791666666 0.7172181375 0.5992647062500001 0.7196691171875 0.5915032687499999 0.719056371875 0.5825163395833334 0.7166053921875 0.5751633979166667 0.70863970625 0.5665849666666667 0.6936274515624999 0.5637254895833334 0.690257353125 0.5645424833333333 0.68198529375 0.5710784312499999 0.6810661765625 0.57434640625 0.68198529375 0.58047385625 0.68198529375 0.5955882354166667 0.68351715625 0.5964052291666667
0 0.41758578437500005 0.10988562083333334 0.41758578437500005 0.11642156875000001 0.4200367640625 0.12622548958333332 0.4224877453125 0.12949346458333333 0.4234068625 0.13357843125000002 0.42585784374999996 0.13766339791666665 0.42432597968749997 0.15400326875 0.43198529375000005 0.16911764791666667 0.43412990156250003 0.17075163333333335 0.4353553921875 0.17524509791666668 0.43351715625000004 0.18831699375 0.4353553921875 0.1985294125 0.437806371875 0.20669934583333335 0.44178921562499995 0.21486928125 0.4522058828125 0.22916666666666666 0.46446078437500005 0.22875817083333333 0.47426470624999995 0.21895424791666668 0.4911151953125 0.2140522875 0.4978553921875 0.20710784375 0.504289215625 0.20751633958333335 0.5162377453125 0.21364379166666667 0.5229779406249999 0.21323529375 0.5263480390625 0.20996732083333333 0.52726715625 0.20261437916666666 0.5297181375 0.19648692708333335 0.5306372546875 0.18627451041666668 0.5291053921875 0.17116013125 0.5297181375 0.15686274583333332 0.5263480390625 0.13725490208333332 0.5263480390625 0.12745098125 0.5287990203125 0.12050653541666666 0.5291053921875 0.11519607916666666 0.5263480390625 0.10130718958333333 0.5223651953124999 0.09191176458333333 0.511335784375 0.08741829999999999 0.502757353125 0.07557189583333333 0.49509803906250005 0.06944444375 0.48774509843749997 0.06617647083333333 0.4767156859375 0.06535947708333333 0.47579656875 0.0641339875 0.47579656875 0.06045751666666667 0.47365196093749995 0.056781045833333335 0.4681372546875 0.053104575 0.4583333328125 0.05024509791666667 0.4427083328125 0.04820261458333333 0.438725490625 0.04820261458333333 0.43137254843750006 0.05351307291666666 0.427696078125 0.06821895416666666 0.41482843125 0.08496732083333333 0.4142156859375 0.08864379166666667 0.419117646875 0.0984477125 0.419117646875 0.10661764791666667 0.41758578437500005 0.10988562083333334
0 0.50857843125 0 0.5067401953124999 0.0032679729166666667 0.5036764703125 0.004901960416666667 0.5036764703125 0.015114379166666667 0.502757353125 0.019199345833333333 0.500306371875 0.023284314583333333 0.4993872546875 0.02736928125 0.4978553921875 0.028594770833333335 0.4954044125 0.0375817 0.49509803906250005 0.043709149999999995 0.500306371875 0.06331699375000001 0.5076593140625 0.06944444375 0.5119485296875 0.07883986875 0.519914215625 0.08537581666666667 0.52267156875 0.08578431458333333 0.5291053921875 0.09313725416666667 0.5327818625 0.09313725416666667 0.5364583328125 0.08986928125 0.5435049015625 0.08169934583333333 0.5484068625 0.07434640625000001 0.5487132359375 0.07230392083333334 0.556678921875 0.06331699375000001 0.5600490203125 0.06454248333333333 0.5643382359375 0.07434640625000001 0.5646446078125 0.07883986875 0.5686274515624999 0.08578431458333333 0.5719975484375001 0.1045751625 0.575367646875 0.11029411666666666 0.5762867640625 0.1172385625 0.5787377453125 0.12254901875 0.5805759796875 0.13153594791666667 0.58363970625 0.13807189583333335 0.583946078125 0.14133986875 0.58976715625 0.15114379166666667 0.5912990203125 0.15604575208333332 0.594975490625 0.15563725416666668 0.5989583328125 0.15032679791666667 0.5989583328125 0.14869281041666668 0.6041666671875 0.13929738541666667 0.605085784375 0.13480392083333334 0.606617646875 0.13357843125000002 0.6102941171875 0.12214052291666667 0.6142769609375 0.11805555625 0.6197916671875 0.11519607916666666 0.63357843125 0.11274509791666666 0.6360294125 0.10906862708333334 0.6354166671875 0.10212418333333333 0.625306371875 0.08455882291666666 0.62101715625 0.06454248333333333 0.6170343140625 0.05718954166666667 0.6167279406249999 0.049836602083333334 0.6182598046875001 0.046568627083333335 0.6185661765625 0.042483660416666666 0.6167279406249999 0.036356208333333334 0.6142769609375 0.03267973958333333 0.6127450984375 0.0265522875 0.61335784375 0.012254902083333333 0.609272978125 0.005582925 0.6041666671875 0 0.50857843125 0
0 0.704350490625 0.22712418333333334 0.7098651953124999 0.23202614375000002 0.7261029406249999 0.23202614375000002 0.730085784375 0.22630718958333332 0.731617646875 0.21936274583333332 0.7306985296875 0.20710784375 0.7267156859375 0.19158496666666666 0.721507353125 0.18341503333333334 0.7162990203125 0.18055555625 0.708946078125 0.1797385625 0.706188725 0.17483660208333335 0.7022058828125 0.17238562083333334 0.6994485296875 0.17320261458333333 0.6948529406249999 0.17769607916666666 0.6850490203125 0.19240196041666666 0.684436275 0.20669934583333335 0.686274509375 0.21486928125 0.6920955875 0.22303921666666668 0.704350490625 0.22712418333333334
0 0.6130514703125 0.5588235291666667 0.6170343140625 0.5637254895833334 0.6200980390625 0.5653594770833333 0.6302083328125 0.5657679729166667 0.6473651953124999 0.5637254895833334 0.6488970593750001 0.5592320270833333 0.6488970593750001 0.5518790854166666 0.6473651953124999 0.5420751625 0.6455269609375 0.5367647062500001 0.6430759796875 0.5347222229166667 0.6387867640625 0.5339052291666667 0.626225490625 0.5277777770833334 0.6167279406249999 0.5310457520833334 0.612438725 0.5363562083333334 0.609681371875 0.5375817 0.5983455875 0.5367647062500001 0.596507353125 0.5392156854166666 0.5983455875 0.5465686270833333 0.6084558828125 0.5571895416666667 0.6130514703125 0.5588235291666667
0 0.6755514703125 0.046977124999999995 0.671568628125 0.04575163333333333 0.669117646875 0.04901960833333333 0.6709558828125 0.06331699375000001 0.6740196078125 0.06740196041666667 0.6770833328125 0.07475490208333334 0.6755514703125 0.07638888958333333 0.6700367640625 0.07720588333333334 0.6700367640625 0.08088235208333333 0.6752450984375 0.08578431458333333 0.677696078125 0.090686275 0.684436275 0.09885620833333333 0.69301470625 0.10171568541666667 0.7015931375 0.10253267916666667 0.706188725 0.10089869375 0.7104779406249999 0.09722222291666666 0.719975490625 0.09395424791666666 0.7236519609375 0.09354575208333334 0.7306985296875 0.09558823541666667 0.737438725 0.09191176458333333 0.7478553921875 0.08169934583333333 0.750306371875 0.07107843124999999 0.7552083328125 0.061274510416666664 0.762867646875 0.05024509791666667 0.761335784375 0.047794116666666664 0.754289215625 0.043709149999999995 0.7493872546875 0.03921568541666667 0.7447916671875 0.03921568541666667 0.7405024515624999 0.036356208333333334 0.73835784375 0.027777777083333333 0.7368259796875 0.025326797916666664 0.733149509375 0.020833333333333332 0.7291666671875 0.019607843750000003 0.72732843125 0.01756536041666667 0.7120098046875001 0.016748366666666667 0.7055759796875 0.01756536041666667 0.6994485296875 0.020016339583333334 0.6951593140625 0.017156862499999998 0.691789215625 0.012663397916666668 0.6868872546875 0.01021241875 0.6801470593750001 0.013071895833333335 0.677696078125 0.017156862499999998 0.677696078125 0.028186275 0.6767769609375 0.031045752083333333 0.677696078125 0.04411764791666666 0.6755514703125 0.046977124999999995
0 0.1295955875 0.2642973854166667 0.1286764703125 0.27532679791666664 0.126225490625 0.27859477083333334 0.1243872546875 0.28472222291666666 0.1243872546875 0.29452614374999997 0.127757353125 0.303104575 0.1286764703125 0.3235294125 0.1295955875 0.33047385625000003 0.1311274515625 0.33374182916666667 0.1311274515625 0.34150326875000003 0.1360294125 0.35539215625 0.1369485296875 0.365604575 0.13970588281250002 0.3733660125 0.13970588281250002 0.37622548958333335 0.147977940625 0.37704248333333334 0.15441176406249998 0.37377451041666665 0.1583946078125 0.37418300625 0.1666666671875 0.37785947708333334 0.170649509375 0.37785947708333334 0.17340686249999998 0.37949346458333333 0.1780024515625 0.3888888895833333 0.1810661765625 0.39215686250000004 0.18903186249999998 0.3925653604166667 0.19914215625 0.3954248375 0.20465686249999998 0.39869281041666665 0.2055759796875 0.40073529375 0.21476715624999998 0.4076797395833333 0.22242647031249999 0.40972222291666666 0.22426470625 0.4113562083333333 0.23039215624999998 0.41217320208333336 0.2411151953125 0.41870915 0.2481617640625 0.41911764791666667 0.2493872546875 0.41789215625 0.2509191171875 0.4142156854166667 0.250306371875 0.41094771249999995 0.252757353125 0.4060457520833333 0.25367647031249996 0.39624182916666667 0.25306372499999996 0.38684640625 0.2561274515625 0.38316993541666666 0.2594975484375 0.37214052291666666 0.262867646875 0.3672385625 0.26317402031250003 0.35539215625 0.2662377453125 0.34640522916666666 0.2662377453125 0.3374183 0.262867646875 0.33047385625000003 0.2604166671875 0.3284313729166667 0.25857843125 0.32434640625 0.24601715624999998 0.30759803958333337 0.24601715624999998 0.30555555624999997 0.2521446078125 0.29820261458333336 0.26164215625 0.29738562083333336 0.2665441171875 0.2949346395833333 0.2791053921875 0.29370915 0.2861519609375 0.2908496729166667 0.28676470625 0.28431372499999996 0.285539215625 0.27287581666666666 0.281556371875 0.2614379083333333 0.2797181375 0.2516339875 0.2763480390625 0.24550653541666667 0.2763480390625 0.23611111041666666 0.284007353125 0.21936274583333332 0.28431372499999996 0.21650326875 0.2830882359375 0.21323529375 0.276960784375 0.20751633958333335 0.2763480390625 0.20547385624999998 0.2705269609375 0.19975490208333332 0.2650122546875 0.19158496666666666 0.2607230390625 0.1891339875 0.25367647031249996 0.17524509791666668 0.24846813750000002 0.17238562083333334 0.234681371875 0.17238562083333334 0.23069852968750001 0.16952614375000002 0.2267156859375 0.16911764791666667 0.22334558750000003 0.16993463958333335 0.21415441249999997 0.17565359375 0.20649509843749997 0.18504901875 0.202818628125 0.18382352916666667 0.198835784375 0.18627451041666668 0.1920955875 0.1985294125 0.1786151953125 0.19771241875 0.1767769609375 0.19934640625 0.1755514703125 0.20261437916666666 0.172181371875 0.20465686249999998 0.1623774515625 0.20424836666666665 0.156556371875 0.20547385624999998 0.1510416671875 0.21282679791666667 0.1439950984375 0.21691176458333333 0.13878676406249998 0.2250817 0.136335784375 0.22671568541666665 0.1354166671875 0.23120915 0.133272059375 0.23325163333333335 0.1295955875 0.24305555625 0.129289215625 0.24877451041666668 0.1314338234375 0.2549019604166667 0.1314338234375 0.2589869270833333 0.1295955875 0.2642973854166667
0 0.1427696078125 0.7724673208333334 0.1455269609375 0.7700163395833334 0.1556372546875 0.76633986875 0.1651348046875 0.7561274499999999 0.169117646875 0.74918300625 0.1685049015625 0.7377450979166666 0.16482843125 0.7332516333333333 0.155024509375 0.7332516333333333 0.1541053921875 0.7348856208333333 0.14307597968750002 0.7406045750000001 0.141850490625 0.7426470583333333 0.1354166671875 0.7463235291666667 0.1314338234375 0.7540849666666667 0.1311274515625 0.76184640625 0.13357843125 0.7700163395833334 0.136335784375 0.7728758166666666 0.1427696078125 0.7724673208333334
0 0.984068628125 0.46650326875000003 0.9834558828125 0.4701797395833333 0.984375 0.47140522916666666 0.9852941171875 0.4685457520833333 0.984068628125 0.46650326875000003
0 0.984068628125 0.4575163395833333 0.9868259796875 0.46200980416666665 0.9901960781250001 0.4636437916666667 0.995710784375 0.46037581666666666 0.99601715625 0.45874182916666667 0.9950980390625 0.4575163395833333 0.9892769609375 0.45383986875000004 0.9865196078125 0.44934640625 0.98835784375 0.43872548958333335 0.9868259796875 0.43872548958333335 0.9868259796875 0.44035947708333334 0.984681371875 0.44240196041666663 0.9834558828125 0.44240196041666663 0.980085784375 0.43872548958333335 0.9791666671874999 0.44076797291666664 0.9797794124999999 0.45710784375 0.9806985296875 0.4583333333333333 0.984068628125 0.4575163395833333
0 0.969975490625 0.4113562083333333 0.9757965687500001 0.41462418333333334 0.9733455875000001 0.4215686270833333 0.9739583328125001 0.4252450979166667 0.9773284312499999 0.4276960791666667 0.984068628125 0.4285130729166667 0.9908088234375001 0.4268790854166667 0.9993872546875 0.4276960791666667 0.9993872546875 0.384395425 0.9978553921875 0.3839869270833333 0.996936275 0.37949346458333333 0.9920343140625001 0.37867647083333333 0.9892769609375 0.37622548958333335 0.9825367640625 0.3733660125 0.9767156859374999 0.37295751666666666 0.9739583328125001 0.37132352916666667 0.969975490625 0.3733660125 0.967524509375 0.37949346458333333 0.9681372546875 0.384395425 0.9666053921875 0.4011437916666667 0.9681372546875 0.40890522916666666 0.969975490625 0.4113562083333333
0 0.825367646875 0.29534313749999996 0.8244485296875 0.3018790854166667 0.8262867640625 0.30514705833333333 0.8272058828125 0.3108660125 0.8296568625 0.31617647083333333 0.8305759796875 0.32271241875 0.8330269609375 0.32761437916666664 0.8345588234375001 0.33374182916666667 0.8357843140625001 0.35661764791666667 0.8373161765624999 0.35988562083333336 0.8416053921875 0.36151960833333335 0.8455882359375 0.35702614374999997 0.8520220593750001 0.35375817083333333 0.8532475484375001 0.35089869375 0.8541666671874999 0.34109477083333334 0.8575367640625 0.3316993458333333 0.8584558828125 0.3231209145833333 0.8609068625 0.31576797291666664 0.8618259796875 0.30065359375 0.8661151953124999 0.2924836604166667 0.8658088234375001 0.2749183 0.8691789218749999 0.26184640625 0.8667279406249999 0.25449346458333333 0.8639705875000001 0.25081699375 0.8572303921875 0.24509803958333334 0.856617646875 0.24305555625 0.84926470625 0.23570261458333333 0.8419117640625 0.23243463958333335 0.827818628125 0.23161764791666667 0.8229166671874999 0.23284313750000002 0.8170955875000001 0.24101307291666665 0.8143382359375 0.24918300625 0.813725490625 0.26307189583333335 0.815257353125 0.27410130625 0.8201593140625001 0.2814542479166667 0.825367646875 0.29534313749999996
0 0.7953431375 0.5919117645833333 0.7993259796875 0.5964052291666667 0.8033088234375001 0.5980392166666667 0.8091299015625 0.5955882354166667 0.8134191171875 0.5919117645833333 0.815257353125 0.5882352937499999 0.8161764703125 0.5816993458333334 0.8143382359375 0.5751633979166667 0.8143382359375 0.5661764708333333 0.8118872546875 0.5608660125 0.8103553921875 0.5588235291666667 0.8072916671874999 0.5575980395833333 0.8017769609375 0.5571895416666667 0.796875 0.5592320270833333 0.7935049015625 0.5641339875 0.792585784375 0.5710784312499999 0.78982843125 0.5772058833333333 0.78982843125 0.58129085 0.7953431375 0.5919117645833333
0 0.3541666671875 0 0.35386029375 0.0016339875 0.3483455875 0.0036764708333333336 0.34742647031249996 0.008986927083333334 0.3455882359375 0.01184640625 0.344056371875 0.01756536041666667 0.3431372546875 0.04084967291666666 0.3455882359375 0.04493463958333333 0.3498774515625 0.046977124999999995 0.3743872546875 0.04738562083333333 0.3802083328125 0.03921568541666667 0.3844975484375 0.036764706249999994 0.3887867640625 0.028186275 0.3887867640625 0.022875816666666667 0.3854166671875 0.011437908333333333 0.3854166671875 0.00694444375 0.3826593140625 0.0020424833333333335 0.3795955875 0.0016339875 0.37867647031249996 0 0.3743872546875 0 0.373774509375 0.0016339875 0.3673406859375 0.004084966666666667 0.3599877453125 0.0028594770833333333 0.3575367640625 0 0.3541666671875 0