0 0.1584400953125 0.10421878125 0.158349971875 0.1059372375 0.1609276546875 0.10617756874999999 0.1610177796875 0.10445911458333333 0.1584400953125 0.10421878125
0 0.16610555625 0.10622862083333334 0.16619568125 0.10451016458333333 0.163572934375 0.10512906041666666 0.16610555625 0.10622862083333334
0 0.2173165703125 0.03113607083333333 0.21655949375 0.033224058333333334 0.219137178125 0.03346438958333333 0.2186054125 0.03125623541666667 0.2173165703125 0.03113607083333333
0 0.2093514296875 0.028666575000000003 0.210617740625 0.029216354166666667 0.21130722500000002 0.028417208333333333 0.2104081859375 0.027038241666666667 0.2093514296875 0.028666575000000003
0 0.1012626546875 0 0.098130159375 0.0070721916666666666 0.09792737812499999 0.01093871875 0.101591125 0.015165743749999998 0.1010210703125 0.019861458333333335 0.0980603578125 0.026924566666666667 0.10138613593750001 0.03759580416666666 0.10023925468749999 0.04094259166666667 0.09460395625 0.04343918541666667 0.0959896984375 0.047885535416666666 0.095897365625 0.06816752291666667 0.098698153125 0.08267524583333333 0.0991690984375 0.09221688333333335 0.10457010468750001 0.106535325 0.1148876171875 0.11354129583333333 0.1309530859375 0.11590260208333333 0.13907594375000001 0.11536479583333333 0.1443665015625 0.113267775 0.14781391875 0.10927205 0.151748040625 0.10834370624999999 0.15276194375000002 0.08901106875 0.15510076718750002 0.08145826458333333 0.152290996875 0.07946943541666666 0.1452789390625 0.06500078541666666 0.1465542328125 0.053031670833333336 0.1499047515625 0.0447097625 0.1543863953125 0.03951531875 0.1622861484375 0.024710122916666667 0.170514890625 0.015979608333333332 0.1819274484375 0.014453377083333333 0.189480253125 0.0186112875 0.193765890625 0.0233280125 0.1998202984375 0.02518764375 0.205500659375 0.021831822916666667 0.20657994687499998 0.019773877083333332 0.21182544218750002 0.018536083333333335 0.21126437031249998 0.010712904166666667 0.20882187187499998 0.0078948875 0.20556284218749998 0 0.1012626546875 0
0 0.5661051625 0.57307916875 0.56364690625 0.5767354041666667 0.5593905765625 0.57763370625 0.552360553125 0.58820284375 0.5451435078125 0.5961642541666666 0.5428948078125 0.6019986020833333 0.5426672890625001 0.6248582770833334 0.54575420625 0.6277363770833334 0.5484220171875 0.6262582541666667 0.55318758125 0.62799771875 0.5545282609375 0.6333032958333333 0.5575926484375 0.6366110104166667 0.5628967546875 0.6466032687500001 0.568538828125 0.6501513166666667 0.580138409375 0.6512328104166667 0.5907352796875001 0.6405645187500001 0.5946626265625 0.6335915354166667 0.5957576703125 0.6250593333333333 0.58657128125 0.62118083125 0.580787246875 0.6141658291666666 0.5800008640625001 0.6106387916666667 0.5806993312500001 0.5973207520833334 0.5830764421875 0.5828640791666667 0.58532514375 0.5770297291666666 0.5898518484374999 0.5709760583333333 0.58851794375 0.5717151208333333 0.5863300625 0.5702159874999999 0.5792414296875 0.5695550729166666 0.569807196875 0.570402325 0.5661051625 0.57307916875
0 0.3732735796875 0.17519129583333332 0.3600404140625 0.17438920624999998 0.3563609109375 0.17663643333333334 0.35153452500000004 0.18223045000000002 0.34930835625 0.18763518541666666 0.342983575 0.19093092291666666 0.342352703125 0.2029601208333333 0.340058940625 0.20965369583333335 0.33947313125 0.22082366458333333 0.34037216875 0.22220263125 0.3409557703125 0.22959619583333335 0.34515128281249996 0.23603137708333335 0.34858294375 0.23850990416666665 0.35827179375 0.23898153541666664 0.3680800734375 0.2433497375 0.3753489546875 0.2405737375 0.38348757031249997 0.23356168125 0.38530140468749996 0.22984536249999998 0.388899765625 0.21679769583333333 0.3927369875 0.21154317083333335 0.3933678609375 0.19951397291666667 0.3922592671875 0.19595689375 0.385021896875 0.1857843875 0.382137759375 0.17903975833333333 0.37638303125 0.17763978333333333 0.3732735796875 0.17519129583333332
0 1 0.15034434791666668 0.9956288203125 0.15594009375 0.9889818281249999 0.15920578958333334 0.9797639234375 0.16827579374999999 0.9735968609375 0.16856423333333334 0.9699173562500001 0.17081146041666667 0.9694599593750001 0.1733591041666667 0.967046765625 0.17615611041666668 0.9674208140625 0.18137156458333334 0.9590118249999999 0.19353899166666666 0.9557063687499999 0.20100167291666665 0.9575495078125 0.20290037708333333 0.9612876218749999 0.2118832 0.962351153125 0.21629951041666665 0.9617585671875 0.2214248375 0.964156003125 0.22510208333333334 0.9648522609375 0.23034757708333334 0.967227165625 0.2344544375 0.96767558125 0.24442568750000002 0.9697282749999999 0.24850250416666667 0.9741941609375001 0.24978231666666667 0.9800683203125 0.25507886041666666 0.977429815625 0.26217201041666666 0.9719139484375001 0.2685651708333333 0.9636559015625 0.27168066041666666 0.9605306953125 0.2757064291666667 0.9561842374999999 0.2783231875 0.9577502296875 0.27933262291666666 0.9579597828124999 0.2815107354166667 0.9766773046875 0.2888681708333333 0.9852711109375001 0.2978720041666667 0.9933489062499999 0.29819342708333335 0.9982654156249999 0.2908809541666667 0.9983780718749999 0.2887328833333333 1 0.2871480125 1 0.15034434791666668
0 0.4183704875 0 0.41894368593750003 0.0020145770833333333 0.41920507812499996 0.0093781 0.41747916093750004 0.029939495833333333 0.4200117828125 0.03103905625 0.4216746734375 0.036374675 0.4214629109375 0.05276009583333333 0.422571503125 0.056317175 0.4265123984375 0.06143347291666667 0.435511765625 0.06270424791666666 0.4409825703125 0.05717031458333333 0.4451352296875 0.04590119166666666 0.44579540624999997 0.03948702083333333 0.4472644984375 0.03617027291666666 0.44837530000000003 0.02116381875 0.44774663593749997 0.014629483333333334 0.447027846875 0.009813602083333334 0.4412205953125 0 0.4183704875 0
0 0.35681625 0.2543875625 0.3535355328125 0.24285709791666665 0.34939185625 0.24160732708333335 0.34506115937500004 0.23774983333333333 0.341764684375 0.23269361875 0.3410008328125 0.22873696875 0.33828118749999997 0.2250296833333333 0.33689544531250004 0.22058333125 0.334362821875 0.21948377083333334 0.3325647453125 0.2167258375 0.328997896875 0.21682499583333334 0.3246063796875 0.22030098125 0.3152217765625 0.24489717708333333 0.314478246875 0.25907444583333333 0.3195052046875 0.26817743541666667 0.32319825625 0.27801948541666666 0.32450064843750004 0.29022893125 0.3303522765625 0.29595508958333333 0.3325694625 0.30306925 0.34329032812500004 0.3209056958333333 0.35879251874999996 0.33400735416666666 0.36304885 0.33310905208333336 0.36711815625 0.32960302291666665 0.3775505359375 0.31589738958333335 0.3786748859375 0.3129802145833333 0.379006078125 0.30049136249999997 0.37522290156250004 0.29236776875000003 0.37141041874999997 0.2786291479166667 0.3689904515625 0.2753815166666667 0.36409868125 0.26370084374999997 0.35681625 0.2543875625
0 0.2052852296875 0.3840205020833333 0.2045506859375 0.385678875 0.1972818015625 0.388454875 0.1930097140625 0.39582742916666663 0.1917569515625 0.40736692916666667 0.1930300375 0.41396135 0.1959592375 0.4198467479166667 0.2045305125 0.42928019375000004 0.2142937296875 0.434507625 0.2195392234375 0.43326983124999996 0.2216977984375 0.4291539395833333 0.2247328828125 0.42684662916666666 0.23257859218750002 0.42541955625 0.2353815890625 0.4213637479166667 0.23567449375 0.41577876249999995 0.227718334375 0.400790375 0.22497615781250002 0.3975127 0.22211455156249998 0.39033846041666664 0.2220176515625 0.38601227499999996 0.2154021734375 0.3763294645833334 0.21102641093750002 0.37333119791666664 0.206815140625 0.37337027291666663 0.2040346765625 0.37699646666666664 0.2052852296875 0.3840205020833333
0 0.0639229890625 0.5111478166666666 0.055056603125000006 0.5258628875 0.0529498640625 0.5351641916666666 0.05330138125 0.54080925625 0.055721346875 0.5440568895833333 0.0595428125 0.5452766145833333 0.0660613921875 0.55063324375 0.079549175 0.5527542166666667 0.0864958484375 0.5499481770833333 0.0917120359375 0.5430953583333333 0.0998957140625 0.5352240729166666 0.10168701718749999 0.5319373666666667 0.101957390625 0.5267819979166667 0.0999948203125 0.5209867229166666 0.0922549921875 0.5142210875 0.0783999359375 0.5129293 0.0736343703125 0.5111898354166666 0.0639229890625 0.5111478166666666
0 0.943772934375 0.045766847916666666 0.945636615625 0.04032831458333333 0.8951818875 0.035624131249999996 0.8973971374999999 0.04101124791666667 0.9007522234374999 0.0572975125 0.9083411078125 0.0731150875 0.9218288906250001 0.07523606249999999 0.9247738484375001 0.07464720625 0.9278314640625 0.07191028333333334 0.93533243125 0.07088278125 0.9362021640625 0.06664672291666666 0.9356185625 0.05925315833333333 0.943772934375 0.045766847916666666
0 0.23643759375 0.11105922291666667 0.23544843124999998 0.1113987125 0.2328324578125 0.11806224791666667 0.23115381093749998 0.11920088333333334 0.2293264296875 0.11082792291666667 0.2250858546875 0.10525197083333333 0.21325418749999997 0.10242197708333332 0.19963121718750002 0.10287868958333334 0.1950076125 0.10460617916666666 0.1936061140625 0.10663408125 0.191305578125 0.10728301875 0.19084818125 0.10983066250000001 0.189167325 0.12953283125 0.189660803125 0.13864485208333335 0.1827434359375 0.14706591875 0.18047897968749999 0.15937452083333334 0.1775858578125 0.1651487875 0.17810186562500002 0.17383119375 0.17441337968749998 0.18859731666666668 0.17490685781249998 0.1977093375 0.17820333125 0.20276555000000002 0.1904541109375 0.20995176875 0.1998432796875 0.20996374583333333 0.203500253125 0.20814613125 0.204437578125 0.20262123125 0.2083041046875 0.20298172916666665 0.21005712031249998 0.20659889166666667 0.20994446406249997 0.2087469625 0.21646981875 0.22014823125 0.21806511562500003 0.22677269166666666 0.2213390578125 0.23225851875 0.2306313296875 0.2279443125 0.24206641874999998 0.22598846874999998 0.2579989078125 0.21236392291666667 0.2608694984375 0.2070192729166667 0.263253384375 0.19860723958333332 0.2659887875 0.19584027291666667 0.2678251515625 0.19169433958333335 0.26736098125 0.18819734166666666 0.26928746875 0.18233295208333333 0.2710899625 0.14796382083333331 0.269427071875 0.14262820208333335 0.26398100625 0.1291689875 0.2533570390625 0.11565872291666666 0.24757977812499998 0.1146883625 0.241915175 0.11156992916666666 0.23643759375 0.11105922291666667
0 0.1299483171875 0.18445158333333334 0.12766353749999998 0.17862626666666664 0.1222017140625 0.17164130625000001 0.11957219062499999 0.1662155625 0.10810102343750001 0.15651174166666668 0.0936015453125 0.15515987291666666 0.0866999359375 0.15710668541666667 0.0780070234375 0.16234020208333336 0.07001036875 0.17281921458333332 0.0688634875 0.17616600416666667 0.069402028125 0.18441879583333334 0.07498328125 0.195300325 0.0777615375 0.2102376625 0.0833427921875 0.2211191916666667 0.0836109578125 0.23452735625 0.0931488640625 0.24405092708333334 0.11151486875000001 0.24576329375 0.1198179765625 0.24178857708333332 0.12480207968749998 0.2331872625 0.1290809421875 0.2318593458333333 0.1348514265625 0.22678506874999999 0.1362010890625 0.21957175208333332 0.13911674062499998 0.21336787291666667 0.1397025515625 0.20219790416666666 0.13822668437500002 0.1994700125 0.1296621859375 0.19608120625 0.1287631484375 0.19470223958333335 0.129955090625 0.19049622083333334 0.1299483171875 0.18445158333333334
0 0.31329704375 0.04699232083333334 0.3084413546875 0.04697131041666667 0.302048978125 0.051555889583333334 0.300969690625 0.053613837500000004 0.28960896875 0.06032547916666667 0.2782640046875 0.060562866666666666 0.27582828125000003 0.06378948958333333 0.2752582265625 0.06848520416666666 0.282711925 0.08688046458333334 0.2720024 0.09969682916666667 0.2715968390625 0.10742988333333334 0.2730794796875 0.11620241458333333 0.276443546875 0.11996978541666665 0.28123164375 0.1212796375 0.2896834875 0.1268165125 0.2948613890625 0.12686756458333334 0.306409134375 0.12276365 0.3129817578125 0.11474215624999999 0.314263825 0.10881768124999999 0.3219157390625 0.09873824166666667 0.32666775625 0.08838842916666666 0.32950904062499997 0.07742875208333334 0.331989825 0.0733429 0.331705903125 0.06640899166666667 0.3291439765625 0.05969440625 0.3257348453125 0.056786264583333336 0.32064706875 0.05501675833333333 0.31642902500000003 0.04901119166666667 0.31329704375 0.04699232083333334
0 0.959854759375 0.28859485208333335 0.94873510625 0.2845361 0.945190790625 0.28420564375 0.9405671859375 0.28593313125 0.939713209375 0.2836949375 0.9371580546875 0.28302498958333333 0.9272213640625001 0.2872791125 0.92513038125 0.2901061625 0.9226338390625 0.30066626874999997 0.91303290625 0.3170397104166666 0.9104913 0.32845904374999996 0.905716753125 0.3392384708333333 0.9071228187499999 0.3618187395833333 0.9137608281249999 0.3710719375 0.9206241500000001 0.3760289916666667 0.927329753125 0.3839933458333334 0.9327172078125001 0.3862225083333334 0.937962703125 0.38498471666666667 0.9427440265625 0.38024992916666667 0.9535662078125 0.36528549375 0.9579802578125 0.36137989374999996 0.9604835734374999 0.3568644270833333 0.967452778125 0.35362877291666667 0.9719344203125001 0.34843432916666667 0.97458868125 0.334866925 0.975264615625 0.32197850208333334 0.9745683578125 0.31673300833333334 0.972261046875 0.31133730416666666 0.97105555625 0.3034540416666667 0.9683584406250001 0.2993171416666666 0.968448565625 0.2975986854166666 0.959854759375 0.28859485208333335
0 0.7627518421875 0.20675572916666668 0.7565171828125 0.2083330125 0.7504988546875 0.21813304375 0.747486303125 0.22001074166666665 0.741947903125 0.22683351666666668 0.7395865484375 0.23481593541666665 0.737907903125 0.23595457083333335 0.734264478125 0.24986146458333333 0.7338589171875001 0.25759451875 0.7350937156249999 0.27109280625000004 0.7368692609374999 0.2742803541666667 0.7409002796874999 0.27767819583333336 0.7460105890625 0.2790180875 0.748130875 0.2818060625 0.7547846421875 0.28458500625000005 0.7628399078125 0.28533604375 0.7703634078125 0.2838789291666667 0.7731213421875001 0.28068235 0.7743132859374999 0.27647633125 0.7789301140625 0.2687042041666666 0.7827222734375 0.2643089041666667 0.7838916859375 0.26053250208333334 0.7866721515624999 0.25690630833333333 0.7878866265625 0.25227067708333334 0.7906670921875001 0.24864448125 0.792129409375 0.23928309375 0.7914106203125 0.23446721458333333 0.7840538203125 0.2203981375 0.7782247250000001 0.21424236458333334 0.7734140953125 0.21336212708333332 0.7697278187500001 0.20956471458333334 0.7627518421875 0.20675572916666668
0 0.5843583609375 0.51520436875 0.57870730625 0.5241752145833334 0.5732815625 0.52884991875 0.5670311484375 0.5369014541666667 0.564041128125 0.5383495375 0.5611705375 0.5436941875 0.56103535 0.5462718750000001 0.5768236703125 0.5477439104166667 0.5808118359375001 0.53343744375 0.5835247078125 0.5311000916666667 0.5919697765625 0.5305923291666667 0.5980624734375 0.5255480916666666 0.5995991593750001 0.5209425020833334 0.5994053609375001 0.5122901354166667 0.596401790625 0.5016489395833333 0.5956447140625001 0.5037369291666667 0.5926321625 0.505614625 0.5863592171875001 0.514095775 0.5843583609375 0.51520436875
0 0.562864790625 0.47434606250000005 0.552231840625 0.47335469166666666 0.5504630703125 0.47621178125 0.549712765625 0.48434440833333336 0.546661928125 0.49312597291666665 0.5450418906250001 0.5054946583333334 0.5400195015625 0.52099984375 0.539726596875 0.526584825 0.543487240625 0.5351380354166667 0.5478404718750001 0.5385659145833334 0.5531760921875 0.53560966875 0.5738155359375 0.5124945416666666 0.580507590625 0.5083696166666667 0.591284709375 0.49426440833333335 0.5917353328125 0.485672125 0.5909038875 0.48300431666666666 0.58687286875 0.4796064770833333 0.5749510765625 0.47849493958333333 0.5690994468749999 0.47276877916666665 0.562864790625 0.47434606250000005
0 0.5421875 0.48541666666666666 0.0015625 0.0020833333333333333
0 0.48690643749999996 0.4594931583333333 0.480198625 0.47009233749999996 0.47797245625 0.47549707291666665 0.4781594796875 0.4781048 0.4824000546875 0.48368075000000005 0.48891863593749996 0.4890373791666667 0.4887383859375 0.4924742916666667 0.486512215625 0.497879025 0.48606159218749995 0.5064713083333333 0.4873414546875 0.51911036875 0.49137924687499995 0.5285528479166667 0.4984904125 0.5287841479166667 0.5047701328125 0.5263476395833333 0.5105406171875 0.5212733604166666 0.5165206578125 0.5183771958333333 0.520680090625 0.5131527104166667 0.5215498234375 0.5089166520833334 0.518530496875 0.5047497083333333 0.5109776921875 0.5005918 0.5099366921875 0.49574587708333334 0.5128298124999999 0.48997161041666665 0.5166219734374999 0.4855763125 0.5195894625 0.48455784375 0.522347396875 0.4813612625 0.523757878125 0.46681446666666665 0.5218403703125001 0.4601599604166667 0.5184988328125 0.4559629770833334 0.5112457078125 0.45226472291666664 0.50286823125 0.45148364375 0.48690643749999996 0.4594931583333333
0 0.371739553125 0.3464390666666667 0.3593918765625 0.3349266666666667 0.35142673750000003 0.33245717291666665 0.349725559375 0.3340254208333333 0.34878823125 0.3395503208333333 0.3538287390625 0.36074258958333333 0.3542027859375 0.3659580416666667 0.35588820781249997 0.37086404791666666 0.36331259843749997 0.38364428125 0.3681006953125 0.3849541354166667 0.37816359374999997 0.39064121875 0.3858966484375 0.3913622145833333 0.38987583125 0.38957464374999995 0.3970095265625 0.38937632916666665 0.40050877968750004 0.39056601458333334 0.40485523749999996 0.38794925625 0.40597958749999996 0.38503208125000005 0.405418515625 0.3772089020833333 0.3990283484375 0.36322995 0.3913110515625 0.35603470000000004 0.385578853125 0.35420510833333335 0.37906027343750004 0.34884848125 0.371739553125 0.3464390666666667
0 0.5546039359375 0.24908412916666667 0.5531573765625 0.2519712604166667 0.5557350609375 0.25221159375 0.5558702484375 0.24963390833333332 0.5546039359375 0.24908412916666667
0 0.535879190625 0.050476339583333335 0.531870703125 0.04664888541666667 0.5283263859375 0.046318427083333336 0.5183017765625 0.033727475 0.514870115625 0.031248947916666665 0.5129143218750001 0.03149831041666667 0.51089093125 0.03303652083333333 0.5077049062500001 0.044395768749999995 0.5059361359375 0.047252858333333335 0.50544045 0.05670437083333334 0.5098973531250001 0.070503075 0.5090726828125 0.07387990625 0.5010174171874999 0.07312886666666667 0.49634875 0.07571558333333334 0.4656442015625 0.11170715833333333 0.46631792968749997 0.11738226874999999 0.4723791109375 0.12528653958333333 0.4761622890625 0.13341013333333332 0.48779795000000004 0.14615129375 0.48982811406250004 0.15065772708333333 0.4958599890625 0.15294697291666667 0.5002132203125 0.15637485208333332 0.5007675171875 0.15815339375 0.5045439203125001 0.16023234791666668 0.5059071312500001 0.16510831250000002 0.504983353125 0.18272249166666665 0.50651105625 0.19063579583333334 0.5135996875 0.19129670833333332 0.52564989375 0.18378592083333334 0.5359020218749999 0.1735172 0.5402484796875 0.17090044166666668 0.55490788125 0.15068148125 0.5572692375 0.14269906041666666 0.5568208218749999 0.13272781041666668 0.5591078109375001 0.11998959375 0.5583439593749999 0.11603294166666665 0.5559690546875 0.11192608333333333 0.5509714031249999 0.10843811875 0.5364719250000001 0.10708624791666667 0.5385403765625 0.1046888125 0.5426479718749999 0.09427891458333333 0.5528550375 0.08486942291666667 0.55508120625 0.07946468958333333 0.5461719656249999 0.07647545416666666 0.5447186312500001 0.07331794583333333 0.544157559375 0.06549476875 0.536965253125 0.054463031249999995 0.535879190625 0.050476339583333335
0 0.9094385109375 0.10775459375 0.9030754406250001 0.11795419791666667 0.9005113046875 0.12980314583333333 0.8974829968750001 0.13815509791666666 0.8976317312500001 0.14766669166666666 0.8946710171875001 0.1547298 0.892487703125 0.17783883749999999 0.8880489140625001 0.2007375875 0.8878146203125 0.21755262083333332 0.892541896875 0.22619595625000002 0.9041189484375 0.22770706458333334 0.9206801015625 0.22061685833333333 0.92660830625 0.21253528333333332 0.9284221390624999 0.2088189625 0.9297718015624999 0.20160564791666669 0.9335414296875 0.1976399625 0.9336540859375001 0.19549189166666667 0.940384428125 0.1844631 0.9405421453124999 0.18145580208333334 0.9444018984375001 0.17577166041666667 0.9467181921875 0.16864846875 0.9512223671875001 0.16302441041666665 0.9525720281250001 0.15581109583333333 0.9498005453125 0.14691839583333335 0.9497487093749999 0.14173298541666668 0.9483629671875 0.1372866375 0.948633340625 0.13213126458333332 0.9457424281250001 0.11934199791666668 0.9459452078125 0.11547547083333334 0.9423265234375 0.11038921666666666 0.9357854124999999 0.10546220416666667 0.9259996640624999 0.1006643875 0.918244078125 0.10037300416666667 0.9094385109375 0.10775459375
0 1 0.49430454375 0.9954831937499999 0.49827639791666667 0.9933020875 0.5028219041666666 0.989496378125 0.4951279229166667 0.9849854296875 0.4947073395833333 0.9807065671874999 0.49603525833333334 0.9673292312499999 0.5103297458333333 0.96400124375 0.5182220416666666 0.9646524390625 0.5243267645833334 0.9798324171875 0.5373983812500001 0.989933603125 0.5361815979166666 0.9970379921875001 0.5303682604166666 0.997517921875 0.5273910020833333 0.9999521437500001 0.5241930208333333 1 0.5232805187499999 1 0.49430454375
0 1 0.045396925000000005 0.9578217531250001 0.04146440416666666 0.9486286249999999 0.04578785416666666 0.9427454828125 0.05301020208333333 0.9388406687499999 0.059553572916666665 0.9379484046875 0.06421924583333333 0.939266553125 0.06995443750000001 0.938973646875 0.07553942083333333 0.9354135734375 0.08168321875000001 0.9346858031249999 0.08938623125 0.9319053359374999 0.093012425 0.9315448375000001 0.09988625208333332 0.9349765 0.10236478125 0.9363622406250001 0.10681112916666667 0.9408506578125 0.107661325 0.9474661375 0.1173441375 0.947711771875 0.13118191458333334 0.9518171593750001 0.13933555 0.955938303125 0.14101493125 0.9602690031250001 0.14487242708333334 0.9708479078125001 0.15924191875 0.9817805375 0.16069294791666666 0.9844258171875 0.15964443749999999 0.9986571265625 0.14758814375 1 0.14593071041666666 1 0.045396925000000005
0 0.6121091203125 0.5540557791666667 0.6076049453125 0.5596798374999999 0.6053337140624999 0.5659438 0.6032652625 0.5683412354166666 0.5999530328125 0.5697592749999999 0.596521371875 0.5672807479166667 0.5899194421875 0.5696872166666667 0.5861498125 0.5736529020833333 0.583504534375 0.5747014104166667 0.5791694203125 0.6079709833333333 0.5812964796875 0.6168035979166666 0.5865036875 0.6224696729166667 0.5977359953125 0.6243803541666666 0.6072085171875 0.6166292375 0.6120349015625 0.6110352208333333 0.6252905984375 0.6114076958333333 0.62832568125 0.6091003833333333 0.63296504375 0.6008986416666667 0.6353714609375001 0.5920569937500001 0.6357477171875 0.5787089125 0.63451969375 0.5712552645833333 0.6294026109375 0.5638707333333334 0.6218723374999999 0.55928320625 0.61760923125 0.5541368708333334 0.6121091203125 0.5540557791666667
0 0.46506636874999996 0.622803675 0.46078073125 0.6180869520833333 0.45537074375 0.6162874041666666 0.45128788750000004 0.6077041520833333 0.4490549453125 0.6070642479166667 0.446432196875 0.6076831416666667 0.44011418906250005 0.6170235208333333 0.432500565625 0.6201990916666666 0.41860044687500003 0.6197665333333333 0.4148082859375 0.6241618333333334 0.4146573421875 0.6332137708333333 0.41595295937500004 0.6393785770833333 0.42003581562500003 0.6479618291666667 0.42844259687499997 0.6543579333333334 0.43024067343750005 0.6571158666666667 0.4315881265625 0.6684660854166666 0.433528165625 0.6746909729166667 0.43967947343749997 0.6808767895833333 0.44718721562499997 0.6858939270833333 0.45169816406249996 0.6863145083333334 0.45632176874999997 0.6845870187499999 0.46609396875 0.67729555625 0.4738495546875 0.6775869375 0.477184315625 0.6757392833333333 0.4802126234375 0.6673873333333333 0.48109811406249997 0.6566770208333333 0.48302460312499995 0.6508126291666667 0.4831597890625 0.6482349458333334 0.48170645624999997 0.6450774395833334 0.48193176718749997 0.6407812979166666 0.4791670578125 0.6379332375 0.46959086406250006 0.6353135354166667 0.4680924671875 0.63301525625 0.467441271875 0.6269105333333334 0.46506636874999996 0.622803675
0 0.38355355625 0.49777732500000005 0.379822215625 0.49483914166666665 0.3780466703125 0.49165159375 0.3597640171875 0.4821761291666667 0.3564968484375 0.4827349416666667 0.3550502875 0.485622075 0.358533784375 0.4932860145833333 0.358443659375 0.4950044708333333 0.356053 0.49737186666666666 0.338930775 0.4966388895833333 0.335296334375 0.4980268916666667 0.3278021390625 0.50509903125 0.32320784062499996 0.5124415458333333 0.3221578578125 0.5201145166666666 0.32453276249999996 0.5242213791666667 0.3279644234375 0.5266999041666667 0.34127195781249997 0.5322577916666666 0.34415609687500004 0.53900241875 0.34319623906249996 0.5449569354166666 0.335267178125 0.5541471041666667 0.3341946640625 0.5622496895833333 0.33242589218749996 0.56510678125 0.3310537 0.5727497104166667 0.3316823640625 0.5792840479166668 0.3382685390625 0.5833518333333333 0.3401184515625 0.5912951791666666 0.34221620937499997 0.59451276875 0.345760525 0.5948432270833333 0.3561546140625 0.5880414583333333 0.3648993625 0.5879933541666666 0.367290025 0.5856259604166667 0.3722358390625 0.5839285104166667 0.375232634375 0.5885250666666667 0.3785673953125 0.5866774145833333 0.3843311078125 0.5755584958333333 0.3874134609375 0.5538284250000001 0.3888600203125 0.5509412895833333 0.39792698125000003 0.550923225 0.40098459374999995 0.5481862999999999 0.4037740421875 0.5320412125 0.404240421875 0.5169746749999999 0.40374694531250005 0.5078626541666666 0.402361203125 0.5034163041666667 0.39501795156249997 0.50143650625 0.38935334843749997 0.4983180729166667 0.38355355625 0.49777732500000005
0 0.721934765625 0.213311275 0.718796009375 0.20524776458333335 0.7153868812499999 0.20233962291666666 0.6995985609375001 0.2008675854166667 0.6970501812500001 0.20624228125000002 0.6938055453125 0.20637147916666668 0.6923139203125 0.21011783958333333 0.689069284375 0.21024703749999998 0.6889566281249999 0.21239510833333333 0.6810794046875001 0.22677068958333332 0.679152915625 0.23263507916666668 0.6788149484375 0.23907929166666667 0.6798852531249999 0.24954023958333332 0.6852862578125001 0.26385868333333334 0.692291540625 0.2722826916666667 0.6945312593749999 0.27896723749999996 0.6972734359375 0.28224491041666666 0.70323771875 0.2858229979166667 0.7109707734375 0.28654399583333334 0.7227280734375 0.28461819375 0.7336539296875 0.2800245791666667 0.7357674421875 0.27676791458333333 0.7360828781250001 0.27075331666666663 0.7336110734375 0.262320275 0.7330815171875 0.2415485875 0.7342283984375 0.23820180000000002 0.7369863328124999 0.23500521875 0.7392350328124999 0.22917087083333335 0.7390480078125 0.22656314375 0.7377298609375 0.22082795 0.7344333875 0.21577173958333334 0.7325451859375 0.2147322625 0.7249991546875 0.21661899166666665 0.721934765625 0.213311275
0 0.6986769921875 0.19991823333333333 0.6977554234375 0.19896888125 0.6961218375 0.1992482875 0.6986769921875 0.19991823333333333
0 0.5194270265625 0.40122173125 0.5132374328125 0.4019397833333333 0.5136340109375 0.40672562291666664 0.51766503125 0.4101234625 0.5230975484375 0.41149339583333333 0.52929391875 0.4168199833333333 0.5341338515625 0.4233152458333333 0.5342217671875 0.4401603229166666 0.5368287578125 0.44601568124999996 0.5454000328124999 0.4554491270833333 0.551499503125 0.45644953125 0.5531781484375 0.45531089583333334 0.5553817859375 0.450335775 0.559347421875 0.436458925 0.559604246875 0.41921427499999997 0.5551180359375001 0.39980054791666664 0.55076480625 0.39637266458333337 0.5324506390625 0.3998457083333333 0.5240731624999999 0.3990646270833333 0.5194270265625 0.40122173125
0 0.1606750953125 0.024559914583333335 0.1534197625 0.03942519375 0.1460224671875 0.050823516666666665 0.14514375156249998 0.06757846875000001 0.1486272484375 0.07524240833333334 0.1537668625 0.08219732708333334 0.14919288749999998 0.10767376041666667 0.1509233703125 0.11172053750000001 0.154555603125 0.12889606875 0.157597459375 0.13263339791666667 0.1592828796875 0.13753940416666666 0.16365864218749998 0.14053767083333335 0.1733249609375 0.14143891666666666 0.18149288125000002 0.14004188333333334 0.1851949171875 0.13736504375 0.18707634374999998 0.13235988125 0.18863776875 0.10876114375 0.1908571625 0.09731176875 0.1920738453125 0.07411260416666667 0.183308771875 0.05602679375 0.1944531671875 0.0410924 0.19569017187499999 0.036027154166666665 0.1988379109375 0.031571772916666664 0.199063221875 0.027275631249999998 0.198164184375 0.0258966625 0.18885836250000002 0.018121591666666666 0.1825493375 0.014943077083333334 0.1744940734375 0.0141920375 0.169226046875 0.015859441666666665 0.1606750953125 0.024559914583333335
0 0.83971290625 0.23335842083333333 0.8366102296875001 0.236954575 0.8329825640624999 0.24438721458333335 0.8287172500000001 0.25780440833333335 0.8260404578125 0.2718014270833333 0.8206733249999999 0.28770618333333337 0.8192177812500001 0.30311220833333336 0.8217256656249999 0.3232049166666667 0.8254344734375 0.32657271458333337 0.8332576546875 0.32557525416666666 0.84046571875 0.3301327375 0.8533316093750001 0.3317640145833333 0.8660555421874999 0.32992833541666666 0.8703794671875 0.32774118958333337 0.8732275265625 0.3228261541666667 0.8752283828125 0.32171756041666666 0.8774545515625001 0.31631282499999996 0.88129398125 0.29249476458333334 0.8880693875000001 0.28060674375 0.8894866421875 0.27210458541666666 0.88938296875 0.2617337645833333 0.8811045999999999 0.24671533333333334 0.8648610906249999 0.22922740833333333 0.8562289984375001 0.22712744583333333 0.8497171921875 0.22781545625000002 0.83971290625 0.23335842083333333
0 0.9240649421875 0.42772386458333334 0.9195539953124999 0.42730328333333334 0.911550565625 0.43173765416666665 0.9078034687500001 0.43527372708333334 0.9051041453125 0.44970035625 0.8975648890624999 0.45763172708333333 0.897452234375 0.4597797979166666 0.8946942984374999 0.4629763791666667 0.8941467781249999 0.46724247708333333 0.8918011781249999 0.46875064375 0.890715115625 0.4647639520833333 0.8916907296875 0.45233518125 0.8945387890625 0.44742014375 0.8949894125 0.43882786041666666 0.8903522578124999 0.4284660708333333 0.8859990296875001 0.42503818958333334 0.8776959203124999 0.42901290833333333 0.8681940953125 0.43114899999999995 0.8595237140625 0.43595290625 0.8574327328125 0.43877995416666665 0.8517523718750001 0.44213577499999995 0.8482598906250001 0.4469907291666667 0.841926128125 0.4628053625 0.8353985640625 0.46996762708333334 0.8273410906249999 0.48778012083333333 0.8254371328125 0.4932148958333334 0.823952284375 0.5030058979166667 0.8188780578125 0.5133256708333334 0.8185175578124999 0.5201994958333334 0.8206220890625 0.5294617270833333 0.8275304718750001 0.5335595520833334 0.8302501187500001 0.5372668395833333 0.8322194625 0.5491067562499999 0.8391413953125 0.5652938604166666 0.8429628593749999 0.5665135874999999 0.8582351703125 0.5593032166666667 0.865796959375 0.5509422333333334 0.8676490796874999 0.5403220458333333 0.8685277953125 0.52356709375 0.8693749984375 0.5197606499999999 0.8725677984375 0.5144460395833333 0.8752581390625 0.5125383020833333 0.8834485921875 0.51071165625 0.892170809375 0.5110931645833333 0.894261790625 0.5082661125 0.8984730609374999 0.5082270395833334 0.905097521875 0.50539095625 0.911467365625 0.5012359895833334 0.9125466531249999 0.49917804374999997 0.9198380671875 0.49597243125 0.925721209375 0.48875008333333336 0.9273547921875 0.4884706770833333 0.928749515625 0.48039813125 0.934664171875 0.4602272770833334 0.9344703734375001 0.45157491041666664 0.932208125 0.44531997916666666 0.9315343984375 0.4396448708333333 0.9276610968749999 0.43323973125 0.927451540625 0.4310616208333334 0.9240649421875 0.42772386458333334
0 0.7856248296875 0.43122146041666665 0.7840588375 0.430212025 0.7836915656250001 0.43104121041666665 0.7856248296875 0.43122146041666665
0 0.9080240640625 0.3446341729166667 0.9064513 0.33758009791666665 0.9063250953124999 0.3276388875 0.908048803125 0.3256410270833333 0.908183990625 0.32306334166666667 0.9065211015625 0.31772772083333334 0.9000025203125 0.31237109583333333 0.8907778437499999 0.31539645833333335 0.887697696875 0.3185629958333333 0.881244503125 0.3304810604166667 0.879198584375 0.33244888125000005 0.877939046875 0.3379437416666667 0.87619280625 0.34037121875 0.8771729875000001 0.35255062291666667 0.875291559375 0.3575557833333333 0.8750211859375 0.36271115416666666 0.8785114593750001 0.37641973333333334 0.8883332859375 0.3928772125 0.9002550796875 0.39398875 0.906969665625 0.38943421041666665 0.9082359765625 0.3899839916666667 0.9100565843749999 0.3923123104166667 0.9090133765624999 0.4060299229166667 0.9101895640625 0.40829816041666667 0.9127221859375 0.40939771875000003 0.9289701125000001 0.38975858124999996 0.9282287921875 0.38537231250000004 0.9141731640625 0.3693835208333333 0.9096779703125 0.3624886854166667 0.9088465265625001 0.3598208770833333 0.9095224609375 0.34693245208333334 0.9080240640625 0.3446341729166667
0 0.8220095875 0.3301388270833333 0.819522028125 0.3281800375 0.8154391703125 0.3195967875 0.8113405578125 0.31748778958333335 0.805862978125 0.31697708333333335 0.7985715640625 0.3201826958333333 0.7963160890625 0.31997240625 0.7941732703125 0.31761404583333336 0.785451053125 0.31723253749999997 0.7834569703125001 0.32438577083333336 0.78035429375 0.32798192291666667 0.780870303125 0.33666433125 0.7823686999999999 0.3389626104166667 0.7849013234375 0.34006216875 0.7866543375 0.34367933125 0.7844800046875 0.3542694791666667 0.7859536640625 0.3755609041666667 0.7889279265625 0.380587075 0.7962035828125 0.3838557166666667 0.797934065625 0.3879024916666667 0.7983531765625 0.3922587166666667 0.800151253125 0.39501664999999997 0.81125515 0.40554965833333334 0.8189431421875 0.40712988333333333 0.8225550531250001 0.4061714979166667 0.8257027906250001 0.4017161166666667 0.8331068593750001 0.39636243125 0.8363221921875 0.3906182083333333 0.8414031937500001 0.386343075 0.8450376359374999 0.3849550770833333 0.8473088671875001 0.3786911145833333 0.8483137859375001 0.37187736875 0.8477166359374999 0.35239452708333335 0.844697309375 0.34822758125 0.8413715296875001 0.33755634375 0.8355424328125001 0.33140057291666664 0.82951055625 0.329111325 0.8220095875 0.3301388270833333
0 0.13537701875000002 0.4698895375 0.1270739109375 0.4738642541666667 0.12058463593749999 0.4741226520833333 0.113338284375 0.4764690354166667 0.0988388078125 0.47511716666666665 0.0958262546875 0.47699486458333334 0.09521791406249999 0.4885944458333333 0.09764465624999999 0.49788671458333333 0.10124080937499999 0.5034025854166667 0.10787204531250001 0.50661114375 0.11898492499999999 0.50462525625 0.130127109375 0.50825439375 0.14860576875 0.50781869375 0.15504320625 0.5023748833333334 0.1583486625 0.49491220208333336 0.16278524375 0.4905769875 0.1633485234375 0.4798366333333333 0.1600295171875 0.4752100354166667 0.15781910625 0.4741405166666667 0.1516971046875 0.47356972708333334 0.1469766015625 0.4709710333333333 0.13537701875000002 0.4698895375
0 0.8099294765625 0.08509363333333334 0.8041972796874999 0.08326404375 0.8018967437500001 0.08391298124999999 0.80180661875 0.0856314375 0.799116278125 0.08753917708333334 0.791480121875 0.09114436041666667 0.7900786234375 0.09317226666666666 0.7788981515625 0.09644699375 0.7766043890625001 0.10314057291666666 0.7684815296874999 0.103678375 0.7641350734375 0.10629513333333333 0.7562149953125 0.10296641041666667 0.732265528125 0.10893604791666665 0.72649504375 0.11401032291666667 0.7240435625 0.12371120000000001 0.7199359671875001 0.13412109791666668 0.7019868640625 0.15532848541666666 0.694042046875 0.17099291041666667 0.6943935625 0.17663797708333334 0.703683625 0.19088730416666666 0.7131246328125 0.19608469166666667 0.7140011390625001 0.19789327291666667 0.719021321875 0.20095162291666666 0.7251343421875001 0.21404130625 0.7319683578125 0.21338333541666668 0.7407063328125 0.20729058958333332 0.7475403484375 0.20663261875 0.759110625 0.20209908958333334 0.7691825046874999 0.19526728125 0.7752684265625 0.18417840625 0.7776365562499999 0.182240625 0.7896259421875 0.18206332083333335 0.7945424515624999 0.17475084791666667 0.7959146453125 0.16710791875 0.8015882296875001 0.15770745833333333 0.81545904375 0.15252499166666666 0.821964075 0.14579233958333332 0.8245124546874999 0.14041764583333333 0.826790459375 0.14019832291666667 0.82851416875 0.13820045833333333 0.8260581234375 0.1232931625 0.826366784375 0.111233925 0.8222613953125 0.10308028958333333 0.8179081671875 0.09965240833333334 0.8137644906249999 0.09840263958333333 0.8113445234375 0.09515500833333333 0.8099294765625 0.08509363333333334
0 1 0.30787956041666664 0.999642175 0.3078461979166667 0.9959333656249999 0.30447839791666664 0.9920668375 0.3041179 0.980915671875 0.31300765416666665 0.9782095734375 0.32138964583333335 0.9772339593750001 0.33381841458333333 0.9737099656250001 0.35162187916666665 0.9695730640625 0.35641675 0.963061259375 0.35710476041666667 0.9600487078125 0.35898245624999997 0.9405178578125 0.3856546625 0.9329267640625 0.3884006208333333 0.9288574562499999 0.39190665 0.920103725 0.40447365 0.9189343125 0.4082500520833333 0.9200496812500001 0.41785177291666664 0.9295199921874999 0.4286641854166667 0.9294298671875 0.4303826416666666 0.9327263421875 0.43543885416666667 0.9334901921875 0.43939550625 0.9400831406249999 0.44950793333333333 0.9451934484375 0.45084782500000004 0.9585077562500001 0.46245035208333335 0.9616848015624999 0.46360999374999995 0.9715899796875 0.4723043791666666 0.9775542625 0.47588246666666667 0.992997840625 0.477754075 1 0.47243093750000004 1 0.30787956041666664
0 0.5260182171875 0.6151034041666666 0.517962953125 0.6143523666666667 0.511315959375 0.6176180625 0.5093218765625 0.6247712958333334 0.5086910046875001 0.6368004916666667 0.50378126875 0.6501576041666667 0.5034883640625 0.6557425895833333 0.506282378125 0.6642056729166667 0.5044009515625001 0.6692108333333333 0.5041981703125 0.6730773625 0.5076816671875 0.6807413 0.5153471296875 0.6827511395833333 0.5208923046875 0.6819730041666666 0.526340578125 0.6768686854166667 0.528476621875 0.6731824083333334 0.53659270625 0.6665999645833334 0.540429928125 0.6613454375 0.5417119953125 0.6554209645833333 0.5430188031250001 0.6305033416666667 0.542052171875 0.63041321875 0.539168034375 0.6236685916666667 0.5355042875 0.6194415645833333 0.5297495578125 0.6180415875 0.5260182171875 0.6151034041666666
0 0.5558069203125 0.15206044791666665 0.5524564015625 0.16038235625 0.5507326921875 0.16238021875 0.548109946875 0.16299911458333333 0.546895471875 0.16763474583333335 0.5441826 0.16997209791666668 0.5437094453125 0.17899399583333334 0.5469157953125 0.18576866458333333 0.550228025 0.18435062291666665 0.5543266390625 0.18645961875 0.558215696875 0.18639050416666667 0.5600971234375 0.18138534375 0.566721584375 0.17854926041666666 0.5708584859375 0.17375438958333334 0.5741481859374999 0.1727659625 0.580975428125 0.16606335208333334 0.5812232703125 0.16133759583333335 0.578825834375 0.15766035208333334 0.569287928125 0.14813678125 0.564245215625 0.14550804583333335 0.5603336265625 0.146006775 0.5595540171875 0.14852437708333335 0.5558069203125 0.15206044791666665
0 0.639347084375 0.05321580625 0.6401131437500001 0.038608925 0.6348991640625 0.02689821041666667 0.6252936640625 0.018663483333333335 0.6105170390625 0.016422341666666666 0.6071822765625 0.018269997916666666 0.6036379593750001 0.017939541666666666 0.6003414859375 0.012883329166666667 0.5935006953124999 0.007496658333333334 0.5775997187499999 0.00817269375 0.5658266625 0.01657275 0.56476990625 0.018201083333333333 0.5641840953124999 0.02937105 0.5629696203125001 0.03400668125 0.5597768203125 0.03932129166666667 0.5484454046875 0.051647958333333334 0.5471633375 0.05757243333333333 0.548398134375 0.07107071875 0.5492295796875 0.07373852916666666 0.55625061875 0.07568828541666667 0.557703953125 0.07884579375 0.5575687671875 0.08142347708333333 0.55301953125 0.08790676458333334 0.5462148203125 0.09417975833333332 0.54428833125 0.10004415 0.545651540625 0.10492011250000001 0.554125915625 0.110027375 0.5586661687500001 0.11606298333333333 0.5586571874999999 0.12858187708333332 0.5614218953125001 0.13142993541666667 0.5709980890625 0.1340496375 0.57346311875 0.13643804166666668 0.5788731046875 0.13823758958333335 0.5828815953125 0.14206504375 0.59243525625 0.14511436041666667 0.60717359375 0.15425936875000001 0.6110851828125 0.1537606375 0.61600169375 0.14644816666666666 0.6298116874999999 0.14859917916666668 0.6360238140625001 0.1474515125 0.641104815625 0.14317637916666665 0.6436643859375 0.1067192625 0.6415598546875 0.09745703333333333 0.6406022046875 0.08484801458333333 0.6418775 0.07287890208333334 0.6402461234375 0.054594772916666666 0.639347084375 0.05321580625
0 0.24713241562500002 0.53686378125 0.2462784390625 0.5346255854166666 0.239437646875 0.5292389166666667 0.2359383921875 0.52804923125 0.23067036875000002 0.5297166375 0.227799778125 0.5350612874999999 0.22649517812500003 0.5414153770833334 0.22169132500000002 0.5465797770833334 0.21944262499999997 0.5524141270833333 0.21938180468750001 0.5597476083333334 0.22467015468749998 0.5762141229166667 0.22444263437499998 0.5990737958333334 0.2258734390625 0.6026609166666667 0.22741689687500002 0.6040999666666667 0.23289447812500003 0.6046106729166667 0.2382300984375 0.601654425 0.2441357703125 0.5940024645833333 0.24684186718749998 0.5856204708333334 0.2488877859375 0.58365265 0.2534212671875 0.5836436187499999 0.2576032296875 0.57798951875 0.2592368140625 0.5777101104166668 0.261275959375 0.56969765 0.26087938125 0.5649118104166667 0.258430109375 0.5560491541666667 0.2537772 0.5521616166666666 0.2502779453125 0.5509719333333333 0.2469138765625 0.5472045624999999 0.24713241562500002 0.53686378125
0 0.4881069125 0.25756253333333334 0.4715637234375 0.23961495208333333 0.462242146875 0.23831413333333332 0.4598740171875 0.24025191458333334 0.4556176859375 0.24115021666666667 0.45180299531249996 0.24597512916666667 0.4495317640625 0.2522390916666667 0.4475962921875 0.270622375 0.4453250609375 0.27688633749999997 0.4471299109375 0.2856889125 0.44543550937500004 0.2933018 0.4407961484375 0.30150354375 0.44156000000000006 0.30546019375 0.445133621875 0.31140567916666667 0.44375465312499995 0.3130039666666667 0.438509159375 0.3142417604166667 0.43337632031249995 0.31333148125 0.4324164640625 0.31928599583333334 0.4328648796875 0.3292572458333333 0.43551015625 0.3282087354166666 0.4366570375 0.32486194791666667 0.44033654218749996 0.32261471875 0.4422472734375 0.3232245833333333 0.44434503125 0.32644217291666666 0.44446446093749997 0.3303387416666667 0.44274075156250003 0.33233660416666666 0.44049882656249995 0.34421559375000005 0.446499190625 0.3594533458333334 0.45845706093749994 0.37222455000000004 0.46472102499999995 0.37626229166666664 0.4805093453125 0.37773432916666666 0.48326727968750005 0.37453775 0.484549346875 0.368613275 0.48545059375 0.35142870833333334 0.487219365625 0.34857161875000003 0.4942178734375 0.3509509875 0.499785578125 0.34974323958333337 0.5058106812500001 0.34598784374999997 0.509677209375 0.34634834375 0.511768190625 0.34352129375 0.5119709703125 0.33965476666666666 0.5136946796874999 0.33765690416666666 0.514077709375 0.3303534625 0.51269196875 0.32590711250000004 0.5129398109375 0.32118135833333333 0.5080773453125 0.3151157083333333 0.5081674703125 0.3133972520833333 0.5105806640624999 0.31060024375 0.5100195921874999 0.3027770645833333 0.5052472515625 0.29499295833333333 0.51009616875 0.2889693291666667 0.510569321875 0.27994743333333333 0.5073629734375 0.27317276458333334 0.5066216531250001 0.2687864958333333 0.5017591890624999 0.26272084791666667 0.498050378125 0.25935305 0.4881069125 0.25756253333333334
0 0.7767350093750001 0.07595471458333333 0.7764421046875001 0.08153969999999999 0.778636759375 0.08908347291666667 0.7837020031249999 0.09128259375 0.788280546875 0.09041433333333333 0.8058015578125 0.07736961041666666 0.8107180671875 0.07005713958333333 0.8118874796875 0.06628073541666667 0.8184150421874999 0.05911847083333333 0.8198998906250001 0.04932747083333333 0.8233022453125001 0.04619097291666666 0.8341244281250001 0.0312265375 0.8343791109375 0.0299551375 0.763953728125 0.023388975 0.758902978125 0.05788696666666667 0.7510933468750001 0.07097370625 0.7486193359375 0.08110419583333334 0.749338125 0.08592007708333332 0.7544033703124999 0.08811919791666667 0.7606154968750001 0.08697153125 0.7646397421875 0.08432473124999999 0.772936075 0.07430537291666667 0.7755137609375 0.07454570625 0.7767350093750001 0.07595471458333333
0 0.41475068125 0.10048634166666666 0.412504190625 0.08775715625 0.41446219375000004 0.06894425833333333 0.4093676421875 0.0611301125 0.40130560312499997 0.054334433333333335 0.39835387187500004 0.048878647916666663 0.39333368750000003 0.0458203 0.38562316406249997 0.0446696875 0.3793434453125 0.04710619791666667 0.3728834765625 0.05297962083333333 0.36445195625000004 0.0655766625 0.35840432031249997 0.06976167083333333 0.3538483109375 0.07020031458333334 0.3498240640625 0.07284711666666667 0.3410793171875 0.07289522083333333 0.3327762078125 0.07686993958333334 0.330317953125 0.08052617499999999 0.32486069687499997 0.09814938958333334 0.3290922890625 0.11624423333333334 0.3326659109375 0.12218971458333333 0.358807825 0.14232738749999999 0.365806334375 0.14470675625 0.366705371875 0.14608572291666666 0.3670636625 0.15777542916666668 0.36877161406250003 0.16225182083333334 0.3718360015625 0.16555953541666665 0.3778904109375 0.16741916666666665 0.386042575 0.17249638958333333 0.3937530984375 0.173647 0.40377314062499997 0.16162978125 0.4080294734375 0.16073147916666666 0.421046309375 0.15331081666666665 0.4237524078125 0.14492882291666667 0.4239867015625 0.1281137875 0.42326791249999995 0.12329791041666667 0.419926375 0.11910092291666667 0.4176641265625 0.11284599375 0.417612290625 0.10766058125 0.41475068125 0.10048634166666666
0 0.2769555890625 0.35098497500000003 0.27080428125 0.3447991604166667 0.26364805625 0.34542708958333335 0.25796769531249997 0.34878291041666665 0.25785503906249996 0.35093098125 0.2547073015625 0.35538636041666666 0.2549078734375 0.3700833666666667 0.2456674375 0.3795829833333333 0.24537453281250002 0.38516796875000003 0.24934473437500002 0.3958992895833333 0.249164484375 0.39933620416666665 0.2503857328125 0.4007452125 0.252235646875 0.40868855624999995 0.2560638859375 0.41595292500000003 0.2641191515625 0.41670396249999997 0.2664647515625 0.4151957958333333 0.27836401093749996 0.41673694791666666 0.28544587187500003 0.41135322291666665 0.289679671875 0.41088453333333336 0.293359175 0.40863730625 0.2943190328125 0.4026827916666667 0.291457425 0.39550854999999996 0.29149571406249997 0.38860468125000003 0.28999731562500003 0.3863064041666667 0.28874676093749996 0.37928236875 0.289017134375 0.374127 0.2864101453125 0.36827164166666665 0.280858196875 0.36300513958333336 0.27880550312499996 0.35892831875000003 0.278940690625 0.3563506354166667 0.2769555890625 0.35098497500000003
0 0.7955618203125 0.5504378145833333 0.8042142359375 0.5706716979166667 0.80933131875 0.5780562291666667 0.8137521421875 0.5801952687499999 0.8169517171875 0.5809252979166666 0.8261088015625001 0.5791887770833333 0.8375078125 0.5655732666666666 0.836834084375 0.5598981583333333 0.8291708312500001 0.5393247854166667 0.809515984375 0.5374922520833334 0.7974139421875 0.5398176291666666 0.7947010718749999 0.5421549812500001 0.7955618203125 0.5504378145833333
0 0.8188758484375 0.5318892041666666 0.8205770265625001 0.5303209541666667 0.8199258296874999 0.52421623125 0.8182629406249999 0.5188806125 0.8157753812499999 0.5169218229166667 0.8093221859374999 0.5288398854166666 0.8114199421875 0.532057475 0.8188758484375 0.5318892041666666
0 0.29172308281250003 0.30400976875 0.2874599765625 0.2988634333333334 0.2762952609375 0.29566390625 0.27029268906250004 0.29898968541666665 0.2668002109375 0.30384463958333335 0.266565915625 0.3206596770833333 0.2692089859375 0.3381746979166667 0.2689386125 0.34333006875 0.27071415781249997 0.34651761666666664 0.2754346609375 0.3491163104166667 0.28109028281250004 0.3647536375 0.28650026875 0.36655318541666665 0.2897899703125 0.3655647583333333 0.2972008140625 0.36625571458333334 0.30299383125 0.3607518229166667 0.3062474484375 0.34810373125 0.30725914374999996 0.34733462708333335 0.307867484375 0.3357350458333333 0.307029265625 0.3270225958333333 0.3057561796875 0.3204281770833333 0.30250476718749997 0.3145127354166667 0.2990731078125 0.31203420625 0.29488436875 0.31164366666666665 0.29172308281250003 0.30400976875
0 0.23230205625 0 0.231505028125 0.0013754708333333333 0.2298489125 0.00208449375 0.2294433515625 0.009817547916666667 0.236583821875 0.01566387291666667 0.2452609765625 0.016904608333333335 0.2552788125 0.023450920833333333 0.26037336093749996 0.03126506875 0.2627550421875 0.04141656875 0.27337223437499997 0.048882191666666665 0.2792238625 0.05460835208333333 0.283966896875 0.05677743333333333 0.293723340625 0.05596022083333333 0.303105734375 0.04992755833333333 0.3136350125 0.04054810625 0.3199147328125 0.03811159791666666 0.32410346875 0.0385021375 0.3315346359375 0.0573270125 0.33539218125 0.07020640416666667 0.3437471265625 0.07141709791666666 0.3619193328125 0.0644771 0.3673901390625 0.058943166666666665 0.36890429375 0.054767191666666666 0.3734309984375 0.048713520833333336 0.374967684375 0.04410793125 0.37496090937500004 0.038063291666666665 0.3735526375 0.03404655625 0.374115915625 0.023306202083333335 0.376477271875 0.015323783333333334 0.38022436875 0.0117877125 0.3768603015625 0.00802034375 0.37607391875 0.004493304166666667 0.3733006765625 0 0.2899628140625 0 0.28933844531249997 0.003745610416666667 0.2876823296875 0.0044546291666666665 0.28545616093750004 0.009859364583333334 0.28276582031249997 0.011767104166666665 0.2823084234375 0.014314747916666667 0.28003041875 0.014534070833333333 0.280616228125 0.003364102083333333 0.278450878125 0.00143535625 0.2780035375 0 0.23230205625 0
0 0.15417478125 0.11763597708333333 0.1559210203125 0.1152085 0.15444515625 0.11248060833333334 0.15332080625 0.11539778125 0.1540621265625 0.11978404791666668 0.15638519374999998 0.11870549791666667 0.15417478125 0.11763597708333333
0 0.1445670734375 0.12796478125000002 0.1413675 0.12723475208333335 0.13487145 0.12144851041666667 0.12980620625 0.1192493875 0.11792947499999999 0.117278625 0.105678696875 0.11009240625 0.0988086 0.09909070833333335 0.0983376546875 0.089549075 0.09612046875 0.08243491458333334 0.0934773984375 0.06491989166666666 0.0942659890625 0.04988339583333334 0.0933669515625 0.04850442916666667 0.094259215625 0.04383875625 0.08919396874999999 0.04163963541666667 0.07881563593749999 0.04196714791666667 0.0654833625 0.05540241041666667 0.061375768750000004 0.06581230625 0.06110539375 0.07096767708333333 0.06320992343750001 0.08022990625 0.06296208125 0.0849556625 0.05531016875 0.0950351 0.0538929140625 0.10353725833333334 0.051887640624999995 0.14177291875 0.0525613671875 0.14744802708333332 0.0553035453125 0.15072570000000002 0.059125009375 0.15194542708333333 0.062211928125 0.15482352708333333 0.0689332890625 0.15631362916666666 0.07333158281249999 0.15888227916666667 0.074829978125 0.16118055833333333 0.0777073421875 0.16188054583333333 0.0809745125 0.16132173541666667 0.0870221453125 0.15713672708333334 0.0926349125 0.15506974791666667 0.10904512343749999 0.15703148125000002 0.11860555937499999 0.1661254375 0.12766353749999998 0.17862626666666664 0.13075723125 0.18754900624999998 0.1303742015625 0.19485244583333333 0.1354619765625 0.19662195416666667 0.138848575 0.19995970833333335 0.14432615625 0.2004704145833333 0.14860501718750002 0.19914249999999997 0.15466840937499998 0.18848323749999998 0.1570973578125 0.179211975 0.1598552921875 0.17601539583333334 0.1650421765625 0.16354755208333333 0.16529001875 0.1588217958333333 0.1671714453125 0.15381663333333334 0.1667523359375 0.14946041041666666 0.15391795625 0.13488062708333332 0.15166248124999998 0.13467033541666668 0.14859809531249998 0.13136262291666667 0.14636515 0.13072271666666666 0.1445670734375 0.12796478125000002
0 0.7059310171875001 0.57402791875 0.7006404625 0.5761249395833333 0.6927564640625 0.5844558812499999 0.6899084046875 0.5893709166666666 0.6895929671875 0.5953855166666667 0.6933310828125 0.6043683395833334 0.6999916234375 0.6131919229166667 0.7037454953125 0.61570049375 0.7102798328125 0.6145828666666666 0.7283236265624999 0.6162651916666667 0.730301953125 0.6155862125 0.734483915625 0.6099321145833334 0.7393260578125 0.5978638458333333 0.7409460921875 0.5854951604166666 0.740272365625 0.57982005 0.7335892937499999 0.5714260812499999 0.7291459390624999 0.5697166583333334 0.7226566640625001 0.5699750541666667 0.7140088140625 0.5743493458333333 0.7059310171875001 0.57402791875
0 0.11166596250000001 0.29844659375 0.1097326984375 0.29826634375 0.10669761562499999 0.30057365625 0.1041943 0.30508912083333334 0.1033177921875 0.30328053958333334 0.0979303359375 0.30105137916666663 0.093074646875 0.30103036875 0.0899945015625 0.3041969083333333 0.0888701515625 0.30711408125 0.0907268390625 0.3211020666666667 0.0957763265625 0.32977544166666667 0.1030587578125 0.33908872291666664 0.105298475 0.3457732666666667 0.10744129531249999 0.3481316291666667 0.11250653906250001 0.35033075 0.116695278125 0.3507212895833333 0.1206519296875 0.34936333333333336 0.1260776734375 0.34468862499999997 0.1293087609375 0.3324701479166666 0.12955660468750002 0.32774439375 0.1273394171875 0.32063023333333335 0.125608934375 0.31658345833333335 0.118349034375 0.3068405645833333 0.1138380859375 0.3064199833333333 0.11155330625 0.30059466458333334 0.11166596250000001 0.29844659375
0 0.6723680765625 0.07183627916666667 0.67794933125 0.08271780833333334 0.679409440625 0.09191995416666666 0.6817843453125 0.09602681249999999 0.682548196875 0.09998346666666666 0.6849681640624999 0.10323109791666667 0.685596828125 0.10976543333333333 0.6903241046875 0.11840876874999999 0.697007178125 0.12680273749999998 0.7025748828125 0.1255949875 0.71370351875 0.11713484583333332 0.72878203125 0.10127210833333335 0.734388025 0.09316048958333334 0.7378061359375 0.0835497375 0.741185959375 0.08084285625000001 0.7441083875000001 0.08068361458333334 0.7458546265625 0.07825613749999999 0.74633455625 0.07527888125 0.7490699578125 0.07251191458333334 0.7502844328125 0.06787628333333333 0.7537318515625 0.06388055625 0.7563027609375 0.058076247916666664 0.7577132421874999 0.043529452083333336 0.7600520671875 0.035976645833333334 0.7617983078125 0.033549168750000004 0.76233905625 0.023238429166666668 0.63825575 0.011669429166666667 0.637898165625 0.012931233333333332 0.6379274703125 0.01854626041666667 0.6414628062500001 0.03139561041666667 0.6420689390625001 0.03835956041666667 0.6451626328125 0.04728230208333333 0.6494257390625 0.05242863958333333 0.6671923843750001 0.05322169583333333 0.670301834375 0.05567018125 0.6720097859374999 0.06014657083333333 0.6723680765625 0.07183627916666667