0 0.9089038078125 0.35134301874999996 0.9340414953125 0.33710617083333333 0.9400969609375001 0.33607779375 0.9424724156250001 0.33382604375 0.9508991640625 0.3201167354166667 0.9528914593750001 0.3181721 0.9577202546875 0.31673593333333333 0.96063185625 0.31335894375 0.9648431437499999 0.30128969791666665 0.969824925 0.29903540624999997 0.9763414328125 0.30076724583333336 0.9837765546874999 0.2993285333333333 0.9867639531249999 0.2938042854166667 0.9895962812500001 0.28388357291666666 0.98875138125 0.2796922729166667 0.9806236515625001 0.27438336458333334 0.978091734375 0.26876225625 0.9791591593750001 0.2543444 0.9842911453125 0.24431919375 0.9855150328125 0.23777419791666665 0.9793789015625001 0.22878245625 0.9824420999999999 0.2211109479166667 0.9854308906250001 0.21906309375 0.985121440625 0.21200836041666668 0.9766070750000001 0.19831558125 0.9622667203124999 0.18442399375 0.9582035515625 0.18350773541666668 0.9524554500000001 0.18637625625 0.9470898125 0.18719946666666668 0.9398834765625 0.18567279374999998 0.9355150296874999 0.18813098125 0.9309178015624999 0.19355455416666667 0.9260890046875 0.19499072291666666 0.905468578125 0.195522075 0.8925162249999999 0.20207851458333334 0.8862326703125 0.20781047291666666 0.883782809375 0.21568587708333334 0.8801820749999999 0.22100622916666665 0.8797231171875 0.22346060208333332 0.8735939390624999 0.23185082916666666 0.8703777562499999 0.24034046041666668 0.8679278937499999 0.2482158625 0.8667040046875 0.2547608604166667 0.86716505 0.2575210770833333 0.8649446656249999 0.26416929166666664 0.8618849453124999 0.28053178333333334 0.861199290625 0.29116613124999996 0.8636533249999999 0.2937199104166667 0.8664154187499999 0.2998520291666667 0.86948209375 0.30087150625 0.8743901609375 0.30597906249999995 0.8766174984375 0.31671281458333334 0.8807592484375 0.32243460208333335 0.8830623828125 0.33102109583333333 0.893416059375 0.3435873625 0.9030006328125 0.34981507500000003 0.9089038078125 0.35134301874999996
0 0.5122451390625 0.45019380625 0.507724403125 0.45520831458333333 0.5061159640625 0.45858403333333336 0.5037453765625 0.4730031604166667 0.5071993828125 0.48414470416666666 0.5140260359375 0.494669475 0.5261411375 0.5030419020833333 0.533269590625 0.50150124375 0.5396296359375 0.49536022291666665 0.5429995015625 0.48779066458333337 0.5498129421875 0.46528969583333335 0.5476634890625001 0.45762327291666666 0.5435975375 0.44975422916666663 0.5362375203124999 0.44730748333333337 0.5317897984375 0.44322194791666664 0.521210121875 0.44057385 0.5139300718750001 0.446409025 0.5122451390625 0.45019380625
0 0.2476314890625 0.07980693125 0.24725250000000001 0.09054322708333333 0.25101595625 0.10873950416666665 0.25531277812500003 0.11885775625 0.2590706703125 0.12314846041666666 0.26397735 0.12477962499999999 0.2684229828125 0.12365057083333333 0.270488990625 0.11434408541666666 0.26918304531250004 0.10739256875 0.2718582140625 0.08786079791666666 0.269707371875 0.07671798541666666 0.2647979109375 0.06813403333333333 0.260273696875 0.06445756041666667 0.25598104843749997 0.0647684875 0.24969819062499998 0.07223864375 0.2476314890625 0.07980693125
0 0.7018177624999999 0.26034082291666666 0.6970605937500001 0.24920055208333333 0.69514061875 0.24030694375 0.69567259375 0.22875252291666665 0.6935224453125 0.21934790625 0.6856276703125 0.22150279166666667 0.6794164390625 0.21639650625 0.6751237890625 0.21670743750000002 0.66439599375 0.22704484166666666 0.6629412359375 0.23134063125 0.6576527875 0.233492975 0.6558113921875 0.22940489583333334 0.65481141875 0.22081713125 0.651588978125 0.21366299166666666 0.65197144375 0.21161768125 0.6507433828125 0.20773349583333334 0.65166199375 0.20456294583333332 0.6477511140625001 0.20109036666666666 0.6462156921875 0.1953660375 0.635718765625 0.20795265000000002 0.6322724078124999 0.21593127083333333 0.63020361875 0.21828496875 0.6282148000000001 0.22892058750000002 0.6351200328125 0.24425088541666667 0.634741740625 0.25672537916666666 0.6358175109374999 0.2631658854166667 0.6427999296875 0.27982531875000005 0.650315715625 0.2884067270833333 0.6647311703125001 0.29841286041666665 0.66894663125 0.29677279375 0.671551565625 0.2932938583333333 0.681284259375 0.28653606666666664 0.691556575 0.28734401875 0.7067369593749999 0.2932595291666667 0.70964925625 0.2916207375 0.7107966515624999 0.28548480416666666 0.709642303125 0.27423876875000003 0.7018177624999999 0.26034082291666666
0 0.15239712968750002 0 0.1497865015625 0.0020924979166666666 0.14634014374999998 0.01007111875 0.1451162546875 0.016616116666666667 0.1458088640625 0.023363735416666667 0.1469597375 0.025918785416666666 0.154703609375 0.0297966125 0.158615184375 0.03500738958333333 0.1612249875 0.04369582916666667 0.163756209375 0.04757874375 0.16605865 0.05442703958333333 0.16912601875 0.0571847125 0.1761849328125 0.07343508333333333 0.1806326546875 0.07752062291666667 0.1889126734375 0.08027321041666666 0.196806753125 0.07638012500000001 0.20125099687499998 0.07177467708333334 0.20439138125 0.06543230416666666 0.207298115625 0.04988793958333334 0.20261257187499998 0.026171227083333335 0.204905971875 0.010422964583333333 0.20122248593749997 0.0005086083333333333 0.2011787 0 0.15239712968750002 0
0 0.156019290625 0.06108288333333333 0.1642186453125 0.05381535416666667 0.164293746875 0.04992989791666667 0.1561618453125 0.03419180833333334 0.1494902640625 0.028063502083333334 0.1459639375 0.027760200000000002 0.13960319375000002 0.032163025 0.1284122671875 0.03452562291666667 0.12404451718750001 0.03872200625 0.121292159375 0.05692464375 0.1192240671875 0.061016539583333335 0.117540525 0.06827771041666666 0.11416926875 0.07237087708333334 0.110107490625 0.0749310125 0.1073495703125 0.07922807291666666 0.1067397125 0.08771516250000001 0.10996215312499999 0.09486930208333333 0.1140253234375 0.09578555833333334 0.1245243375 0.0884135375 0.129429625 0.08656830833333333 0.1349496375 0.08840336666666666 0.1384752703125 0.08696847083333334 0.1480535859375 0.07755241041666668 0.150810115625 0.06977895416666667 0.156019290625 0.06108288333333333
0 1 0.15091185416666666 0.958338284375 0.13706194375 0.9583391546875 0.13923468958333332 0.962483684375 0.15190926249999998 0.97475038125 0.15598717083333333 0.9778942421875 0.15833578333333334 0.9817293234375001 0.16395562291666668 0.9852563468750001 0.16599711666666667 0.9995918312500001 0.16772132916666666 1 0.16784209583333334 1 0.15091185416666666
0 0.26657691250000004 0 0.2682213203125 0.002794916666666667 0.2692212921875 0.011382683333333334 0.27083181875 0.013221554166666667 0.275589684375 0.026100025000000002 0.28019178125 0.03284383125 0.285866171875 0.03733715833333333 0.2917693453125 0.03886510208333334 0.30426135 0.03128664166666666 0.30663610937499997 0.027296695833333332 0.3082445484375 0.02392097916666667 0.3104628453125 0.012058170833333333 0.30992530937499996 0.00970701875 0.31109180468750003 0 0.26657691250000004 0
0 0.8157137640625001 0.6040860604166667 0.8084337171874999 0.6099212375 0.8069782625 0.6124788291666667 0.805371909375 0.6210691374999999 0.807366290625 0.6243390937500001 0.829675825 0.6304521416666666 0.842398003125 0.6233846916666667 0.848833846875 0.6150964125 0.8578002171874999 0.60895285 0.8605581390625 0.6046557875 0.8617048374999999 0.5967816583333333 0.8597869484375 0.5931026395833333 0.8553392296875 0.5890171020833334 0.8519658874999999 0.5878956770833333 0.842692153125 0.5921990958333333 0.8404689875000001 0.5918945250000001 0.828514521875 0.6018241395833334 0.818932728125 0.6025492166666666 0.8157137640625001 0.6040860604166667
0 0.0877464984375 0.13180211041666667 0.0838335328125 0.12311494375000001 0.07823424531249999 0.11473615833333332 0.0753156890625 0.10073117916666667 0.0703311265625 0.09603268541666667 0.0626644421875 0.09348399375000001 0.060718523437500005 0.0934387 0.053273484375 0.13325259583333335 0.05769935 0.13745500833333332 0.0605358484375 0.137963475 0.06682079375 0.13570791041666666 0.0708081640625 0.13877142916666668 0.07241938437499999 0.14234849791666668 0.07786290625 0.14459261874999998 0.0801625640625 0.14448812916666667 0.0840706609375 0.14100792083333333 0.086905075 0.13630179791666666 0.0877464984375 0.13180211041666667
0 0.432188253125 0.3818687333333333 0.4408535203125 0.38952879791666667 0.46201357187500003 0.39656318958333336 0.4672171828125 0.37396154375 0.4757976140625 0.3611723083333333 0.47985591406249994 0.34992118958333335 0.4850664796875 0.34470151250000003 0.4857535265625 0.3375435583333333 0.48498442343750003 0.33120499791666663 0.48045603750000004 0.31709934375 0.47769533593749997 0.3144436166666667 0.475239215625 0.30667524791666667 0.4674139796875 0.29103910625 0.46020486250000003 0.2825596479166667 0.45751995624999997 0.27775666041666663 0.44341395156249996 0.27480526250000004 0.43781883437499997 0.27685566041666665 0.43506508593750004 0.29158190208333334 0.43568120312499997 0.29873858541666665 0.4343022421875 0.3008871166666667 0.43077522031250004 0.29884561875 0.4244854078125 0.28893380625000004 0.4148250375 0.2848533541666667 0.406470609375 0.28772441875 0.4000354609375 0.29775089583333336 0.397510496875 0.30951175416666665 0.397589075 0.31431728125 0.39912449843750003 0.3200416104166666 0.3956823140625 0.33844941458333333 0.3966808953125 0.3435607854166667 0.39591596562500003 0.34765140833333336 0.39683944375 0.3566482354166667 0.39998539375000003 0.3642114375 0.4065804796875 0.37074880416666667 0.4102604890625 0.37197217708333336 0.4134029625 0.37084439375 0.4153180671875 0.3675706270833333 0.41914967187499996 0.3644994791666667 0.42160579374999996 0.37226784791666667 0.42590122499999994 0.37890970625 0.432188253125 0.3818687333333333
0 0.5360553265625 0.37512134166666666 0.538579596875 0.36162228750000003 0.5383487265625 0.35937307916666666 0.5314490578125 0.3579483541666667 0.52891853125 0.35580363958333333 0.518492534375 0.35407561458333336 0.5138932171875 0.3542845958333333 0.5102910921875 0.35612855416666667 0.508836334375 0.36042434375 0.5069184453125 0.356745325 0.5004784296875 0.354604425 0.4979472078125 0.3507215125 0.48851700937500003 0.3471520708333333 0.48077661406249994 0.35196522708333333 0.47886150625 0.3552389979166667 0.4764881359375 0.36270533749999995 0.472739978125 0.3827493895833333 0.47258907812500006 0.38878210416666664 0.47412311249999994 0.3910300395833334 0.47987330000000006 0.3933761083333333 0.4840957125 0.40911801249999996 0.4869336046875 0.41310287291666664 0.49414133125 0.4181059416666667 0.4969771359375 0.41687621041666667 0.506712609375 0.41707120416666665 0.509011571875 0.41522851875 0.511848071875 0.41573698541666665 0.5174424921874999 0.4119483916666667 0.5306952546875 0.38985012708333333 0.5315366781249999 0.38535044166666665 0.5360553265625 0.37512134166666666
0 0.84082085625 0.5133685520833333 0.834770259375 0.5265643083333333 0.833469878125 0.5335183666666666 0.8281842109375 0.5426234999999999 0.826501365625 0.55162286875 0.82780591875 0.5550979916666667 0.8360115312499999 0.5634742333333332 0.8393848734375 0.5645956583333334 0.8431406812500001 0.5636717708333333 0.8481982578125 0.5592702187499999 0.8545569140625 0.5496528041666667 0.8612236281250001 0.5436137333333334 0.8655892921874999 0.5342027583333333 0.8724089921875 0.5273455583333333 0.8723304125 0.5225400333333333 0.8643535828125 0.5111984083333333 0.8474089906250001 0.5025239520833333 0.84449669375 0.50416274375 0.8428896453125001 0.51101485625 0.84082085625 0.5133685520833333
0 0.800890809375 0.5335501541666667 0.797290771875 0.5406087020833333 0.7939229921875001 0.5533928541666667 0.7883410890625 0.5884689895833334 0.7904133546875001 0.5948062749999999 0.7963172234375 0.5980724166666668 0.8058190468750001 0.58906541875 0.8132541671875 0.5876267083333333 0.8225279000000001 0.5833232895833333 0.826512490625 0.57943401875 0.8277363781249999 0.5728890208333334 0.8265048421875001 0.5603138541666667 0.824125909375 0.55387461875 0.8279526453124999 0.5386360958333333 0.8266480921875001 0.5351609729166668 0.8200537000000001 0.5303618041666667 0.8076340156249999 0.5271020187500001 0.800890809375 0.5335501541666667
0 0.0803419734375 0.20972148333333335 0.0702198640625 0.20114261875 0.065314575 0.20298784791666666 0.0632437 0.20012695625000002 0.063626165625 0.19808164375 0.06163039375 0.19133529583333334 0.0562633671875 0.1886821125 0.050130712499999994 0.18838135625 0.041242225 0.19759225 0.039368146874999996 0.20761427500000001 0.0397165390625 0.21620267708333335 0.043936865625 0.22672998958333332 0.0440919375 0.23112645625 0.0472392765625 0.24216605208333333 0.050383139062500006 0.24451466458333335 0.061192296874999996 0.245935575 0.0748344765625 0.23917396875 0.079278721875 0.23456852083333332 0.0814205265625 0.22311477708333335 0.0803419734375 0.20972148333333335
0 0.37197504531250003 0.28755358333333336 0.3704417078125 0.28704384375 0.369139240625 0.2887833125 0.36737851093749996 0.2947153520833333 0.368376396875 0.29808852708333333 0.373818525 0.29685625416666667 0.3745076578125 0.29491288958333334 0.3778803046875 0.29429611666666666 0.37649925781250004 0.2912300583333333 0.37197504531250003 0.28755358333333336
0 0.384625596875 0.2930625729166667 0.384088059375 0.29071141666666667 0.385850875 0.28999397083333334 0.3886108828125 0.2909115 0.3888403625 0.28968431250000004 0.3854670203125 0.28856288750000003 0.38278559218749997 0.29245088750000003 0.384625596875 0.2930625729166667
0 0.4019491765625 0.29100073125 0.4070832484375 0.28619011875000006 0.41888681562499996 0.28229321874999996 0.4205696609375 0.27329385 0.4200307328125 0.2674663 0.4222525078125 0.26429447708333337 0.423399903125 0.25815854374999997 0.42776556718750003 0.24874756874999998 0.42676768125000003 0.24537439375 0.427223859375 0.23596723333333333 0.426840003125 0.23453615208333334 0.4205522765625 0.22983892916666668 0.4165656015625 0.22851360833333334 0.404378178125 0.23097942500000002 0.403382378125 0.23282084166666667 0.3988602515625 0.23435895833333334 0.39686795625000004 0.23630359166666667 0.396485490625 0.2383489020833333 0.3853745328125 0.24899342291666665 0.3840727625 0.25247108749999997 0.3865281875 0.25850126041666666 0.39105170624999996 0.2604395395833333 0.39044045625 0.26545023333333334 0.3860706203125 0.26443202708333335 0.383388496875 0.2665818291666667 0.38453936875 0.26913688124999996 0.3885260453125 0.2704622 0.38921656875 0.27199522916666663 0.3880691734375 0.27813116250000003 0.388990565625 0.2819134 0.390907759375 0.28385422083333334 0.390142828125 0.28794484375 0.3944375640625 0.29284850625000003 0.40026424374999997 0.2947855125 0.4019491765625 0.29100073125
0 0.46019095468750004 0.24779571041666668 0.4579650078125 0.24053835208333335 0.45727100781249996 0.23031433541666668 0.4559664546875 0.22683921458333334 0.44852994218750003 0.22480153125 0.4469208078125 0.22643905416666668 0.4397923546875 0.22797971041666668 0.43312564218749994 0.2340187833333333 0.4270062015625 0.26674376666666666 0.4293072484375 0.27011566875 0.425630021875 0.2758450854166667 0.4236405078125 0.28474250624999997 0.424025059375 0.2879117854166667 0.4260187453125 0.28944354583333337 0.42824399687500003 0.29496270625 0.43414786562499996 0.29822884791666665 0.4359864796875 0.29536413958333335 0.4346805359375 0.28841262500000003 0.4376644578125 0.2741973916666666 0.4434897484375 0.2726580041666667 0.45406942812500006 0.27530610208333334 0.45728839218750006 0.2737692583333333 0.45973616718750004 0.26067926458333335 0.46019095468750004 0.24779571041666668
0 0.37678158906250003 0.03888440416666667 0.3697282375 0.036539606249999995 0.3656657640625 0.03736154583333333 0.3645148921875 0.03480649583333333 0.3595303296875 0.03010800208333333 0.35163346875 0.02704829791666667 0.342740809375 0.0258300125 0.338295175 0.026959066666666667 0.33262495625 0.03289491875 0.3307870390625 0.037497822916666666 0.3301006859375 0.046393975 0.33179118281250003 0.056514768750000006 0.33210063125 0.06356950416666667 0.331106221875 0.0688873125 0.332027615625 0.07266955 0.33548023125 0.08033470000000001 0.345219878125 0.09095887500000001 0.34966690312500004 0.09330621666666666 0.3544956984375 0.09187004791666667 0.3577125765625 0.08511861250000001 0.3594719171875 0.07571018125000001 0.3625358078125 0.06977687083333332 0.377248890625 0.05728839166666667 0.3794671890625 0.045425585416666664 0.37678158906250003 0.03888440416666667
0 0.45712149843749994 0.23982344583333332 0.45635656718749995 0.24391406666666665 0.45696920781249994 0.24237976666666666 0.45712149843749994 0.23982344583333332
0 0.48913034375000003 0.3473559666666667 0.4948805328125 0.34970203541666667 0.50032544375 0.35542255 0.5043149015624999 0.36370065625 0.5102938734375 0.36308134166666667 0.5223227484375 0.347528075 0.5247705234375 0.33443808125 0.5220835328125 0.32442050625 0.51863230625 0.32023175 0.517327753125 0.3167566291666667 0.5186267453125 0.3063261770833333 0.5173201046875 0.2976364625 0.5121067578125 0.29590335208333335 0.5104962328125 0.29406447916666667 0.516551696875 0.29303610208333336 0.5150176656250001 0.2907881666666666 0.5148632875 0.2881298958333333 0.5116429328125001 0.28619034791666664 0.5111818890625 0.28343013125 0.5071180234375 0.28077567708333334 0.5031292609375 0.2742357645833333 0.50473491875 0.2639072604166667 0.5061138781250001 0.26175873125 0.5087918296875 0.24917974791666667 0.508865540625 0.24181789791666666 0.506947653125 0.23813888125 0.503880284375 0.23538120625 0.49897360468749996 0.23375004375000002 0.49107883125 0.23590493125 0.4860977453125 0.23989742083333335 0.484106840625 0.24531845 0.48058259843749995 0.25022973958333333 0.47820922968749996 0.25769608125 0.47438249218750006 0.27293460416666665 0.47476912968749996 0.281318475 0.4882618015625 0.28406597499999997 0.5006063828125 0.2912112145833333 0.495164946875 0.29418168541666667 0.48611860625 0.29204332708333336 0.48412631250000004 0.29398796041666664 0.4816722765625 0.29143418125 0.47998595312500003 0.29174256875 0.4799108515625 0.295628025 0.48144488281250003 0.29787596041666664 0.48321187187500003 0.30758769166666666 0.48206656406250004 0.31893821875 0.487208284375 0.33324776875 0.487979471875 0.3448009166666666 0.48913034375000003 0.3473559666666667
0 0.09349709218749999 0 0.102264871875 0.015839950000000002 0.109627671875 0.025239481249999998 0.114764525 0.02738165625 0.12289295 0.03442876041666666 0.1357708953125 0.033495975 0.143970946875 0.027966639583333334 0.1435043375 0.011300847916666667 0.14112540625 0.0048616125 0.1372653390625 0 0.09349709218749999 0
0 1 0.4907736875 0.997956965625 0.48826699166666665 0.9836200906249999 0.4830663875 0.9778705984375 0.48245851666666667 0.9760312890625 0.483585025 0.9660649453125 0.481140825 0.96070139375 0.48717862500000003 0.9610873359375001 0.49382429791666665 0.9592494171875 0.49842720208333335 0.962010815625 0.502821125 0.9616304375 0.5100810270833334 0.95764515 0.5122321020833334 0.95573004375 0.5155058708333333 0.9534276046875 0.5086575729166667 0.9502086406249999 0.5101944187499999 0.9484486046875 0.5178646541666666 0.95719245 0.53033024375 0.9594177015625001 0.5358494083333334 0.9593432953125 0.5414730604166667 0.9604176734375001 0.5444371729166666 0.9631790718750001 0.5488310958333333 0.9650190765625 0.54944278125 0.9777398640625 0.5388989375000001 0.9808037562499999 0.5329656291666667 0.9865504671875 0.5266207125 0.9925259625 0.5173104125 0.994669853125 0.5110712604166666 0.9994200687499999 0.5048295645833334 1 0.5028925916666667 1 0.4907736875
0 0.9668764671875 0.4018986770833333 0.9684056312499999 0.39197923333333334 0.9684021546875 0.38328825 0.9657165546875 0.37674706875 0.9614218187500001 0.37184340625 0.9544456578125 0.3708277416666667 0.9414154203124999 0.3743168520833333 0.9367416984375 0.38014948541666665 0.935364128125 0.3857744083333333 0.9290826609374999 0.3967209583333334 0.926787871875 0.4089928270833333 0.935764675 0.4289222166666667 0.942438340625 0.4402651125 0.9462727265625 0.44414675416666666 0.9587675125 0.44352108125 0.9636728 0.44167585000000004 0.96497526875 0.43993638333333335 0.9671984328125 0.4402409541666667 0.9739430296875 0.4372692125 0.981300265625 0.43276316875000004 0.984440653125 0.42642079791666665 0.9851290890625 0.42273923750000003 0.9832849124999999 0.4116983708333333 0.9783768437499999 0.40659081458333335 0.9692540078125 0.40486151666666664 0.9668764671875 0.4018986770833333
0 0.5967226265625001 0.6464254541666666 0.6020082921875 0.6373203208333333 0.6074490328125 0.63261165625 0.6081374703125 0.6289300958333333 0.6115852187499999 0.6244278666666666 0.61349754375 0.6142013083333333 0.612802153125 0.6005009020833333 0.6101172484374999 0.5956979166666667 0.609962871875 0.5930396479166667 0.605897615625 0.5869087979166667 0.600682878125 0.5816992937500001 0.5957762 0.58006813125 0.5909474046875001 0.5815042979166667 0.58872563125 0.5846761208333333 0.5850470125 0.5869291416666667 0.580294015625 0.5862180520833333 0.5798329703125 0.5834578354166666 0.58189828125 0.5724131541666666 0.5803642484375 0.57016521875 0.5761473984375 0.5683288895833333 0.567792971875 0.5711999520833333 0.5671038390625001 0.5731433166666666 0.5634252203125001 0.5753963395833334 0.5575255234375 0.5825593770833334 0.5546952828125 0.5976946812499999 0.549945065625 0.6039363770833333 0.5474159296875001 0.60526805625 0.54626714375 0.6079275979166667 0.546652390625 0.6128350708333333 0.5452734296874999 0.6149836041666668 0.545352009375 0.61978913125 0.5444333968749999 0.62295968125 0.5417512734375001 0.6251094833333333 0.5405266906249999 0.6299162833333334 0.54029790625 0.6328816666666667 0.541756140625 0.6372768604166666 0.5442101765625 0.6398306416666667 0.5513407156250001 0.6435045708333333 0.570047428125 0.6497233812500001 0.5723477828125 0.6513570875 0.5744193515625 0.6559561770833333 0.5785597078125 0.6582015708333333 0.585917640625 0.655433725 0.5967226265625001 0.6464254541666666
0 0.951967978125 0.6923966979166667 0.95457013125 0.6819649729166667 0.9468199984375 0.6624433750000001 0.943139990625 0.6612200041666667 0.9408417218749999 0.6648008875 0.934864140625 0.6688965958333333 0.927045165625 0.668904225 0.9185342750000001 0.6639024312499999 0.91446901875 0.65777158125 0.9083342796875 0.6522562333333333 0.9070276406250001 0.6435665229166666 0.9042662421875001 0.6391726 0.9028093984375 0.6382537979166667 0.9003581453124999 0.64265280625 0.89821216875 0.6436773708333334 0.892929978125 0.6614734854166666 0.8944640109374999 0.6637214229166666 0.8987573546875 0.6651486895833333 0.9021300015625 0.6645319166666667 0.9034345546875 0.6680070395833333 0.9029011890625 0.6760850645833333 0.904743975 0.6836495395833333 0.9045151921875 0.6866149229166666 0.9105748281249999 0.6960157250000001 0.914407825 0.6964209729166666 0.923451384375 0.6916065458333333 0.9303503578125 0.6912930729166666 0.9396268734375001 0.6939424416666667 0.9427714328125001 0.6980292520833333 0.947064775 0.69945651875 0.951967978125 0.6923966979166667
0 0.40099305625000004 0 0.4009895390625 0.000006958333333333333 0.397770575 0.0015438041666666665 0.3921789359375 0.012285183333333333 0.3904189 0.019955420833333334 0.3902680015625 0.025988135416666665 0.3928805859375 0.041629364583333335 0.3922728125 0.05533104166666667 0.3932720890625 0.062180610416666664 0.39250785625 0.06800942916666666 0.3940432796875 0.07373376041666665 0.394121859375 0.07853928541666666 0.3995681609375 0.08773619375000001 0.3997997265625 0.09172359791666666 0.4018712953125 0.0963226875 0.4060116515625 0.09856808125000001 0.414058021875 0.092118675 0.414746459375 0.08843711458333334 0.41934368906249997 0.08301354375 0.42049316875000003 0.08209219791666666 0.42355984375 0.08311167500000001 0.42754512968749997 0.08096060208333333 0.431146559375 0.07737844583333334 0.43367430625000003 0.07257037499999999 0.4370462578125 0.07021540625 0.44019011875 0.07256401666666666 0.443946621875 0.07337832916666667 0.4497719125 0.07183894166666667 0.45322035625 0.06907491041666666 0.4548287953125 0.06569919375000001 0.4578940796875 0.06324227708333334 0.4652492296875 0.05352164166666666 0.4758240390625 0.0440023625 0.48294623437500006 0.02681793125 0.4876570953125 0 0.40099305625000004 0
0 0.531262 0.08198412291666667 0.5232072859375 0.06757516875 0.516996053125 0.062468883333333336 0.5089462078125 0.06022730416666667 0.5033517875 0.0640159 0.501361578125 0.07117512499999999 0.4979627640625 0.07018991875 0.49844719531250004 0.067599325 0.49706614687500006 0.06453326666666667 0.4947657953125 0.06289956041666667 0.488633140625 0.06259880208333334 0.486487165625 0.06362336458333333 0.4826569515625 0.07017090416666667 0.47713971875 0.07528863333333334 0.47492003125000004 0.08367504583333334 0.4746175359375 0.09400227916666666 0.48305332500000003 0.10288953125 0.4899564703125 0.11300523958333333 0.491496065625 0.12915874791666665 0.49310798125 0.13447401458333333 0.5016953656250001 0.13906674791666665 0.5049929093750001 0.14233543124999998 0.5121992468750001 0.14386210416666667 0.5230035359375 0.1331156375 0.5285186828125 0.12278331875000001 0.5292071203125001 0.11910175833333334 0.5368696328125 0.11122127083333333 0.537635259375 0.10886884166666667 0.5361735453125 0.09578266458333333 0.531262 0.08198412291666667
0 0.5594329828125 0.17694401875 0.5536069968749999 0.17674521041666666 0.5502357421874999 0.180838375 0.54832133125 0.18585034166666667 0.5484026921875 0.19760865625 0.5471794984375 0.20589185 0.549252459375 0.21396733333333331 0.551477015625 0.21774829999999998 0.5597570359375 0.2205008875 0.5658882968750001 0.21732525 0.5684946234375 0.2173227083333333 0.5733227234375 0.21414834375 0.577765575 0.20606650208333335 0.57830033125 0.20146486875 0.5773789375 0.19768263125000002 0.57139579375 0.18787276666666666 0.5660287671875001 0.18521958125000001 0.5628835125 0.17939457916666665 0.5594329828125 0.17694401875
0 0.5824031375 0.10984763125000001 0.5874683671875001 0.12456624791666666 0.588469034375 0.13489220833333335 0.5905399078125 0.1377531 0.594679571875 0.13826029583333332 0.6133835015625 0.13752631875 0.624343559375 0.13291451458333334 0.6267190140625 0.13066276458333334 0.6271014796875 0.12861745208333333 0.639363309375 0.12052798333333332 0.645258834375 0.1029357625 0.6506230796875 0.09863615833333333 0.6571333312500001 0.08472422708333333 0.6583565234375001 0.07644103333333334 0.65689759375 0.07030764375000001 0.66225349375 0.045149675 0.6642372562500001 0.03929178125 0.5627293765625 0.005546772916666666 0.561435709375 0.009461622916666666 0.5564622734375 0.03257427916666667 0.5581499875 0.035742285416666665 0.5620608671875 0.039214864583333335 0.568347896875 0.042173891666666664 0.5755577109375001 0.05239154791666667 0.5760959421875 0.056480899999999994 0.5738011515625 0.06875276666666667 0.5780228703125 0.08275647708333334 0.5824031375 0.10984763125000001
0 0.2642012640625 0.301257575 0.264509321875 0.30483591666666665 0.2692602328125 0.30033241666666666 0.2695662046875 0.29869616666666665 0.2652728609375 0.2972688979166667 0.2642012640625 0.301257575
0 0.31441753281249996 0.3166478625 0.31058245156250003 0.311028025 0.3034526078125 0.30909229166666663 0.296477140625 0.309814825 0.2915704625 0.3081836625 0.28896483125 0.3099244 0.28612833125 0.30941593333333334 0.2845191984375 0.31105345416666663 0.280533215625 0.31146633125 0.2767781046875 0.31412841458333335 0.2709521203125 0.31392960416666665 0.2697261453125 0.31526001249999996 0.2677359359375 0.32241923541666667 0.262218703125 0.32753696458333337 0.2534852890625 0.34114432708333337 0.25172595000000003 0.3505527583333333 0.2544122453125 0.35883213750000004 0.25671329374999996 0.3622040395833333 0.25962698125 0.3640416416666667 0.2604711859375 0.36649474374999996 0.2693645421875 0.36945122708333333 0.2703596453125 0.3658716125 0.2695147453125 0.36168031458333333 0.2716600265625 0.35891755416666665 0.2790972328125 0.36269343541666665 0.287604646875 0.3590042458333333 0.2896727390625 0.35491235 0.3069886703125 0.33373034583333333 0.3085964140625 0.3286164333333333 0.31311715156250003 0.32360192083333333 0.31441753281249996 0.3166478625
0 0.5253150125 0.5457819166666666 0.5236293843750001 0.5478284999999999 0.521642653125 0.5636787104166667 0.5250959640625 0.57308205625 0.535987178125 0.5879994770833333 0.53759909375 0.5933147458333334 0.5372952078125001 0.6001655854166666 0.53967553125 0.6100812145833333 0.54419626875 0.6050667020833332 0.5496272734375001 0.57602328125 0.546475759375 0.5545545041666667 0.546395790625 0.5462725833333334 0.5446308890625 0.5417754416666667 0.540338934375 0.5438245666666667 0.5327494374999999 0.5426050083333334 0.5279971375 0.5436321145833334 0.5253150125 0.5457819166666666
0 0.7766251421875 0.4281572625 0.779992921875 0.41537311250000003 0.7784561078125 0.4061723916666667 0.780754375 0.40259150625 0.7819817390625 0.40473749583333335 0.7820603187499999 0.40954302291666667 0.785743109375 0.41771918125 0.7897297859375 0.4190445020833333 0.7923375015625 0.4225183520833333 0.7966294546875 0.42046922708333334 0.8013024828124999 0.4128983958333333 0.8043656796875001 0.4052268895833333 0.807813428125 0.40072466041666666 0.8104906843749999 0.38640748125 0.8105657859375001 0.3825220270833333 0.8080345624999999 0.3786391125 0.7933145265625 0.37374562291666663 0.7850338109375 0.3692548375 0.7756043078125 0.36742359583333334 0.764255528125 0.3584369375 0.7544421703124999 0.3551746125 0.746163540625 0.35589841875 0.7394954375 0.3584610979166667 0.72823149375 0.36992373958333336 0.7260862125 0.37268650000000003 0.725091803125 0.37800431041666666 0.725705834375 0.3799464020833333 0.7277767093749999 0.38280729583333334 0.7368995421875 0.38453659166666665 0.7395072593750001 0.38801044166666665 0.735680521875 0.40324896666666665 0.734917678125 0.41255417916666665 0.7360706359375 0.42032382083333336 0.7434355218750001 0.43493794166666666 0.748112721875 0.43779629166666667 0.7562390609375 0.43962880833333334 0.7675064796875 0.43685714791666663 0.7730244078124999 0.4334776166666667 0.7747093406250001 0.42969283750000004 0.7766251421875 0.4281572625
0 0.382291865625 0.20799542083333333 0.38144279375 0.19337493958333332 0.3822063328125 0.18580792291666667 0.3815151140625 0.18253669583333335 0.3801347625 0.18120883333333332 0.3687929359375 0.18960414583333335 0.362660978125 0.19104158541666666 0.3557606125 0.18787866458333333 0.349855353125 0.18113612916666666 0.3464820125 0.18001470416666668 0.3411942578125 0.18390524791666665 0.3359843890625 0.19086311874999998 0.33452963125 0.19515891041666666 0.33606505468750003 0.20088323749999998 0.33982433749999996 0.2086503354166667 0.351404684375 0.22162439583333335 0.353706428125 0.22673449583333335 0.35393799375 0.23072189999999998 0.35608605625 0.23491192708333333 0.35731481249999997 0.24053430625 0.36069023906250003 0.24687032291666666 0.363373753125 0.2481969125 0.3673590390625 0.24604583958333331 0.37264470625 0.23694070833333333 0.3777015890625 0.23080096041666665 0.38337250312500004 0.22660330208333335 0.383827984375 0.21545794583333333 0.382291865625 0.20799542083333333
0 0.3056270953125 0.37933379791666666 0.30118076562499996 0.3787246541666667 0.29052737500000003 0.38343840625 0.2850866359375 0.38814707083333333 0.2840150390625 0.39213574791666667 0.27512515937500004 0.3978702479166667 0.273212834375 0.40809680625 0.2749791265625 0.4160703416666667 0.2746738515625 0.41944478749999997 0.2772078546875 0.43028048750000003 0.28065908125 0.43446924374999996 0.30166614687500004 0.44232176041666665 0.3081054671875 0.4427244625 0.3120900578125 0.43883519375 0.31653082499999996 0.42553876249999995 0.3231210453125 0.4199087520833333 0.3171385953125 0.41183708333333335 0.316140709375 0.40846390833333335 0.315984246875 0.40059105 0.3132207640625 0.39098253541666667 0.3099983234375 0.38382839583333334 0.3056270953125 0.37933379791666666
0 0.6890364765625 0.3112722541666667 0.6849684390624999 0.29818862083333336 0.6830505515625 0.2945096020833333 0.679753703125 0.29297911666666665 0.6694069812500001 0.2977948145833333 0.667568365625 0.3006595229166667 0.6593648390625 0.29749787083333334 0.655303059375 0.3000580083333333 0.6528531984375 0.3079334104166667 0.64542225 0.3198013041666667 0.6445808265624999 0.3243009875 0.64550430625 0.33329781458333335 0.649571646875 0.3446432541666667 0.65279339375 0.3500591979166667 0.656627084375 0.35220264166666665 0.6630691859375 0.35955813333333336 0.6768692203125 0.3641457791666667 0.681698015625 0.3627096125 0.6862945500000001 0.35554784166666664 0.6905058375 0.3434785979166667 0.6931045140625 0.3243558916666667 0.6914919015625001 0.3173024270833333 0.6887305046875001 0.31290850416666666 0.6890364765625 0.3112722541666667
0 0.7964778609375001 0.4247637458333333 0.7936420562500001 0.4259934770833333 0.7842132484375 0.4259004291666667 0.7783142484375001 0.43480166458333336 0.7772433453125001 0.4405285375 0.7780882453125 0.44471983541666665 0.7814636734375 0.45105585000000004 0.780928221875 0.4539192875 0.77180816875 0.45914277708333334 0.7686663921875 0.46200875625000004 0.7673646203125 0.4654864208333333 0.76629371875 0.47121329375 0.76736879375 0.47591560208333333 0.769133 0.47867454791666664 0.775573015625 0.4808154479166667 0.779098646875 0.47938055208333336 0.7896769359375 0.47855225625000003 0.793278365625 0.47497010208333335 0.7968019109375 0.4683206145833333 0.8004805296875 0.46606759166666667 0.8027036953125 0.46637216458333336 0.8086798859375 0.4588000625 0.80997818125 0.44663141250000005 0.8063718828124999 0.4380461895833333 0.8052961125 0.4316056833333333 0.802304540625 0.42670075208333336 0.7964778609375001 0.4247637458333333
0 0.4499082078125 0.22091480416666667 0.45895037656250004 0.21262398333333332 0.4665384828125 0.21036714791666666 0.46891324218749997 0.20637719999999998 0.4711357125 0.20494357500000002 0.47849503593750004 0.20565212291666668 0.4827869890625 0.20360299791666667 0.4848523 0.19255831666666667 0.4828523546875 0.17538278541666666 0.483770271875 0.17047403958333335 0.48599204531250007 0.16730221666666667 0.4888243734375 0.15738150208333332 0.49142861250000003 0.15216437083333334 0.49280409687500004 0.14132485416666668 0.49080762812499995 0.13284030833333332 0.49080554374999996 0.12762572083333332 0.489654671875 0.12507066875 0.48926803281250003 0.11668680000000001 0.48573822812499995 0.10769251458333334 0.480906653125 0.10217589583333334 0.473238575 0.09615081041666666 0.4697873515625 0.09196205416666667 0.4650308765625 0.08255997916666667 0.463190871875 0.08194829166666667 0.4608912140625 0.08205278333333334 0.45774943749999997 0.08491876250000001 0.45476342968749994 0.09391940416666666 0.4541521796875 0.09893009791666667 0.45039567812500003 0.09811578750000001 0.4523066125 0.08441283749999999 0.4519220609375 0.08124355833333333 0.450388028125 0.078995625 0.44088203281249994 0.07757344166666667 0.4362834140625 0.07952062083333335 0.43076618125 0.08463834791666666 0.423713525 0.08403174791666666 0.417429278125 0.08802551041666667 0.41091763593749997 0.09846104583333333 0.408848153125 0.09907654791666666 0.4026417890625 0.10613763958333333 0.39851255625 0.13170339791666666 0.39928861250000003 0.15542392291666665 0.40166754375 0.16186315833333334 0.41117492968749997 0.16676173333333333 0.415700534375 0.17391459999999997 0.4145552265625 0.185265125 0.41149202812499996 0.19293663333333333 0.40827723593750004 0.20490265833333332 0.40827862656249997 0.20837905208333335 0.4136484359375 0.2179850229166667 0.4182498375 0.22299063333333333 0.4214722796875 0.23014477083333332 0.42515298437500004 0.23310634166666666 0.431515115625 0.2321799104166667 0.43833551093749995 0.2270609125 0.4499082078125 0.22091480416666667
0 0.9014088812500001 0.5865182270833333 0.8971899453125 0.5794673062500001 0.8930488921874999 0.57548371875 0.8886025609375 0.5748745729166667 0.886994121875 0.5782502916666666 0.8855407546875 0.586022475 0.8813273796875001 0.5928771291666667 0.875963134375 0.5971767333333333 0.8688346812500001 0.5987173916666666 0.8682992296875 0.6015808270833334 0.869987640625 0.6064870333333333 0.8716746578125001 0.6079168416666667 0.8742065765625 0.6135379520833334 0.8778872812499999 0.6164995229166668 0.8814901015625001 0.6163937604166667 0.8851680249999999 0.6124025416666666 0.8951308921875001 0.6061557583333333 0.8997281218750001 0.6007321875 0.901716940625 0.59009656875 0.9014088812500001 0.5865182270833333
0 0.7216969078125001 0.13138807083333334 0.719249825 0.1462162625 0.7205557703125 0.15316777708333335 0.72385261875 0.15469826458333333 0.7319768703125 0.15131618958333334 0.7460835718750001 0.15600578541666668 0.7480758671875 0.15406114791666664 0.7509095859375 0.14761682708333332 0.7534401125 0.14976154375 0.7581166171875 0.15088169791666667 0.7689987921875 0.14320256041666665 0.7778851921875 0.12877707708333333 0.779338559375 0.12100489375 0.7822494671875 0.11588970625 0.7836263406249999 0.10852658750000001 0.7820909171875 0.10280225833333333 0.7823961953125 0.0994278125 0.7783323296875 0.09677335625 0.7763358625000001 0.08828881250000001 0.7695119906250001 0.08471682708333333 0.76790076875 0.08113975833333333 0.7677529984375 0.07370427916666666 0.757052403125 0.07014700208333333 0.7561688281250001 0.07246021666666666 0.754100040625 0.07481391458333334 0.7477351265625 0.06878755833333333 0.743442478125 0.06909848541666667 0.7298016890625 0.0793364875 0.7285013078125 0.08629054583333334 0.73164725625 0.09385374791666666 0.7323391703125 0.09886317083333333 0.7290499703125 0.11645284791666667 0.7216969078125001 0.13138807083333334
0 0.578428978125 0.13980985416666666 0.58088023125 0.13541084583333335 0.5822571062499999 0.128047725 0.582022065625 0.11536933958333333 0.5804866421875 0.10964500833333334 0.5805610484375 0.10402135625 0.578333015625 0.09154940624999999 0.57418709375 0.07539843958333334 0.570657290625 0.06640415625 0.5659049875 0.0674312625 0.562227065625 0.07142247916666666 0.558930215625 0.06989199166666667 0.5566284718750001 0.06478189375 0.54451545625 0.06162405625 0.5375399890625 0.062346591666666666 0.5366978718750001 0.06510808124999999 0.533096440625 0.06869023541666668 0.5309546359375 0.08014397916666667 0.5331020046875 0.08259580833333334 0.5343300656250001 0.08647999375 0.5335637453125 0.08709422291666667 0.5359398953125 0.08658067083333335 0.53824094375 0.08995257291666667 0.5362486484375 0.09189720833333334 0.535713196875 0.09476064375 0.5375545921875 0.098848725 0.5377861578124999 0.10283612708333334 0.539090015625 0.10457305416666667 0.5387082453125001 0.1083565625 0.5347243515625 0.11398402916666667 0.530662571875 0.11654416458333333 0.526221109375 0.1281024 0.5128125812500001 0.144066 0.5087508015625 0.14662613541666666 0.5080616703125 0.14856949791666668 0.499936721875 0.15021337708333335 0.4990174140625 0.15164573125 0.4975633515625 0.15767971666666666 0.496496621875 0.17383577083333332 0.4974187109375 0.17935620416666667 0.502172403125 0.18180549166666668 0.5070756046875 0.17474567083333334 0.514585828125 0.16942150416666665 0.5216384828125 0.17002810416666667 0.5235542859375 0.16849253125 0.5309129125000001 0.16746288125 0.540343109375 0.17103232291666667 0.5465522546875 0.17092401875000002 0.5503073671875 0.16826193541666665 0.560802903125 0.15219892916666666 0.56777698125 0.14800000208333333 0.573523690625 0.14165508541666666 0.578428978125 0.13980985416666666
0 0.58948778125 0.1904112875 0.58619301875 0.19409539166666667 0.5844336796875 0.2035038229166667 0.59003296875 0.21188260625 0.5901901265625 0.2214936625 0.591955028125 0.22599080416666667 0.5986273046874999 0.23385730833333335 0.6055269734375 0.23528203125 0.61434175 0.2334329875 0.6184035296875 0.23087285 0.6234604125 0.22473310416666664 0.6252969390625001 0.21665380416666666 0.6252176656249999 0.21011007916666669 0.6236057484375 0.20479481249999998 0.61984785625 0.20050410833333335 0.6123334609375 0.19539909583333334 0.5960800875000001 0.18999586666666665 0.58948778125 0.1904112875
0 0.2191044640625 0.05294382708333333 0.20883353906250002 0.05561226666666667 0.2064587796875 0.059602214583333334 0.20324329218749998 0.06983004374999999 0.191597578125 0.08507619583333333 0.188308378125 0.10266587291666666 0.190534325 0.10992323125 0.196516775 0.11799490208333333 0.203804471875 0.13127988958333334 0.2134676234375 0.14231312708333332 0.2167644734375 0.14384361458333333 0.22136309375000002 0.14189643541666666 0.2259603234375 0.13647286458333333 0.22795122812500002 0.13105183541666668 0.2303225109375 0.11837090625 0.22847277031250002 0.09342446458333334 0.23084475000000002 0.08248172916666667 0.22777529375 0.07450946458333334 0.22884271875 0.06009160833333334 0.2256981609375 0.0560048 0.2191044640625 0.05294382708333333
0 0.162133165625 0.39767375208333333 0.1583766640625 0.3968594416666667 0.1551576984375 0.39839628541666666 0.144655903125 0.39881551875 0.1391379765625 0.40219505208333334 0.134921125 0.4003587229166667 0.1302411453125 0.39054758333333334 0.1245688390625 0.3912688458333333 0.1207400171875 0.40129277916666667 0.117215775 0.4062040708333334 0.11553501562499999 0.42041803125 0.11660939374999998 0.42338214375 0.1264241421875 0.4301208645833333 0.133635346875 0.4438149125 0.139462028125 0.44575191875000003 0.1421448453125 0.44534031458333334 0.1494248953125 0.43950513750000003 0.1534087890625 0.43387767083333334 0.1576235546875 0.43049940833333333 0.162912696875 0.43008526249999995 0.1675871171875 0.425990825 0.1702657625 0.41515003958333335 0.1693436734375 0.40962960416666666 0.162133165625 0.39767375208333333
0 1 0.21194246666666666 0.9950119875000001 0.21659982083333332 0.9821361265625 0.22274719791666667 0.9807571671875 0.22489572916666667 0.980375396875 0.22867923750000002 0.986358540625 0.23848910208333332 0.9854406250000001 0.24339785 0.9843676374999999 0.24391013125 0.981304440625 0.25158163958333335 0.9792391296874999 0.2626263208333333 0.9792412140625 0.2678409104166667 0.9805457687500001 0.2713160333333333 0.9892861359375 0.2750906416666667 0.9942713953125001 0.28152733125 1 0.2834317333333333 1 0.21194246666666666
0 0.9783413781249999 0.31794277708333335 0.9828628109374999 0.3146664625 0.9791056125 0.31211395416666665 0.9783413781249999 0.31794277708333335
0 1 0.3233398229166667 0.9986572265625 0.3225240645833333 0.9933653 0.3159854270833333 0.9895316093750001 0.31384198125 0.9868487921875 0.3142535854166667 0.9812557625 0.321518575 0.9771167937499999 0.32274957499999996 0.9760451968750001 0.32673825 0.9654703874999999 0.33625753125 0.9621770140624999 0.34341802708333335 0.9601847203125 0.34536266250000003 0.958041525 0.3533400145833333 0.9583523640625 0.3638711416666667 0.9599649749999999 0.37092460625 0.9634155062499999 0.37337516666666665 0.9675586453125 0.38257334375 0.9675628171874999 0.393002525 0.9685607031250001 0.39637569791666666 0.98274459375 0.40239442708333334 0.9865775890625 0.40279967499999997 0.98811023125 0.40157121875 0.9920969078124999 0.40289653750000004 0.9951642765625 0.40565421041666666 0.996541846875 0.4000292875 0.9945460734375 0.3932829395833333 0.9950794390625 0.3852049125 0.9998240921875 0.36505764166666665 1 0.36359382083333336 1 0.3233398229166667
0 0.7507433875 0.30701992499999997 0.75503464375 0.30323260416666664 0.7578690578125 0.2985264791666667 0.7624669828124999 0.29484110416666665 0.772507734375 0.2916616541666667 0.78016885625 0.28030477291666667 0.7832341406250001 0.27784785625 0.7861443515625 0.2709944729166667 0.7882103578125 0.26168798958333334 0.7958742625 0.25728389375 0.807677828125 0.25338699375 0.8098996015625 0.2502151729166667 0.8077466734375 0.23385776666666666 0.8082779515625 0.22056515000000002 0.8016766046875 0.19838401041666665 0.7939278625 0.18233880625 0.79423175 0.17548796666666666 0.7883264875 0.16874543125 0.7742197875 0.1640558375 0.769771371875 0.15823210416666667 0.757275890625 0.1571195791666667 0.7545944625 0.16100757916666666 0.749075840625 0.1626489125 0.7383403937499999 0.15386615416666669 0.733357221875 0.15264405208333331 0.7286049203125 0.15367115833333334 0.723240675 0.1579707625 0.72194029375 0.16492482083333335 0.720408346875 0.16789147708333332 0.7107528421875 0.17597840416666666 0.7037064453124999 0.19101557500000002 0.7019464109375 0.19868580833333332 0.697580746875 0.20809678541666665 0.69773581875 0.21249325 0.7149147578124999 0.23210789583333333 0.717140009375 0.23762706041666667 0.7174501515625 0.24641998958333333 0.7186775171875001 0.24856597916666667 0.7179125875000001 0.25265660208333335 0.718375021875 0.2588932125 0.7200627374999999 0.26206121875 0.7223630890625 0.263694925 0.7269672734375 0.2756533208333333 0.73456094375 0.28730206041666667 0.743306875 0.3049822416666667 0.74499389375 0.30641205416666667 0.7507433875 0.30701992499999997
0 0.1470862953125 0.34227060625 0.146782409375 0.3491214458333333 0.1447157078125 0.3566897333333333 0.13774163125 0.3608886604166667 0.123790696875 0.36233373124999996 0.1220327484375 0.37521855625 0.128549953125 0.37868859166666663 0.132001875 0.38461554583333335 0.137369596875 0.389006925 0.14396329375 0.39206789999999997 0.14710785312500002 0.3961547083333333 0.1517078640625 0.39768392291666665 0.1579163140625 0.39583742083333334 0.1612110765625 0.39215331875000004 0.1580637375 0.38111372083333334 0.156978928125 0.3520766583333333 0.15490666250000001 0.3457393708333333 0.1516091171875 0.3424706875 0.1507649140625 0.34001758541666666 0.14953824531249998 0.33960979375 0.1470862953125 0.34227060625
0 0.649937421875 0.68410264375 0.6480195328125 0.6804236270833334 0.635830025 0.6776748520833333 0.6290854265625 0.68064659375 0.6281675109375 0.6855553395833333 0.6294734546874999 0.6925068562500001 0.628326059375 0.6986427916666667 0.629862178125 0.7061053166666666 0.6225828265625 0.7136786895833332 0.6215891109375 0.7207346958333333 0.6229736359375 0.7324917416666668 0.6260410046875 0.7352494145833333 0.6360073484375001 0.7376936145833334 0.6489617875 0.7363517666666667 0.6573092609375 0.7160987354166667 0.6588370343750001 0.7027029 0.65791355625 0.6937060708333332 0.6490202 0.6907495874999999 0.648099503125 0.6887055458333333 0.649937421875 0.68410264375
0 0.860840465625 0.5439208479166666 0.8572383406249999 0.54576480625 0.8488108984375 0.5577359166666667 0.846744890625 0.5670424020833333 0.8471301390624999 0.5719498770833333 0.85487888125 0.58799508125 0.85756239375 0.5893216729166666 0.8598634421875 0.5926935770833333 0.8704445109375 0.5988180687500001 0.8751968124999999 0.5977909625 0.8838558234375 0.58980725625 0.8884495749999999 0.5756926979166667 0.8889829390624999 0.5676146708333333 0.8865254281249999 0.5563699083333333 0.8822306937500001 0.5514662479166667 0.8752538359375001 0.5487123895833333 0.8718026109375 0.54452363125 0.8622194265625 0.5417723166666666 0.860840465625 0.5439208479166666
0 0.676589671875 0.6234442208333333 0.68034686875 0.6259967270833333 0.68525215625 0.6241514958333333 0.6998073859375 0.6003137645833333 0.702944990625 0.5870186041666667 0.7044769375 0.58405195 0.7089990640625 0.5825138333333334 0.710837678125 0.5796491270833334 0.71175559375 0.57474038125 0.708531065625 0.56237165 0.7046187953125 0.5554226770833334 0.69671985 0.5471483833333333 0.6774749046874999 0.5368402229166667 0.6724152390625 0.5360271833333333 0.6675864453125 0.5374633520833334 0.6494228328125 0.5475012729166667 0.6487343953125 0.5511828333333334 0.6500389484375 0.5546579541666666 0.6448290796875 0.5616158270833334 0.6428402609375 0.5722514458333333 0.6441462062500001 0.5792029625 0.6431524921875 0.58625896875 0.6444570453125 0.5897340895833333 0.652278803125 0.59667925 0.6569594796875 0.6082285833333334 0.6573440296874999 0.6113978625000001 0.660181921875 0.6153827229166667 0.6637854375 0.6170151583333333 0.668000896875 0.61537509375 0.6719854875 0.611485825 0.6750521625 0.6125053020833333 0.676589671875 0.6234442208333333
0 0.697528590625 0.6525641604166666 0.69124016875 0.6461287416666667 0.687637346875 0.6462345020833333 0.6824260875 0.6497159833333334 0.680894140625 0.6526826375 0.6801312984375001 0.6619878499999999 0.6822807515625 0.6696542729166667 0.6821298515625001 0.6756869854166666 0.68565965625 0.6846812708333334 0.6947831859375 0.6881487645833333 0.7028309453125 0.6851757520833334 0.7101130796875 0.6845551666666666 0.7128716953125 0.6819963 0.7140962796875 0.6771895020833333 0.7153159953125 0.6602153249999999 0.7133202234375 0.6534689749999999 0.7077981234374999 0.6464193270833333 0.7031216203125 0.6452991729166667 0.69959668125 0.6484722666666667 0.697528590625 0.6525641604166666
0 0.26377985625 0.3975745770833334 0.2573384484375 0.39195728125 0.2503622875 0.39094161875 0.2461475234375 0.39431987916666666 0.24139730625000003 0.400561575 0.23235374687500002 0.40537600416666664 0.2306688140625 0.40916078333333333 0.23243441250000002 0.41539612291666667 0.23834106249999998 0.42561505 0.2446287875 0.430312275 0.2513754703125 0.4325551229166667 0.258121459375 0.43305977500000004 0.2685446734375 0.42783501458333334 0.272145409375 0.4225146604166667 0.272449990625 0.41740201875 0.2712212359375 0.4117796354166667 0.2670036890625 0.4082051104166667 0.2655475390625 0.40902450625 0.2624808640625 0.40800502916666664 0.2624022875 0.40319950000000004 0.264854234375 0.40053868958333333 0.26377985625 0.3975745770833334
0 0.5590991937500001 0.30066310625 0.5623939578125 0.29697900208333333 0.5641553828125 0.29278516250000003 0.57128244375 0.28776811041666667 0.5758755015625 0.27191535625 0.5767134484375 0.2587246875 0.5746411828125 0.2523874 0.5744089234375 0.24666180208333335 0.565434903125 0.2336852 0.561295240625 0.23317800208333334 0.5505584031249999 0.22091885 0.5466482187499999 0.21918446666666666 0.5431205 0.21540477291666665 0.5391338250000001 0.21407945416666668 0.53560610625 0.21029975833333334 0.529779425 0.20836275208333335 0.523265003125 0.21184550416666664 0.5210418375 0.21154093333333332 0.5128417875 0.2170702645833333 0.51100386875 0.22167317083333332 0.51238630625 0.22821562291666667 0.5149947171875 0.23342767083333332 0.5149203109375 0.23905132291666667 0.5128529140625 0.24488141458333335 0.5091756859375 0.25061083125 0.5040471765625 0.26932701875000004 0.504815584375 0.27392738125 0.508420490625 0.2790362083333333 0.5183896156250001 0.28843319791666666 0.5298906875 0.29486353125 0.535030321875 0.3039584916666667 0.536181890625 0.30825173958333335 0.5401685656249999 0.3095770583333334 0.5526619609375001 0.30547499166666664 0.5590991937500001 0.30066310625
0 0.4831026953125 0.4179122166666666 0.475285109375 0.42139623958333333 0.4722198265625 0.42385315625 0.4697685734375 0.4282521645833333 0.4679306546875 0.43285506875 0.4678562484375 0.43847872083333334 0.463570553125 0.45617161875 0.4638800015625 0.46322635416666663 0.472011209375 0.4772262479166667 0.4745417359375 0.4793709625 0.4830512359375 0.48089636458333335 0.4888000328125 0.47976603958333336 0.4950835859375 0.47403408125 0.498374871875 0.46165899375 0.4986022640625 0.4552172166666667 0.49729632031250004 0.44826570000000004 0.497753190625 0.4405967375 0.4936072703125 0.42444577083333335 0.48931253750000003 0.41954210833333333 0.4831026953125 0.4179122166666666
0 0.667551675 0.642164225 0.6558983125 0.6382902125 0.6527558421874999 0.63941799375 0.6518365328125 0.6408503458333333 0.6526814328125 0.6450416458333332 0.6517635171875 0.64995039375 0.644177496875 0.65742181875 0.6422630859375 0.6624337854166666 0.6447185125 0.6684639583333334 0.6496272765625 0.6753097104166667 0.655454653125 0.6789849145833333 0.65859990625 0.6848099208333333 0.6731662609375 0.6887833375 0.6765389078124999 0.6881665645833334 0.67922103125 0.6860167625 0.677916478125 0.6825416416666666 0.6717817390625 0.67702629375 0.6761494875 0.6728299083333333 0.6779109140624999 0.6686360666666666 0.679058309375 0.6625001333333334 0.6785972640625 0.6597399166666666 0.6739937765625 0.6495197145833332 0.667551675 0.642164225
0 0.7422644828125 0.5735858979166667 0.74364135625 0.566222775 0.743102428125 0.5603952291666666 0.745630175 0.55558715625 0.74884288125 0.5384065416666667 0.7477629390625 0.5215368541666667 0.7397103109375001 0.5123424895833334 0.74085770625 0.5062065541666666 0.7403201687500001 0.5038554000000001 0.7341082421875 0.49701091875 0.7274373562500001 0.49262081041666667 0.7236043624999999 0.49221556041666664 0.72230189375 0.49395503124999995 0.7180947796875 0.51645345625 0.7192456515625001 0.5190085041666667 0.7186337078125 0.5222810020833334 0.7151852625 0.5250450333333333 0.7089761171875 0.5251533395833333 0.7070603140625 0.5266889124999999 0.7046111484375001 0.5363025125 0.7056876125 0.5444812145833333 0.706914978125 0.5466272020833334 0.716882015625 0.5508095999999999 0.7174195531249999 0.5531607541666667 0.7196434140625 0.5552035229166666 0.7165781296875 0.5576604395833333 0.7137478890625 0.5727957458333334 0.7136734828125 0.5784193979166666 0.71520890625 0.584143725 0.7218811828125 0.5920102291666667 0.7273247031250001 0.59425435 0.736677015625 0.5947564583333332 0.7413521296875001 0.5924002208333333 0.74364900625 0.5853429416666667 0.7422644828125 0.5735858979166667
0 0.6485619406249999 0.12011002291666667 0.6464201375 0.13156376458333333 0.6465001078125 0.13984568749999998 0.647651675 0.14413893333333333 0.6471162234375 0.14700237083333334 0.648651646875 0.15272669791666665 0.6482712671875 0.15998659999999998 0.6509561734375 0.16478958541666666 0.672959734375 0.17253888125 0.6744186640625001 0.17867227291666668 0.6722768593749999 0.19012601666666665 0.6727379046874999 0.19288623333333332 0.6708221015625 0.19442180833333333 0.65740661875 0.19300343958333332 0.653271825 0.20466362083333334 0.6538093625 0.207014775 0.652738459375 0.21274164791666667 0.65542545 0.22275922291666667 0.6567293078125 0.22449614999999998 0.6564233359375 0.22613239791666664 0.6585713984375 0.23032242500000003 0.6615615796875 0.23175096458333336 0.6638605421875 0.22990827708333333 0.6736669453124999 0.21578863541666668 0.6800235156250001 0.20095663333333333 0.6827828265625 0.20013596458333333 0.684391265625 0.19676024583333335 0.6885295375 0.19379105000000002 0.6947352062500001 0.18499176041666668 0.7010959484375 0.18058893541666665 0.7023977203125 0.17711127291666667 0.7112097140625 0.16830943958333336 0.7157992953125001 0.14376570208333334 0.7220028796875 0.12975182291666668 0.727819825 0.107354075 0.7304247578124999 0.1038751375 0.73126618125 0.09937545208333334 0.73034409375 0.09385501875 0.7265841140625 0.08434972291666668 0.7179925578125 0.06932781041666666 0.7139279984375 0.06493515833333334 0.70894413125 0.0619748625 0.7074865921875 0.059317862500000006 0.7034227265624999 0.056663410416666664 0.69912799375 0.05175974791666667 0.6962143046875 0.049922145833333334 0.686400946875 0.04665981875 0.6770500234375 0.04963410208333333 0.6727587671874999 0.053421427083333334 0.6698492500000001 0.062013006249999995 0.6657881671875 0.0663113375 0.66494605 0.06907282708333334 0.6606554874999999 0.07459834791666667 0.658054028125 0.08676826666666666 0.6504721796874999 0.10466887291666667 0.6485584640625001 0.1114190375 0.6485619406249999 0.12011002291666667
0 0.257816878125 0.43817241875 0.2558982953125 0.4327552041666667 0.2412547515625 0.4274526520833334 0.23688352343750002 0.42295805208333337 0.2303614515625 0.4073206395833333 0.228367765625 0.40578888125 0.21893895937500002 0.40569583333333337 0.21365120625 0.409586375 0.2119662734375 0.41337115416666664 0.210818878125 0.4195070895833333 0.20660620000000002 0.4280999395833333 0.2056882828125 0.43300868541666665 0.21297806718749998 0.4515082666666667 0.2146685625 0.4616290604166667 0.21627908749999997 0.4634679333333333 0.22026646093750002 0.46653144999999996 0.225786475 0.4683665083333333 0.23237878125 0.4679510895833333 0.24027077343749997 0.4588434145833334 0.2426469234375 0.4583298625 0.2462504390625 0.4599622958333333 0.2506960734375 0.45883324166666667 0.25245819531249997 0.4563775979166667 0.255828059375 0.4488080395833334 0.257816878125 0.43817241875
0 0.7581965875 0.35077433333333335 0.7655566046875 0.35322107708333333 0.7731488843750001 0.36139342291666665 0.7880226015625 0.36720698333333335 0.794615603125 0.3685297604166667 0.798064046875 0.36576572916666666 0.80112655 0.35635602708333336 0.802732903125 0.34776571875 0.80257783125 0.3433692520833333 0.8048760984375001 0.33978836875 0.806942103125 0.33048188333333334 0.8139120078125 0.315853775 0.8192755593750001 0.3098159729166667 0.82050014375 0.3050091729166667 0.8183506890625001 0.29734275208333333 0.8189605468750001 0.28885566458333334 0.8120539234375 0.27004897291666663 0.8072988390625 0.2641232895833333 0.7998616328125 0.26034741041666665 0.7967184656249999 0.2597369958333334 0.7902798421874999 0.2610724875 0.7875219203125 0.26536955 0.7868348734375 0.2725275020833333 0.7837716765625 0.2801990104166666 0.7790200703125 0.2829643125 0.773504228125 0.29155843541666665 0.767756821875 0.29616515416666667 0.7661469921874999 0.29606447708333333 0.7609364281250001 0.3012841541666667 0.759787640625 0.30394369375 0.7541160328125 0.30640315416666664 0.7505910953125 0.30957624791666666 0.7443812546874999 0.30794635416666666 0.738858459375 0.2991585083333333 0.7351012609375001 0.2966060020833333 0.7351005671874999 0.29486780625000003 0.7323398640625001 0.29221207916666664 0.7324156625 0.29006481875 0.73065215 0.28904407083333333 0.7296542640625 0.2856708958333333 0.726126546875 0.2818912041666667 0.7248240796875 0.2836306708333333 0.72505564375 0.28761807500000003 0.7300402046875 0.2923165708333333 0.7272815890625 0.29487543541666666 0.7243748546875 0.31041980208333336 0.7253727421875 0.31379297500000003 0.724760796875 0.3170654729166667 0.7258351765625 0.3200295854166667 0.726606365625 0.33158273541666666 0.7293698484375 0.34119124791666666 0.73082669375 0.34211004791666666 0.7352000078125001 0.3518192375 0.7382673765625001 0.3545769125 0.743480028125 0.35457182708333335 0.7506842781249999 0.3508839083333333 0.7581965875 0.35077433333333335
0 0.6296987609375 0.6808504875000001 0.63705669375 0.6780826416666667 0.645106540625 0.6803242229166667 0.64709744375 0.6749031916666667 0.646406225 0.6716319645833334 0.6419571140625 0.6640700354166668 0.641955028125 0.6588554437499999 0.6385796 0.6525194291666666 0.630296796875 0.6428140541666667 0.6257732796875 0.6408757770833333 0.6230091 0.6295290666666666 0.6209382265625 0.626668175 0.617641378125 0.6251376875 0.6136560921875 0.6272887604166667 0.6084476125 0.637723025 0.6010138828125 0.6426381312499999 0.5921253953125001 0.6518490270833334 0.59021724375 0.6725047645833333 0.5945140640625 0.6826230145833333 0.5993463359375 0.68987783125 0.6058677125 0.7037770479166666 0.6171393046875 0.71143456875 0.6211259828125 0.7127598895833334 0.6290200609375 0.7088668041666666 0.630322528125 0.7071273375 0.631698009375 0.6962878208333334 0.633843290625 0.6935250624999999 0.63430225 0.6910706895833333 0.6302369953125 0.6849398395833333 0.6296987609375 0.6808504875000001
0 0.8035013109375001 0.16075536875 0.8031953390625001 0.16239161666666665 0.8073370875 0.16811340208333334 0.8062647937499999 0.17036387916666668 0.8076465359375 0.17516813750000002 0.810408628125 0.18130025833333333 0.8120212406249999 0.18835372083333332 0.8147826374999999 0.19274764375 0.8254408968750001 0.20020127083333333 0.8310408796875001 0.21031824791666667 0.8430009093749999 0.21429420833333335 0.84837071875 0.22390017916666669 0.8588766859374999 0.23391012708333334 0.8620198531250001 0.23452054166666667 0.8642423203125 0.23308691666666667 0.8725939671875 0.2232630645833333 0.8797975234375001 0.21783695 0.8856186421875 0.20586838333333332 0.8929751828124999 0.19962414166666667 0.9050082265625001 0.19450005625 0.9142833515625 0.19367303125 0.9161991546875001 0.19213745833333334 0.9206454859375001 0.19274660208333336 0.935284159375 0.185881775 0.9392687499999999 0.18199250416666668 0.9456253203125 0.16716050208333336 0.946696221875 0.16143362916666665 0.9466927453125 0.15274264375 0.9501370171874999 0.13954943541666667 0.9492156234375001 0.13576719791666667 0.94706825625 0.13331536666666668 0.8343760484375 0.09585226875000001 0.833831484375 0.09610572708333334 0.8297703999999999 0.10040405833333334 0.8238748749999999 0.11799628125 0.8216531015624999 0.12116810208333333 0.819203240625 0.12904350416666668 0.815831984375 0.13313667083333333 0.8149140687499999 0.13804541666666664 0.811850175 0.14397872708333334 0.8011223781249999 0.15431613125 0.8035013109375001 0.16075536875
0 0.48046875 0.19479166666666667 0.0015625 0.0020833333333333333
0 0.3450550703125 0.06222765416666667 0.3464354203125 0.06355551666666666 0.3461273640625 0.05997717708333334 0.3473533359375 0.058646770833333334 0.3464333359375 0.058340929166666666 0.3450550703125 0.06222765416666667
0 0.375 0.04895833333333333 0.0015625 0.0020833333333333333
0 0.370265775 0.03889076041666666 0.36903980000000003 0.04022116666666666 0.3739450875 0.0383759375 0.37202824375 0.037304214583333335 0.37126227031250003 0.03878754375 0.370341571875 0.03674350208333333 0.3696517453125 0.036948668750000004 0.370265775 0.03889076041666666
0 0.3461746484375 0.17817456041666666 0.35184834375 0.18092968958333333 0.35361254999999997 0.1836886375 0.366569075 0.18756137708333334 0.38089969218749997 0.17711821041666667 0.3841158765625 0.16862857916666665 0.38449695 0.163106875 0.3880976859375 0.15778652083333336 0.39460306875 0.13170721041666666 0.393987646875 0.12628872708333333 0.39750632656249996 0.1074718625 0.3961204109375 0.09223842291666666 0.3928235625 0.09070793541666666 0.389911265625 0.09234672916666667 0.37412032812499996 0.09318011041666667 0.3686017046875 0.09482144375 0.3669925703125 0.09645896666666666 0.35817779375000003 0.09830801041666667 0.35265638906249996 0.09299655833333334 0.3534978125 0.08849687499999999 0.352193953125 0.08675994791666668 0.353419928125 0.08542954374999999 0.3536487109375 0.08246416041666667 0.3506620078125 0.08972660208333334 0.347672521875 0.09003626041666667 0.345371471875 0.08666435833333333 0.3387005875 0.08227425 0.3336381421875 0.07450842291666666 0.3299574375 0.07154685416666666 0.327501315625 0.06377848541666667 0.328801696875 0.056824425 0.3333210421875 0.04833352291666667 0.334470525 0.047412181250000004 0.3355442078125 0.04863809375000001 0.33677226875 0.052522279166666665 0.3363140046875 0.05671485 0.334858553125 0.05927244166666667 0.33539608906249996 0.06162359791666667 0.33562556718750003 0.060396410416666664 0.33892172187499997 0.0601887 0.34030068125 0.058040168749999996 0.340913321875 0.05650586875 0.3396087671875 0.05303074791666666 0.34045158125 0.05200745416666666 0.34190773124999996 0.05118805833333333 0.347887396875 0.05230694166666667 0.3482691671875 0.04852343333333333 0.3443568984375 0.04157446041666667 0.34473936250000004 0.03952914791666667 0.343358315625 0.03646308958333333 0.341824978125 0.03595335 0.34335692500000004 0.032986695833333336 0.3482524296875 0.03045110833333333 0.3478935171875 0.02928093125 0.3415148359375 0.027160418750000002 0.339522540625 0.029105052083333336 0.33798920312499997 0.028595314583333333 0.33369794375 0.0323826375 0.3317835328125 0.037394604166666665 0.32925509218750004 0.040464479166666664 0.3200529828125 0.03219145833333333 0.3138431421875 0.030561564583333332 0.30886066562500003 0.031077660416666666 0.28494895 0.04398410208333334 0.2758302890625 0.0526839875 0.26985479375 0.06199428541666666 0.2676358015625 0.07211889375 0.2707817515625 0.07968209583333333 0.271397171875 0.08510058333333334 0.2697150203125 0.09583815000000001 0.27025812031249996 0.11209487916666667 0.2711795140625 0.11587711458333333 0.269804725 0.12845482916666667 0.27279699218750003 0.13509795625 0.275641140625 0.15472658958333335 0.278633409375 0.16136971875 0.2791716421875 0.16545907083333333 0.28124251562499997 0.1683199625 0.2869927046875 0.17066603125000002 0.31098647343749997 0.17125610208333333 0.324940884375 0.17850201875000002 0.330920553125 0.1796209 0.33896970312499997 0.18012428125 0.3461746484375 0.17817456041666666
0 0.5003799078125 0 0.5007969203125 0.00103429375 0.5050144671875 0.004608820833333333 0.5204236375 0.007558945833333333 0.528471396875 0.004585935416666667 0.5313829984375 0.0012089458333333332 0.53590999375 0.011838208333333333 0.5394384078125001 0.017356097916666667 0.543961925 0.019294375 0.5483303734375 0.0168361875 0.5503212765625001 0.011415158333333333 0.5539220109375 0.00609480625 0.5574779624999999 0.0038010062500000003 0.546044209375 0 0.5003799078125 0
0 0.33500319218749997 0.42081738125 0.3308635296875 0.42031018541666665 0.3278747375 0.4223580395833333 0.325732934375 0.43381178333333337 0.32834343125 0.44423842291666665 0.3343272703125 0.45578648541666666 0.33440585 0.46059201250000004 0.3363237390625 0.46427103125 0.3436858421875 0.4719323645833333 0.3473658515625 0.4731557375 0.3498949890625 0.4718240604166667 0.3579385765625 0.4584218666666667 0.36636810625 0.45166534583333334 0.3672081390625 0.44368926666666664 0.3627590265625 0.43612733750000005 0.3583120015625 0.4337799958333333 0.35263969687499996 0.4345012604166667 0.3474263515625 0.43276815 0.33500319218749997 0.42081738125
0 0.7266453046875 0.62053246875 0.7274860328125 0.6142945875 0.7264874515625 0.6091832145833334 0.72081375625 0.6064280854166667 0.7150642640625 0.6058202125 0.7076298390625 0.6089971208333333 0.7014999671875 0.61564915 0.6991265984374999 0.6231154916666667 0.6999714984375001 0.6273067916666667 0.6993595546875 0.6305792895833334 0.7006641078125 0.6340544104166667 0.7041153328124999 0.6382431666666667 0.7058044375 0.6448875666666667 0.7102528546875 0.6507113020833334 0.7167735359375 0.6628723208333334 0.7226780984375 0.6678766583333334 0.726051440625 0.6689980833333333 0.7283504046875 0.6671553958333334 0.73003325 0.6581560270833333 0.73118273125 0.65723468125 0.7345463390625 0.6340213520833333 0.7317835500000001 0.6261510354166667 0.7266453046875 0.62053246875