0 0.501225490625 0.33455882291666666 0.5036764703125 0.3357843145833333 0.5052083328125 0.33823529375 0.511335784375 0.34150326875000003 0.5147058828125 0.3545751625 0.5177696078125 0.359477125 0.519914215625 0.36233660208333335 0.5220588234375 0.36315359375 0.53125 0.3627450979166667 0.5330882359375 0.35988562083333336 0.5333946078125 0.35702614374999997 0.532475490625 0.3349673208333333 0.5330882359375 0.31535947708333334 0.5306372546875 0.30637254999999997 0.5306372546875 0.3026960791666667 0.5275735296875 0.29616013124999996 0.52420343125 0.29452614374999997 0.5180759796875 0.29452614374999997 0.5147058828125 0.29820261458333336 0.5104166671875 0.2920751625 0.5052083328125 0.29125817083333333 0.499693628125 0.29534313749999996 0.4954044125 0.3010620916666667 0.49264705937500003 0.3071895416666666 0.49264705937500003 0.31658496666666663 0.4935661765625 0.3223039208333333 0.4954044125 0.3263888895833333 0.501225490625 0.33455882291666666
0 0.60232843125 0.17565359375 0.609681371875 0.16952614375000002 0.612132353125 0.17075163333333335 0.6145833328125 0.17606209166666667 0.6185661765625 0.1797385625 0.6344975484375001 0.18055555625 0.6369485296875 0.17892156874999998 0.639399509375 0.171977125 0.6397058828125 0.16462418333333334 0.6412377453125 0.16176470625 0.6412377453125 0.1535947708333333 0.6421568625 0.15032679791666667 0.64613970625 0.14460784375 0.646446078125 0.13929738541666667 0.64460784375 0.13153594791666667 0.639399509375 0.12581699375 0.6369485296875 0.12091503333333334 0.6344975484375001 0.11805555625 0.626225490625 0.115604575 0.621936275 0.11805555625 0.6167279406249999 0.1233660125 0.6176470593750001 0.125 0.6176470593750001 0.12826797291666667 0.6167279406249999 0.12949346458333333 0.6127450984375 0.12785947708333334 0.610600490625 0.125 0.6047794125 0.125 0.6017156859375 0.12663398750000002 0.5983455875 0.13235294166666667 0.5958946078125 0.14746732083333333 0.5958946078125 0.15849673125 0.594975490625 0.16176470625 0.5958946078125 0.171977125 0.60232843125 0.17565359375
0 0.8363970593750001 0 0.8339460781250001 0.011437908333333333 0.8339460781250001 0.01633986875 0.8391544124999999 0.019199345833333333 0.8599877453125 0.018382352083333334 0.8578431375 0.022875816666666667 0.8535539218749999 0.023692810416666665 0.84773284375 0.029820260416666668 0.844056371875 0.03921568541666667 0.844056371875 0.04493463958333333 0.846507353125 0.049836602083333334 0.8474264703125 0.0547385625 0.8532475484375001 0.06658496666666666 0.8535539218749999 0.07924836666666667 0.8556985296875 0.08251633958333333 0.8584558828125 0.08374182916666667 0.8630514703125 0.08374182916666667 0.8679534312499999 0.08210784375 0.8700980390625 0.08006536041666666 0.8829656859374999 0.07679738541666666 0.8869485296875 0.07148692708333333 0.8939950984375 0.06862744999999999 0.8973651953124999 0.06372548958333334 0.8964460781250001 0.06045751666666667 0.8970588234375001 0.05555555625 0.89613970625 0.047794116666666664 0.8970588234375001 0.04411764791666666 0.9004289218749999 0.04493463958333333 0.9037990203125 0.05228758125 0.909313725 0.05841503333333333 0.9145220593750001 0.05923202708333333 0.9200367640625 0.051879085416666665 0.9209558828125 0.046977124999999995 0.9243259796875 0.039624183333333333 0.9252450984375 0.022875816666666667 0.922181371875 0.008578431249999999 0.9234068625 0.005718954166666667 0.9224877453125 0 0.8921568625 0 0.8921568625 0.0012254895833333332 0.8900122546875 0.0028594770833333333 0.8872549015625 0.0016339875 0.8869485296875 0 0.8363970593750001 0
0 0.768688725 0.17565359375 0.7720588234375 0.17728758125 0.7797181375 0.18300653541666667 0.7827818625 0.18341503333333334 0.78982843125 0.18954248333333332 0.7931985296875 0.18954248333333332 0.80085784375 0.18423202708333333 0.8039215687500001 0.18341503333333334 0.8060661765624999 0.18055555625 0.8140318625 0.17524509791666668 0.815257353125 0.171977125 0.815563725 0.16380718958333332 0.8143382359375 0.15686274583333332 0.8036151953124999 0.14256536041666665 0.79289215625 0.134395425 0.7858455875 0.134395425 0.776960784375 0.13929738541666667 0.7677696078125 0.14256536041666665 0.753063725 0.1535947708333333 0.752757353125 0.16339869375 0.7545955875 0.171977125 0.7579656859375 0.17524509791666668 0.768688725 0.17565359375
0 0.887867646875 0.17524509791666668 0.887867646875 0.18218954166666668 0.8860294124999999 0.18382352916666667 0.8838848046875001 0.18872548958333332 0.8844975484375001 0.20179738541666667 0.8795955875000001 0.21568627499999998 0.8795955875000001 0.22385620833333333 0.8835784312499999 0.23692810416666665 0.893688725 0.24509803958333334 0.9077818625 0.24673202708333333 0.9123774515624999 0.24550653541666667 0.9148284312499999 0.24305555625 0.9200367640625 0.23243463958333335 0.9224877453125 0.21854575208333332 0.9252450984375 0.21323529375 0.9267769609375 0.21650326875 0.926164215625 0.23406862708333334 0.9276960781250001 0.23978758125 0.93198529375 0.24591503333333334 0.938725490625 0.25122548958333335 0.94301470625 0.25285947708333334 0.9469975484375001 0.25081699375 0.9537377453125 0.24305555625 0.9629289218749999 0.22834967291666666 0.965686275 0.21323529375 0.9705882359375 0.20669934583333335 0.9705882359375 0.20220588333333334 0.96875 0.19362745 0.969056371875 0.18872548958333332 0.984068628125 0.1858660125 0.987438725 0.18218954166666668 0.987438725 0.17769607916666666 0.984375 0.16748366041666665 0.9806985296875 0.1625817 0.9757965687500001 0.15931372500000002 0.9669117640625 0.14787581666666666 0.9598651953124999 0.14746732083333333 0.9546568625 0.14869281041666668 0.950367646875 0.15073529375 0.9457720593750001 0.15686274583333332 0.9411764703125 0.1589052291666667 0.938725490625 0.16176470625 0.934742646875 0.16135620833333333 0.9341299015625 0.15400326875 0.9350490203125 0.1515522875 0.938725490625 0.1454248375 0.9436274515624999 0.14174836666666665 0.9460784312499999 0.13684640625 0.9463848046875001 0.12622548958333332 0.9445465687500001 0.11764705833333333 0.9420955875000001 0.11356209166666667 0.9310661765624999 0.10702614375 0.924938725 0.10620915 0.9157475484375001 0.10743463958333334 0.9126838234375001 0.10825163333333333 0.907475490625 0.11233660208333333 0.9013480390625 0.12173202708333333 0.887867646875 0.134395425 0.8786764703125 0.15114379166666667 0.878063725 0.15686274583333332 0.8771446078125 0.1670751625 0.877757353125 0.16952614375000002 0.8795955875000001 0.171977125 0.887867646875 0.17524509791666668
0 0.500306371875 0.22385620833333333 0.5091911765625 0.22099673125 0.515318628125 0.21568627499999998 0.5205269609375 0.21323529375 0.5238970593750001 0.203022875 0.5220588234375 0.18872548958333332 0.512561275 0.178104575 0.5094975484375001 0.17892156874999998 0.5036764703125 0.17687908541666666 0.49509803906250005 0.17769607916666666 0.48927696093749995 0.18668300625 0.48682597968749997 0.19362745 0.4859068625 0.1985294125 0.4865196078125 0.20588235208333333 0.49693627500000004 0.2214052291666667 0.500306371875 0.22385620833333333
0 0.8799019609375 0.46282679791666664 0.8835784312499999 0.46568627500000004 0.8869485296875 0.47140522916666666 0.8970588234375001 0.47222222291666666 0.903186275 0.47426470625 0.9080882359375 0.47303921666666665 0.9099264703125 0.46323529375 0.9132965687500001 0.4542483666666667 0.9132965687500001 0.4485294125 0.907475490625 0.43872548958333335 0.906556371875 0.43504901875 0.9071691171875 0.4252450979166667 0.9013480390625 0.41870915 0.8973651953124999 0.4068627458333333 0.8973651953124999 0.40400326875000003 0.894914215625 0.40318627500000004 0.893688725 0.40073529375 0.8795955875000001 0.3982843145833333 0.877757353125 0.4011437916666667 0.8802083328125001 0.40400326875000003 0.8771446078125 0.4060457520833333 0.8765318625 0.40808823541666667 0.8728553921875 0.40441176458333333 0.8716299015625 0.4060457520833333 0.86488970625 0.4060457520833333 0.8618259796875 0.4076797395833333 0.8618259796875 0.41176470625 0.8642769609375 0.4174836604166667 0.8642769609375 0.4268790854166667 0.8584558828125 0.4375 0.858149509375 0.45547385625000003 0.8609068625 0.46037581666666666 0.8651960781250001 0.4624183 0.8799019609375 0.46282679791666664
0 0.55698529375 0.24142156874999998 0.5603553921875 0.24142156874999998 0.5618872546875 0.24346405208333335 0.563725490625 0.24795751666666668 0.563725490625 0.2549019604166667 0.5686274515624999 0.2651143791666667 0.5704656859375 0.2732843145833333 0.5735294125 0.2802287583333333 0.5762867640625 0.2826797395833333 0.577818628125 0.2863562083333333 0.5814950984375 0.28717320208333336 0.5891544125 0.28390522916666666 0.5931372546875 0.27573529375 0.5974264703125 0.2704248375 0.6161151953124999 0.26184640625 0.6185661765625 0.25816993541666666 0.6200980390625 0.2516339875 0.6200980390625 0.24468954166666668 0.6155024515624999 0.23570261458333333 0.61335784375 0.22712418333333334 0.6069240203125 0.21119281041666668 0.6056985296875 0.20383986875 0.606617646875 0.19403594791666665 0.6056985296875 0.18872548958333332 0.594975490625 0.178104575 0.5931372546875 0.17769607916666666 0.5863970593750001 0.17075163333333335 0.5787377453125 0.16503267916666667 0.5729166671875 0.16421568541666665 0.5661764703125 0.16789215625 0.562806371875 0.17769607916666666 0.562806371875 0.19607843125000002 0.559436275 0.1985294125 0.5536151953124999 0.20016339791666665 0.549938725 0.21446078333333332 0.5493259796875 0.23161764791666667 0.55085784375 0.23406862708333334 0.549938725 0.23774509791666668 0.55698529375 0.24142156874999998
0 0.9114583328125001 0.3255718958333333 0.9126838234375001 0.33455882291666666 0.9185049015625 0.3431372541666667 0.9243259796875 0.3488562083333333 0.9267769609375 0.3525326791666667 0.9267769609375 0.3541666666666667 0.9310661765624999 0.35988562083333336 0.937806371875 0.3651960791666667 0.938725490625 0.3672385625 0.9433210781250001 0.36805555624999997 0.9522058828125 0.36151960833333335 0.9598651953124999 0.35375817083333333 0.9638480390625 0.34640522916666666 0.9638480390625 0.34068627500000004 0.9623161765624999 0.33455882291666666 0.9629289218749999 0.3247549020833333 0.9617034312499999 0.3214869270833333 0.9479166671874999 0.32066993541666666 0.9427083328125001 0.31862745000000003 0.9408700984375 0.31658496666666663 0.934742646875 0.31535947708333334 0.9181985296875 0.3071895416666666 0.9151348046875001 0.31045751666666666 0.9139093140625001 0.31740196041666663 0.9157475484375001 0.32107843125 0.9126838234375001 0.3223039208333333 0.9114583328125001 0.3255718958333333
0 0.2594975484375 0.4285130729166667 0.261335784375 0.43627451041666665 0.2647058828125 0.44199346458333333 0.2662377453125 0.44934640625 0.26807597968749997 0.4522058833333333 0.2705269609375 0.45179738541666664 0.2748161765625 0.44607843125 0.2763480390625 0.43423202708333336 0.2797181375 0.4285130729166667 0.2797181375 0.41176470625 0.2760416671875 0.4060457520833333 0.2665441171875 0.40032679791666664 0.258272059375 0.3925653604166667 0.251225490625 0.39011437916666664 0.24448529375 0.39338235208333333 0.24417892187499998 0.3974673208333333 0.250306371875 0.4166666666666667 0.25306372499999996 0.421977125 0.2594975484375 0.4285130729166667
0 0.62101715625 0.46200980416666665 0.6228553921875 0.4689542479166667 0.6259191171875 0.4738562083333333 0.6302083328125 0.4791666666666667 0.637867646875 0.4795751625 0.6430759796875 0.48651960833333335 0.6479779406249999 0.4893790854166667 0.659007353125 0.4893790854166667 0.660539215625 0.4869281041666667 0.6623774515624999 0.4689542479166667 0.66482843125 0.4583333333333333 0.66482843125 0.4464869270833333 0.6473651953124999 0.41217320208333336 0.6443014703125 0.40931372499999996 0.6372549015625 0.40890522916666666 0.63357843125 0.4068627458333333 0.629289215625 0.40890522916666666 0.6271446078125 0.4142156854166667 0.6268382359375 0.421977125 0.62101715625 0.4260620916666667 0.6167279406249999 0.4309640520833333 0.6161151953124999 0.44607843125 0.619178921875 0.45588235208333333 0.61948529375 0.4599673208333333 0.62101715625 0.46200980416666665
0 0.626225490625 0.40808823541666667 0.6302083328125 0.40849673124999997 0.6344975484375001 0.4056372541666667 0.6354166671875 0.40318627500000004 0.640931371875 0.40032679791666664 0.64460784375 0.39460784375 0.646446078125 0.38194444375000003 0.65073529375 0.3696895416666666 0.65073529375 0.3651960791666667 0.6495098046875001 0.36233660208333335 0.6443014703125 0.35988562083333336 0.626225490625 0.359477125 0.61948529375 0.36478758125 0.615196078125 0.37377451041666665 0.615196078125 0.3888888895833333 0.6182598046875001 0.39338235208333333 0.623774509375 0.4056372541666667 0.626225490625 0.40808823541666667
0 0.011335784375000001 0.4922385625 0.02113970625 0.49305555624999997 0.0287990203125 0.4983660125 0.045649509375 0.4983660125 0.049938725 0.49550653541666667 0.055147059374999995 0.48733660208333335 0.055147059374999995 0.4799836604166667 0.057598039062499995 0.47140522916666666 0.05851715625 0.4636437916666667 0.061887254687500004 0.45710784375 0.05851715625 0.44117647083333333 0.0600490203125 0.4321895416666666 0.057598039062499995 0.43055555624999997 0.053615195312499996 0.4309640520833333 0.047181371875 0.43627451041666665 0.04289215625 0.43627451041666665 0.037377451562500004 0.43341503333333337 0.031556371875 0.43423202708333336 0.0245098046875 0.4440359479166667 0.0180759796875 0.4497549020833333 0.0162377453125 0.4607843145833333 0.0150122546875 0.46323529375 0.0079656859375 0.4636437916666667 0.0061274515625 0.46609477083333334 0.0052083328125 0.4685457520833333 0.0061274515625 0.48488562083333336 0.00704656875 0.4877450979166667 0.011335784375000001 0.4922385625
0 0.25704656875 0.05024509791666667 0.2545955875 0.047794116666666664 0.25306372499999996 0.05024509791666667 0.2552083328125 0.05065359375 0.25551470625 0.04901960833333333 0.25704656875 0.05024509791666667
0 0.28431372499999996 0 0.28431372499999996 0.053104575 0.2858455875 0.05718954166666667 0.28799019531250003 0.05841503333333333 0.292585784375 0.06454248333333333 0.299632353125 0.08496732083333333 0.304227940625 0.08700980416666666 0.30912990156250003 0.0829248375 0.3186274515625 0.08455882291666666 0.32475490156250003 0.08251633958333333 0.3275122546875 0.08006536041666666 0.3345588234375 0.07883986875 0.3422181375 0.07107843124999999 0.3446691171875 0.06454248333333333 0.3446691171875 0.04452614375 0.34068627500000004 0.022467320833333335 0.34068627500000004 0.015114379166666667 0.336397059375 0.004084966666666667 0.3299632359375 0.0028594770833333333 0.328125 0.0016339875 0.327818628125 0 0.28431372499999996 0
0 0.252757353125 0 0.252757353125 0.0012254895833333332 0.2552083328125 0.0016339875 0.2552083328125 0 0.252757353125 0
0 0.0245098046875 0.08333333333333333 0.025428921875 0.08741829999999999 0.0245098046875 0.09150326874999999 0.0248161765625 0.09722222291666666 0.034313725 0.11233660208333333 0.0389093140625 0.1172385625 0.046568628125 0.12091503333333334 0.051776960937500005 0.12581699375 0.0591299015625 0.12867647083333333 0.06556372499999999 0.13398692708333335 0.06770833281250001 0.134395425 0.07291666718749999 0.14174836666666665 0.0772058828125 0.14501633958333335 0.082414215625 0.14460784375 0.083946078125 0.14133986875 0.083946078125 0.134395425 0.07965686250000001 0.12418300625 0.0762867640625 0.10988562083333334 0.075367646875 0.09436274583333333 0.0719975484375 0.08455882291666666 0.0670955875 0.07679738541666666 0.0560661765625 0.071895425 0.0450367640625 0.05923202708333333 0.0401348046875 0.05514705833333333 0.0287990203125 0.05555555625 0.019914215625000002 0.06454248333333333 0.0189950984375 0.06699346458333334 0.0189950984375 0.07434640625000001 0.021446078125 0.07965686250000001 0.0245098046875 0.08333333333333333
0 0.4978553921875 0.2201797395833333 0.500306371875 0.2201797395833333 0.4984681375 0.21936274583333332 0.4978553921875 0.2201797395833333
0 0.505821078125 0.22099673125 0.5076593140625 0.2201797395833333 0.50704656875 0.21854575208333332 0.5052083328125 0.21813725416666668 0.5021446078125 0.21936274583333332 0.5018382359375 0.22058823541666667 0.503063725 0.22099673125 0.50551470625 0.21854575208333332 0.505821078125 0.22099673125
0 0.511335784375 0.21486928125 0.5094975484375001 0.21650326875 0.5119485296875 0.21772875833333333 0.512867646875 0.21568627499999998 0.511335784375 0.21486928125
0 0.5171568625 0.18872548958333332 0.5189950984375 0.19240196041666666 0.5189950984375 0.18872548958333332 0.5171568625 0.18872548958333332
0 0.49453125 0.18229166666666666 0.00078125 0.0010416666666666667
0 0.42677696093749995 0.21650326875 0.427696078125 0.2201797395833333 0.43014705937500003 0.22222222291666668 0.43443627500000004 0.23325163333333335 0.4359681375 0.24264705833333336 0.4353553921875 0.2610294125 0.4381127453125 0.2667483666666667 0.44178921562499995 0.26960784375 0.44914215625000004 0.2700163395833333 0.45649509843749997 0.27573529375 0.462928921875 0.27655228750000005 0.4666053921875 0.27859477083333334 0.48069852968750004 0.27818627500000004 0.483149509375 0.27573529375 0.484375 0.27287581666666666 0.4849877453125 0.2614379083333333 0.4865196078125 0.2549019604166667 0.48774509843749997 0.23161764791666667 0.48682597968749997 0.19158496666666666 0.484375 0.1858660125 0.481617646875 0.18259803958333334 0.481617646875 0.18096405208333335 0.4751838234375 0.17401960833333333 0.4739583328125 0.17034313750000002 0.47120097968749997 0.16911764791666667 0.468443628125 0.16584967291666666 0.4672181375 0.16217320208333333 0.46384803906250005 0.15849673125 0.4635416671875 0.15645424791666668 0.45649509843749997 0.15073529375 0.453125 0.15073529375 0.451899509375 0.1535947708333333 0.451899509375 0.15686274583333332 0.44975490156250003 0.15808823541666667 0.44975490156250003 0.16135620833333333 0.453125 0.1625817 0.45649509843749997 0.1670751625 0.4595588234375 0.16789215625 0.46384803906250005 0.17442810416666665 0.46384803906250005 0.178104575 0.46262254843750006 0.1797385625 0.4595588234375 0.1797385625 0.4537377453125 0.17606209166666667 0.44454656875 0.1797385625 0.4381127453125 0.18014705833333336 0.43504902031250003 0.17892156874999998 0.43198529375000005 0.18055555625 0.4310661765625 0.18259803958333334 0.42432597968749997 0.18831699375 0.4209558828125 0.19403594791666665 0.4200367640625 0.196895425 0.4200367640625 0.20424836666666665 0.4209558828125 0.20751633958333335 0.42677696093749995 0.21650326875
0 0.16636029375 0.40931372499999996 0.1666666671875 0.4113562083333333 0.17095588281250002 0.41625817083333333 0.17493872500000002 0.4170751625 0.17585784375 0.41870915 0.181678921875 0.4215686270833333 0.1853553921875 0.4215686270833333 0.1951593140625 0.4158496729166667 0.198835784375 0.41094771249999995 0.20036764687500003 0.4011437916666667 0.1982230390625 0.3982843145833333 0.1939338234375 0.3950163395833333 0.190257353125 0.3897058833333333 0.18504902031249998 0.3848039208333333 0.177696078125 0.38316993541666666 0.171568628125 0.37540849583333336 0.1681985296875 0.3733660125 0.16482843125 0.37418300625 0.1608455875 0.37704248333333334 0.156556371875 0.38235294166666667 0.1556372546875 0.3848039208333333 0.1556372546875 0.39133986875000004 0.157475490625 0.40073529375 0.16636029375 0.40931372499999996
0 0.768688725 0.31699346458333333 0.77113970625 0.31862745000000003 0.7738970593750001 0.321895425 0.7748161765625 0.3263888895833333 0.778492646875 0.3341503270833333 0.7797181375 0.33537581666666666 0.7830882359375 0.33537581666666666 0.7892156859375 0.33210784375 0.7907475484375001 0.3300653604166667 0.7953431375 0.31862745000000003 0.8118872546875 0.2965686270833333 0.815257353125 0.28390522916666666 0.815257353125 0.27655228750000005 0.8075980390625 0.2675653604166667 0.799938725 0.26266339791666665 0.7944240203125 0.2610294125 0.7892156859375 0.25612745 0.78676470625 0.2549019604166667 0.775428921875 0.2549019604166667 0.7689950984375 0.2565359479166667 0.7647058828125 0.26388888958333334 0.7647058828125 0.2704248375 0.7689950984375 0.2818627458333333 0.7671568625 0.2863562083333333 0.762561275 0.28431372499999996 0.7594975484375001 0.27818627500000004 0.7552083328125 0.27369281041666665 0.753063725 0.27655228750000005 0.7518382359375 0.2814542479166667 0.750306371875 0.2977941166666667 0.7561274515624999 0.31372548958333335 0.75857843125 0.31617647083333333 0.768688725 0.31699346458333333
0 0.9099264703125 0.41870915 0.9148284312499999 0.4252450979166667 0.9313725484375001 0.4252450979166667 0.9433210781250001 0.41462418333333334 0.9451593140625001 0.4113562083333333 0.9479166671874999 0.39787581666666666 0.9479166671874999 0.38684640625 0.9494485296875 0.38235294166666667 0.9485294124999999 0.3766339875 0.9457720593750001 0.37295751666666666 0.9322916671874999 0.36315359375 0.9276960781250001 0.3627450979166667 0.9185049015625 0.3684640520833333 0.9139093140625001 0.37704248333333334 0.9037990203125 0.37949346458333333 0.903186275 0.39460784375 0.906556371875 0.40359477083333334 0.906556371875 0.40808823541666667 0.9099264703125 0.41870915
0 0.6727941171875 0.06576797291666667 0.6810661765625 0.06699346458333334 0.6893382359375 0.06617647083333333 0.6927083328125 0.06290849583333333 0.6994485296875 0.051879085416666665 0.701899509375 0.036356208333333334 0.7012867640625 0.029411764583333333 0.700367646875 0.02573529375 0.69607843125 0.0204248375 0.6786151953124999 0.020016339583333334 0.6752450984375 0.021241829166666667 0.671568628125 0.02614379166666667 0.667585784375 0.03553921666666667 0.6666666671875 0.04084967291666666 0.666053921875 0.055964052083333334 0.6666666671875 0.06045751666666667 0.66789215625 0.062091504166666665 0.6727941171875 0.06576797291666667
0 0.040747548437499996 0.22263071875 0.0416666671875 0.22916666666666666 0.0450367640625 0.23529411666666666 0.0450367640625 0.23692810416666665 0.0502450984375 0.24468954166666668 0.05698529375 0.24509803958333334 0.0634191171875 0.23856209166666667 0.06648284374999999 0.23774509791666668 0.0689338234375 0.23529411666666666 0.07506127500000001 0.23488562083333334 0.08118872499999999 0.24019607916666666 0.0903799015625 0.24305555625 0.0983455875 0.24754901875 0.102022059375 0.24550653541666667 0.10753676406249998 0.23733660208333335 0.1084558828125 0.23406862708333334 0.109375 0.22303921666666668 0.10355392187500001 0.19893790833333333 0.10692402031249999 0.19403594791666665 0.109375 0.19321895416666665 0.1109068625 0.19117647083333333 0.1109068625 0.1875 0.1099877453125 0.18423202708333333 0.10539215625000001 0.17728758125 0.0916053921875 0.1670751625 0.0814950984375 0.16503267916666667 0.0772058828125 0.1670751625 0.0744485296875 0.16993463958333335 0.0713848046875 0.17687908541666666 0.0704656859375 0.19117647083333333 0.068321078125 0.19321895416666665 0.0674019609375 0.19648692708333335 0.0661764703125 0.19403594791666665 0.063725490625 0.19362745 0.05729166718749999 0.18790849583333333 0.0502450984375 0.1858660125 0.046568628125 0.18668300625 0.041053921874999996 0.19158496666666666 0.038296568749999996 0.1956699354166667 0.03676470625 0.20261437916666666 0.03676470625 0.21119281041666668 0.0416666671875 0.21568627499999998 0.0416666671875 0.22099673125 0.040747548437499996 0.22263071875
0 0.815257353125 0 0.8143382359375 0.0016339875 0.8103553921875 0.0020424833333333335 0.80698529375 0.00694444375 0.8091299015625 0.01756536041666667 0.80851715625 0.031045752083333333 0.8109681375 0.041666666666666664 0.8103553921875 0.04901960833333333 0.8075980390625 0.060866012500000004 0.8075980390625 0.06576797291666667 0.8060661765624999 0.06862744999999999 0.8075980390625 0.09885620833333333 0.80851715625 0.10171568541666667 0.812806371875 0.10702614375 0.8232230390625 0.10702614375 0.825367646875 0.10539215625 0.83363970625 0.10334967291666668 0.83976715625 0.09803921666666666 0.8419117640625 0.09191176458333333 0.8498774515624999 0.08210784375 0.8507965687500001 0.078022875 0.8517156859374999 0.06658496666666666 0.8489583328125001 0.06004901875 0.846507353125 0.05024509791666667 0.8431372546875 0.04330065416666666 0.844056371875 0.0375817 0.8498774515624999 0.02573529375 0.8483455875000001 0.022875816666666667 0.844056371875 0.020833333333333332 0.8339460781250001 0.020016339583333334 0.83210784375 0.01879085 0.8339460781250001 0.008578431249999999 0.8339460781250001 0 0.815257353125 0
0 0.002757353125 0 0.0024509796875 0.0016339875 0 0.0028594770833333333 0 0.024509804166666666 0.0018382359375 0.0249183 0.004289215625 0.031045752083333333 0.00857843125 0.03553921666666667 0.011948529687499999 0.03717320208333333 0.0208333328125 0.031045752083333333 0.032781862499999995 0.029411764583333333 0.03676470625 0.031045752083333333 0.0392156859375 0.03390522916666667 0.051776960937500005 0.03921568541666667 0.053615195312499996 0.041666666666666664 0.0603553921875 0.041666666666666664 0.0661764703125 0.03553921666666667 0.07291666718749999 0.020833333333333332 0.0772058828125 0.015114379166666667 0.077818628125 0.01184640625 0.077818628125 0.004493464583333333 0.0747549015625 0.0016339875 0.0744485296875 0 0.002757353125 0
0 0.6482843140625 0.35130718958333335 0.6495098046875001 0.35661764791666667 0.6580882359375 0.3643790854166667 0.6642156859375 0.3660130729166667 0.6709558828125 0.3651960791666667 0.6767769609375 0.35784313749999996 0.677696078125 0.34803921666666665 0.6825980390625 0.33374182916666667 0.6927083328125 0.328022875 0.69301470625 0.3235294125 0.69607843125 0.31944444375000003 0.6979166671875 0.3141339875 0.6994485296875 0.30759803958333337 0.6994485296875 0.3002450979166667 0.69607843125 0.2965686270833333 0.691789215625 0.2965686270833333 0.6890318625 0.29452614374999997 0.6859681375 0.29452614374999997 0.6825980390625 0.2892156854166667 0.68198529375 0.2863562083333333 0.67892156875 0.28390522916666666 0.67585784375 0.2863562083333333 0.671568628125 0.28390522916666666 0.6645220593750001 0.2875817 0.657475490625 0.28839869375 0.655024509375 0.28962418333333334 0.65226715625 0.29370915 0.6498161765625 0.29983660208333335 0.6488970593750001 0.31045751666666666 0.6455269609375 0.3141339875 0.6430759796875 0.31985294166666667 0.6430759796875 0.32883986875000004 0.6498161765625 0.34109477083333334 0.6498161765625 0.34558823541666667 0.6482843140625 0.35130718958333335
0 0.4375 0 0.4375 0.0012254895833333332 0.43443627500000004 0.004084966666666667 0.42922794062499997 0.01797385625 0.4227941171875 0.030228758333333335 0.4197303921875 0.03390522916666667 0.41329656875 0.036764706249999994 0.40134803906250005 0.05718954166666667 0.40073529375000005 0.06535947708333333 0.4016544125 0.08088235208333333 0.4047181375 0.09109477083333334 0.406556371875 0.10661764791666667 0.409007353125 0.11356209166666667 0.41574754843750006 0.11968954166666666 0.42677696093749995 0.1233660125 0.4322916671875 0.1233660125 0.4384191171875 0.12091503333333334 0.44362745156249994 0.11642156875000001 0.4479166671875 0.10988562083333334 0.44883578437500005 0.08619281041666667 0.4522058828125 0.07107843124999999 0.45618872499999996 0.06290849583333333 0.46047794062499997 0.05759803958333333 0.46568627500000004 0.04575163333333333 0.47365196093749995 0.0375817 0.48069852968750004 0.03390522916666667 0.4849877453125 0.0265522875 0.4859068625 0.020833333333333332 0.490196078125 0.008986927083333334 0.48988970624999995 0 0.4708946078125 0 0.4702818625 0.0036764708333333336 0.46568627500000004 0.00612745 0.46568627500000004 0.004493464583333333 0.46323529375000005 0.0020424833333333335 0.462928921875 0 0.4375 0
0 0.31875 0.0010416666666666667 0.00546875 0.0010416666666666667
0 0.8514093140625001 0.39011437916666664 0.8523284312499999 0.40032679791666664 0.855085784375 0.40155228750000005 0.8575367640625 0.40073529375 0.8541666671874999 0.39787581666666666 0.855085784375 0.3925653604166667 0.856617646875 0.390522875 0.859068628125 0.3897058833333333 0.8609068625 0.3925653604166667 0.8676470593750001 0.3950163395833333 0.875306371875 0.3941993458333333 0.8768382359375 0.3925653604166667 0.878063725 0.38684640625 0.8838848046875001 0.37785947708333334 0.8912377453125 0.37295751666666666 0.8927696078125 0.36642156875 0.887867646875 0.35661764791666667 0.8854166671874999 0.3488562083333333 0.8802083328125001 0.3439542479166667 0.875306371875 0.3443627458333333 0.8725490203125 0.34640522916666666 0.8697916671874999 0.35130718958333335 0.8658088234375001 0.35130718958333335 0.859375 0.34640522916666666 0.8556985296875 0.34722222291666666 0.8517156859374999 0.35212418333333334 0.8483455875000001 0.359477125 0.8455882359375 0.3692810458333333 0.8458946078125 0.37949346458333333 0.8483455875000001 0.38684640625 0.8514093140625001 0.39011437916666664
0 0.2910303546875 0.004116389583333334 0.2892156859375 0.0036764708333333336 0.28829656875 0.004084966666666667 0.2892156859375 0.006535947916666667 0.2910303546875 0.004116389583333334
0 0.292585784375 0.004493464583333333 0.2910638046875 0.0041245 0.2916666671875 0.006535947916666667 0.292585784375 0.00612745 0.292585784375 0.004493464583333333
0 0.23069852968750001 0 0.22732843125 0.012663397916666668 0.2267156859375 0.036356208333333334 0.234068628125 0.04452614375 0.2411151953125 0.049836602083333334 0.24662990156250003 0.051879085416666665 0.2515318625 0.05106209166666666 0.261335784375 0.05555555625 0.2806372546875 0.052696079166666666 0.2830882359375 0.049836602083333334 0.28492647031249996 0.03921568541666667 0.284007353125 0.015522875 0.285539215625 0.004084966666666667 0.284007353125 0 0.23069852968750001 0
0 0.6810661765625 0.5040849666666667 0.6829044125 0.5122549020833334 0.6829044125 0.5175653604166667 0.688725490625 0.5257352937499999 0.6920955875 0.5245098041666666 0.6951593140625 0.5200163395833334 0.6994485296875 0.5212418291666666 0.7012867640625 0.5249183 0.7022058828125 0.5334967312500001 0.7037377453125 0.53839869375 0.7022058828125 0.5584150333333333 0.7037377453125 0.56004901875 0.7135416671875 0.5612745104166666 0.7205882359375 0.5539215687500001 0.7233455875 0.5473856208333333 0.7264093140625 0.5494281041666667 0.7325367640625 0.5571895416666667 0.738664215625 0.5571895416666667 0.73988970625 0.5502450979166666 0.7377450984375 0.5367647062500001 0.7349877453125 0.52900326875 0.7248774515624999 0.51184640625 0.7248774515624999 0.49754901875 0.7239583328125 0.4901960791666667 0.721507353125 0.484477125 0.723039215625 0.46609477083333334 0.7202818625 0.46119281041666665 0.7138480390625 0.45588235208333333 0.7080269609375 0.45383986875000004 0.702818628125 0.446895425 0.6957720593750001 0.4464869270833333 0.6927083328125 0.4440359479166667 0.6868872546875 0.4522058833333333 0.6780024515624999 0.46037581666666666 0.676164215625 0.46568627500000004 0.67585784375 0.47426470625 0.677696078125 0.48120915 0.677696078125 0.4983660125 0.6810661765625 0.5040849666666667
0 0.7046568625 0.4207516333333333 0.703125 0.4215686270833333 0.70710784375 0.421977125 0.7064950984375 0.4207516333333333 0.7046568625 0.4207516333333333
0 0.5122549015625 0.09027777708333334 0.515318628125 0.09109477083333334 0.5162377453125 0.08823529375 0.521446078125 0.08251633958333333 0.5248161765625 0.08169934583333333 0.52726715625 0.07924836666666667 0.5291053921875 0.06699346458333334 0.5263480390625 0.060866012500000004 0.51960784375 0.05841503333333333 0.5147058828125 0.058823529166666666 0.5119485296875 0.060866012500000004 0.5104166671875 0.06617647083333333 0.5094975484375001 0.07761437916666666 0.511335784375 0.08088235208333333 0.5104166671875 0.08496732083333333 0.5122549015625 0.09027777708333334
0 0.52573529375 0.05024509791666667 0.5266544125 0.04820261458333333 0.5330882359375 0.04411764791666666 0.534007353125 0.03186274583333333 0.530943628125 0.028186275 0.52573529375 0.028186275 0.519914215625 0.036356208333333334 0.51960784375 0.04452614375 0.5220588234375 0.047794116666666664 0.5223651953124999 0.049836602083333334 0.52573529375 0.05024509791666667
0 0.5395220593750001 0.08088235208333333 0.544117646875 0.08619281041666667 0.545649509375 0.09599673125000001 0.542585784375 0.10334967291666668 0.5376838234375 0.11070261458333334 0.5364583328125 0.11764705833333333 0.5349264703125 0.11968954166666666 0.5349264703125 0.12663398750000002 0.53829656875 0.13153594791666667 0.54289215625 0.13194444375 0.546875 0.134395425 0.5505514703125 0.134395425 0.5579044125 0.13888888958333334 0.5701593140625 0.14133986875 0.578125 0.13970588333333334 0.5805759796875 0.13684640625 0.581188725 0.12622548958333332 0.58363970625 0.12050653541666666 0.583946078125 0.10784313749999999 0.5854779406249999 0.10212418333333333 0.5854779406249999 0.09109477083333334 0.5873161765625 0.08496732083333333 0.58823529375 0.08374182916666667 0.5989583328125 0.08251633958333333 0.60079656875 0.08047385625 0.605085784375 0.07883986875 0.609375 0.07434640625000001 0.6075367640625 0.07148692708333333 0.606617646875 0.05923202708333333 0.6047794125 0.05351307291666666 0.605085784375 0.05024509791666667 0.6017156859375 0.043709149999999995 0.5989583328125 0.029411764583333333 0.5912990203125 0.0204248375 0.587928921875 0.01797385625 0.582414215625 0.01633986875 0.5707720593750001 0.009395425 0.562806371875 0.01021241875 0.5579044125 0.015114379166666667 0.5560661765625 0.019607843750000003 0.5551470593750001 0.027777777083333333 0.559436275 0.039624183333333333 0.5572916671875 0.046568627083333335 0.5536151953124999 0.046568627083333335 0.5490196078125 0.04084967291666666 0.546568628125 0.03553921666666667 0.5431985296875 0.036356208333333334 0.541053921875 0.039624183333333333 0.5407475484375001 0.043709149999999995 0.5392156859375 0.04575163333333333 0.5373774515624999 0.05718954166666667 0.5358455875 0.060866012500000004 0.5358455875 0.06862744999999999 0.534313725 0.07761437916666666 0.5358455875 0.08006536041666666 0.5395220593750001 0.08088235208333333
0 0.0670955875 0.46037581666666666 0.0713848046875 0.46323529375 0.073835784375 0.46650326875000003 0.073835784375 0.4689542479166667 0.076899509375 0.47467320208333336 0.0805759796875 0.48651960833333335 0.0845588234375 0.4893790854166667 0.0912990203125 0.49142156875 0.0983455875 0.490604575 0.106617646875 0.4824346395833333 0.11948529375000001 0.4767156854166667 0.1234681375 0.47140522916666666 0.1243872546875 0.4685457520833333 0.125306371875 0.46323529375 0.125306371875 0.4550653604166667 0.1243872546875 0.4522058833333333 0.1228553921875 0.45016339791666665 0.1139705875 0.44607843125 0.1182598046875 0.44240196041666663 0.12101715625000001 0.43790849583333336 0.12101715625000001 0.42565359375 0.1161151953125 0.4170751625 0.1127450984375 0.4150326791666667 0.1041666671875 0.4142156854166667 0.0873161765625 0.4170751625 0.0845588234375 0.41911764791666667 0.073835784375 0.4199346395833333 0.066789215625 0.4268790854166667 0.06403186250000001 0.428104575 0.059436275000000004 0.43504901875 0.05851715625 0.43872548958333335 0.0591299015625 0.4432189541666667 0.062806371875 0.4542483666666667 0.0670955875 0.46037581666666666
0 0.7123161765625 0.06331699375000001 0.7107843140625 0.07393790833333333 0.7107843140625 0.07761437916666666 0.712928921875 0.08006536041666666 0.7208946078125 0.08537581666666667 0.7282475484375001 0.08823529375 0.734375 0.08864379166666667 0.73988970625 0.08333333333333333 0.7484681375 0.07883986875 0.7576593140625 0.06372548958333334 0.7579656859375 0.06004901875 0.7561274515624999 0.0547385625 0.7561274515624999 0.047794116666666664 0.7576593140625 0.0420751625 0.75857843125 0.02900326875 0.7549019609375 0.0204248375 0.737438725 0.019607843750000003 0.734375 0.017156862499999998 0.7306985296875 0.011437908333333333 0.7224264703125 0.012254902083333333 0.7138480390625 0.015114379166666667 0.712928921875 0.016748366666666667 0.7098651953124999 0.01756536041666667 0.70710784375 0.022875816666666667 0.70710784375 0.04125817083333334 0.71476715625 0.05555555625 0.71476715625 0.058006535416666664 0.7123161765625 0.06331699375000001
0 0.262867646875 0.14705882291666666 0.26225490156250003 0.16748366041666665 0.265318628125 0.18259803958333334 0.26899509843749997 0.18504901875 0.272977940625 0.18341503333333334 0.27573529375 0.18014705833333336 0.2794117640625 0.18055555625 0.281556371875 0.18504901875 0.2806372546875 0.18954248333333332 0.282475490625 0.19199346458333333 0.2858455875 0.19240196041666666 0.29013480468749997 0.1956699354166667 0.2864583328125 0.19730392083333334 0.2830882359375 0.20220588333333334 0.2830882359375 0.20506536041666665 0.2858455875 0.20996732083333333 0.2953431375 0.21854575208333332 0.296568628125 0.22099673125 0.3072916671875 0.22099673125 0.30851715625 0.22671568541666665 0.31556372499999996 0.23406862708333334 0.33210784375 0.24264705833333336 0.333946078125 0.240604575 0.3357843140625 0.21977124166666667 0.3422181375 0.20220588333333334 0.3416053921875 0.19158496666666666 0.3431372546875 0.18872548958333332 0.3483455875 0.1875 0.3498774515625 0.18218954166666668 0.3489583328125 0.17851307291666665 0.34742647031249996 0.17728758125 0.33823529375 0.15645424791666668 0.3357843140625 0.15441176458333333 0.33057597968749997 0.14624182916666667 0.327818628125 0.13398692708333335 0.3201593140625 0.1233660125 0.313725490625 0.11846405208333333 0.3079044125 0.1172385625 0.304227940625 0.11356209166666667 0.30024509843749997 0.11192810416666667 0.2959558828125 0.11151960833333334 0.2922794125 0.11315359374999999 0.287071078125 0.12132352916666668 0.28523284375 0.12091503333333334 0.2830882359375 0.11601307291666667 0.27573529375 0.10988562083333334 0.265318628125 0.10988562083333334 0.2579656859375 0.11601307291666667 0.2579656859375 0.12295751666666667 0.261335784375 0.13153594791666667 0.261335784375 0.14256536041666665 0.262867646875 0.14705882291666666