0 0.9368872546875 0.13725490208333332 0.938725490625 0.14174836666666665 0.9445465687500001 0.14705882291666666 0.952818628125 0.15032679791666667 0.9589460781250001 0.14338235208333333 0.95710784375 0.13684640625 0.9580269609375 0.12704248333333334 0.9580269609375 0.096813725 0.9613970593750001 0.071895425 0.9623161765624999 0.05065359375 0.9653799015625 0.0420751625 0.967524509375 0.030228758333333335 0.9672181375 0.022467320833333335 0.96476715625 0.01797385625 0.9598651953124999 0.01633986875 0.9568014703125 0.014297385416666667 0.956188725 0.012254902083333333 0.9549632359375 0.014705883333333334 0.9506740203125 0.01756536041666667 0.9479166671874999 0.021241829166666667 0.9411764703125 0.03921568541666667 0.940257353125 0.05759803958333333 0.934436275 0.07271241875 0.93351715625 0.07883986875 0.93351715625 0.10661764791666667 0.9350490203125 0.11356209166666667 0.9368872546875 0.13725490208333332
0 0.50857843125 0.4791666666666667 0.518688725 0.4783496729166667 0.5275735296875 0.48202614374999997 0.530024509375 0.484477125 0.535539215625 0.48570261458333336 0.542585784375 0.4910130729166667 0.546568628125 0.490604575 0.5484068625 0.4877450979166667 0.5474877453125 0.48039215625 0.544117646875 0.47589869375 0.5431985296875 0.47099673124999997 0.5401348046875001 0.46486928125000004 0.53829656875 0.4575163395833333 0.53829656875 0.4522058833333333 0.5364583328125 0.446895425 0.5330882359375 0.4440359479166667 0.5291053921875 0.44566993541666666 0.52573529375 0.44444444375000003 0.51960784375 0.43341503333333337 0.5122549015625 0.42892156875 0.5079656859375 0.42892156875 0.5045955875 0.43055555624999997 0.5018382359375 0.43831699375 0.5018382359375 0.446895425 0.4993872546875 0.4566993458333333 0.502757353125 0.47099673124999997 0.50857843125 0.4791666666666667
0 0.13970588281250002 0.3590686270833333 0.14215686249999998 0.36315359375 0.14215686249999998 0.3839869270833333 0.140318628125 0.39011437916666664 0.13970588281250002 0.40155228750000005 0.14307597968750002 0.4056372541666667 0.15073529375 0.4060457520833333 0.1541053921875 0.40236928125000004 0.1556372546875 0.3982843145833333 0.159007353125 0.3941993458333333 0.159007353125 0.3925653604166667 0.1657475484375 0.38521241875 0.1724877453125 0.3733660125 0.1724877453125 0.3627450979166667 0.169117646875 0.35661764791666667 0.17003676406249998 0.34109477083333334 0.1666666671875 0.3349673208333333 0.15808823593750002 0.32516339791666665 0.150428921875 0.3235294125 0.1473651953125 0.32434640625 0.1455269609375 0.32679738541666664 0.14307597968750002 0.33047385625000003 0.140318628125 0.34068627500000004 0.1369485296875 0.34191176458333333 0.136335784375 0.35212418333333334 0.1369485296875 0.3533496729166667 0.140318628125 0.3525326791666667 0.13970588281250002 0.3590686270833333
0 0.684436275 0.096813725 0.6853553921875 0.1045751625 0.6868872546875 0.10906862708333334 0.687806371875 0.11805555625 0.690563725 0.12622548958333332 0.6920955875 0.12785947708333334 0.6994485296875 0.12785947708333334 0.7006740203125 0.12663398750000002 0.7153799015625 0.1233660125 0.7193627453125 0.12009803958333333 0.721507353125 0.11437908541666666 0.721507353125 0.096813725 0.72732843125 0.08496732083333333 0.7297794125 0.06168300625 0.7282475484375001 0.03880718958333333 0.72579656875 0.03390522916666667 0.7224264703125 0.031454247916666664 0.7135416671875 0.028186275 0.703125 0.031454247916666664 0.6881127453125 0.04493463958333333 0.677696078125 0.06617647083333333 0.6767769609375 0.06903594791666667 0.677696078125 0.07393790833333333 0.684436275 0.08088235208333333 0.684436275 0.096813725
0 0.46476715625000004 0.5212418291666666 0.4733455875 0.5310457520833334 0.48069852968750004 0.5310457520833334 0.48774509843749997 0.5277777770833334 0.49601715625000004 0.5224673208333334 0.5036764703125 0.5155228749999999 0.50857843125 0.5151143791666667 0.512867646875 0.51184640625 0.512867646875 0.5073529416666667 0.511335784375 0.5044934645833333 0.504289215625 0.5016339875 0.49693627500000004 0.50081699375 0.494178921875 0.4983660125 0.4932598046875 0.484477125 0.4911151953125 0.4795751625 0.48835784374999996 0.4783496729166667 0.48192402031250003 0.4795751625 0.4797794125 0.4832516333333333 0.47732843125 0.48488562083333336 0.47487745156249994 0.4832516333333333 0.469056371875 0.48488562083333336 0.46323529375000005 0.4910130729166667 0.4623161765625 0.49591503333333337 0.4623161765625 0.5138888895833333 0.46323529375000005 0.5175653604166667 0.46476715625000004 0.5212418291666666
0 0.844975490625 0.24591503333333334 0.8520220593750001 0.24591503333333334 0.856617646875 0.24795751666666668 0.863664215625 0.2614379083333333 0.8676470593750001 0.2651143791666667 0.8676470593750001 0.2675653604166667 0.8716299015625 0.27532679791666664 0.8734681375 0.2761437916666667 0.8795955875000001 0.28349673124999997 0.8820465687500001 0.28431372499999996 0.8829656859374999 0.2863562083333333 0.89460784375 0.2863562083333333 0.8998161765624999 0.28349673124999997 0.9028799015625 0.27900326875000003 0.903186275 0.27369281041666665 0.90073529375 0.26470588333333334 0.8964460781250001 0.2565359479166667 0.8955269609375 0.24673202708333333 0.8930759796875 0.24264705833333336 0.8921568625 0.23815359375 0.8900122546875 0.23692810416666665 0.886335784375 0.22916666666666666 0.8844975484375001 0.21323529375 0.8759191171875 0.203022875 0.8734681375 0.20179738541666667 0.8704044124999999 0.20220588333333334 0.8685661765624999 0.20506536041666665 0.8676470593750001 0.2079248375 0.8670343140625001 0.2201797395833333 0.8676470593750001 0.2234477125 0.8658088234375001 0.22671568541666665 0.8416053921875 0.23202614375000002 0.8388480390625 0.23488562083333334 0.83823529375 0.23815359375 0.840686275 0.24305555625 0.8428308828125 0.24346405208333335 0.844975490625 0.24591503333333334
0 0.687806371875 0.35620915 0.702818628125 0.3627450979166667 0.708946078125 0.3635620916666667 0.7123161765625 0.36151960833333335 0.71323529375 0.35988562083333336 0.71323529375 0.3549836604166667 0.708946078125 0.35130718958333335 0.7064950984375 0.34599673124999997 0.7064950984375 0.3272058833333333 0.7037377453125 0.3190359479166667 0.6985294125 0.3141339875 0.6969975484375001 0.30637254999999997 0.6936274515624999 0.3026960791666667 0.684436275 0.303104575 0.6767769609375 0.30882352916666667 0.6700367640625 0.31699346458333333 0.6694240203125 0.33537581666666666 0.6727941171875 0.3427287583333333 0.677696078125 0.3488562083333333 0.687806371875 0.35620915
0 0.9396446078125 0.46527777708333334 0.9420955875000001 0.4677287583333333 0.9466911765624999 0.4685457520833333 0.948835784375 0.4701797395833333 0.95710784375 0.47140522916666666 0.9638480390625 0.48120915 0.96875 0.4840686270833333 0.9724264703125 0.484477125 0.9797794124999999 0.48120915 0.9911151953124999 0.4689542479166667 0.9950980390625 0.46282679791666664 0.9950980390625 0.4542483666666667 0.9941789218749999 0.4505718958333333 0.9911151953124999 0.44240196041666663 0.987132353125 0.43790849583333336 0.9810049015625 0.43790849583333336 0.97273284375 0.4432189541666667 0.9681372546875 0.44117647083333333 0.9662990203125 0.43872548958333335 0.9546568625 0.43341503333333337 0.952818628125 0.4309640520833333 0.948835784375 0.4309640520833333 0.9469975484375001 0.43341503333333337 0.9420955875000001 0.43545751666666666 0.9427083328125001 0.4497549020833333 0.9445465687500001 0.45261437916666664 0.9396446078125 0.46037581666666666 0.9396446078125 0.46527777708333334
0 0.6786151953124999 0.18341503333333334 0.681678921875 0.1858660125 0.69607843125 0.18627451041666668 0.698835784375 0.1858660125 0.7012867640625 0.18300653541666667 0.7052696078125 0.17524509791666668 0.7055759796875 0.14787581666666666 0.702818628125 0.14338235208333333 0.6963848046875001 0.140522875 0.6939338234375 0.13684640625 0.6936274515624999 0.13316993541666666 0.6908700984375 0.12908496666666666 0.6853553921875 0.12826797291666667 0.6801470593750001 0.12949346458333333 0.67585784375 0.13235294166666667 0.667585784375 0.14460784375 0.6666666671875 0.14746732083333333 0.6666666671875 0.16339869375 0.6734068625 0.17687908541666666 0.6786151953124999 0.18341503333333334
0 0.0165441171875 0.2814542479166667 0.015318628125 0.2826797395833333 0.01960784375 0.2826797395833333 0.0189950984375 0.2810457520833333 0.0165441171875 0.2814542479166667
0 0.021446078125 0.2704248375 0.022977940625000002 0.26838235208333333 0.0217524515625 0.2691993458333333 0.020526960937499998 0.2724673208333333 0.0223651953125 0.27573529375 0.022977940625000002 0.2708333333333333 0.021446078125 0.2704248375
0 0 0.22753267916666667 0.0079656859375 0.22589869375 0.0162377453125 0.2214052291666667 0.01960784375 0.21813725416666668 0.026348039062500002 0.19648692708333335 0.025428921875 0.19199346458333333 0.020526960937499998 0.18423202708333333 0.020526960937499998 0.18178104583333335 0.0232843140625 0.17606209166666667 0.028186275 0.16952614375000002 0.029718137500000002 0.16462418333333334 0.02726715625 0.15604575208333332 0.022977940625000002 0.15073529375 0.015318628125 0.14787581666666666 0.0036764703125 0.14869281041666668 0 0.15032679791666667 0 0.22753267916666667
0 0.3998161765625 0.3047385625 0.40287990156250003 0.30882352916666667 0.4071691171875 0.31862745000000003 0.4114583328125 0.3239379083333333 0.421875 0.3255718958333333 0.4286151953125 0.32883986875000004 0.440257353125 0.31740196041666663 0.44822303906250005 0.31372548958333335 0.45067402031250003 0.3108660125 0.450367646875 0.30514705833333333 0.44883578437500005 0.3002450979166667 0.44883578437500005 0.2933006541666667 0.450367646875 0.2908496729166667 0.450367646875 0.28553921666666665 0.4479166671875 0.27859477083333334 0.4420955875 0.2700163395833333 0.44056372499999996 0.26960784375 0.4368872546875 0.2651143791666667 0.43198529375000005 0.2565359479166667 0.4227941171875 0.2532679729166667 0.4209558828125 0.24959150416666667 0.4200367640625 0.24387255 0.41819852968750004 0.2422385625 0.4142156859375 0.24305555625 0.4108455875 0.2483660125 0.41053921562499995 0.25285947708333334 0.4077818625 0.25816993541666666 0.3982843140625 0.26715686250000004 0.3921568625 0.27124182916666667 0.390625 0.27369281041666665 0.390318628125 0.27777777708333334 0.3921568625 0.28962418333333334 0.39613970625 0.29534313749999996 0.3998161765625 0.3047385625
0 0.33486519531250003 0.240604575 0.3388480390625 0.240604575 0.33700980468749997 0.24019607916666666 0.33486519531250003 0.240604575
0 0.2604166671875 0 0.257352940625 0.0036764708333333336 0.2545955875 0.004493464583333333 0.2579656859375 0.008578431249999999 0.252757353125 0.022875816666666667 0.252757353125 0.031454247916666664 0.2545955875 0.03717320208333333 0.2521446078125 0.046568627083333335 0.2552083328125 0.049836602083333334 0.2561274515625 0.0547385625 0.25857843125 0.05841503333333333 0.259803921875 0.06617647083333333 0.27113970625 0.08537581666666667 0.27818627500000004 0.08782679791666667 0.28676470625 0.08537581666666667 0.2922794125 0.08578431458333333 0.29932597968749997 0.09558823541666667 0.308210784375 0.09885620833333333 0.313725490625 0.10334967291666668 0.31801470625 0.1045751625 0.3229166671875 0.10988562083333334 0.3373161765625 0.1172385625 0.3455882359375 0.11805555625 0.353553921875 0.109477125 0.3599877453125 0.09558823541666667 0.3609068625 0.08782679791666667 0.36335784375 0.08047385625 0.373774509375 0.05718954166666667 0.373774509375 0.05351307291666666 0.37101715625 0.04942810416666667 0.36948529375 0.04820261458333333 0.359375 0.04738562083333333 0.355085784375 0.041666666666666664 0.3541666671875 0.0359477125 0.3547794125 0.02573529375 0.35232843125 0.022467320833333335 0.35232843125 0.013071895833333335 0.35079656875 0.011437908333333333 0.3517156859375 0.009395425 0.35079656875 0.004901960416666667 0.3419117640625 0.0032679729166666667 0.33823529375 0.0016339875 0.337928921875 0 0.2604166671875 0
0 0.3795955875 0.40236928125000004 0.3826593140625 0.4064542479166667 0.3829656859375 0.40890522916666666 0.390625 0.41789215625 0.39767156875 0.42238562083333336 0.4041053921875 0.4285130729166667 0.407475490625 0.4297385625 0.41237745156249994 0.4297385625 0.41452205937500003 0.4285130729166667 0.41482843125 0.42238562083333336 0.4114583328125 0.41380718958333335 0.4108455875 0.40972222291666666 0.4126838234375 0.4064542479166667 0.4166666671875 0.4052287583333333 0.420649509375 0.4011437916666667 0.4224877453125 0.40073529375 0.4234068625 0.39705882291666666 0.41819852968750004 0.3848039208333333 0.4166666671875 0.38357843125 0.41482843125 0.37908496666666663 0.41329656875 0.37826797291666664 0.4114583328125 0.37132352916666667 0.4080882359375 0.3651960791666667 0.4047181375 0.35988562083333336 0.4016544125 0.3590686270833333 0.398897059375 0.35620915 0.397977940625 0.34967320208333336 0.39399509843749997 0.3386437916666667 0.390318628125 0.3333333333333333 0.38694852968750004 0.33088235208333333 0.3829656859375 0.33088235208333333 0.3795955875 0.3325163395833333 0.373774509375 0.33905228750000005 0.3685661765625 0.35212418333333334 0.3685661765625 0.3696895416666666 0.375 0.37990196041666663 0.376225490625 0.39215686250000004 0.3795955875 0.40236928125000004
0 0.8627450984375 0.44934640625 0.8697916671874999 0.446895425 0.879289215625 0.45383986875000004 0.889399509375 0.4579248375 0.890318628125 0.45955882291666666 0.8992034312499999 0.46037581666666666 0.906556371875 0.4566993458333333 0.9111519609375 0.4513888895833333 0.9148284312499999 0.4440359479166667 0.9145220593750001 0.43627451041666665 0.906556371875 0.4358660125 0.9041053921875 0.43259803958333337 0.9016544124999999 0.4244281041666667 0.90073529375 0.41462418333333334 0.8967524515624999 0.4113562083333333 0.8728553921875 0.41176470625 0.86948529375 0.4060457520833333 0.8661151953124999 0.40400326875000003 0.863664215625 0.40441176458333333 0.8615196078125 0.4060457520833333 0.855085784375 0.4158496729166667 0.8535539218749999 0.42034313749999996 0.8532475484375001 0.4297385625 0.855085784375 0.44117647083333333 0.8584558828125 0.4464869270833333 0.8627450984375 0.44934640625
0 0.5689338234375 0.2994281041666667 0.5719975484375001 0.30555555624999997 0.5729166671875 0.31372548958333335 0.5747549015625 0.31699346458333333 0.5747549015625 0.3272058833333333 0.5888480390625 0.3525326791666667 0.594056371875 0.35620915 0.5989583328125 0.35620915 0.609375 0.34926470625 0.6173406859375 0.33986928125000004 0.6200980390625 0.33823529375 0.62101715625 0.33088235208333333 0.6182598046875001 0.32434640625 0.6182598046875001 0.31862745000000003 0.6228553921875 0.3108660125 0.6243872546875 0.2949346395833333 0.6231617640625 0.2920751625 0.6176470593750001 0.2863562083333333 0.61642156875 0.2822712416666667 0.6139705875 0.2806372541666667 0.6115196078125 0.27573529375 0.6047794125 0.2700163395833333 0.587928921875 0.2708333333333333 0.5787377453125 0.2691993458333333 0.573835784375 0.2708333333333333 0.56954656875 0.2761437916666667 0.5670955875 0.28390522916666666 0.5670955875 0.2920751625 0.5686274515624999 0.29534313749999996 0.5689338234375 0.2994281041666667
0 0.375306371875 0.10171568541666667 0.375306371875 0.10661764791666667 0.3768382359375 0.11070261458333334 0.37867647031249996 0.12377451041666668 0.3795955875 0.15400326875 0.38051470625 0.1576797395833333 0.3829656859375 0.1589052291666667 0.3924632359375 0.15604575208333332 0.39920343125 0.15645424791666668 0.40073529375000005 0.15808823541666667 0.40625 0.15931372500000002 0.4108455875 0.16421568541666665 0.41053921562499995 0.16748366041666665 0.407475490625 0.17320261458333333 0.405024509375 0.18096405208333335 0.4041053921875 0.18872548958333332 0.406556371875 0.19893790833333333 0.40992647031249996 0.20669934583333335 0.4108455875 0.21323529375 0.41574754843750006 0.22385620833333333 0.4166666671875 0.22834967291666666 0.4234068625 0.24019607916666666 0.42524509843749997 0.24591503333333334 0.4286151953125 0.24754901875 0.4353553921875 0.24019607916666666 0.44607843125 0.23488562083333334 0.4512867640625 0.2295751625 0.4598651953125 0.22385620833333333 0.462928921875 0.21568627499999998 0.47487745156249994 0.21568627499999998 0.4825367640625 0.21813725416666668 0.484681371875 0.21813725416666668 0.48805147031249996 0.21568627499999998 0.49172794062499997 0.20506536041666665 0.4935661765625 0.19035947708333334 0.49693627500000004 0.18014705833333336 0.49693627500000004 0.17238562083333334 0.49448529375000005 0.1609477125 0.49601715625000004 0.15318627499999998 0.49601715625000004 0.14746732083333333 0.48835784374999996 0.13112745 0.48866421562499995 0.12704248333333334 0.4911151953125 0.12173202708333333 0.48743872499999996 0.109477125 0.483149509375 0.1045751625 0.47120097968749997 0.096813725 0.46476715625000004 0.09558823541666667 0.45802696093749995 0.08537581666666667 0.45557597968749997 0.08374182916666667 0.4454656859375 0.08333333333333333 0.4427083328125 0.08210784375 0.4384191171875 0.07516339791666667 0.41819852968750004 0.060866012500000004 0.40870097968749997 0.05841503333333333 0.40318627500000004 0.05923202708333333 0.39399509843749997 0.06372548958333334 0.3897058828125 0.07066993541666666 0.3887867640625 0.07720588333333334 0.3915441171875 0.08823529375 0.38388480468749997 0.09109477083333334 0.375306371875 0.10171568541666667
0 0.771446078125 0 0.771446078125 0.0012254895833333332 0.7674632359375 0.004084966666666667 0.7665441171875 0.006535947916666667 0.7662377453125 0.015114379166666667 0.7680759796875 0.0249183 0.77267156875 0.025326797916666664 0.7778799015625 0.021241829166666667 0.782475490625 0.0204248375 0.784007353125 0.022467320833333335 0.78125 0.036356208333333334 0.782475490625 0.04575163333333333 0.7858455875 0.05024509791666667 0.7916666671875 0.052696079166666666 0.794117646875 0.05514705833333333 0.796875 0.05555555625 0.801164215625 0.05024509791666667 0.8072916671874999 0.047794116666666664 0.8103553921875 0.04820261458333333 0.8143382359375 0.051879085416666665 0.8204656859374999 0.051879085416666665 0.8244485296875 0.047794116666666664 0.826899509375 0.046977124999999995 0.8305759796875 0.0420751625 0.844975490625 0.04125817083333334 0.846507353125 0.039624183333333333 0.8474264703125 0.02736928125 0.846813725 0.011437908333333333 0.8455882359375 0.008578431249999999 0.8458946078125 0.004901960416666667 0.8431372546875 0.0032679729166666667 0.8412990203125 0 0.8103553921875 0 0.8100490203125 0.0016339875 0.8072916671874999 0.0028594770833333333 0.8030024515624999 0.0028594770833333333 0.8005514703125 0.0016339875 0.8002450984375 0 0.771446078125 0
0 0.06954656875000001 0 0.06770833281250001 0.004493464583333333 0.0762867640625 0.015114379166666667 0.0762867640625 0.016748366666666667 0.0790441171875 0.0204248375 0.085477940625 0.02573529375 0.086397059375 0.028594770833333335 0.085477940625 0.036356208333333334 0.086397059375 0.04493463958333333 0.09068627500000001 0.0547385625 0.094975490625 0.058006535416666664 0.10232843124999999 0.05841503333333333 0.10539215625000001 0.055964052083333334 0.109681371875 0.05514705833333333 0.11182597968750001 0.052696079166666666 0.11519607812499999 0.051879085416666665 0.12101715625000001 0.04738562083333333 0.1271446078125 0.04125817083333334 0.1295955875 0.03186274583333333 0.1354166671875 0.025326797916666664 0.136335784375 0.021241829166666667 0.1369485296875 0.008986927083333334 0.1360294125 0.004493464583333333 0.1329656859375 0.0012254895833333332 0.1329656859375 0 0.06954656875000001 0
0 0.028186275 0.384395425 0.030637254687499997 0.3917483666666667 0.034313725 0.3982843145833333 0.037071078125000004 0.40073529375 0.038296568749999996 0.40359477083333334 0.045649509375 0.40890522916666666 0.05208333281250001 0.40890522916666666 0.05698529375 0.4056372541666667 0.0719975484375 0.4076797395833333 0.07291666718749999 0.40400326875000003 0.0775122546875 0.3966503270833333 0.07965686250000001 0.3950163395833333 0.07965686250000001 0.39338235208333333 0.086397059375 0.38316993541666666 0.0873161765625 0.37908496666666663 0.08976715625000001 0.37581699375 0.08976715625000001 0.37173202708333336 0.092524509375 0.36887254999999997 0.0983455875 0.3672385625 0.0998774515625 0.3643790854166667 0.0998774515625 0.35539215625 0.09895833281250001 0.35130718958333335 0.09221813749999999 0.3325163395833333 0.0814950984375 0.3255718958333333 0.0719975484375 0.3247549020833333 0.0603553921875 0.33088235208333333 0.05851715625 0.33782679791666664 0.055147059374999995 0.3435457520833333 0.0502450984375 0.3431372541666667 0.0459558828125 0.3374183 0.0392156859375 0.3357843145833333 0.032475490625 0.34068627500000004 0.028186275 0.34640522916666666 0.023897059374999998 0.3549836604166667 0.023897059374999998 0.36070261458333336 0.028186275 0.3766339875 0.028186275 0.384395425
0 0.252757353125 0.134395425 0.2545955875 0.15808823541666667 0.2564338234375 0.16380718958333332 0.2594975484375 0.16789215625 0.2610294125 0.17320261458333333 0.2604166671875 0.17892156874999998 0.26194852968750004 0.18096405208333335 0.2647058828125 0.19117647083333333 0.268382353125 0.196895425 0.27267156875 0.19934640625 0.2748161765625 0.20220588333333334 0.2766544125 0.2124183 0.2791053921875 0.21936274583333332 0.281556371875 0.2214052291666667 0.28523284375 0.22099673125 0.2873774515625 0.21772875833333333 0.2873774515625 0.2079248375 0.2858455875 0.20057189583333335 0.2858455875 0.19117647083333333 0.284007353125 0.18218954166666668 0.2833946078125 0.16462418333333334 0.281556371875 0.1589052291666667 0.2806372546875 0.14338235208333333 0.27726715625 0.12663398750000002 0.2748161765625 0.12050653541666666 0.273897059375 0.11233660208333333 0.26960784375 0.09803921666666666 0.26807597968749997 0.09558823541666667 0.265318628125 0.08210784375 0.26194852968750004 0.07638888958333333 0.25857843125 0.07516339791666667 0.254289215625 0.08047385625 0.24785539218750002 0.09395424791666666 0.24785539218750002 0.10702614375 0.2493872546875 0.11233660208333333 0.250306371875 0.12622548958333332 0.252757353125 0.134395425
0 0.083946078125 0.16462418333333334 0.0873161765625 0.16993463958333335 0.0888480390625 0.17769607916666666 0.0919117640625 0.18300653541666667 0.10018382343750001 0.17524509791666668 0.10232843124999999 0.17524509791666668 0.10355392187500001 0.17320261458333333 0.106617646875 0.17238562083333334 0.11335784374999999 0.1670751625 0.11917892187500001 0.16421568541666665 0.121936275 0.15849673125 0.121936275 0.15441176458333333 0.1286764703125 0.14419934583333335 0.1311274515625 0.13684640625 0.129289215625 0.12990196041666666 0.12591911718749998 0.12704248333333334 0.125 0.12377451041666668 0.1127450984375 0.10539215625 0.1056985296875 0.10008170000000001 0.0916053921875 0.09803921666666666 0.0888480390625 0.10620915 0.0857843140625 0.109477125 0.073835784375 0.11192810416666667 0.0704656859375 0.11397058750000001 0.063725490625 0.12622548958333332 0.061887254687500004 0.13398692708333335 0.0603553921875 0.13521241875 0.0591299015625 0.14174836666666665 0.05698529375 0.1454248375 0.0560661765625 0.14869281041666668 0.05698529375 0.15236928125 0.07414215625000001 0.15645424791666668 0.083946078125 0.16462418333333334
0 0.5502450984375 0.5151143791666667 0.55698529375 0.528186275 0.5600490203125 0.5318627458333334 0.562806371875 0.54289215625 0.562806371875 0.5465686270833333 0.5643382359375 0.5494281041666667 0.56801470625 0.5526960791666667 0.5729166671875 0.5547385625000001 0.577818628125 0.5547385625000001 0.5802696078125 0.5502450979166666 0.5802696078125 0.54289215625 0.577818628125 0.5334967312500001 0.5719975484375001 0.5224673208333334 0.5686274515624999 0.5044934645833333 0.563725490625 0.49754901875 0.5618872546875 0.48815359375 0.5600490203125 0.48570261458333336 0.556678921875 0.48488562083333336 0.5551470593750001 0.4869281041666667 0.55698529375 0.5012254895833334 0.552696078125 0.5040849666666667 0.5502450984375 0.50857843125 0.5502450984375 0.5151143791666667
0 0.5557598046875001 0.2483660125 0.556678921875 0.25081699375 0.559436275 0.25367647083333333 0.562806371875 0.25449346458333333 0.5744485296875 0.25367647083333333 0.5756740203125 0.2565359479166667 0.5827205875 0.26388888958333334 0.5848651953124999 0.2675653604166667 0.58823529375 0.26960784375 0.5946691171875 0.2667483666666667 0.60079656875 0.25857843125 0.6017156859375 0.2549019604166667 0.6032475484375001 0.2532679729166667 0.6041666671875 0.24754901875 0.6099877453125 0.23978758125 0.6118259796875 0.23406862708333334 0.6118259796875 0.22712418333333334 0.6099877453125 0.21936274583333332 0.6075367640625 0.21486928125 0.6056985296875 0.2079248375 0.6026348046875001 0.20220588333333334 0.5998774515624999 0.20016339791666665 0.587928921875 0.20179738541666667 0.5796568625 0.20138888958333334 0.5719975484375001 0.203022875 0.563725490625 0.21037581666666666 0.5560661765625 0.22181372500000002 0.5551470593750001 0.22426470625 0.5551470593750001 0.23202614375000002 0.5560661765625 0.234477125 0.5557598046875001 0.2483660125
0 0.156556371875 0.1045751625 0.1623774515625 0.11315359374999999 0.17095588281250002 0.1499183 0.17432597968750002 0.15604575208333332 0.179227940625 0.15604575208333332 0.1920955875 0.15236928125 0.1954656859375 0.14746732083333333 0.1954656859375 0.14174836666666665 0.1939338234375 0.1327614375 0.1936274515625 0.11846405208333333 0.18933823593750002 0.10784313749999999 0.1911764703125 0.09272875833333334 0.188725490625 0.08619281041666667 0.1767769609375 0.06617647083333333 0.169117646875 0.05923202708333333 0.1608455875 0.05923202708333333 0.1583946078125 0.061274510416666664 0.1556372546875 0.06617647083333333 0.156556371875 0.08537581666666667 0.1541053921875 0.09150326874999999 0.1541053921875 0.0984477125 0.156556371875 0.1045751625
0 0.469056371875 0.40441176458333333 0.471507353125 0.40890522916666666 0.47732843125 0.41380718958333335 0.48743872499999996 0.4142156854166667 0.49172794062499997 0.41053921666666665 0.49754902031250003 0.40032679791666664 0.4984681375 0.3880718958333333 0.49509803906250005 0.37867647083333333 0.49142156875 0.37295751666666666 0.48743872499999996 0.37254901875 0.4834558828125 0.36887254999999997 0.4764093140625 0.36887254999999997 0.471507353125 0.37173202708333336 0.46568627500000004 0.3807189541666667 0.4641544125 0.3864379083333333 0.4641544125 0.3941993458333333 0.4681372546875 0.3999183 0.469056371875 0.40441176458333333
0 0.969975490625 0.14419934583333335 0.9748774515624999 0.14174836666666665 0.9776348046875001 0.13888888958333334 0.9797794124999999 0.13398692708333335 0.980085784375 0.12990196041666666 0.9859068625 0.12091503333333334 0.9868259796875 0.11601307291666667 0.98988970625 0.11151960833333334 0.9908088234375001 0.10784313749999999 0.9935661765624999 0.1045751625 0.9966299015625 0.09313725416666667 0.9975490203125 0.08578431458333333 0.9993872546875 0.08455882291666666 0.9993872546875 0.028186275 0.997242646875 0.028186275 0.99448529375 0.02614379166666667 0.9926470593750001 0.029411764583333333 0.9785539218749999 0.03717320208333333 0.9751838234375001 0.042483660416666666 0.9748774515624999 0.0453431375 0.971813725 0.05024509791666667 0.9696691171875 0.05718954166666667 0.9623161765624999 0.06740196041666667 0.9580269609375 0.10171568541666667 0.957414215625 0.12009803958333333 0.95710784375 0.134395425 0.9580269609375 0.14215686249999998 0.9604779406249999 0.14501633958333335 0.969975490625 0.14419934583333335
0 0.9935661765624999 0.0204248375 0.9932598046875001 0.022467320833333335 0.9947916671874999 0.0249183 0.9950980390625 0.020833333333333332 0.9935661765624999 0.0204248375
0 0.28125 0.27573529375 0.281556371875 0.28594771249999995 0.28799019531250003 0.2920751625 0.29350490156250003 0.29983660208333335 0.3017769609375 0.3010620916666667 0.3219975484375 0.3002450979166667 0.32567402031250003 0.2965686270833333 0.327818628125 0.2875817 0.33118872499999996 0.28349673124999997 0.3345588234375 0.28390522916666666 0.33700980468749997 0.28594771249999995 0.3446691171875 0.2977941166666667 0.35569852968750004 0.296977125 0.359068628125 0.29289215625 0.35569852968750004 0.28676470625 0.3575367640625 0.2810457520833333 0.356617646875 0.2732843145833333 0.3483455875 0.24673202708333333 0.3446691171875 0.24305555625 0.33823529375 0.24346405208333335 0.3342524515625 0.24591503333333334 0.3262867640625 0.24509803958333334 0.323835784375 0.2389705875 0.3219975484375 0.22998366041666665 0.31954656875 0.22753267916666667 0.31617647031249996 0.22671568541666665 0.3143382359375 0.22426470625 0.31556372499999996 0.22222222291666668 0.3177083328125 0.2214052291666667 0.3186274515625 0.21854575208333332 0.3186274515625 0.20833333333333334 0.3170955875 0.20220588333333334 0.3146446078125 0.19934640625 0.3103553921875 0.19934640625 0.30943627500000004 0.20138888958333334 0.30698529375 0.20220588333333334 0.305147059375 0.20506536041666665 0.301164215625 0.2079248375 0.294117646875 0.21650326875 0.2922794125 0.2234477125 0.2907475484375 0.2250817 0.2833946078125 0.22671568541666665 0.280024509375 0.22998366041666665 0.2797181375 0.2389705875 0.2821691171875 0.25 0.282475490625 0.25612745 0.28125 0.27573529375
0 0.7778799015625 0.29289215625 0.7797181375 0.2965686270833333 0.7791053921875 0.29289215625 0.7778799015625 0.29289215625
0 0.7181372546875 0.3439542479166667 0.719056371875 0.34844771249999995 0.721507353125 0.35130718958333335 0.7239583328125 0.35702614374999997 0.7447916671875 0.3574346395833333 0.7478553921875 0.359477125 0.7524509796875 0.35988562083333336 0.7576593140625 0.35661764791666667 0.7604166671875 0.3533496729166667 0.762867646875 0.3488562083333333 0.7647058828125 0.34191176458333333 0.7671568625 0.33823529375 0.768688725 0.3292483666666667 0.7680759796875 0.30923202708333336 0.7671568625 0.30555555624999997 0.7647058828125 0.30228758125 0.7604166671875 0.3002450979166667 0.7594975484375001 0.29738562083333336 0.7545955875 0.2957516333333333 0.7475490203125 0.28390522916666666 0.734068628125 0.28390522916666666 0.730085784375 0.2863562083333333 0.719056371875 0.3035130729166667 0.71875 0.30759803958333337 0.7166053921875 0.31372548958333335 0.7162990203125 0.32107843125 0.71476715625 0.3272058833333333 0.71476715625 0.3374183 0.7181372546875 0.3439542479166667
0 0.3219975484375 0.22181372500000002 0.3229166671875 0.23039215625 0.3290441171875 0.24264705833333336 0.3327205875 0.24387255 0.3455882359375 0.24101307291666665 0.35631127500000004 0.24305555625 0.3768382359375 0.25735294166666667 0.37898284375 0.2614379083333333 0.380821078125 0.2622549020833333 0.38388480468749997 0.26633986875 0.3897058828125 0.26960784375 0.39368872499999996 0.2691993458333333 0.406556371875 0.25816993541666666 0.409007353125 0.25285947708333334 0.40992647031249996 0.24673202708333333 0.41574754843750006 0.23733660208333335 0.416053921875 0.23406862708333334 0.41482843125 0.22875817083333333 0.40931372499999996 0.2173202604166667 0.40625 0.19975490208333332 0.40318627500000004 0.19240196041666666 0.40318627500000004 0.17728758125 0.398897059375 0.16789215625 0.39736519531250003 0.16135620833333333 0.39368872499999996 0.15972222291666668 0.3857230390625 0.16135620833333333 0.37867647031249996 0.1609477125 0.376225490625 0.15808823541666667 0.376225490625 0.14501633958333335 0.3728553921875 0.14460784375 0.37254902031250003 0.14705882291666666 0.36948529375 0.1499183 0.3673406859375 0.14787581666666666 0.365196078125 0.14828431458333335 0.3642769609375 0.1499183 0.36488970625 0.15400326875 0.36243872499999996 0.15522875833333333 0.3584558828125 0.15196078333333332 0.3547794125 0.1360294125 0.35232843125 0.13112745 0.3498774515625 0.12949346458333333 0.3455882359375 0.12949346458333333 0.34129902031250003 0.13153594791666667 0.32444852968750004 0.14297385624999998 0.31954656875 0.1515522875 0.31617647031249996 0.1609477125 0.31556372499999996 0.19076797291666667 0.31954656875 0.20261437916666666 0.31954656875 0.21527777708333332 0.3219975484375 0.22181372500000002
0 0.3704044125 0.12663398750000002 0.3728553921875 0.12826797291666667 0.3728553921875 0.11968954166666666 0.36611519531250003 0.12132352916666668 0.365196078125 0.12173202708333333 0.365196078125 0.1233660125 0.3688725484375 0.1233660125 0.3704044125 0.12663398750000002
0 0.366727940625 0.11519607916666666 0.36243872499999996 0.11519607916666666 0.36182597968749997 0.11805555625 0.36274509843749997 0.12091503333333334 0.367647059375 0.11642156875000001 0.366727940625 0.11519607916666666
0 0.177696078125 0.19362745 0.1825980390625 0.19934640625 0.18351715625 0.20383986875 0.1853553921875 0.20506536041666665 0.195772059375 0.20547385624999998 0.20526960781249998 0.21078431458333335 0.21966911718749998 0.2214052291666667 0.223039215625 0.2214052291666667 0.2251838234375 0.21936274583333332 0.2282475484375 0.21282679791666667 0.2325367640625 0.1956699354166667 0.23835784375000002 0.18627451041666668 0.23835784375000002 0.18341503333333334 0.2279411765625 0.16462418333333334 0.21783088281250002 0.15645424791666668 0.206188725 0.15073529375 0.20098039218750002 0.1499183 0.1954656859375 0.15073529375 0.18443627499999998 0.15522875833333333 0.1752450984375 0.15604575208333332 0.17432597968750002 0.15808823541666667 0.17340686249999998 0.16666666666666666 0.1767769609375 0.17687908541666666 0.1767769609375 0.19035947708333334 0.177696078125 0.19362745
0 0.027879901562499997 0.196895425 0.023897059374999998 0.20874182916666667 0.0232843140625 0.21650326875 0.0248161765625 0.23161764791666667 0.028186275 0.24346405208333335 0.035539215624999995 0.2549019604166667 0.039828431250000004 0.26470588333333334 0.042585784375000005 0.26633986875 0.0588235296875 0.2675653604166667 0.0609681375 0.26960784375 0.0649509796875 0.2708333333333333 0.0686274515625 0.27573529375 0.06954656875000001 0.28390522916666666 0.073835784375 0.2965686270833333 0.07965686250000001 0.30514705833333333 0.08210784374999999 0.3067810458333333 0.0958946078125 0.3300653604166667 0.10232843124999999 0.3300653604166667 0.1084558828125 0.32271241875 0.11917892187500001 0.3141339875 0.1326593140625 0.29738562083333336 0.1344975484375 0.28308823541666667 0.1357230390625 0.2802287583333333 0.140625 0.27655228750000005 0.1473651953125 0.27573529375 0.15073529375 0.27205882291666666 0.1513480390625 0.25 0.150428921875 0.240604575 0.1528799015625 0.23325163333333335 0.150428921875 0.22385620833333333 0.150428921875 0.2160947708333333 0.15471813750000002 0.20833333333333334 0.156556371875 0.19730392083333334 0.159007353125 0.19117647083333333 0.159007353125 0.18218954166666668 0.15808823593750002 0.17851307291666665 0.1513480390625 0.17075163333333335 0.147977940625 0.16952614375000002 0.136335784375 0.16911764791666667 0.1299019609375 0.1670751625 0.11488970624999999 0.16748366041666665 0.1014093140625 0.17728758125 0.098039215625 0.17851307291666665 0.0955882359375 0.18382352916666667 0.09375 0.18545751666666668 0.094975490625 0.1891339875 0.094056371875 0.19199346458333333 0.0955882359375 0.19403594791666665 0.0955882359375 0.19730392083333334 0.0916053921875 0.20220588333333334 0.08976715625000001 0.20179738541666667 0.08823529375 0.19934640625 0.08976715625000001 0.1956699354166667 0.087928921875 0.19076797291666667 0.087928921875 0.178104575 0.0848651953125 0.16952614375000002 0.0814950984375 0.16503267916666667 0.0790441171875 0.16421568541666665 0.07414215625000001 0.15931372500000002 0.06770833281250001 0.15686274583333332 0.0493259796875 0.15686274583333332 0.037377451562500004 0.16421568541666665 0.030024509375 0.17075163333333335 0.023897059374999998 0.17892156874999998 0.022977940625000002 0.18259803958333334 0.0248161765625 0.18872548958333332 0.02726715625 0.19158496666666666 0.027879901562499997 0.196895425
0 0.7576593140625 0.22753267916666667 0.7604166671875 0.23651960833333333 0.7631740203125 0.24142156874999998 0.7705269609375 0.25040849583333336 0.7729779406249999 0.2516339875 0.7830882359375 0.25081699375 0.78982843125 0.24591503333333334 0.794117646875 0.240604575 0.799632353125 0.23856209166666667 0.8042279406249999 0.24387255 0.8060661765624999 0.25612745 0.809436275 0.25857843125 0.8140318625 0.2589869270833333 0.8287377453125 0.24673202708333333 0.8314950984375 0.24591503333333334 0.8367034312499999 0.23366013125 0.840686275 0.2295751625 0.8514093140625001 0.22589869375 0.856311275 0.22630718958333332 0.863664215625 0.22385620833333333 0.8651960781250001 0.22058823541666667 0.8651960781250001 0.2140522875 0.8667279406249999 0.2079248375 0.8661151953124999 0.19158496666666666 0.8676470593750001 0.18668300625 0.8700980390625 0.16299019583333332 0.87101715625 0.1609477125 0.8700980390625 0.15563725416666668 0.8599877453125 0.14011437916666666 0.8584558828125 0.134395425 0.858149509375 0.12949346458333333 0.8599877453125 0.125 0.8602941171875 0.12091503333333334 0.859375 0.10988562083333334 0.8575367640625 0.1045751625 0.8526348046875001 0.09885620833333333 0.8455882359375 0.09436274583333333 0.8348651953124999 0.09395424791666666 0.8189338234375001 0.10212418333333333 0.8042279406249999 0.12050653541666666 0.80085784375 0.12091503333333334 0.796568628125 0.1233660125 0.7892156859375 0.13112745 0.7797181375 0.13153594791666667 0.7766544125 0.13357843125000002 0.7689950984375 0.14174836666666665 0.7631740203125 0.15073529375 0.761335784375 0.1609477125 0.7561274515624999 0.16789215625 0.7561274515624999 0.17238562083333334 0.7536764703125 0.1797385625 0.7521446078125 0.1891339875 0.751225490625 0.20057189583333335 0.752757353125 0.2160947708333333 0.7545955875 0.22303921666666668 0.7576593140625 0.22753267916666667
0 0.6243872546875 0.3897058833333333 0.6397058828125 0.3872549020833333 0.6455269609375 0.384395425 0.6571691171875 0.3860294125 0.6623774515624999 0.3839869270833333 0.671875 0.375 0.6752450984375 0.3696895416666666 0.67585784375 0.3590686270833333 0.6734068625 0.3525326791666667 0.6734068625 0.34558823541666667 0.6703431375 0.3427287583333333 0.66482843125 0.33088235208333333 0.6623774515624999 0.33088235208333333 0.657475490625 0.3325163395833333 0.65625 0.3349673208333333 0.65226715625 0.33619281041666665 0.6498161765625 0.33905228750000005 0.6467524515624999 0.34599673124999997 0.6369485296875 0.3517156854166667 0.6283700984375 0.3619281041666667 0.61948529375 0.3619281041666667 0.6142769609375 0.365604575 0.61335784375 0.36887254999999997 0.61335784375 0.38684640625 0.6167279406249999 0.3888888895833333 0.6243872546875 0.3897058833333333
0 0.9237132359375 0.2516339875 0.9267769609375 0.26184640625 0.93351715625 0.2708333333333333 0.934436275 0.27532679791666664 0.9375 0.27941176458333333 0.9384191171875 0.28349673124999997 0.9454656859374999 0.29411764791666667 0.952818628125 0.29370915 0.9595588234375001 0.2900326791666667 0.9641544124999999 0.2900326791666667 0.969056371875 0.2920751625 0.971507353125 0.29534313749999996 0.9733455875000001 0.30514705833333333 0.9748774515624999 0.30759803958333337 0.9751838234375001 0.31740196041666663 0.9739583328125001 0.32107843125 0.9773284312499999 0.3235294125 0.984068628125 0.3214869270833333 0.9859068625 0.31740196041666663 0.9901960781250001 0.3125 0.9950980390625 0.296977125 0.99601715625 0.2818627458333333 0.9981617640625 0.27777777708333334 0.9993872546875 0.27777777708333334 0.9993872546875 0.26388888958333334 0.987438725 0.2565359479166667 0.967524509375 0.25285947708333334 0.9641544124999999 0.25040849583333336 0.9598651953124999 0.24264705833333336 0.9564950984375 0.24101307291666665 0.953431371875 0.24305555625 0.9451593140625001 0.24305555625 0.938725490625 0.24877451041666668 0.9301470593750001 0.24387255 0.9264705875000001 0.24305555625 0.924632353125 0.240604575 0.9172794124999999 0.24019607916666666 0.9166666671874999 0.24142156874999998 0.9160539218749999 0.240604575 0.9172794124999999 0.24754901875 0.9237132359375 0.2516339875
0 0.766850490625 0.49591503333333337 0.7748161765625 0.4901960791666667 0.775428921875 0.4877450979166667 0.771446078125 0.48039215625 0.7763480390625 0.4738562083333333 0.7763480390625 0.46568627500000004 0.7745098046875001 0.45955882291666666 0.77113970625 0.45547385625000003 0.7662377453125 0.45383986875000004 0.7604166671875 0.4550653604166667 0.75857843125 0.45710784375 0.7552083328125 0.45547385625000003 0.751225490625 0.4583333333333333 0.746936275 0.4693627458333333 0.7466299015625 0.47712418333333334 0.7475490203125 0.484477125 0.75704656875 0.49550653541666667 0.766850490625 0.49591503333333337
0 0.46476715625000004 0.359477125 0.47242647031249996 0.3672385625 0.484068628125 0.3672385625 0.4889705875 0.36315359375 0.49264705937500003 0.35784313749999996 0.4932598046875 0.35539215625 0.4911151953125 0.34681372499999996 0.4849877453125 0.3357843145833333 0.47365196093749995 0.32965686250000004 0.4666053921875 0.32965686250000004 0.4598651953125 0.33537581666666666 0.458946078125 0.33823529375 0.458946078125 0.34640522916666666 0.46047794062499997 0.35130718958333335 0.46476715625000004 0.359477125
0 0.6767769609375 0.4681372541666667 0.6767769609375 0.4750817 0.6786151953124999 0.47875817083333333 0.6899509796875 0.4824346395833333 0.69607843125 0.48978758125 0.6994485296875 0.4901960791666667 0.7040441171875 0.4877450979166667 0.7138480390625 0.4791666666666667 0.7181372546875 0.47099673124999997 0.7166053921875 0.45588235208333333 0.7113970593750001 0.45098039166666665 0.70710784375 0.44199346458333333 0.6966911765625 0.43382352916666667 0.6939338234375 0.43423202708333336 0.690563725 0.43709150416666664 0.6829044125 0.4505718958333333 0.6825980390625 0.45383986875000004 0.6810661765625 0.45588235208333333 0.6801470593750001 0.4607843145833333 0.6767769609375 0.4681372541666667
0 0.532475490625 0.32107843125 0.53982843125 0.33210784375 0.5459558828125 0.33700980416666665 0.5502450984375 0.33782679791666664 0.5533088234375 0.3357843145833333 0.5615808828125 0.3349673208333333 0.5686274515624999 0.32761437916666664 0.57107843125 0.3263888895833333 0.5729166671875 0.321895425 0.5729166671875 0.3125 0.5713848046875001 0.30882352916666667 0.5686274515624999 0.3071895416666666 0.5674019609375 0.30228758125 0.5640318625 0.30514705833333333 0.5603553921875 0.30514705833333333 0.5572916671875 0.30065359375 0.5557598046875001 0.3026960791666667 0.5536151953124999 0.303104575 0.546875 0.2977941166666667 0.5431985296875 0.29820261458333336 0.535539215625 0.3018790854166667 0.5223651953124999 0.3010620916666667 0.52113970625 0.3026960791666667 0.5223651953124999 0.3071895416666666 0.5321691171875 0.3190359479166667 0.532475490625 0.32107843125
0 0.6185661765625 0.29370915 0.6200980390625 0.29411764791666667 0.61948529375 0.29125817083333333 0.61642156875 0.28880718958333335 0.6161151953124999 0.28594771249999995 0.615196078125 0.2863562083333333 0.6161151953124999 0.28839869375 0.615196078125 0.28962418333333334 0.6185661765625 0.29370915
0 0.4825367640625 0.3263888895833333 0.4825367640625 0.33047385625000003 0.48988970624999995 0.34191176458333333 0.4935661765625 0.3541666666666667 0.5021446078125 0.3672385625 0.5052083328125 0.37009803958333337 0.518382353125 0.37091503333333337 0.521446078125 0.3733660125 0.5287990203125 0.37377451041666665 0.534007353125 0.37622548958333335 0.5477941171875 0.37622548958333335 0.5502450984375 0.37091503333333337 0.5502450984375 0.35988562083333336 0.5484068625 0.35539215625 0.5431985296875 0.34722222291666666 0.5358455875 0.33946078333333335 0.5330882359375 0.33374182916666667 0.5306372546875 0.3316993458333333 0.5165441171875 0.31004901875 0.51164215625 0.3047385625 0.49509803906250005 0.27532679791666664 0.49142156875 0.27287581666666666 0.4859068625 0.27369281041666665 0.48069852968750004 0.27818627500000004 0.4767156859375 0.28390522916666666 0.4739583328125 0.2924836604166667 0.4733455875 0.3010620916666667 0.47487745156249994 0.3108660125 0.4797794125 0.31740196041666663 0.4825367640625 0.3263888895833333
0 0.5830269609375 0.2724673208333333 0.5863970593750001 0.2724673208333333 0.5848651953124999 0.27205882291666666 0.5830269609375 0.2724673208333333
0 0.0248161765625 0 0.0245098046875 0.0016339875 0.0189950984375 0.004493464583333333 0.020526960937499998 0.013888889583333335 0.019914215625000002 0.022058822916666665 0.0189950984375 0.024509804166666666 0.0162377453125 0.02614379166666667 0.015318628125 0.028186275 0.013786764062500002 0.025326797916666664 0.012867646875 0.019607843750000003 0.0122549015625 0.004493464583333333 0.004289215625 0.004493464583333333 0.00704656875 0.0077614375 0.0079656859375 0.011437908333333333 0.0033700984375 0.013888889583333335 0 0.013888889583333335 0 0.016748366666666667 0.001225490625 0.016748366666666667 0.002757353125 0.0204248375 0.0064338234375 0.022058822916666665 0.0018382359375 0.027777777083333333 0 0.027777777083333333 0 0.061274510416666664 0.005821078125 0.06331699375000001 0.00857843125 0.06699346458333334 0.0094975484375 0.06985294166666667 0.00857843125 0.07107843124999999 0.01164215625 0.06944444375 0.0122549015625 0.07148692708333333 0.011335784375000001 0.07516339791666667 0.0189950984375 0.08496732083333333 0.0171568625 0.08700980416666666 0.0171568625 0.0890522875 0.018688725 0.09150326874999999 0.015318628125 0.09885620833333333 0.015318628125 0.10212418333333333 0.012689603125 0.10161121458333335 0.0122549015625 0.10334967291666668 0.0107230390625 0.10375817083333333 0.0094975484375 0.10130718958333333 0.0045955875 0.10212418333333333 0.0067401953125 0.10334967291666668 0.0079656859375 0.10620915 0.0094975484375 0.10620915 0.009803921875 0.109477125 0.010416667187500001 0.10988562083333334 0.0122549015625 0.10702614375 0.012867646875 0.10988562083333334 0.014399509375 0.10906862708333334 0.014705882812500001 0.10743463958333334 0.0189950984375 0.10539215625 0.02113970625 0.10171568541666667 0.022977940625000002 0.10171568541666667 0.023897059374999998 0.11192810416666667 0.021446078125 0.12295751666666667 0.021446078125 0.12990196041666666 0.02573529375 0.14419934583333335 0.0318627453125 0.14583333333333334 0.0392156859375 0.15073529375 0.0502450984375 0.1499183 0.055147059374999995 0.14501633958333335 0.0643382359375 0.12132352916666668 0.06954656875000001 0.11233660208333333 0.07107843124999999 0.10212418333333333 0.07414215625000001 0.09436274583333333 0.0772058828125 0.09109477083333334 0.0888480390625 0.08741829999999999 0.0912990203125 0.08455882291666666 0.09068627500000001 0.06740196041666667 0.0888480390625 0.06168300625 0.085477940625 0.05718954166666667 0.08363970625 0.05106209166666666 0.079350490625 0.04493463958333333 0.07659313749999999 0.04330065416666666 0.07291666718749999 0.0359477125 0.06801470625 0.012254902083333333 0.0615808828125 0.004084966666666667 0.052696078125000004 0.0016339875 0.05238970625 0 0.0248161765625 0
0 0.5358455875 0 0.535539215625 0.0016339875 0.531556371875 0.004084966666666667 0.531556371875 0.008169935416666666 0.5294117640625 0.015114379166666667 0.5189950984375 0.01184640625 0.515318628125 0.012663397916666668 0.5122549015625 0.015114379166666667 0.509803921875 0.018382352083333334 0.5076593140625 0.028594770833333335 0.5079656859375 0.036764706249999994 0.5094975484375001 0.039624183333333333 0.5104166671875 0.046977124999999995 0.514399509375 0.053104575 0.514399509375 0.05514705833333333 0.5119485296875 0.06617647083333333 0.5119485296875 0.07107843124999999 0.5094975484375001 0.07924836666666667 0.5061274515624999 0.08578431458333333 0.5036764703125 0.09599673125000001 0.5045955875 0.1233660125 0.5064338234375 0.14011437916666666 0.511335784375 0.14787581666666666 0.515931371875 0.14828431458333335 0.5189950984375 0.15073529375 0.5208333328125 0.15073529375 0.5291053921875 0.15808823541666667 0.5364583328125 0.15808823541666667 0.546568628125 0.15604575208333332 0.558210784375 0.16135620833333333 0.563725490625 0.1670751625 0.5670955875 0.16870915 0.573835784375 0.16870915 0.5787377453125 0.16135620833333333 0.5814950984375 0.15196078333333332 0.5854779406249999 0.14419934583333335 0.5873161765625 0.13684640625 0.5873161765625 0.12663398750000002 0.5922181375 0.11437908541666666 0.594056371875 0.10620915 0.5983455875 0.09926470625 0.603553921875 0.09885620833333333 0.60232843125 0.09477124166666666 0.6029411765625 0.0890522875 0.609068628125 0.08496732083333333 0.6127450984375 0.07965686250000001 0.6142769609375 0.07475490208333334 0.6127450984375 0.058006535416666664 0.61335784375 0.046568627083333335 0.612438725 0.04411764791666666 0.6099877453125 0.042483660416666666 0.6102941171875 0.039624183333333333 0.6142769609375 0.03390522916666667 0.6142769609375 0.023692810416666665 0.6109068625 0.015931372916666665 0.609375 0.0036764708333333336 0.6069240203125 0.0016339875 0.606617646875 0 0.5358455875 0
0 0.615196078125 0.19485294166666664 0.6127450984375 0.21364379166666667 0.6161151953124999 0.22099673125 0.62101715625 0.22385620833333333 0.637561275 0.22753267916666667 0.646446078125 0.23488562083333334 0.65073529375 0.23692810416666665 0.6537990203125 0.23325163333333335 0.6623774515624999 0.22875817083333333 0.669117646875 0.2214052291666667 0.6724877453125 0.21568627499999998 0.67738970625 0.2124183 0.6825980390625 0.20506536041666665 0.68351715625 0.19240196041666666 0.6755514703125 0.1793300645833333 0.6709558828125 0.17483660208333335 0.6642156859375 0.15972222291666668 0.6642156859375 0.15073529375 0.6709558828125 0.13725490208333332 0.6752450984375 0.13357843125000002 0.6743259796875 0.12908496666666666 0.67738970625 0.12622548958333332 0.6786151953124999 0.11478758125 0.6786151953124999 0.10906862708333334 0.677696078125 0.10825163333333333 0.6712622546875 0.10702614375 0.6700367640625 0.10539215625 0.6639093140625 0.10375817083333333 0.6544117640625 0.09640522916666666 0.65226715625 0.09599673125000001 0.6513480390625 0.09395424791666666 0.6488970593750001 0.09313725416666667 0.6470588234375 0.090686275 0.6421568625 0.090686275 0.63664215625 0.09926470625 0.6302083328125 0.10498366041666667 0.6259191171875 0.11151960833333334 0.6200980390625 0.11356209166666667 0.6142769609375 0.11968954166666666 0.6084558828125 0.13235294166666667 0.605085784375 0.14746732083333333 0.6041666671875 0.16503267916666667 0.606617646875 0.17034313750000002 0.6084558828125 0.1797385625 0.615196078125 0.19485294166666664
0 0.2282475484375 0.5522875812500001 0.23100490156250003 0.5490196083333333 0.233149509375 0.5424836604166666 0.2325367640625 0.5343137250000001 0.23161764687500003 0.5334967312500001 0.22916666718749998 0.5224673208333334 0.230085784375 0.51797385625 0.233149509375 0.51184640625 0.2325367640625 0.5065359479166667 0.23069852968750001 0.5040849666666667 0.22732843125 0.5036764708333333 0.21721813750000002 0.5073529416666667 0.2123161765625 0.5126633979166667 0.2107843140625 0.51797385625 0.210477940625 0.5261437916666667 0.21476715624999998 0.5416666666666666 0.22334558750000003 0.5526960791666667 0.2282475484375 0.5522875812500001
0 0.6841299015625 0.25122548958333335 0.6875 0.25735294166666667 0.6859681375 0.2761437916666667 0.687806371875 0.27900326875000003 0.693321078125 0.27941176458333333 0.7037377453125 0.27573529375 0.7113970593750001 0.2700163395833333 0.7172181375 0.2610294125 0.7205882359375 0.24305555625 0.7205882359375 0.23039215625 0.7172181375 0.22589869375 0.7153799015625 0.2250817 0.7123161765625 0.2250817 0.706188725 0.2295751625 0.703431371875 0.22712418333333334 0.7037377453125 0.22426470625 0.70710784375 0.21813725416666668 0.707414215625 0.20874182916666667 0.706188725 0.20547385624999998 0.701899509375 0.203022875 0.688725490625 0.21037581666666666 0.6850490203125 0.21364379166666667 0.67738970625 0.2250817 0.67585784375 0.2295751625 0.674938725 0.23774509791666668 0.6767769609375 0.24509803958333334 0.6792279406249999 0.2483660125 0.6841299015625 0.25122548958333335
0 0.3998161765625 0 0.398897059375 0.0020424833333333335 0.3982843140625 0.004493464583333333 0.3998161765625 0.008578431249999999 0.4056372546875 0.018382352083333334 0.406556371875 0.022875816666666667 0.41176470624999995 0.030228758333333335 0.41881127500000004 0.03063725416666667 0.43198529375000005 0.022875816666666667 0.43351715625000004 0.0204248375 0.438725490625 0.020016339583333334 0.44454656875 0.028186275 0.44699754843750006 0.033496731249999995 0.4479166671875 0.03921568541666667 0.450367646875 0.042483660416666666 0.45067402031250003 0.04452614375 0.4620098046875 0.05841503333333333 0.4666053921875 0.061274510416666664 0.471507353125 0.06168300625 0.47487745156249994 0.060866012500000004 0.4764093140625 0.05759803958333333 0.4791666671875 0.03921568541666667 0.4751838234375 0.029411764583333333 0.47487745156249994 0.012254902083333333 0.4767156859375 0.004084966666666667 0.47426470624999995 0 0.3998161765625 0
0 0.6161151953124999 0 0.6155024515624999 0.00245098125 0.613664215625 0.004084966666666667 0.6127450984375 0.006535947916666667 0.6127450984375 0.013071895833333335 0.615196078125 0.023284314583333333 0.615196078125 0.03063725416666667 0.613664215625 0.036356208333333334 0.6170343140625 0.04289215625 0.6167279406249999 0.05065359375 0.615196078125 0.053104575 0.615196078125 0.07107843124999999 0.6142769609375 0.07434640625000001 0.6167279406249999 0.07761437916666666 0.6234681375 0.08169934583333333 0.6274509796875 0.08251633958333333 0.63204656875 0.08537581666666667 0.637867646875 0.08537581666666667 0.6473651953124999 0.07352941249999999 0.655943628125 0.06862744999999999 0.6583946078125 0.06495098125 0.6623774515624999 0.05841503333333333 0.667585784375 0.04575163333333333 0.669117646875 0.04452614375 0.671875 0.03472222291666667 0.6743259796875 0.029411764583333333 0.677696078125 0.025326797916666664 0.6801470593750001 0.018382352083333334 0.684436275 0.0110294125 0.6927083328125 0.0036764708333333336 0.6936274515624999 0 0.6541053921875 0 0.653492646875 0.0016339875 0.6513480390625 0.0020424833333333335 0.6488970593750001 0.0016339875 0.6482843140625 0 0.6161151953124999 0
0 0.2411151953125 0.6017156854166666 0.2450980390625 0.60702614375 0.2493872546875 0.6098856208333333 0.262867646875 0.6107026145833333 0.26960784375 0.6098856208333333 0.271446078125 0.60702614375 0.27450980468749997 0.60620915 0.2830882359375 0.60620915 0.285539215625 0.5988562083333334 0.280943628125 0.5947712416666667 0.2791053921875 0.5910947708333333 0.273897059375 0.58660130625 0.2720588234375 0.5833333333333334 0.269914215625 0.5825163395833334 0.26899509843749997 0.5800653604166667 0.265318628125 0.5792483666666667 0.26194852968750004 0.5767973854166667 0.25704656875 0.5706699354166667 0.25704656875 0.5690359479166667 0.2509191171875 0.5620915041666666 0.24785539218750002 0.5563725500000001 0.24662990156250003 0.5575980395833333 0.24019607812500002 0.5584150333333333 0.23529411718749998 0.56168300625 0.2267156859375 0.5710784312499999 0.2267156859375 0.5751633979166667 0.23590686249999998 0.5857843145833334 0.2411151953125 0.6017156854166666
0 0.23835784375000002 0.5375817 0.237438725 0.5359477125000001 0.237438725 0.5388071895833334 0.241727940625 0.5363562083333334 0.23943014687500003 0.5359477125000001 0.23835784375000002 0.5375817