0 0.531485096875 0.46780151875 0.523018915625 0.47126265208333334 0.5200920015625 0.47623645 0.5201802265625 0.48318824374999997 0.5133223140625 0.4865112541666667 0.5095393203125 0.49048153125000005 0.5088312453125 0.4950990708333334 0.5118307203125 0.5018836895833333 0.512715246875 0.5111697354166667 0.51204489375 0.5127186 0.5140089515625 0.5224918791666666 0.512614859375 0.5334649104166667 0.5143490749999999 0.5372099041666666 0.526560528125 0.5328471729166666 0.5330092609375 0.5274880645833333 0.533821228125 0.5250156916666666 0.535876396875 0.5238449937499999 0.5394138828124999 0.51865305625 0.542624028125 0.5118322395833333 0.543593275 0.5036297354166667 0.5402914 0.4790584125 0.5365995171875 0.47208471041666666 0.531485096875 0.46780151875
0 0.6769137062499999 0.134766525 0.679963065625 0.10923549791666667 0.67750799375 0.09701889791666667 0.674023896875 0.09433553333333333 0.6642483453125 0.09128114583333334 0.6580857250000001 0.07689746666666666 0.652175003125 0.07028002291666667 0.64431300625 0.06697844583333333 0.63354615 0.07038861666666667 0.6314532578125001 0.07462799166666666 0.627566371875 0.0764531 0.6247810734375 0.08050338958333333 0.622829796875 0.08381925625 0.6222633375 0.08751328958333333 0.6174478125 0.07657645625 0.612028103125 0.07240233125 0.6078138734375 0.07259856041666667 0.5975444234375 0.08499662291666667 0.5972455265625001 0.0916502625 0.6017842124999999 0.11097868541666665 0.6121140640625 0.13958601041666666 0.6172725984375 0.1473451 0.6196615000000001 0.15434785416666666 0.6209865375 0.15605675 0.6286628078125001 0.15680593958333333 0.63206506875 0.15908208333333332 0.6347656484375 0.17252034375 0.6375793937500001 0.17675257291666666 0.6465586453125 0.17747271041666668 0.6548896015625 0.18147965833333332 0.6674881734375 0.17741507916666668 0.6730744390625001 0.16450787291666666 0.67738905625 0.14201646875 0.6769137062499999 0.134766525
0 0.5056507328125 0 0.5062747453124999 0.003688839583333333 0.5048144828125001 0.009448027083333333 0.5049624875000001 0.015069091666666668 0.50157300625 0.02588209375 0.501994965625 0.04100733958333334 0.5038394640625 0.05344207708333334 0.5099359140625 0.06261190625 0.526868275 0.05568964375 0.535922971875 0.050272427083333335 0.5395202375 0.0437497625 0.5347766515625 0.0022352333333333337 0.534419475 0 0.5056507328125 0
0 0 0.42599215208333335 0.0013064890625 0.42982195624999997 0.0024585781250000003 0.44206760833333336 0.001914175 0.44749959166666664 0.005187603125000001 0.46378838958333335 0.007658340625 0.4711983666666667 0.012735040625 0.47855023333333335 0.0180729125 0.48231713958333333 0.02472943125 0.4812483645833333 0.032144528125 0.4855825166666667 0.0343633671875 0.48522626041666667 0.0361573625 0.48764052708333333 0.042999609375 0.4891241416666666 0.04652143125 0.48873883125 0.058786271875 0.47650079791666666 0.0595164015625 0.47362120416666664 0.05552211875 0.4488608 0.0502660828125 0.44550111666666664 0.0428132640625 0.4442356375 0.037557226562500004 0.4408759541666667 0.0362919671875 0.43783633125 0.03382123125 0.43042635625 0.029650495312500004 0.3917623645833333 0.0276707734375 0.3867957104166667 0.0248790828125 0.38430142916666665 0.0190565875 0.3846357770833333 0 0.39279065208333336 0 0.42599215208333335
0 0 0.37918727916666667 0.0006668484375 0.37942145625 0.006719185937499999 0.3851153916666667 0.01404605625 0.38249775416666665 0.0143734 0.3841266354166667 0.014187671874999998 0.38157424375000004 0.0170548078125 0.37793117291666667 0.021394984375000002 0.3816180645833333 0.019059471875 0.36674000625 0.017652599999999997 0.36462389166666664 0.0116066515625 0.3654745291666667 0 0.3705935479166667 0 0.37918727916666667
0 0.162271721875 0.20340572916666666 0.1638799890625 0.20326760833333332 0.1630239078125 0.20226408541666666 0.162271721875 0.20340572916666666
0 0.15654899375 0.1391087875 0.15823909687499998 0.13937788541666668 0.157055675 0.13674548333333333 0.15654899375 0.1391087875
0 0.1294958046875 0.20638629375 0.147485640625 0.19821331875 0.15271323125 0.19329048125 0.1553946375 0.18709502083333335 0.154793340625 0.17596195833333333 0.1523667171875 0.17202788125000001 0.150097371875 0.16236366875 0.148608665625 0.15984033333333333 0.14884778125 0.15451742083333334 0.14770208125 0.14881634166666666 0.1483503765625 0.14552952708333333 0.149571521875 0.14509325416666666 0.1480009765625 0.1421627 0.14934168125 0.13906497083333333 0.148359653125 0.13417833124999998 0.145039225 0.13230940416666667 0.14198636250000002 0.13340008750000001 0.140497653125 0.13087675208333333 0.127499178125 0.12155403333333334 0.11782751875 0.12064481666666667 0.1164534796875 0.11938988333333334 0.105288725 0.12337866666666668 0.1017732921875 0.13030855 0.09833042187499999 0.14899685208333333 0.1002503671875 0.15529423750000002 0.10962313125 0.16285709583333335 0.1141995390625 0.17911684375 0.1178095875 0.18568332499999998 0.11991525781250001 0.1945330958333333 0.12189498125 0.19949975208333331 0.1260337640625 0.20544087916666667 0.1294958046875 0.20638629375
0 0.5541713046875001 0.2859866020833334 0.5540738046875 0.29038600625 0.5522862 0.2945163125 0.552516040625 0.30054459791666666 0.5557232984375 0.3116195520833333 0.56679255625 0.3259960833333333 0.57824254375 0.3341261958333333 0.59473439375 0.33478108125 0.5965219984375 0.33065077499999995 0.5967831718750001 0.32706581041666666 0.5928771140625 0.30925719791666667 0.5896983031249999 0.3064647666666667 0.589289125 0.3044286645833333 0.5779743609375 0.2888304729166667 0.5735146234374999 0.28780503958333337 0.5669335515625 0.2827364625 0.5650577203125 0.27991497499999995 0.560352478125 0.27766788333333337 0.5541713046875001 0.2859866020833334
0 0.0950825578125 0.15888634583333333 0.098761659375 0.15277090000000002 0.098792990625 0.14315765208333334 0.103217890625 0.12935598958333333 0.10331539062499999 0.12495658541666667 0.10315171875 0.12414214583333334 0.037393053125 0.14763545416666668 0.036256300000000005 0.15109677500000002 0.0390700453125 0.15532900625 0.0484961984375 0.15501656666666666 0.052427196875000005 0.15666735416666666 0.056074967187500005 0.16016516041666667 0.06637925624999999 0.1625941916666667 0.07863481875 0.16170735625 0.0827892703125 0.16284185625 0.08966923906249999 0.16125679583333333 0.0950825578125 0.15888634583333333
0 0.55049880625 0.5282229645833333 0.54431124375 0.5299971104166666 0.52590295625 0.5474851854166667 0.5186138078125 0.5470341479166667 0.514726921875 0.54885925625 0.5129834296875 0.5564654583333334 0.5133612750000001 0.56811480625 0.51198285 0.5742812145833334 0.5134117796875 0.5781352770833333 0.51593590625 0.57766995 0.5220259656249999 0.5802952083333334 0.5283992546875 0.5810734520833333 0.5344452015625001 0.5802228145833334 0.543468565625 0.5844188479166667 0.547824409375 0.5832991125 0.5508552156250001 0.5804704791666667 0.5533950078125 0.5751985291666667 0.55326266875 0.5647708395833334 0.555229609375 0.5566483479166667 0.555163440625 0.5514345041666666 0.552447196875 0.54280286875 0.55049880625 0.5282229645833333
0 0.14151885625 0.4469432916666667 0.1451822921875 0.44563447083333335 0.14568897187500002 0.44327116666666666 0.1480494265625 0.4419914020833334 0.15103611875 0.43568687291666663 0.15353819062500002 0.43348359999999997 0.168355603125 0.4290627604166667 0.172689390625 0.42620507708333333 0.17750780156249998 0.41924613958333334 0.17996864375 0.39567119791666666 0.1779384171875 0.38068407291666667 0.17563135000000002 0.3740885375 0.1728396609375 0.37159425416666664 0.1706364890625 0.3671438895833333 0.16753951250000002 0.364758675 0.16721216875 0.36312979375 0.158651371875 0.35309456041666665 0.144246021875 0.3416557291666667 0.13941483125 0.33552551875 0.129796559375 0.32674099791666666 0.1214876609375 0.32447199791666664 0.11316309531249999 0.32700962083333335 0.11045963125 0.33146713333333333 0.1107713078125 0.3379026375 0.107299990625 0.3483084166666667 0.10368066875 0.3530931333333333 0.09726965625 0.35538356666666665 0.0918499484375 0.35120944375 0.089870225 0.3462427895833333 0.0883310140625 0.3336989833333333 0.08520559062500001 0.32303125 0.0827191875 0.32042790000000004 0.0665860125 0.31178864375 0.05917730624999999 0.3139990625 0.053197528125000004 0.32006354583333335 0.052609012499999996 0.32201962916666665 0.0450209671875 0.32822223333333334 0.0404701203125 0.3381407791666666 0.037074249999999996 0.34240920625 0.0297381015625 0.35637804375000004 0.028724740625000002 0.36110465416666665 0.0310979765625 0.37291403333333334 0.030292401562499998 0.3819309791666667 0.031995284375 0.395289225 0.031532717187499996 0.40112842499999996 0.0334967734375 0.41090170416666666 0.033219934374999996 0.41929329583333336 0.0358386765625 0.43232433541666665 0.0392252734375 0.43940710625 0.0470872703125 0.44270868333333335 0.050303804687499995 0.44243243958333334 0.059997521875 0.4450796083333334 0.06301266250000001 0.4470576 0.0664590375 0.45280964166666665 0.07530306249999999 0.4609978604166667 0.0792120046875 0.4609107 0.0867089375 0.465652075 0.09900861562499999 0.4682411354166666 0.12811470625000002 0.46002481875 0.1358664203125 0.4546366520833333 0.14151885625 0.4469432916666667
0 0.455717609375 0.29104517916666667 0.4512799296875 0.29175769791666667 0.4445792984375 0.289350575 0.4371705921875 0.29156099375 0.43276135781249997 0.30055603125 0.427977784375 0.32234206249999997 0.42792439531250004 0.33021736458333334 0.42909215312500004 0.33765639166666667 0.42862958593749995 0.34349559166666666 0.43234991406249995 0.35875181666666667 0.4349999890625 0.36216960625 0.4420279640625 0.36620561041666666 0.44484171093749997 0.3704378395833333 0.4508122125 0.37572455416666667 0.4540508015625 0.3771862604166667 0.4653243390625 0.3714127854166666 0.471282059375 0.3636103541666667 0.4813593921875 0.3421153291666667 0.48332633593749996 0.3339928395833333 0.48046208593750006 0.31974013958333336 0.477157325 0.31306458958333333 0.461285321875 0.30084036875000003 0.455717609375 0.29104517916666667
0 0.793259328125 0.31317460208333336 0.7908547625 0.31097847291666664 0.7892464953125 0.31111659374999995 0.787065378125 0.308404175 0.78429574375 0.30764784166666664 0.7777744484375 0.3012485354166667 0.7733965484375 0.3006303229166667 0.7680052875000001 0.30473871875 0.761219934375 0.31982014791666663 0.7592529921875 0.3279426395833333 0.7625577531250001 0.3346181895833333 0.768817875 0.3446024625 0.773828403125 0.34674048541666663 0.77998463125 0.35457958958333335 0.7846457625000001 0.35335078541666665 0.7905657609375 0.34861703125 0.7977289609375 0.34518495208333333 0.8044609250000001 0.33797882500000004 0.8087064859374999 0.3281693479166667 0.805587453125 0.3240461854166667 0.8025125328125 0.3233989208333333 0.800941990625 0.32046836458333333 0.8025659218750001 0.3155236208333333 0.8015838937499999 0.31063697916666666 0.793259328125 0.31317460208333336
0 0.37957990625 0.19385629583333333 0.363855909375 0.18725314166666665 0.3604977609375 0.18845289166666665 0.3559625796875 0.1935648125 0.3506972671875 0.20155632708333335 0.3480599734375 0.21122768333333333 0.34881855 0.21663061041666667 0.35157251718750004 0.22219356875 0.35658304687500003 0.22433159375 0.36529473437500004 0.22209212083333335 0.3740128125 0.22639722291666667 0.38523935 0.23504362083333333 0.3879271484375 0.23539273541666667 0.40593903906250006 0.22895770625 0.4116135296875 0.22300229166666666 0.414436553125 0.21588332500000001 0.4132908515625 0.21018224375 0.4103354921875 0.20687352291666666 0.4094573546875 0.20413205208333332 0.399310346875 0.1959728875 0.38271460468749996 0.19317283333333332 0.37957990625 0.19385629583333333
0 0.8005282796875001 0.4388960375 0.7972740218750001 0.44224095625 0.7981144359375001 0.44805110625 0.7960813234375 0.45095975208333333 0.7922762734375 0.45319207916666665 0.789349359375 0.4581658791666667 0.7884996703125 0.46370692708333333 0.7912223046875 0.47888313749999994 0.7930981359375 0.48170462291666666 0.7990622453125 0.48044676458333335 0.8018318796875 0.48120309791666666 0.8113526468750001 0.494387025 0.8186040734375 0.49790673750000003 0.8235704890625 0.4965688645833334 0.827107978125 0.4913769291666667 0.8286500734375 0.48602496458333333 0.8278096609375 0.48021481666666666 0.823566984375 0.47212852083333334 0.8194815906249999 0.4583120958333333 0.8125731734375 0.4516146354166667 0.8031029078125 0.44845118125 0.801696034375 0.44633506666666667 0.8005282796875001 0.4388960375
0 0.1324623015625 0.3253521625 0.136736309375 0.32382520625000005 0.133296325 0.3246177375 0.1324623015625 0.3253521625
0 0.1939409 0.2763276375 0.195133596875 0.2676088416666667 0.19366055468750001 0.26027888125 0.19171855468750001 0.2522435520833333 0.18612878593749999 0.24071041458333334 0.18256285156250002 0.23761982916666666 0.17840840156249999 0.23648532916666667 0.1738291078125 0.23812135416666666 0.1685858515625 0.24785081666666667 0.1639845 0.24774889166666667 0.16883424375 0.23117670416666666 0.16842506562499998 0.22914060416666665 0.1651266953125 0.22900962708333333 0.16441223124999998 0.22708259583333332 0.1676067078125 0.22506840416666665 0.167398925 0.22077806666666666 0.16957365 0.2169459125 0.1676757640625 0.21238647916666667 0.164012328125 0.21369529791666667 0.16104769218749998 0.221737775 0.15742836875 0.22652248958333335 0.1516435953125 0.2237881625 0.14474156875 0.22363527708333333 0.141078134375 0.22494409583333336 0.1379057125 0.22869623541666667 0.13646750624999998 0.23619336875 0.1309944109375 0.23989454791666667 0.1274789796875 0.24682443125 0.12677090625 0.2514419729166667 0.12177315625 0.2623930958333333 0.1248985796875 0.27306083124999997 0.126692575 0.27547509583333335 0.13023645156250002 0.2768277333333333 0.13905203125 0.27673342916666666 0.14098764218749998 0.27822418958333334 0.14292964218749998 0.28625951875 0.1456017734375 0.2914152583333333 0.1618011171875 0.3052683583333333 0.176284796875 0.2926740666666667 0.1776255015625 0.2895763375 0.1821606828125 0.28446441666666666 0.19064891875 0.28274123333333334 0.1929873171875 0.27972351875 0.1939409 0.2763276375
0 0.35813072031250004 0.6000046604166667 0.350998853125 0.5938234916666667 0.3486320078125 0.5885586833333334 0.345453196875 0.58576625 0.341880871875 0.5761310916666668 0.338985290625 0.5714916416666667 0.3361338203125 0.5703280895833333 0.328948565625 0.57202221875 0.31978997656249997 0.5752942666666667 0.3186727234375 0.5778757083333333 0.3202432671875 0.5808062625 0.3261917125 0.58435503125 0.32668272656249997 0.58679835 0.3235166953125 0.5970950625 0.3215340875 0.6100241791666666 0.323416309375 0.6193902395833334 0.3256792625 0.6225098770833333 0.3319329921875 0.625949575 0.346586734375 0.6207142979166667 0.3502124484375 0.62247415625 0.35811216875 0.6227070583333333 0.3683410109375 0.6312734416666667 0.36913092187499996 0.62706311875 0.3680670578125 0.6217692604166667 0.3632892546875 0.60776375 0.35813072031250004 0.6000046604166667
0 0.5694403640625 0.38964576041666665 0.5730724671874999 0.39795018958333334 0.57859606875 0.40426948333333335 0.5828323531249999 0.4058112020833333 0.5991982546875 0.40258297083333333 0.6023927328124999 0.40056878124999995 0.6056028765625 0.39374796458333333 0.6059458859375 0.3905702208333333 0.6043312265624999 0.38416376874999997 0.590313 0.3730230875 0.5759958765625 0.3685360458333333 0.5723922203125 0.36851413958333334 0.5672841890625 0.3707755208333333 0.56641244375 0.3745786208333334 0.5694403640625 0.38964576041666665
0 0.87551945 0.25847138125 0.8779837968749999 0.2593367833333333 0.8929741578125 0.24437918749999998 0.8948435984374999 0.24065609999999998 0.8956932890625 0.23511505208333333 0.8953218328125001 0.23001027500000001 0.890342634375 0.21825900208333332 0.88475925625 0.2132704375 0.8809100921875 0.21202686875 0.8725036906250001 0.21415727291666667 0.8676411671875 0.21764031458333333 0.8657560609375 0.226170025 0.8654571640625001 0.23282366666666665 0.8691397703125 0.2511485666666667 0.87551945 0.25847138125
0 0.2297101109375 0.5031634625 0.23099103593749998 0.5013964625 0.2305975234375 0.49455373750000003 0.22624456406250001 0.4777777020833333 0.220267671875 0.46594641458333336 0.21087285156250002 0.45664560416666666 0.206494953125 0.45602739166666667 0.204216334375 0.45771437916666663 0.20084251718749999 0.46372075416666664 0.199970771875 0.4675238541666667 0.2015918203125 0.48047488125 0.200943525 0.48376169375 0.1975853765625 0.48496144375 0.19134092187500001 0.4701705479166666 0.186837071875 0.46566921874999995 0.1799948234375 0.46418560416666665 0.1744996703125 0.46614883333333335 0.17307713281249998 0.46883934375 0.1739396015625 0.4763874416666667 0.17728208437499998 0.47999431249999996 0.18106219375 0.4939198083333334 0.189481375 0.50487855 0.1883861796875 0.5091979395833334 0.1886758 0.5138954958333334 0.1929184734375 0.5219817916666667 0.198829196875 0.5285992333333334 0.2008750890625 0.5387797333333334 0.20417345937500003 0.5389107104166667 0.2067573640625 0.5371146562500001 0.2138700609375 0.5236621083333334 0.2184870765625 0.5189574083333334 0.2240420109375 0.51566345 0.22886042031249998 0.5087045125 0.2297101109375 0.5031634625
0 0.605397978125 0.37156185833333333 0.6036922078125 0.3760993833333333 0.6063927859375 0.38953764375 0.601804215625 0.4025248666666667 0.6023614 0.41018203124999997 0.6057636609375 0.4124581770833334 0.6165525749999999 0.41078595416666663 0.6207070234375001 0.41192045625 0.6282573453125 0.4087865291666667 0.630715303125 0.40310735625 0.6305011265625 0.39227244791666666 0.6324680703125 0.38414995625 0.6319108859375 0.37649279166666666 0.6288516328125 0.3710389 0.6215781515625001 0.36578123958333336 0.613983715625 0.36543926875000005 0.6082651109375 0.3679187875 0.605397978125 0.37156185833333333
0 0.12073361406250001 0.19860529791666667 0.1171990125 0.1859014625 0.11303817499999999 0.17822238958333333 0.110583103125 0.1660057875 0.10893072343750002 0.16266801458333333 0.0996618515625 0.15725032083333332 0.0963037015625 0.15845007291666666 0.09138139843750001 0.16326384166666666 0.08287110625 0.16324907708333333 0.0754623984375 0.16545949583333333 0.0703920890625 0.1646522 0.058873045312500004 0.16920401666666668 0.054828878125 0.17675925625 0.051499178125 0.18624152916666667 0.050611765625000006 0.19485125416666668 0.051250784375000004 0.20291563958333333 0.0550152265625 0.22164775833333333 0.05699495 0.22661441458333334 0.0626003859375 0.23334092499999998 0.0710131765625 0.23775509583333332 0.0783684953125 0.24341997916666666 0.0893872484375 0.24777604166666667 0.09342213906249999 0.2515719979166667 0.0979637109375 0.25300465 0.10490345937500001 0.25008885833333333 0.1118588765625 0.24236644375 0.11882995625 0.22983740416666668 0.1226947875 0.22627434791666667 0.12507090781250002 0.22018795833333332 0.125615309375 0.21475597500000002 0.12348758124999999 0.20416825416666665 0.12073361406250001 0.19860529791666667
0 0.1021288875 0.5570365270833334 0.10553114999999999 0.5593126729166666 0.1073472015625 0.5634648895833333 0.10966993437500001 0.5652537979166666 0.125818775 0.5690864291666667 0.129482209375 0.5677776104166666 0.13243118125 0.5645417583333334 0.14828401093750002 0.5571322583333332 0.151374596875 0.5529729 0.15663351875 0.5384368125000001 0.1593369828125 0.5339793020833333 0.16093246875 0.5207520333333333 0.16029345 0.5126876499999999 0.1578227125 0.505277675 0.1526043984375 0.4988493125 0.1419948234375 0.4965293520833333 0.13851072656250002 0.4938459854166667 0.137081796875 0.4899919208333333 0.139033071875 0.48667605625000004 0.15268911875 0.4813607625 0.155496475 0.4790484208333333 0.1584454453125 0.47581256875 0.1592133 0.4698643 0.160941125 0.46706472083333334 0.157107628125 0.46101452916666663 0.1526258359375 0.4582511479166667 0.14841160625 0.45844737500000005 0.146170709375 0.45706568541666664 0.1376006375 0.45838164791666663 0.12510595625 0.46459139791666665 0.09626742968749999 0.47576732499999996 0.092767665625 0.47789058333333334 0.09181408437500001 0.48128646458333335 0.09224531875 0.4850605125 0.089906921875 0.48807822916666666 0.086548771875 0.48927797916666665 0.0815602984375 0.4888779020833333 0.0744725453125 0.4861726291666667 0.067734190625 0.48683418125 0.06457743437499999 0.48577969791666664 0.0602372578125 0.48209280833333334 0.0561867 0.483103475 0.052992221875 0.48511766666666667 0.0463420921875 0.49273101458333335 0.0432956203125 0.5003662708333334 0.0440762546875 0.5075071479166666 0.0475667421875 0.5167350854166667 0.0499933671875 0.5206691645833333 0.055494910937499996 0.5252505083333333 0.060042871875 0.5332277333333333 0.063221684375 0.5360201666666666 0.065185740625 0.5457934479166667 0.0673668578125 0.5485058666666667 0.0698375953125 0.5559158416666666 0.07591198906249999 0.563347725 0.087317865625 0.5680019375 0.090839684375 0.5676166270833334 0.09639461875000001 0.5643226708333333 0.0995670390625 0.56057053125 0.10007372031249999 0.5582072270833333 0.1021288875 0.5570365270833334
0 0.4316063828125 0.30620615 0.4390620890625 0.28957585416666665 0.43624834218749997 0.28534362500000005 0.4302180625 0.2813876375 0.42929581250000004 0.27517027083333334 0.42967654375000003 0.2689238479166667 0.427020078125 0.25896148333333335 0.42278379375 0.2574197645833333 0.4127691265625 0.25968828958333334 0.40443817031249996 0.2556813416666667 0.3973568046875 0.2595206395833333 0.391197690625 0.26957730625000004 0.3879718796875 0.28120474791666666 0.39036078281250003 0.2882075020833333 0.39484257500000003 0.2909708833333333 0.393196584375 0.29417768125 0.39374737656250003 0.2952902708333333 0.3867699046875 0.30127473958333334 0.38431194999999996 0.30695391041666664 0.38396894062500003 0.31013165416666666 0.3852783125 0.316647175 0.391680046875 0.32570793958333333 0.39771032812499996 0.329663925 0.405109759375 0.33880470625000003 0.4137082796875 0.34577126249999995 0.41680525468749996 0.3481564770833333 0.4204089125 0.3481783854166667 0.4242139625 0.34594605833333336 0.42819835 0.33972154374999997 0.42910781875000004 0.33284976666666666 0.42812579062499995 0.32796312708333336 0.42858835781250004 0.322123925 0.4299447265625 0.3142195708333333 0.431896003125 0.3109037041666667 0.4316063828125 0.30620615
0 0.5346320437500001 0 0.5351858296875001 0.00427133125 0.541814521875 0.037256152083333334 0.5465795453125 0.03817251666666666 0.5674649609375 0.0346389875 0.5744552140625 0.041743668750000004 0.5838436437500001 0.044499904166666666 0.5904247171875 0.04956848333333333 0.590752059375 0.051197362499999996 0.6020981562500001 0.05718230625 0.614284665625 0.06897739583333333 0.6188262375 0.07041004791666668 0.6231159125 0.06407646875 0.63145614375 0.05673222083333333 0.636006990625 0.04681367291666667 0.6394847 0.04295246666666667 0.6419205984375 0.03553534791666667 0.648064046875 0.030285306249999998 0.65239144375 0.020883047916666668 0.6519822640624999 0.01884694791666667 0.6538894281250001 0.012055185416666668 0.66907190625 0.006194549999999999 0.6755270328125 0.007380012500000001 0.6761596609375 0.008899825 0.6776860921875001 0.008354483333333333 0.676949571875 0.004689504166666666 0.6808962375000001 0.0015336666666666667 0.6814949796875001 0 0.5346320437500001 0
0 0.22039526875 0.3672615291666667 0.2155861328125 0.36286926666666663 0.21165513281249998 0.36121847916666666 0.203368290625 0.36068742708333335 0.1913297859375 0.3545134 0.18251420625 0.3546077041666667 0.178611653125 0.3612394375 0.1812681203125 0.37120179999999997 0.1794427921875 0.3784007833333333 0.1814573515625 0.3981945333333333 0.18045038124999999 0.4094657145833333 0.1813726296875 0.41568308333333337 0.1858764796875 0.4201844125 0.1888538984375 0.42523108125 0.1940280984375 0.4281835458333333 0.20076006249999997 0.42097741875 0.2063149953125 0.41768346250000005 0.2186396140625 0.4041147 0.2218497578125 0.39729388541666666 0.2220290953125 0.39330170000000003 0.223734865625 0.3887641729166667 0.22347657812500002 0.3744533666666667 0.22039526875 0.3672615291666667
0 0.6029311515625 0.20135199583333332 0.6032584953125 0.202980875 0.595884625 0.22001838958333333 0.5961963015625 0.22645389375 0.6027332624999999 0.22804657708333334 0.616493203125 0.22487645208333334 0.62725366875 0.21492171041666666 0.6306495390625 0.21065328125 0.635282225 0.20114195625 0.6352978890625 0.19633533125 0.63284281875 0.18411873125 0.63094493125 0.17955929583333333 0.6251978796875 0.17375629166666667 0.623507778125 0.17348719375000002 0.6177073390625 0.17555949166666668 0.615145490625 0.17909349375 0.6092852718749999 0.18249652083333334 0.6060751265625 0.18931733541666668 0.6029311515625 0.20135199583333332
0 0.6576192453124999 0.24553655624999998 0.6547741671875 0.250917575 0.652420103125 0.25874191458333334 0.6503556578125 0.27126381041666664 0.6519767078125 0.2842148354166667 0.6522349953125001 0.29852563958333334 0.6542808875 0.3087061395833333 0.657764984375 0.31138950625 0.6780618859375 0.3098120645833333 0.69268718125 0.29629426458333336 0.696284446875 0.28977160208333336 0.702651346875 0.2840052708333333 0.7041336640625 0.27998403125 0.7044923390625 0.2719996625 0.6999223203125 0.26228448958333334 0.694644228125 0.25718685625 0.6865901109375 0.24478831666666664 0.6784605484374999 0.23852713333333334 0.6711934562499999 0.23981404166666667 0.66513184375 0.24547130416666668 0.6625038265625001 0.2437914625 0.6576192453124999 0.24553655624999998
0 0.1218549921875 0.2628003145833333 0.11248861875 0.2617820270833333 0.1048564625 0.2645087333333333 0.0994652 0.26861713333333337 0.0970890796875 0.27470352291666666 0.09960392968750001 0.28558939375 0.0990154140625 0.2875454791666667 0.094533621875 0.2847821 0.0905649 0.2861999875 0.08761592968750001 0.2894358375 0.08597632968749999 0.29918720833333334 0.088022221875 0.3093677083333333 0.10562844062500001 0.32533692291666666 0.11047529687499999 0.32666050625 0.1244586875 0.32297409583333336 0.1328714796875 0.3273882645833333 0.14016062812500002 0.32783930208333334 0.14821762968750002 0.3223420708333334 0.14908937656250001 0.31853896875000004 0.14797500937500002 0.30322463749999995 0.1453562671875 0.29019359791666666 0.1432947078125 0.284819725 0.140540740625 0.2792567645833334 0.138136171875 0.2770606333333333 0.13369849375 0.2777731520833333 0.1248985796875 0.27306083124999997 0.1218549921875 0.2628003145833333
0 0 0.5422141145833332 0.0053681796875 0.5444684354166667 0.01041643125 0.5435377833333334 0.01930745625 0.5373061270833334 0.020342875 0.5343174645833333 0.0201130328125 0.5282891791666666 0.022860609375 0.5273075645833333 0.025746917187500003 0.5432982145833333 0.027972145312500002 0.5494865291666666 0.031396464062500004 0.5535006208333333 0.033294351562500005 0.5580600583333334 0.0386322234375 0.5618269604166667 0.0477153671875 0.5646922645833333 0.049345690625 0.56629209375 0.054110714062499995 0.56720845625 0.058384721875000004 0.5656815000000001 0.0609622359375 0.5573408729166667 0.0614184140625 0.5449570979166667 0.0604363859375 0.5400704583333333 0.055642915625 0.5308715729166666 0.04738740625 0.5207272708333334 0.0449985046875 0.5137245145833333 0.041165006250000004 0.5076743208333333 0.039364621875 0.4987154833333333 0.0370639453125 0.49866452083333335 0.026240196875 0.4855096479166667 0.020760709375 0.4826662520833333 0.016077521875 0.48215710833333336 0.0119607953125 0.47795393125 0.00616963125 0.46867503125 0.0040860171875 0.46156320833333336 0 0.4535122833333334 0 0.5422141145833332
0 0.06306688125 0.7110947583333334 0.054713868750000005 0.7053498625 0.052793925 0.6990524791666667 0.048818812499999996 0.69392579375 0.0465274125 0.6825236333333333 0.0446736390625 0.6814400958333333 0.0401541234375 0.6817453916666667 0.0205833 0.6901922291666666 0.031931184375 0.7466600708333334 0.033316 0.7470382354166667 0.0388332109375 0.7468129541666666 0.047075940625 0.7438681104166667 0.05041203281249999 0.7409304104166666 0.0536001203125 0.7323716458333334 0.0635486203125 0.7248892791666666 0.0645840375 0.7219006166666666 0.0667808203125 0.7198064104166666 0.06604429843750001 0.71614143125 0.06306688125 0.7110947583333334
0 0.6933490171875001 0 0.693620759375 0.0013522041666666667 0.6984896734375 0.0044137375 0.7001420546875 0.0077515125 0.697369534375 0.024890947916666666 0.6981722265625 0.033769775 0.6960259468750001 0.04588444791666667 0.6937096046875 0.0506401125 0.6904837953125 0.06226755208333334 0.6906695218750001 0.06481994166666667 0.6880101734374999 0.07275335 0.6878308343749999 0.07674553333333334 0.6822886828125 0.09312863541666667 0.68130376875 0.10613776875 0.6834692203125 0.11365681041666667 0.680385025 0.12436074375 0.6794976125 0.13297046875000001 0.6807472046874999 0.14081671875000001 0.6857043468749999 0.15083004375 0.695344671875 0.16135251250000002 0.7006604875 0.16338146875 0.7069896640625 0.16068381458333333 0.7091046125 0.15818238750000002 0.7144360953125 0.15540471874999998 0.7164692046875001 0.15249607291666667 0.729775853125 0.14381395000000002 0.7442502578125 0.14257085833333333 0.7557693015625 0.13801904375 0.7608396109375 0.13882633958333335 0.7673922375 0.13561239791666668 0.7743255953125 0.12615203333333333 0.78099778125 0.12027663541666667 0.7837830796875 0.11622634375 0.7890042796875 0.10475893124999999 0.7919248046875 0.09324056041666666 0.795440234375 0.08631067708333333 0.7976370171875 0.08421646875 0.7992609500000001 0.07927172499999999 0.7974228421875 0.07338156041666667 0.7951001109375 0.07159265 0.7938348515625 0.06855302708333334 0.791700734375 0.05142073333333333 0.78789856875 0.03575728958333334 0.789745953125 0.03029625625 0.7984669156249999 0.01670558541666667 0.7952881046875 0.013913152083333333 0.7879391765625 0.01479284375 0.7845589703125 0.014254645833333333 0.7821544031250001 0.012058514583333334 0.7722712171875 0 0.6933490171875001 0
0 0.7896681296875 0 0.789676278125 0.0006420666666666667 0.787196265625 0.004583289583333333 0.7881782937499999 0.009469929166666667 0.789257825 0.009957164583333334 0.792719865625 0.01090258125 0.7992945484375 0.0094265875 0.8029202609375 0.01118644375 0.801072878125 0.016647479166666666 0.796537696875 0.021759399999999998 0.7944668625 0.027736725 0.7939288484375 0.03971327708333334 0.7945016984375 0.042563816666666664 0.7969660453125 0.04342922083333333 0.7971517734375 0.04598160833333333 0.7952382203125 0.04622879791666667 0.7971645546875 0.05907075416666666 0.7984895921875 0.06077965 0.8052592796875 0.05050484583333333 0.8104775921874999 0.05693320625 0.8201933640625001 0.061318320833333335 0.8209519437499999 0.06672125000000001 0.8192902875 0.07473467291666666 0.81988519375 0.07932316041666666 0.8190952828125001 0.08353348125 0.821946753125 0.0846970375 0.8273977921875 0.07925791041666666 0.8355366312499999 0.07416789791666667 0.851657025 0.06971800833333333 0.85338485 0.06691843125 0.855232234375 0.06145739583333333 0.8569850015625 0.04249999375 0.8565096546875001 0.035250050000000005 0.8582531453125 0.027643845833333333 0.858105140625 0.022022783333333334 0.854995384375 0.006548420833333333 0.8551870296875 0 0.7896681296875 0
0 0.5991430078125 0.28344992916666667 0.5952561203125 0.2852750375 0.5909443890625 0.28987066875 0.587205509375 0.29731684166666666 0.5867806640625 0.30008736666666663 0.590450490625 0.3053231208333333 0.5937773078124999 0.31373661875000003 0.5985394453125 0.33254875208333334 0.6009440109375 0.33474488333333335 0.6049127328125 0.33332699583333336 0.608613890625 0.3289495 0.6136934765625 0.31840559791666667 0.613790978125 0.31400619375 0.6182158765625 0.3002045291666667 0.6174950203125 0.2917329270833333 0.614070703125 0.28771883125000003 0.6101617593750001 0.28780599375 0.6058215828125 0.28411910208333335 0.6016891890625 0.28472254999999996 0.5991430078125 0.28344992916666667
0 0.8277826484374999 0.13978795 0.82940658125 0.13484320208333334 0.8299666515625 0.12460459583333333 0.8285754437499999 0.11768185625 0.8225167171875001 0.10544334791666667 0.8177296390625 0.10278903541666667 0.8143714890625 0.10398878541666666 0.8138050296875001 0.10768281875 0.8105728296875 0.1127656875 0.809946590625 0.11779045 0.8074224640625 0.118255775 0.8053829625000001 0.11461984791666667 0.8016754140625 0.11245277083333334 0.799450184375 0.10626445625 0.798751384375 0.09953079999999999 0.7958180796875001 0.09796002708333333 0.792116921875 0.10233752291666667 0.7913270125 0.10654784375 0.78683594375 0.11513566041666666 0.7859044187500001 0.12026948958333333 0.784034978125 0.123992575 0.7790087828125001 0.12666117708333333 0.7703034859375 0.13544522291666666 0.7664229890625001 0.14381490416666667 0.7727806125 0.14939976875 0.7778039234375 0.16462694166666667 0.7808190625 0.16660493541666668 0.7827987859375 0.17157158958333335 0.7859775984375 0.17436402291666667 0.786304940625 0.17599290416666669 0.7886276734375001 0.1777818125 0.7911517984375 0.1773164875 0.8078607078125 0.1709105104166667 0.8098781546874999 0.17280848958333334 0.8107562906249999 0.17554996041666668 0.8140546609375001 0.1756809375 0.8215231468749999 0.17213979166666665 0.8266027312500001 0.16159588958333335 0.8277826484374999 0.13978795
0 0.6086695468750001 0.26084231458333335 0.609635909375 0.27053557916666665 0.6156128 0.28236686666666666 0.62164308125 0.28632285416666664 0.6254922453125 0.2875664229166667 0.62832165625 0.2869920270833333 0.6365643859375 0.28404718333333334 0.64034738125 0.2800769083333333 0.645769975 0.2663552604166667 0.646591215625 0.25253168958333333 0.6442023156250001 0.24552893541666665 0.64063638125 0.24243835 0.6280911953125 0.23862762916666666 0.6222089203125 0.24029270625 0.617569846875 0.24325946041666666 0.6101895875000001 0.25375239791666665 0.6086695468750001 0.26084231458333335
0 0.21751287343749998 0.18847099375 0.2262309515625 0.19277609583333336 0.232358734375 0.1923326791666667 0.247560384375 0.2061057625 0.252637084375 0.21345763125 0.2555988359375 0.22331092708333333 0.2636906734375 0.2326407875 0.2664887546875 0.24167964375 0.2685880359375 0.24398484374999999 0.26907905 0.2464281625 0.2764343671875 0.25209304375 0.2792481140625 0.25632527499999996 0.282209865625 0.26617857083333335 0.28643048437499996 0.2725269166666667 0.292089309375 0.271378125 0.2953812890625 0.26496453125 0.29796519374999997 0.263168475 0.30017764375 0.25626764583333334 0.306604321875 0.24917058541666667 0.3098521875 0.23928109374999998 0.31495382968749996 0.23047513958333335 0.316190640625 0.22523224166666667 0.31930328281250003 0.22281082916666667 0.333815409375 0.21849906041666667 0.337598403125 0.21452878541666667 0.34022003125 0.20966405416666667 0.3425299828125 0.19836381875 0.3421364703125 0.19152109375 0.3382460796875 0.16890585833333333 0.3338931203125 0.15212982291666668 0.3316081109375 0.14727223333333334 0.3292725984375 0.13239417916666665 0.3265406890625 0.12856916875 0.319818 0.12442409791666667 0.3157610515625 0.11889019166666667 0.310492234375 0.10244136250000001 0.302935521875 0.09903071666666667 0.29896041093750003 0.09390403124999999 0.282581728125 0.08404311666666667 0.28058633906249997 0.08388308541666666 0.2725386125 0.07802912083333333 0.26799704062499996 0.07659646875000001 0.2640283203125 0.07801435625 0.2612209640625 0.08032669791666666 0.25837588437500003 0.08570771666666667 0.2561570453125 0.086063975 0.2526729484375 0.08338060833333333 0.24812498437500002 0.07540338541666666 0.24584253281250001 0.07316362708333334 0.196340359375 0.09084905 0.1963458734375 0.0912835375 0.193396903125 0.09451938750000001 0.186529715625 0.10919359791666668 0.189066621875 0.12181741666666666 0.18683850468750002 0.13352487291666665 0.188683003125 0.14595960833333335 0.192233271875 0.15385681875 0.19724730625 0.1804351875 0.201587484375 0.184122075 0.21751287343749998 0.18847099375
0 0.5366974265625 0.28044507500000004 0.538075853125 0.27427867083333335 0.542544865625 0.26395290416666667 0.5417798968749999 0.25200540416666667 0.548200184375 0.23836377083333332 0.5559675671875 0.22816898125 0.5584255234375 0.22248981041666666 0.5586866953125 0.21890484583333333 0.555844503125 0.20639009375 0.546458959375 0.18573808749999998 0.5420967250000001 0.18031325 0.5373850921875001 0.17152158541666665 0.534996190625 0.16451883125 0.5252142484375 0.15491986875 0.522453890625 0.1428123375 0.521128853125 0.14110344375 0.5159767093750001 0.13988892708333334 0.50372114375 0.1407757625 0.48815154375 0.14633824374999999 0.47983336875000004 0.15542044166666666 0.47585825625 0.15029375625 0.46710245468749995 0.14905733124999998 0.46437693593749996 0.15177689583333331 0.452045925 0.15880108333333334 0.4456790265625 0.16456741249999998 0.4420597046875 0.16935212916666667 0.434685834375 0.18638964166666666 0.4361432109375 0.19852622708333334 0.43139097031249996 0.21069901041666667 0.42946814062499994 0.22229739583333333 0.430107159375 0.23036178125 0.42897423906250004 0.23774984791666667 0.43165915312500003 0.25599473333333334 0.4312470890625 0.27185440208333334 0.43170038125000004 0.2773664 0.43404516875 0.28089325833333334 0.443716828125 0.28180247708333334 0.454490075 0.28493688125 0.4592394296875 0.29065986875 0.46303520468750003 0.29977873958333334 0.478214796875 0.3118138770833333 0.49789184999999997 0.32180576875 0.5079506328125001 0.3230131395833334 0.5181951406249999 0.3267729 0.522022246875 0.3262785208333333 0.5252167265625001 0.32426432916666664 0.5287542140625 0.3190723916666667 0.5328958828125 0.30711774791666663 0.5367258734375 0.2887275979166667 0.5366974265625 0.28044507500000004
0 0.559182046875 0.5177009708333333 0.5708647625000001 0.5139635958333334 0.576926375 0.5083063333333333 0.5797273406250001 0.49944941666666665 0.5801835171875 0.48706564375 0.578137625 0.47688514374999996 0.5676760562500001 0.4801862458333333 0.5614002671875 0.47500859791666666 0.555555715625 0.47360499791666666 0.5430830906249999 0.4815526958333333 0.5418085546875 0.48986427083333334 0.5446194156249999 0.5119922708333333 0.5510745421875 0.5131777333333333 0.559182046875 0.5177009708333333
0 0 0.25656817708333335 0.0001803671875 0.2565143645833333 0.006024920312499999 0.2579179645833333 0.0084294859375 0.26011409375 0.0108183890625 0.26711685 0.0173019609375 0.27658483333333334 0.0201534296875 0.27774838749999997 0.023511578124999998 0.2765486354166667 0.033409575000000004 0.2590457958333333 0.0348855015625 0.24847998541666666 0.040226259375000004 0.23435111874999998 0.0402134796875 0.22126197291666666 0.037572681250000003 0.20649298333333332 0.0361658078125 0.20437686875 0.034938271874999996 0.19826856875 0.0373143921875 0.19218217708333332 0.035007328125 0.18558664374999997 0.025873681250000002 0.17270086875 0.0227767046875 0.17031565416666666 0.0167087015625 0.16942834375 0.0119814015625 0.16544330416666667 0.0058913421875 0.16281804375 0 0.16282662291666666 0 0.25656817708333335
0 0.6724084234375 0.46240954166666665 0.6685749265625 0.4563593479166667 0.6627680953125 0.4518870729166667 0.6560895203125 0.45121789791666667 0.6502008546875 0.44633840208333336 0.64816774375 0.4492470479166667 0.6477905171875 0.47993381458333334 0.643752740625 0.49403362708333337 0.6439384671874999 0.4965860166666667 0.6389848328125 0.5110130354166666 0.634604046875 0.52829059375 0.6356081312499999 0.5349151812499999 0.6370150046874999 0.5370312979166666 0.6381763703125001 0.5379257520833334 0.64153451875 0.536726 0.645534575 0.5256948625 0.6545892703125 0.5202776479166666 0.6681634812499999 0.5145551333333334 0.67117223125 0.5099885541666667 0.6723649296875001 0.5012697604166667 0.6773470125000001 0.49512526458333334 0.677935528125 0.49316917708333335 0.675971471875 0.4833958979166667 0.6724653171874999 0.47897458541666665 0.670076415625 0.4719718291666667 0.672534371875 0.4662926583333334 0.6724084234375 0.46240954166666665
0 0.5486180203125001 0.18671255625 0.54927270625 0.18997031666666667 0.5531880390625 0.19642773125 0.5589635359375 0.21051325833333331 0.5625074125 0.21186589375 0.570967203125 0.20186018958333335 0.5743474078124999 0.20239838541666666 0.5785082484374999 0.21007746041666667 0.5852750515625 0.21769842708333334 0.58975684375 0.22046180833333334 0.5934423343749999 0.22089093541666666 0.600495253125 0.20876911666666667 0.6028493171875 0.20094477708333333 0.6024401375 0.19890867708333332 0.6038185640625 0.19274227083333334 0.6081239046875 0.18160206458333333 0.610046734375 0.17000367708333333 0.6096688875 0.15835432708333333 0.6111825390625001 0.14471983958333334 0.6040756125 0.12238084583333333 0.600242115625 0.11633065208333333 0.596707515625 0.10362681875 0.5940353843749999 0.09847107916666667 0.593166521875 0.08437841041666667 0.5943214984375 0.07872829166666667 0.5927509546875 0.07579773541666666 0.5939279859375 0.07188556666666666 0.5925808921875 0.06843872291666667 0.585455415625 0.06880212708333334 0.5756734734375 0.05920316666666667 0.572173709375 0.061326425 0.5697691421875 0.05913029375 0.561608246875 0.062482358333333335 0.555896034375 0.07150644791666667 0.5524717156250001 0.06749235625000001 0.5500828140625 0.060489600000000004 0.5483108750000001 0.059813281249999996 0.546822165625 0.057289945833333335 0.5403229281249999 0.0526285875 0.5341951468749999 0.05307200625 0.519563459375 0.060045231250000004 0.5172250625 0.06306294583333333 0.5116701296875 0.06635690208333334 0.5039027468749999 0.07655169166666667 0.5014447921875 0.08223086249999999 0.5019578625000001 0.08641212916666667 0.50104839375 0.09328391041666667 0.5041140375000001 0.10528237291666667 0.50316045625 0.10867825416666667 0.5033902968749999 0.1147065375 0.505927203125 0.12733035833333334 0.5079069265625 0.1322970125 0.5100062078125001 0.13460221249999998 0.512001596875 0.13476224166666664 0.5147491734375 0.13378062708333335 0.5167822859375 0.13087197916666668 0.5204457203125 0.12956316041666666 0.5246001703125 0.1306976625 0.5289403484374999 0.13438455 0.5325567859375 0.14749560625000002 0.5377971546875 0.15566191458333334 0.542461790625 0.17887345416666667 0.5486180203125001 0.18671255625
0 0.10651317812500001 0.5641993145833334 0.09308058125 0.56899831875 0.087852990625 0.57392115625 0.0869812453125 0.5777242583333333 0.090323728125 0.5813311291666667 0.0932698140625 0.59599105 0.09325414843749999 0.6007976770833333 0.088136840625 0.6144102541666666 0.0836834953125 0.61992939375 0.0845836890625 0.6244088145833333 0.091268653125 0.6316225625 0.0943784109375 0.6470969208333333 0.0971921578125 0.6513291520833333 0.11345416718750001 0.6459557520833333 0.124318525 0.6381461770833333 0.130024346875 0.6225775145833333 0.131336603125 0.6111972645833333 0.1294700484375 0.5970245791666666 0.1269836453125 0.5944212291666666 0.1265744671875 0.5923851291666666 0.1301276203125 0.5823865666666667 0.1272256484375 0.5712025437499999 0.1215824890625 0.5675447083333334 0.1133774828125 0.5674208749999999 0.10651317812500001 0.5641993145833334
0 0.5939617953125 0.23161677708333334 0.577233715625 0.21838903541666665 0.57238685625 0.21706545208333333 0.5694314953124999 0.21375672916666666 0.5651574890625 0.21528368541666668 0.5622903531250001 0.21892675625000002 0.559407553125 0.22737645208333335 0.550642475 0.237491225 0.5473946078124999 0.24738071666666667 0.5479517921875 0.25503788125 0.5565061984375 0.25852854166666667 0.5580767437499999 0.2614590958333333 0.5585962046875 0.2721849375 0.560494090625 0.276744375 0.5656462359375001 0.2779588895833333 0.570455371875 0.28235115 0.5815559609375 0.28711443333333336 0.5877655796875 0.28707823541666666 0.5917342999999999 0.28566034791666667 0.5968800546875 0.28033028958333334 0.5990106671875 0.2730222395833334 0.5992875078125001 0.26463065 0.602469203125 0.24952731250000001 0.6017483484375 0.2410557083333333 0.5939617953125 0.23161677708333334
0 0.702480665625 0.23431014375 0.704639725 0.23528461250000002 0.705152796875 0.23946588125 0.701659421875 0.24813371458333336 0.7008538453125001 0.25715065833333334 0.7024087234375 0.26488783958333334 0.7071139671875 0.26713493125000004 0.711022909375 0.2670477708333333 0.7273446984375 0.26034364583333336 0.7310238 0.25422819999999996 0.7362513890625 0.2493053625 0.7377337078124999 0.245284125 0.7393889734375 0.23072612916666665 0.73858628125 0.22184730416666668 0.73467095 0.21538989166666667 0.72470966875 0.20978311458333332 0.7181947640625 0.20992838125000002 0.7042554875 0.21709068958333333 0.7001074296875001 0.2225007625 0.700828284375 0.23097236666666668 0.702480665625 0.23431014375
0 0.3179836078125 0.3725506229166667 0.3192268109375 0.3738523 0.324111390625 0.37210720625 0.326289003125 0.35037928125 0.3253760296875 0.33281071458333333 0.326656953125 0.3310437125 0.3266726203125 0.3262370875 0.32813288281249997 0.3204779020833334 0.32816421406249996 0.3108646541666667 0.331821259375 0.30301126041666665 0.33267095 0.29747021041666666 0.3274177984375 0.27621475624999997 0.324500159375 0.26983735833333333 0.32351813125 0.26495071666666664 0.324062534375 0.2595187375 0.3223219265625 0.24922916874999998 0.31928473125 0.245513225 0.3164332609375 0.24434967291666665 0.3125463765625 0.24617477916666666 0.3081969234375 0.25383908958333334 0.30327461875 0.25865285833333335 0.296690659375 0.27148005000000003 0.2893637890625 0.2740976895833333 0.284025915625 0.27033078541666666 0.282209865625 0.26617857083333335 0.2740361890625 0.2564414875 0.27175118125000003 0.2515839 0.261560059375 0.23994883958333332 0.2590516 0.23560754166666667 0.255060821875 0.23528748124999999 0.2434506671875 0.2507832729166667 0.23663047656249997 0.25103760833333333 0.22930360625 0.25365524791666666 0.228573475 0.25653483958333334 0.231535225 0.26638813541666667 0.23231585937500002 0.2735290125 0.22359489687499998 0.28711968125 0.2210109921875 0.28891573541666665 0.216623815625 0.2996487208333333 0.21740445 0.30678959791666666 0.220501425 0.3091748125 0.22131978281250003 0.3132470125 0.2204480359375 0.3170501125 0.2213325640625 0.32633615625 0.2258207453125 0.33564411041666664 0.2289995578125 0.3384365458333333 0.23138845937500002 0.3454393 0.23630148750000002 0.35197672708333333 0.23844488125000002 0.3577578229166667 0.2436852515625 0.36592413333333335 0.25466628125 0.37334887083333335 0.2618799859375 0.37993726250000004 0.2737107046875 0.38182095208333333 0.3059294375 0.37118322291666667 0.3179836078125 0.3725506229166667
0 0.33046875 0.25416666666666665 0.0015625 0.0020833333333333333
0 0.3429305046875 0.25408723125 0.339676246875 0.25743214999999997 0.33393558749999996 0.25817371875 0.335096953125 0.259068175 0.334344765625 0.26020981875 0.336689553125 0.2637366770833333 0.33868494375 0.26389670833333334 0.3492062921875 0.25926487708333334 0.34963113749999997 0.25649435416666666 0.3519915921875 0.2552145875 0.35837415625 0.24464163125 0.358918559375 0.23920965 0.3559254765625 0.23896960416666665 0.34950518750000004 0.2526112375 0.3429305046875 0.25408723125
0 0.3453408421875 0.22049181874999998 0.344097640625 0.21919014375 0.32608575 0.22562517291666667 0.3258025203125 0.2274721875 0.3282070875 0.22966832083333333 0.3341114203125 0.22974118958333334 0.3367771609375 0.22835235625 0.3381178640625 0.22525462708333333 0.3448341625 0.22285512500000002 0.3453408421875 0.22049181874999998
0 0.2359375 0.21145833333333333 0.0015625 0.004166666666666667
0 0.225378378125 0.21621291666666667 0.213890665625 0.21115148125 0.2106300203125 0.20795182916666669 0.20409305781249998 0.20635914583333334 0.20030367343750002 0.20378484791666668 0.19378876875 0.2039301125 0.1849575234375 0.20883104375 0.1775018171875 0.22546133541666666 0.17738225937500002 0.22812279166666669 0.17958543437500002 0.23257315833333334 0.1880202828125 0.23872527708333333 0.1935659390625 0.24678251666666667 0.20684764531250002 0.25425821875 0.21112804375 0.25927583541666666 0.2184613046875 0.26320276875 0.22824324687500003 0.2728017291666667 0.22946439062500001 0.27236545625 0.229747621875 0.27051844166666666 0.22443469062500002 0.25059371458333335 0.2361771859375 0.24552561041666668 0.23934960625 0.24177347083333334 0.238301409375 0.2316729875 0.23257002343750002 0.22106335833333332 0.225378378125 0.21621291666666667
0 0.803731821875 0.19595430208333334 0.80204171875 0.19568520208333334 0.7972923609375 0.18996221458333334 0.7867205109375 0.184573575 0.7793936390625 0.18719121458333332 0.775997765625 0.19145964166666665 0.77520785625 0.19566996458333333 0.7753401953125 0.20609765208333333 0.77696124375 0.21904867708333334 0.7747487937499999 0.22594951041666667 0.77204533125 0.23040702083333334 0.7710760828125001 0.23860952500000002 0.7732572 0.24132194375 0.780099446875 0.24280555833333334 0.7841343390625 0.2466015166666667 0.7880653375 0.2482523041666667 0.79905564375 0.24432584583333333 0.8020643937499999 0.23975926666666666 0.8066088515625 0.2232961479166667 0.8062153390625 0.21645342291666667 0.8086889609375 0.20596762916666667 0.80748348125 0.20159727500000002 0.803731821875 0.19595430208333334
0 0.7504978109375 0.36904233125 0.749566284375 0.37417615833333334 0.7504508125 0.38346220416666665 0.7484995359375 0.3867780708333333 0.7483201984375001 0.39077025625 0.7507091 0.3977730104166667 0.762234534375 0.39976576875000003 0.7754564609375 0.40857219791666666 0.7812569015624999 0.4064999 0.78371485625 0.40082072916666667 0.7831953953124999 0.3900948875 0.7842464796875 0.3822996020833333 0.7827357140625 0.37803831875 0.78071826875 0.37614034166666666 0.7719624671875 0.37490391666666667 0.767622290625 0.3712170270833333 0.765888075 0.36747203333333334 0.7627092625 0.3646795979166667 0.7574155031250001 0.3643885895833333 0.7504978109375 0.36904233125