0 0.7899143390625001 0.6473765854166668 0.7857953796875 0.6522280291666667 0.7795693734375 0.6503115145833332 0.776839321875 0.6547163041666667 0.773534640625 0.6567587229166667 0.7545210328125 0.6605220125 0.7506894890625 0.6637135416666666 0.7502103953125 0.6683741333333334 0.75083279375 0.6742479854166666 0.7570822828125 0.68928464375 0.7609377109375 0.6878488541666666 0.762733859375 0.6831565875 0.765415940625 0.6809225166666667 0.7666611421875 0.68130581875 0.7715698921875 0.6889362125 0.7834231890625001 0.6943333333333332 0.787134909375 0.6937275020833333 0.7884280796875001 0.6919400854166666 0.7945105796874999 0.6890043583333333 0.803849590625 0.6918791333333334 0.8079205796875 0.68919840625 0.8101237687499999 0.6859427270833333 0.8117045578125 0.6768131958333333 0.8109145671875 0.6700135604166667 0.8065806468750001 0.6590633374999999 0.8003068734375001 0.6536353395833333 0.7971222171875 0.6474098604166667 0.79376976875 0.6459407979166667 0.7899143390625001 0.6473765854166668
0 0.1492591609375 0 0.1511417609375 0.007530383333333333 0.1463516265625 0.031407497916666666 0.150350559375 0.03482395208333333 0.159785309375 0.03903948958333334 0.1631616421875 0.042264293749999994 0.16596314375000001 0.048808925 0.17106357187500001 0.05343864166666667 0.174798975 0.06027075208333333 0.1808571875 0.06694368541666668 0.189262296875 0.06953098125 0.1982183546875 0.06704270625 0.207390175 0.057627295833333335 0.21320954531249997 0.04674282083333334 0.2208487484375 0.03860402291666667 0.22393807031250001 0.032124339583333335 0.229781125 0.02867780625 0.23241523593750002 0.02861445625 0.236989203125 0.02302888125 0.23801904375 0.01897491875 0.2341881046875 0.005119845833333333 0.23382251874999999 0 0.1492591609375 0
0 0.5911696796875 0.3427350458333333 0.5949773390625 0.33778777708333335 0.596486275 0.329073225 0.5948342359375001 0.32157113125 0.593493296875 0.3198470666666667 0.5871954359375 0.3183455291666667 0.58072978125 0.3216004104166667 0.570049025 0.33973037500000003 0.5690428671875 0.35122227916666665 0.5633196375 0.3520831125 0.5593443859375 0.35610459791666665 0.5580512140625 0.3578920145833333 0.557188965625 0.36287175833333335 0.5532375968750001 0.3686489875 0.5514410453124999 0.3847056583333333 0.5524225140625 0.3941868166666667 0.5494291328124999 0.39632506041666665 0.54669908125 0.4007298520833333 0.5431310703125 0.40050572500000003 0.54114344375 0.40251646875 0.5392274703125 0.4097944333333333 0.5392752375 0.4133059145833334 0.540711915625 0.41637074375 0.5464829156250001 0.41902138958333335 0.552278 0.4177455770833333 0.556971590625 0.4152565041666667 0.5575703062499999 0.41369241458333333 0.5743329578124999 0.409673325 0.5803915734375 0.40498185625 0.5824032859375 0.3990446541666667 0.5856122296875 0.39566147291666665 0.586354653125 0.3932674270833333 0.5900186046875 0.38915011250000003 0.592341415625 0.3889909375 0.595837775 0.3839478416666667 0.6057285390625 0.35901823958333334 0.60936860625 0.3531451854166667 0.6098477 0.34848459375 0.6070939671875 0.34545144375 0.601251115625 0.343215775 0.5958630703125001 0.345928175 0.591289303125 0.34583155 0.5911696796875 0.3427350458333333
0 0.45316769062500006 0.3046256583333333 0.45187431718750004 0.31209527708333334 0.4537180328125 0.3165966895833333 0.45709436718749996 0.31982149375 0.4582197453125 0.3227904958333333 0.45771676718750004 0.32569534791666666 0.4518257421875 0.3313125979166667 0.44385155625 0.33191763124999996 0.44179207500000006 0.3343433520833334 0.44121724375 0.33766318125 0.44229465156250003 0.34280290416666664 0.448496371875 0.3543280791666667 0.4473946765625 0.3587970208333333 0.44001860156249994 0.37488456458333336 0.4396113625 0.37913017916666664 0.4458851359375 0.38455817708333334 0.4509139125 0.38392066875 0.45922328281249997 0.38516720416666667 0.4616898015625 0.38417806875 0.46978361093750004 0.38666953958333333 0.4722501296875 0.38568040625 0.4735673859375 0.37996653125 0.47608187500000004 0.376806675 0.4838643828125 0.37920232083333333 0.48508570000000006 0.3778298833333333 0.4880076296875 0.36474221458333334 0.4917195515625 0.35845418333333334 0.4940186796875 0.3508570645833334 0.4955276140625 0.3421425104166667 0.49502483750000004 0.33936516041666664 0.47871800000000003 0.31992131458333334 0.46846917499999996 0.31283260625 0.46159688593750003 0.30328649375 0.45848388125 0.30232823541666665 0.45316769062500006 0.3046256583333333
0 0.853309659375 0.39108290208333335 0.8543633843749999 0.38878468125 0.8561354484375 0.38801887291666665 0.8557284109375001 0.38658228541666667 0.8509631671875001 0.38380413750000003 0.8495981421875 0.38600653333333335 0.8503164796875 0.38753894583333337 0.8528068828125001 0.38830555208333334 0.853309659375 0.39108290208333335
0 0.953885771875 0.36128616458333335 0.9489047640624999 0.36543515416666666 0.943325240625 0.3654660291666667 0.9380811046875 0.36166627291666664 0.9365725734374999 0.3590164229166667 0.9324058453124999 0.3603563854166667 0.918061340625 0.3769214625 0.916265190625 0.38161372916666664 0.9150436718750001 0.38866836875 0.91652811875 0.39524467708333333 0.9150432687500001 0.40003277083333333 0.9105170687499999 0.40912982708333334 0.903811765625 0.41755610416666666 0.9025902468749999 0.42461074374999996 0.9044337625000001 0.4347943583333333 0.9077860109375001 0.44194562083333333 0.9101327046875 0.4435421854166667 0.9107791890625 0.4454895770833333 0.9163107421875001 0.44762942083333335 0.9233510265625 0.4467369104166667 0.9317324546875 0.4418862666666667 0.9336721109375 0.44204624375 0.936042890625 0.43971634583333336 0.9386770015625 0.43965299375 0.9455737796875001 0.4339082416666667 0.9568763296875 0.4386987333333333 0.9637490234375001 0.43688043958333334 0.9668861140624999 0.4339122375 0.9696163640625001 0.42382524791666665 0.9726815999999999 0.42127202291666666 0.9744779515624999 0.41089755625 0.9744062984375 0.40563033333333337 0.972347221875 0.39669165208333335 0.973568740625 0.38963701458333333 0.9767776843749999 0.3862538333333333 0.9777356703125 0.3826148520833333 0.9771612421875 0.3745702791666667 0.9694507874999999 0.36607745416666665 0.9624345890624999 0.3630435041666667 0.959058253125 0.3598187 0.953885771875 0.36128616458333335
0 0.7040725390625 0.47277646458333333 0.69945120625 0.46348615625 0.6966974718750001 0.46045300624999996 0.692722421875 0.4587922916666667 0.688627546875 0.459717275 0.6853228671875 0.46175969375000003 0.6744028656250001 0.4736966541666667 0.6719122625 0.47861225 0.6704033265625 0.48732680208333334 0.66796069375 0.4900716770833334 0.6671464140625 0.49288070208333334 0.657735146875 0.5017853104166666 0.655244340625 0.51238310625 0.6553398765625 0.5194060666666667 0.6585006484375 0.52387580625 0.6630025625 0.5243874104166667 0.6690370921875 0.5236224020833333 0.675407009375 0.5190267604166666 0.675550515625 0.5238790020833333 0.67320361875 0.5279646416666667 0.6721976625 0.53377434375 0.674089146875 0.5417872395833334 0.680362721875 0.5528974375 0.6866603796875 0.560081175 0.6914256234375 0.562859325 0.6956880890625 0.5628601229166666 0.70320746875 0.5573070208333333 0.706176965625 0.5534130354166666 0.7117089203125 0.5441884791666667 0.7126669078125001 0.5405494958333333 0.71573214375 0.5379962708333333 0.723083728125 0.5371995875 0.725143209375 0.5347738645833334 0.729023328125 0.5123650145833333 0.7308194765625 0.5076727458333333 0.7312028328125 0.5016713916666666 0.7268448296875001 0.49464763125 0.7192539984375 0.48925130833333336 0.7115915171875 0.47858776458333335 0.7094124140625 0.4779169833333333 0.7040725390625 0.47277646458333333
0 0.4417748421875 0.14507498333333332 0.435237534375 0.14306264166666666 0.43075950625 0.14430677708333334 0.42630536093750004 0.14730665416666666 0.42022245937499997 0.16160678333333334 0.416271090625 0.16738401041666667 0.415121425 0.17402367083333334 0.41847307031250003 0.1982215375 0.4212506875 0.20301043125 0.43494790156249996 0.20722676458333333 0.44991460625 0.20221774166666667 0.4544406046875 0.19880288541666669 0.4548717296875 0.1963130125 0.4570030625 0.1934723125 0.45894292031250006 0.18795008541666666 0.46069150312499996 0.1740641375 0.4600211328125 0.17036100416666666 0.46071578906250005 0.16445547708333336 0.45422685625000003 0.14890801458333333 0.448288265625 0.14533158124999998 0.4417748421875 0.14507498333333332
0 0.541982165625 0 0.54036715625 0.009327170833333334 0.545563321875 0.015297647916666665 0.5506396640625 0.023853822916666666 0.55478230625 0.026440320833333333 0.5554287921875 0.0283877125 0.56625245 0.03215659375 0.5689106453125 0.028166783333333334 0.5714255374999999 0.013642527083333333 0.570635484375 0.008591260416666666 0.5427258562499999 0 0.541982165625 0
0 0.5268086109375 0.1463359 0.5116269499999999 0.13554325625 0.5004201375 0.13209352708333333 0.4897401890625 0.12749468958333335 0.484496053125 0.12369493125 0.4779587453125 0.12168258958333333 0.47472611875000004 0.11762782916666666 0.4677578890625 0.11242315833333333 0.4630165296875 0.11140075208333333 0.4585385015625 0.11264488958333334 0.45537732656249996 0.11953955000000001 0.45394024687499995 0.127839125 0.45635859375 0.13470291041666668 0.45671745937499997 0.14399241875 0.459854346875 0.14670641875 0.46326670937500003 0.14688263125 0.4616980640625 0.15120783333333332 0.46653516249999993 0.15357100208333332 0.469240925 0.15877487291666667 0.47005480000000005 0.16733025 0.47517911249999994 0.17371570625 0.477573575 0.17882375208333334 0.47848298749999996 0.1944020916666667 0.48157190625 0.19928680833333334 0.494622434375 0.20723795208333332 0.4986693390625 0.2084836875 0.5104750671875 0.20468712708333334 0.5224481890625 0.2074985479166667 0.5297281218750001 0.20143464375 0.5319074265625 0.19642322291666667 0.5373914125 0.18936938541666667 0.5369604890625 0.18617705625 0.5322434171875 0.17554598541666666 0.531477309375 0.17050209166666666 0.5295617390625 0.16641565625 0.52893974375 0.14917740000000002 0.5268086109375 0.1463359
0 0.8876089296874999 0.16648278333333336 0.8854539125 0.16188554166666666 0.8747978468750001 0.15904244375 0.867134759375 0.16542550208333334 0.863446521875 0.17915147499999998 0.8618896171875001 0.19003674791666667 0.8649305640625 0.1970921875 0.8739580734375 0.20555333541666665 0.879513509375 0.20944891875000002 0.8835604140625 0.21069465416666666 0.898263584375 0.20910128749999998 0.8993891640625 0.20638808958333332 0.89115205 0.19336217291666669 0.8902904062499999 0.1812953145833333 0.8872494578125 0.17423987708333336 0.8884468906249999 0.1711117 0.8876089296874999 0.16648278333333336
0 0.57544513125 0.1097299375 0.5766907375 0.09874883958333333 0.5803069187500001 0.09112004583333334 0.5793971046874999 0.08690610625 0.5762602171875 0.08419210833333332 0.5607909390625 0.08074158125 0.5534393515625 0.08153826458333334 0.5473568531249999 0.08447399166666666 0.5442197625 0.08744219375000001 0.5422799046875 0.09296441875 0.5403641328125001 0.09456018541666666 0.5359097875 0.1032422625 0.5298989390625 0.1114452125 0.5271209203125 0.11802072291666667 0.5183081671875 0.13104344166666668 0.51766148125 0.13477824791666665 0.5183079640625 0.13672564166666668 0.5221631921875 0.14097205416666667 0.5260663875 0.14304774583333335 0.52977790625 0.14812411666666667 0.5306638375 0.1505823125 0.5300649187500001 0.15782860416666666 0.5314295421875 0.16699061041666668 0.536673275 0.18215477083333334 0.540336821875 0.18940185833333334 0.555590540625 0.19409732291666665 0.5627984171875 0.19413059791666668 0.5670369984375 0.19237565625 0.5720178046875 0.19390886875 0.577261740625 0.2033908270833333 0.5807340140624999 0.20227418958333335 0.582554046875 0.19933766458333332 0.5850687375 0.19049560833333334 0.5906484609375 0.18478253125000002 0.5935701890625 0.17737706666666667 0.5985034265625 0.16971659583333334 0.6002279234375 0.15975710625 0.5918711890624999 0.1436346895833333 0.5912726734375 0.13951657708333334 0.58452020625 0.12738476875 0.5819342671875 0.1195952 0.57544513125 0.1097299375
0 0.1290348015625 0.131417375 0.1195039125 0.13722547708333332 0.11744443125 0.1396512 0.10015471718749999 0.1505016 0.09474278593749999 0.15145826041666668 0.0861939703125 0.14970092083333333 0.083751334375 0.15244579583333331 0.08396669531249999 0.1568830604166667 0.0886359984375 0.16400264791666666 0.09002470625 0.16923819583333335 0.0888511578125 0.17412211458333332 0.083271434375 0.17983519166666667 0.0820740015625 0.18296336875 0.085857375 0.18762476041666665 0.0948371140625 0.19257442708333333 0.0990754953125 0.1965016875 0.10475075625000001 0.19781157291666668 0.12005284375 0.18897191458333334 0.1296796734375 0.17882237291666667 0.134828475 0.16991696666666664 0.1426830390625 0.16621543333333333 0.1451017890625 0.16171481666666668 0.145844415625 0.15363856874999998 0.1457011109375 0.143104125 0.14486314843749998 0.13847520833333335 0.142875725 0.13480375 0.132052065625 0.13103486875 0.1290348015625 0.131417375
0 0.6277031796875 0.59001340625 0.6212377265625 0.5875860854166667 0.6168315515625 0.58841524375 0.6120899921875 0.5930750354166666 0.6101503359375 0.5929150604166666 0.608785309375 0.59511745625 0.5973147640625001 0.6007655833333333 0.594728421875 0.6043404166666666 0.5941535890625 0.6076602458333333 0.6010019953125 0.6154506125 0.60593483125 0.6191545479166667 0.61034100625 0.6183253875 0.6197281859375 0.6133472416666667 0.6260260484375 0.6148487770833333 0.6277740265625 0.61800943125 0.6270311984375 0.6317678791666667 0.62925806875 0.6359501416666667 0.6326584875 0.6352484833333333 0.641566778125 0.6292487291666667 0.64594926875 0.6209816291666667 0.6460452109375 0.6166401895833334 0.6448959484375 0.6119154479166667 0.643650746875 0.6115321437500001 0.6379758890625 0.5988578583333334 0.6349827109375 0.5953139020833333 0.6277031796875 0.59001340625
0 1 0.37218149791666666 0.998497659375 0.37064781458333335 0.9948577921874999 0.37083866666666665 0.9868834062499999 0.3771259 0.9751491250000001 0.3918718854166666 0.9739994609375 0.39851154375 0.9786685640625 0.4113133333333333 0.9813261546875 0.42437012500000004 0.9848223140625001 0.42500922916666667 0.9925811390625 0.41996693125 1 0.4179653208333333 1 0.37218149791666666
0 0.7473296796875 0.1945482625 0.747808775 0.18988767083333336 0.740026265625 0.187492025 0.7396669953125 0.18956691875 0.7413431203124999 0.19314255208333334 0.746252071875 0.19509074166666668 0.7473296796875 0.1945482625
0 0.794096384375 0.21418935416666668 0.7958206796875 0.20991206458333334 0.795677171875 0.20505982291666666 0.7935701265625 0.1982918625 0.7836564859374999 0.19305471666666665 0.7764247234375 0.19126570208333332 0.77101279375 0.1922223625 0.767827734375 0.19736128333333333 0.765193825 0.19174243333333332 0.7624396890625 0.20007368333333334 0.7639241343750001 0.20664999375 0.7621279859375 0.21134226041666665 0.7524770703125 0.2254182625 0.7477834796875 0.2279073375 0.7385163234375 0.22461758333333334 0.7312847625 0.21714636874999999 0.7266152578125 0.21570898125000001 0.723142984375 0.21682561666666667 0.7104754093750001 0.21423752083333333 0.7032675312500001 0.21420424791666667 0.6976639234374999 0.21816158541666666 0.696250928125 0.2225347 0.698070559375 0.2309625729166667 0.6942863796875 0.24902998750000002 0.6948369249999999 0.25531881875 0.6967045265625 0.261575975 0.6964642734375001 0.28379397291666664 0.6978290968749999 0.2872737791666667 0.7001757921875 0.28887034375000004 0.7159328890625 0.27929655416666666 0.71873459375 0.2801589854166667 0.7207938703125001 0.28341546458333333 0.721727571875 0.28938514374999996 0.7269715046874999 0.29886710208333334 0.7304433765625 0.30911486666666665 0.73578325 0.31425538750000004 0.7404527546875 0.315692775 0.7453139375 0.31412948541666663 0.7545335265625 0.30822555625 0.76061643125 0.293925425 0.76418464375 0.28846735 0.7659809953125001 0.27809288125 0.7689984609375 0.27202817916666666 0.7722792593750001 0.2682300166666666 0.7776434203125 0.2637618770833333 0.784109075 0.2605069958333333 0.7881320953125 0.25999698958333334 0.7894252671875 0.258209575 0.795148496875 0.25734874166666666 0.7979022312499999 0.26038189166666664 0.8012546796875 0.26185095625 0.8024041421874999 0.2608934958333333 0.8039849312499999 0.2517639625 0.8036977171874999 0.24774167708333333 0.8029316109375 0.24269778333333333 0.8002977 0.23707893333333332 0.8000823406249999 0.23264166875 0.7935454359375 0.219264925 0.794096384375 0.21418935416666668
0 0.733754103125 0.13660642083333335 0.7331792703125 0.13992624999999997 0.7349513359375 0.13916044375 0.73461615 0.13730887708333334 0.733754103125 0.13660642083333335
0 0.7543017390625 0.09179111458333335 0.754206 0.09045035208333332 0.753775078125 0.08725802499999999 0.752769121875 0.09306772916666667 0.7543017390625 0.09179111458333335
0 0.752769121875 0.09306772916666667 0.752553559375 0.09431266458333334 0.75394246875 0.09386600833333333 0.752769121875 0.09306772916666667
0 0.77786381875 0.12614411875 0.7804258749999999 0.13217794791666665 0.781838465625 0.13916923333333334 0.7867951859375 0.14462890833333333 0.79239859375 0.14635377291666665 0.80810751875 0.14463290208333335 0.8107657156249999 0.14064309166666666 0.8125377796875 0.13987728541666666 0.8179980812500001 0.12538550416666666 0.8335394171875 0.12273885208333332 0.8445549531250001 0.11782485416666666 0.8554508703125 0.10981435625 0.8596177984375 0.10279219375 0.8593732 0.09747173333333332 0.7978197359375 0.07852408541666667 0.7983875703125001 0.07957307291666667 0.794819359375 0.08503114583333334 0.789958175 0.08659443750000001 0.7861507171875 0.08585950625000001 0.7781524453124999 0.09039099791666666 0.775182946875 0.09428498333333332 0.7719499187500001 0.101594625 0.7713750859374999 0.10491445416666667 0.7762358671875 0.11471556666666666 0.77786381875 0.12614411875
0 0.8999123984375 0.30751859375 0.8970388406250001 0.30707114166666666 0.893781928125 0.3126250395833334 0.88872906875 0.3171890083333333 0.88631051875 0.31600742291666667 0.8833173390625 0.31246346666666663 0.883365309375 0.31029274791666667 0.8818088062499999 0.30981361874999996 0.881090265625 0.31396340625 0.878384303125 0.31444173541666665 0.8728764328124999 0.31973983333333333 0.8720860390625 0.3243046 0.8736903093749999 0.3282952104166667 0.8702651984375 0.34996993125000003 0.8649726890625 0.35970529375000004 0.8640385859374999 0.36510001875 0.8602309281249999 0.37004728750000004 0.8586742234375 0.37525036041666665 0.8558245515625 0.37655864583333337 0.8459582749999999 0.38619738541666665 0.844090271875 0.39130463125 0.8421502140625 0.40250905625000005 0.8427726124999999 0.40838290833333335 0.8481124859375001 0.4135234291666666 0.8481363703125 0.4152791708333333 0.8517760359375 0.42077051875000004 0.8628391390625 0.42505020416666667 0.8703344328125 0.42342356458333336 0.8749079984374999 0.42920238958333334 0.8770871 0.4298731708333333 0.8915991984374999 0.4142338770833333 0.9012501140625 0.400157875 0.9020643937499999 0.39734885000000003 0.9058240828124999 0.39457229791666665 0.9074765234375001 0.3907099875 0.9106854671875 0.38732680625 0.91700801875 0.36785528125 0.924647421875 0.35403428124999997 0.9252943109375 0.3446172708333333 0.9195955703124999 0.33018724375 0.9107597390625 0.31872541875 0.908652490625 0.31763965625 0.9039113328124999 0.31093505000000005 0.8999123984375 0.30751859375
0 0.576040221875 0.21044546458333332 0.572400153125 0.21631851875 0.5705562359374999 0.21749930416666666 0.5671795000000001 0.22563890208333334 0.564018121875 0.2382157666666667 0.5612641875 0.24086481458333334 0.5601624921874999 0.24533375625 0.5579593046875 0.24858943541666667 0.5574322406250001 0.25542074583333335 0.55882095 0.26065629375 0.5624606140624999 0.26614764166666666 0.573595571875 0.27001235 0.5779058078125 0.27352462916666664 0.581952709375 0.2747703645833333 0.5863350015625 0.27218546666666665 0.5981170484375 0.2609509625 0.6010626609374999 0.2553012375 0.6024758578125 0.24524592083333333 0.60094364375 0.23515813124999999 0.5937363703125 0.21807825625000002 0.5870555562499999 0.21121366875 0.57989565 0.209009675 0.576040221875 0.21044546458333332
0 0.17723798125 0.15980549166666666 0.17673520468749998 0.15702814375 0.1765435265625 0.16002881875 0.17723798125 0.15980549166666666
0 0.23226689218750002 0.16013503333333334 0.2260649703125 0.15429205833333332 0.2185937625 0.15199223958333336 0.211074584375 0.15186313958333333 0.207578225 0.15690623541666668 0.2049914796875 0.17184546875 0.199914734375 0.17465369583333334 0.1965384 0.17142889375 0.19493413125 0.16743828125 0.195030271875 0.15741464166666666 0.1920370921875 0.1538706875 0.1883014890625 0.15272077708333331 0.187391471875 0.15418903958333333 0.1836797515625 0.15479487083333332 0.1845895671875 0.15900881041666667 0.1826019421875 0.16101955416666666 0.181811546875 0.16558431875000001 0.178722428125 0.1663818 0.1783151875 0.17062741458333336 0.180590028125 0.17263895625 0.1811405734375 0.17892778750000002 0.177787921875 0.18314092708333335 0.1762071328125 0.19227045833333334 0.1789124921875 0.20883873125000002 0.1802534328125 0.21056279583333334 0.1811871328125 0.216532475 0.183246409375 0.2197889541666667 0.183725103125 0.2264927625 0.181569278125 0.244624325 0.177354378125 0.25381721041666666 0.1751987578125 0.26626657291666667 0.1728992265625 0.2852280916666666 0.17574869843750002 0.28960200625 0.1848725484375 0.2823573145833333 0.1871471890625 0.2900510583333333 0.1938518875 0.2986713833333334 0.20211328750000002 0.3020886375 0.20793205312500002 0.3082507666666666 0.21293674375 0.3115397208333333 0.2176062484375 0.31297710625 0.2203122140625 0.31249877708333335 0.22268299374999997 0.31016888125000003 0.2269697484375 0.30056101874999996 0.23264581406249998 0.27914209999999995 0.23408269375000001 0.27652472499999997 0.24006945625 0.27224823750000005 0.2409317046875 0.26726849166666666 0.23810631875000002 0.25896811875000003 0.2360952109375 0.24785871874999998 0.2293427453125 0.2357269125 0.2303248171875 0.22816146875 0.22927129375000002 0.22477748958333335 0.23327042968749997 0.22251174166666668 0.24067099375 0.19113333541666666 0.23925840156249997 0.18414204791666666 0.2363850453125 0.17801239375 0.23753470937499999 0.17137273333333333 0.2366248953125 0.16715879583333332 0.23226689218750002 0.16013503333333334
0 0.60794220625 0.06028811458333334 0.6108157624999999 0.06073556458333333 0.6128511578125 0.062236304166666666 0.6146948734375 0.06673772083333333 0.6187176937500001 0.07190991458333333 0.623602759375 0.07210236666666667 0.63203215625 0.06508100208333333 0.63519333125 0.05818633958333333 0.6423297578125 0.0472701875 0.6443414703125 0.04133298541666666 0.6497536015625001 0.034694125 0.6500410171875 0.03303421041666667 0.5868470484375 0.013581575 0.5851225515625 0.023541062499999998 0.5855534734375001 0.026733391666666665 0.5870381203124999 0.027627500000000003 0.5900790687499999 0.0346829375 0.5895999749999999 0.03934352916666666 0.591156275 0.04550485833333333 0.59072495 0.053676933333333336 0.5943884984375 0.060924020833333335 0.6025541609375 0.06300051458333333 0.60794220625 0.06028811458333334
0 0.7125 0.3020833333333333 0.0015625 0.0020833333333333333
0 0.7226130984375 0.30320774166666664 0.7238344171875 0.30183530416666665 0.7198595671875 0.29449238958333335 0.7190695765624999 0.28769275208333334 0.7166030578125 0.2886818875 0.716363409375 0.2938532833333333 0.719548065625 0.3000787625 0.719907134375 0.3036860708333334 0.7226130984375 0.30320774166666664
0 0.7036239796875 0.2916801666666667 0.70024744375 0.29413756458333334 0.695937209375 0.2906252833333333 0.6940216390625 0.2865388479166667 0.6943811109375 0.2787817520833333 0.693040575 0.26569328541666665 0.689975540625 0.26256430833333333 0.6860962296875 0.26224435625 0.6838932421874999 0.25981783541666664 0.6828638046875 0.25250739375 0.6803734015625 0.2517407875 0.6777870593750001 0.2553156208333333 0.671680675 0.25649560833333335 0.6627244171875 0.26466608333333336 0.6545585515625 0.2682717916666667 0.6516849953125 0.2678243395833333 0.6468238109375 0.26938762916666664 0.64529119375 0.27066424166666664 0.6425850265624999 0.27682477083333334 0.6411479453125 0.28512434583333335 0.6444042546875 0.29661704791666665 0.64469126875 0.3063215354166667 0.6463912765625001 0.31165290833333337 0.64356468125 0.3374457395833333 0.646150821875 0.33955310625 0.6522092374999999 0.3405438416666666 0.663847375 0.33582149583333337 0.6672000265625 0.33160835625 0.66825355 0.3349923354166667 0.667630546875 0.3461650875 0.670120746875 0.35261389375 0.678238440625 0.35686110625 0.6830753359374999 0.36490647708333335 0.68657149375 0.36554558333333337 0.6900917375 0.36225822708333333 0.6907384249999999 0.35852341875 0.6928697578125 0.3556827166666666 0.696390403125 0.3410309604166667 0.70153920625 0.33212555416666667 0.7043413109375 0.3216235854166667 0.7062570828125 0.3200278208333333 0.7141114453124999 0.3220084875 0.7154764703125001 0.3198060916666667 0.7159794484375 0.31690124166666667 0.7103041890624999 0.31559135416666667 0.70723915625 0.3124623791666667 0.7075026875 0.3090467208333333 0.70973768125 0.30926846875 0.7090353046875 0.3077701104166667 0.7090116234375 0.30033216874999996 0.7065214203125 0.29388336041666663 0.709347209375 0.2908193333333333 0.70738366875 0.2889036145833333 0.70549178125 0.2922551208333333 0.7036239796875 0.2916801666666667
0 0.8413668718749999 0.20819678958333335 0.8367931046875 0.20810016458333333 0.833728071875 0.20497118958333335 0.8326024921874999 0.2076843875 0.8273101859375 0.2117375520833333 0.8255138343749999 0.22211201875 0.8311409234375 0.231274825 0.8336309234374999 0.24340583333333335 0.833391275 0.24857722916666666 0.838683178125 0.25588846875 0.84055098125 0.256463425 0.843879546875 0.25617674583333333 0.8470166359375 0.25320854375 0.8539611828125 0.2509752708333333 0.866174153125 0.24293309791666667 0.8694549500000001 0.23913493749999998 0.8712511 0.23444267083333334 0.8720655796875001 0.22595144375 0.870628903125 0.22288661666666665 0.8649058734375 0.21806525 0.8498916046874999 0.21388058958333334 0.842875403125 0.21084663958333336 0.8413668718749999 0.20819678958333335
0 0.41985976249999996 0.26027909375 0.4155015578125 0.2589375333333333 0.41250837812499996 0.2553935770833333 0.40714482187499995 0.24281511458333332 0.4059235046875 0.24418755208333334 0.404917546875 0.24999725416666668 0.4038399390625 0.25053973333333335 0.401181540625 0.2602117479166667 0.3914814453125 0.3105516729166667 0.3920081078125 0.31508476458333334 0.4048908421875 0.327792325 0.409871646875 0.3293255375 0.41552302343749997 0.32887968333333334 0.42002513906249994 0.32370908541666665 0.423114459375 0.31722940208333333 0.429460490625 0.3108780208333333 0.43132849531249995 0.305770775 0.4338429828125 0.30261092083333335 0.43369947499999995 0.2977586770833333 0.43597451875 0.29408801875 0.43714826875 0.28352189791666665 0.433221390625 0.2740082625 0.4332215921875 0.2683260625 0.4302286125 0.25909990625 0.42618170781250003 0.25785417083333334 0.41985976249999996 0.26027909375
0 0.383437621875 0.24906747499999998 0.38219201875 0.26004857291666666 0.3838201734375 0.265794925 0.38683723593749997 0.2710946208333333 0.3883216828125 0.2776709291666667 0.3877227640625 0.28491721875000003 0.3885129578125 0.28603465625 0.39045261249999996 0.28619463125 0.39572103593749997 0.28038572916666665 0.4049902078125 0.22685347291666666 0.40254777500000005 0.22391614583333333 0.3950045125 0.22771350625 0.39387893281249997 0.23042670625 0.3895205265625 0.23476734583333334 0.383437621875 0.24906747499999998
0 0.8867845750000001 0.4534018541666667 0.8847730640625 0.45365685625 0.880414659375 0.4579974958333333 0.8781155296875 0.4655946145833333 0.877372703125 0.4793530645833333 0.87524136875 0.48219376458333335 0.873062265625 0.4815229833333333 0.8706916874999999 0.47817067916666667 0.870404675 0.46846619375000004 0.8682018890625001 0.46035746875 0.861497190625 0.45173714375 0.8576897328124999 0.4510022125 0.8532117046875 0.45224635 0.8455965875 0.4564586895833333 0.8429383906249999 0.4604485020833333 0.8411663265625 0.4612143083333333 0.8396575937499999 0.4642466604166666 0.8389868203124999 0.4719079291666667 0.8364002765624999 0.4811649645833333 0.83048536875 0.4850264729166666 0.828162559375 0.48518565 0.8254325078125 0.48959044166666665 0.8245214828125 0.5194697083333334 0.826604646875 0.5244819291666667 0.8312980359375001 0.52767505625 0.83280656875 0.5303249041666667 0.835272684375 0.5407001729166667 0.8389842015625 0.5457765416666667 0.8514601 0.5513653145833334 0.8623072374999999 0.5682543375000001 0.8661624640625 0.57250075 0.8725080937499999 0.57751376875 0.8756929515625 0.5780570479166667 0.87985988125 0.5710348833333333 0.8812969624999999 0.5627353083333334 0.8885291265624999 0.5531599208333334 0.8913790015625 0.5461694354166667 0.895306284375 0.5443186666666667 0.8997365437499999 0.5395630479166668 0.8995211828125 0.5351257833333333 0.896528003125 0.5315818270833333 0.8961450515625 0.5262187791666667 0.9013893875000001 0.5243363375 0.9075441468750001 0.5096212291666666 0.913626846875 0.5010033 0.9150639281249999 0.49270372500000004 0.9204280890625001 0.4882355854166667 0.9215059 0.4820109020833333 0.9194945921875 0.47658370624999996 0.9137237953125 0.46825085625 0.9031877546875 0.4571398583333333 0.8945431984375001 0.4540417583333333 0.8867845750000001 0.4534018541666667
0 0.8818467015625 0.59175294375 0.8772484453124999 0.60694718125 0.8664482687499999 0.6162984416666667 0.8595274046875 0.62596965625 0.8572282765624999 0.6335667729166666 0.8575873453125 0.6371740812500001 0.8594071781249999 0.6399197541666666 0.8666867078125 0.6452202499999999 0.870996740625 0.6544147333333333 0.8770069843750001 0.6632583875000001 0.883759853125 0.6640257916666666 0.8898184703125 0.6593343229166667 0.8928359359375 0.65326961875 0.8952550890625 0.6374046 0.8951356687500001 0.6286258979166667 0.897291290625 0.6161765354166667 0.896094259375 0.6079403104166666 0.8898923375000001 0.6020973354166668 0.8893658796875 0.5918820458333334 0.8852232375 0.5892955479166667 0.8818467015625 0.59175294375
0 0.7514502515625 0.14423921041666665 0.7502532234375 0.1360029875 0.7465178203125 0.12917087708333333 0.7369391624999999 0.13146749791666668 0.726522140625 0.14049960833333333 0.72175649375 0.14908586041666666 0.7145961828125 0.1582462708333333 0.7104533390625 0.16134197291666666 0.7018561484375 0.17311975625 0.7010657546875 0.17768452083333336 0.7023587234375 0.18157930416666668 0.70511245625 0.18461245833333334 0.7057828265625 0.18831558958333333 0.7031719937500001 0.20718128541666667 0.7056383125 0.21187435208333336 0.7086794609375 0.2132475875 0.731739771875 0.21641223750000002 0.7346372125 0.21861543125 0.7373429765624999 0.22381930208333334 0.7400009703125 0.22551169166666665 0.7449817765625 0.22704490625 0.7507768609375 0.22576909374999998 0.75932608125 0.21616202916666666 0.760355921875 0.21210806666666665 0.7639241343750001 0.20664999375 0.7666543875 0.19656300208333333 0.7702944546875 0.19068994791666669 0.7738871578125 0.1699410125 0.7735999421875001 0.165918725 0.771852165625 0.15707587291666666 0.7636391375 0.14012349791666667 0.757532753125 0.14130348333333334 0.7555451265625 0.14331422708333333 0.7514502515625 0.14423921041666665
0 0.9102023421875 0.5056314166666667 0.9063467125000001 0.5127494083333334 0.9007427015625 0.52807114375 0.901173625 0.5312634729166666 0.9084049828125 0.5444168895833333 0.9147746984375 0.5455034479166667 0.9233476015625 0.5433343270833333 0.93592004375 0.5275350583333334 0.9391053046875 0.5167139354166667 0.9383151109375 0.5155965 0.938866059375 0.5105209291666667 0.9371660515625001 0.5051895583333333 0.9341967546875001 0.5034013416666666 0.9220560437499999 0.49966413541666665 0.9164765203125 0.49969501250000004 0.9102023421875 0.5056314166666667
0 0.748616403125 0.37459127708333334 0.739301075 0.37915444375 0.7230414015625 0.38026868124999996 0.7149473921875 0.3834594125 0.7098947328125 0.3823411770833333 0.7058955953125 0.384606925 0.7043150093749999 0.38805425416666667 0.7041231296875 0.3967371333333333 0.7140843375 0.4111679604166667 0.71513745625 0.42591634166666664 0.7200462062499999 0.4335467333333333 0.717914671875 0.4420696375 0.717674821875 0.45292323333333334 0.721386340625 0.4579996041666667 0.7238048906250001 0.4591811875 0.7276123484375 0.45991611875 0.7401125328125 0.45589623125 0.7453327843750001 0.45794024791666665 0.7507683968750001 0.4644215291666667 0.755270309375 0.46493313541666664 0.7582877765625 0.45886842916666665 0.761424865625 0.45590022708333333 0.7654960578125001 0.44753729999999997 0.76753205625 0.4319914354166666 0.7696633890625 0.4291507354166667 0.774740134375 0.42634251041666665 0.77770963125 0.422448525 0.768060128125 0.39674912083333336 0.762576746875 0.38675635625000004 0.7580989203125 0.38231829375 0.755465009375 0.37669944375 0.748616403125 0.37459127708333334
0 0.264550084375 0 0.2647916796875 0.004487133333333334 0.2690776265625 0.017608075 0.27111261875000003 0.030473214583333335 0.2776736078125 0.03992349791666667 0.28102585625 0.04707476041666667 0.2840908890625 0.05020373958333334 0.28820964843749997 0.05103449375 0.29479512812499997 0.04519391666666666 0.29594519531249996 0.02718985416666667 0.295250940625 0.02173098125 0.29841251875 0.0034719166666666666 0.300064284375 0 0.264550084375 0
0 0.9423973875 0.19471252291666669 0.9357880234374999 0.19879736250000002 0.9310464640625 0.20345715625 0.92774158125 0.211181775 0.92644800625 0.2243335916666667 0.9246518578125 0.22902586041666667 0.9199341796875 0.23544139375 0.9192156390624999 0.23959118124999998 0.9153600109375001 0.24670917083333332 0.9111210249999999 0.25982851458333334 0.9028110484375 0.2756285833333333 0.901038784375 0.28207659166666665 0.8973748328125 0.2861939041666667 0.8922260328125 0.29509930833333337 0.8915074921875 0.2992490958333333 0.8936386234375 0.30209059583333336 0.893853984375 0.3065278625 0.89651218125 0.30253805 0.9056597156249999 0.3027313 0.91274796875 0.29966807083333336 0.9234281203125001 0.29858470833333334 0.9330547484375 0.29411736666666666 0.942729346875 0.28747930416666667 0.9514461593749999 0.2787980270833333 0.958798146875 0.2666369416666667 0.9635878796874999 0.2541242270833333 0.9657437015625 0.23599266458333332 0.9644989046875001 0.22424496041666667 0.9667741484375 0.2148921 0.9679236109374999 0.21393464166666665 0.96756474375 0.20464513333333334 0.9607161375000001 0.20253696666666665 0.95753148125 0.19631148541666665 0.9526943828125001 0.19394831666666665 0.9423973875 0.19471252291666669
0 0.6771437984374999 0.16245301458333333 0.672354671875 0.157919125 0.67091799375 0.15485429791666666 0.667014796875 0.15277860416666666 0.6631595703125 0.14853219374999999 0.65659858125 0.13908191041666665 0.65418003125 0.13790032291666668 0.647019921875 0.14137853125 0.6328674984375 0.14357852916666666 0.6277188984375 0.14680173333333332 0.6202954593750001 0.14801339791666665 0.6051609609375 0.1577788375 0.602814065625 0.16186447499999998 0.5985750796875 0.17498381875 0.5949350124999999 0.18085687083333332 0.589977084375 0.20949040208333333 0.6003451281250001 0.23104001875 0.6057801375 0.2545679041666667 0.6128202203125 0.25935759583333334 0.6197404796875 0.2667329854166667 0.6290794890625 0.2696077604166666 0.6313065625000001 0.26810782083333334 0.6365029296875 0.26839609583333335 0.640957075 0.26539621875 0.656067284375 0.26523943958333335 0.6669152296874999 0.2593996604166667 0.677140775 0.24768602708333332 0.6880603734374999 0.24711347083333332 0.6925624874999999 0.2419428729166667 0.6954603328125 0.2327816666666667 0.6943831265625 0.22195974375 0.695532790625 0.21532008333333333 0.700106759375 0.20973450833333332 0.7022623796875 0.19728514583333334 0.7023344359375 0.19118796666666665 0.7002273890625 0.18442000625 0.696731434375 0.1780987 0.688039109375 0.17148911666666666 0.6839444375 0.16673190208333333 0.6771437984374999 0.16245301458333333
0 0.296540284375 0.12790538333333334 0.2922059625 0.1283195625 0.29017036875 0.132501025 0.286410678125 0.13527757499999998 0.2807588984375 0.14708783333333333 0.2775495515625 0.16183541458333334 0.27802824375 0.168539225 0.280973453125 0.17425390208333333 0.28581055 0.17661707083333333 0.288252984375 0.17955439791666666 0.2977834703125 0.18511069583333334 0.3047757859375 0.18638890416666667 0.31090625625 0.18128245833333334 0.316342471875 0.1707171375 0.3173484296875 0.16490743541666666 0.3161513984375 0.15667121041666665 0.3101891265625 0.14565683958333334 0.31088398437500003 0.13406911041666666 0.3068370796875 0.132823375 0.30432279218749997 0.13030102916666667 0.296540284375 0.12790538333333334
0 1 0.2909416270833333 0.9972313953124999 0.2889579583333333 0.9906704046874999 0.27950767499999996 0.9866235 0.27826193958333334 0.980660825 0.27861196875 0.9693821578125 0.27557721874999996 0.9669874937499999 0.2761513729166667 0.9579116109375001 0.28122534583333336 0.952786896875 0.28620429166666667 0.9520683562500001 0.29035407916666667 0.953911871875 0.30053769583333334 0.9523310828125 0.3096672291666666 0.9452669125 0.3088039979166667 0.9438302343749999 0.30573916874999996 0.9377718203125 0.30474843541666663 0.9359517875 0.30768496458333333 0.930204471875 0.31247225625 0.9268279359375 0.31492965625 0.9238106703125 0.3153121604166667 0.9224695296875 0.31927029583333333 0.9224693281249999 0.3249524958333333 0.9252708296875 0.3314971270833333 0.932550159375 0.342479825 0.9358546390625 0.34611960625 0.9409311828125 0.34899358125 0.9434213828125 0.35544238958333335 0.9438043359374999 0.3608054375 0.94892885 0.36150869166666666 0.95611304375 0.35410402291666665 0.960231803125 0.35493478125 0.9654759374999999 0.35873453958333335 0.9690439515625 0.3589586666666667 0.9728275249999999 0.35793785625 0.97948485625 0.35168229791666666 0.9829571312500001 0.3505656625 0.9859503109375 0.35410961875 0.99038036875 0.3550362020833333 0.9940449250000001 0.3338722854166667 0.99641590625 0.3258601875 0.99962485 0.32247700625 1 0.32031040208333333 1 0.31739261458333334 0.99744615 0.310441825 0.9962728046875 0.30964354375 0.9967280140625 0.30322721041666667 1 0.29775530625 1 0.2909416270833333
0 0.8088635500000001 0.43378684375 0.8042656984375001 0.43761667916666663 0.7967226359375 0.43573183958333334 0.79131070625 0.43668849791666664 0.7890836328125 0.4381884375 0.7871196890625 0.44763712291666663 0.7844853781250001 0.4533826729166667 0.782641459375 0.4545634604166667 0.779096928125 0.467459475 0.7758400171875001 0.47301337708333335 0.7716726828125 0.4913999416666667 0.7721754609375 0.49417729166666663 0.7786409125 0.4966046125 0.79489998125 0.5125369770833333 0.7987790921875 0.5185391291666667 0.8033767421875 0.5203914958333333 0.8056038171875001 0.51889155625 0.8064901499999999 0.5099853520833333 0.810633196875 0.5012074479166667 0.8206431796875 0.49073875208333334 0.8242832453125001 0.48486569791666667 0.8348437765625001 0.48068583541666665 0.8374305218749999 0.4657466 0.836377603125 0.44531601666666665 0.83122940625 0.43717481874999997 0.8269191703125 0.43366253958333334 0.8175801609375 0.43078776458333334 0.8088635500000001 0.43378684375
0 0.35113413437499996 0 0.3475740890625 0.016856652083333333 0.3474301796875 0.023368810416666667 0.34939351875 0.030966727083333333 0.348914221875 0.04130952083333333 0.350111253125 0.049545743749999996 0.3536549765625 0.059378531250000005 0.356791865625 0.06209252916666667 0.367519784375 0.06452065 0.371015740625 0.07084195625 0.3740807734375 0.07397093333333334 0.38061808125 0.075983275 0.385311671875 0.07349420208333333 0.3901248859375 0.07410163333333333 0.395369221875 0.0722191875 0.3991766796875 0.07295411875 0.3998952203125 0.06880433125 0.403247871875 0.06459119375 0.40734274687500005 0.06366621041666667 0.4134732171875 0.058559762499999994 0.41328194218750003 0.0501960375 0.41230027187499996 0.04639707916666667 0.40506871093749997 0.0389258625 0.4015007 0.03870173750000001 0.39850731875 0.04083998125 0.3937898453125 0.04157331458333333 0.39005423906250003 0.04042340416666667 0.386342721875 0.035347035416666665 0.383062528125 0.022098591666666667 0.38485928281250004 0.00035972291666666665 0.3847866 0 0.35113413437499996 0
0 0.408633903125 0.11870080208333333 0.40600019375 0.10739974999999999 0.40578523750000006 0.09159808541666667 0.40214577343749996 0.08042453541666666 0.394051965625 0.07793306458333334 0.39211230937499997 0.07777308958333333 0.3908191390625 0.07956050416666667 0.38665241093749997 0.08090046875 0.38270124375000003 0.08099549583333333 0.378893584375 0.08594276458333333 0.3753735421875 0.08354791874999999 0.37297907812500003 0.07843987291666667 0.368620875 0.0770983125 0.3635680140625 0.08166227916666666 0.358538834375 0.0936641875 0.3566230640625 0.09525995208333334 0.346709221875 0.09570501041666667 0.3433326859375 0.09816240625 0.340051484375 0.11332496666666667 0.335309925 0.11798476041666667 0.3287005609375 0.12206959999999999 0.3270242375 0.12417616666666667 0.32546753281249996 0.12937923958333333 0.321659871875 0.13432651041666668 0.3173008625 0.15571375208333332 0.32015033437499996 0.16008766666666666 0.33478145000000004 0.16459147916666667 0.342611928125 0.16481640416666668 0.34325821093750003 0.17244599583333334 0.3468737890625 0.18186380625 0.3559970359375 0.19166571666666668 0.3655032359375 0.206830675 0.36933457812500003 0.2093213458333333 0.3777396875 0.21190864375000001 0.381690853125 0.21181361666666668 0.3911737734375 0.20817623333333335 0.3952447625 0.20549550625000002 0.39943557812499997 0.20022908541666667 0.40456049375 0.1895679375 0.4082730203125 0.16623330208333334 0.40858472343749996 0.15496472708333334 0.40765102343750004 0.14899504791666668 0.4103812765625 0.13890805833333333 0.40939960624999994 0.1351091 0.408633903125 0.11870080208333333
0 0.3859441234375 0 0.38634392968750003 0.0012538291666666667 0.383565709375 0.013511539583333334 0.3835655078125 0.01919373958333333 0.3861751296875 0.03442125208333333 0.3902698015625 0.03917846666666667 0.39400540781250004 0.04032837708333334 0.39757341875 0.04055250416666667 0.40241071718750004 0.03723347291666667 0.405906875 0.03787257708333334 0.40918747031249997 0.03975662083333333 0.412515834375 0.045152141666666666 0.418143125 0.04863274791666667 0.4213998375 0.04876104791666667 0.4226930078125 0.04697363125 0.4237232515625 0.03155526875 0.425950525 0.024373129166666667 0.4320809953125 0.019266681249999997 0.446229365625 0 0.3859441234375 0
0 0.6396374 0.33929650625 0.6292926343749999 0.33654923541666665 0.627305009375 0.3385599791666667 0.6244314515625 0.338112525 0.6233777265625 0.3404107458333333 0.6205280546874999 0.34171903125 0.6190193203125001 0.34475138541666667 0.6276638765625 0.34784948541666666 0.6292920296875 0.3535958375 0.6283579265625 0.3589905583333334 0.6260589999999999 0.36090547708333337 0.6213415265625 0.3616388104166666 0.6151392015625 0.36716023750000004 0.613702321875 0.3697776104166667 0.61255265625 0.3764172708333334 0.612839871875 0.38043955625 0.6186106703124999 0.38877240416666664 0.6191850984375 0.39681697708333336 0.6211725218749999 0.4004884333333333 0.626081475 0.402436625 0.63273860625 0.40186326875 0.64406544375 0.3970450979166667 0.6514409125 0.3980041541666666 0.6556560140625 0.3831290708333333 0.6565184640624999 0.372467125 0.6514423234375 0.3582287479166667 0.6476109812499999 0.3557380770833333 0.6404273921875 0.3460961416666667 0.6389907140625 0.34303131458333336 0.6396374 0.33929650625
0 0.6123481796875 0.06514115625 0.6097620390625 0.06303378750000001 0.6055714265625001 0.06261801041666666 0.59242475625 0.06469050625 0.5891439593750001 0.06848866458333333 0.58569536875 0.07704324374999999 0.5809058375 0.08387375625 0.5800195031250001 0.09277996041666667 0.57546941875 0.10012127708333333 0.5741041921875001 0.10800587291666666 0.5819342671875 0.1195952 0.5842807609375 0.12687396458333333 0.5869626390625 0.13032209583333335 0.5875611546874999 0.13444020625 0.59048248125 0.13839914166666667 0.5945050984375 0.1492535375 0.5984560625 0.1548407125 0.601880365625 0.15589479583333335 0.6097349296875 0.1521932625 0.6197449140625 0.14172456458333332 0.6213734703125 0.1361065145833333 0.6215414671875 0.12566789583333335 0.6244156281250001 0.10906874791666667 0.631025596875 0.08793730625 0.6321034062499999 0.081712625 0.6316006296875 0.07893527708333334 0.6293737578124999 0.0747530125 0.6258776015625 0.07411390833333333 0.62226161875 0.07606050208333334 0.61890916875 0.07459143750000001 0.6123481796875 0.06514115625
0 0.9547608203125 0.6705832104166666 0.9501149968749999 0.6765837645833332 0.945972153125 0.6796794687500001 0.9444634203125 0.6827118229166668 0.9426913546875 0.6834776291666667 0.9407514984375001 0.6889998541666666 0.9417570515625 0.6945545520833334 0.9432416984374999 0.6954486625 0.9473122875 0.7041323395833333 0.94903638125 0.70553725 0.951287134375 0.7114752520833334 0.9560044078125 0.7164241208333333 0.9638587703124999 0.7184047875 0.9684086531249999 0.7167456708333333 0.9709949968749999 0.7131708395833333 0.97693385625 0.7091710020833334 0.9832395921874999 0.672753475 0.979521540625 0.6677148312500001 0.980815115625 0.6545630125 0.9847664828125 0.6487857854166666 0.9855568781249999 0.6442210166666666 0.984359646875 0.6416669958333333 0.9771997390625 0.6394630020833334 0.972410409375 0.6406113145833333 0.9602690921875 0.6539207104166667 0.9577784875 0.6588363041666666 0.9547608203125 0.6705832104166666
0 0.4630135078125 0.19663376458333334 0.4608582890625 0.197718725 0.4558774828125 0.1961855125 0.453075578125 0.20100528125 0.44886088125 0.2045159625 0.43494790156249996 0.20722676458333333 0.4249144375 0.20457531874999998 0.4214662484375 0.20176549375 0.4178263828125 0.20195634583333336 0.41631765 0.20498869791666668 0.4135871953125 0.22075789166666665 0.4113599234375 0.22794002916666667 0.41071283281250004 0.24303924166666666 0.412053771875 0.24476330624999998 0.4138254328125 0.2553619020833333 0.4157889734375 0.25727761666666665 0.4221586890625 0.258364175 0.4265648640625 0.25753501666666667 0.4337966265625 0.25932403125 0.4374126078125 0.25737743958333337 0.44208211249999996 0.2588148270833333 0.4443808359375 0.26258210833333334 0.4467993859375 0.26376369375 0.44768531562499997 0.26622189166666665 0.44979256406249996 0.26730765 0.45091794218750003 0.2702766520833333 0.45458169374999996 0.2718415395833333 0.4579821125 0.27113988333333333 0.46265181875000005 0.26689506875 0.4652861296875 0.2611495166666667 0.47460246718750004 0.22817534583333332 0.48125979843750005 0.2219197875 0.49237087187500006 0.22402875208333334 0.49459814687500003 0.21684661458333335 0.493400915625 0.21429259166666667 0.47855443906249995 0.2053515145833333 0.47685443125000004 0.20002014166666668 0.4700776765625 0.19749699583333333 0.4664616953125 0.19944358958333333 0.4630135078125 0.19663376458333334
0 0.5549914203124999 0.2070258125 0.5335835515625 0.19999885625 0.5275967890625 0.20427534375 0.5241004296875 0.20931843958333335 0.519501971875 0.23019487916666667 0.5219921734375 0.23664368541666667 0.5323845046875 0.24858464166666666 0.5452435578125 0.25385426041666664 0.549817325 0.25395088541666666 0.5567379890625 0.2499618729166667 0.5607373250000001 0.24201392500000002 0.5623899671875 0.23246941458333334 0.561528121875 0.22608475833333333 0.5604984843749999 0.22445651875 0.5597084921875 0.21765688333333333 0.5581999609375 0.2150070354166667 0.5584873765625 0.21334712083333332 0.5549914203124999 0.2070258125
0 0.6593766015625 0.1325064 0.6636386640625 0.14387160208333333 0.6720435734375 0.15214109791666666 0.6732408046875 0.15469512083333334 0.6934510390625 0.17053245833333333 0.69843184375 0.17206567083333332 0.7030535812500001 0.16999157708333332 0.7074599578125 0.16348021875000002 0.7170149328125001 0.1537456541666667 0.718667375 0.14988334375 0.722882071875 0.1463726625 0.7261630718750001 0.1368923 0.7261632734375 0.1312101 0.7275523828125 0.12508124375000002 0.73009075625 0.12367713125 0.7359097234374999 0.12415706041666666 0.74067516875 0.12125300833333334 0.7425433734375 0.11046356041666666 0.7410830140625 0.09996079166666667 0.7419936359375 0.08144592499999999 0.7403895671875 0.07177311458333334 0.7412879359375 0.061122224999999995 0.70859378125 0.05105817083333333 0.707487871875 0.05159194166666667 0.7036804140624999 0.05085701041666667 0.7013277484375 0.04882151041666667 0.653776621875 0.03418412083333333 0.653129934375 0.037918929166666664 0.648196696875 0.04557939791666667 0.644053853125 0.04867510208333334 0.6380428031250001 0.06256025208333334 0.6306416359375 0.1109852625 0.630832909375 0.1193489875 0.6322695875 0.12241381458333334 0.6380405859375 0.1250644625 0.6572454703124999 0.1296649 0.6593766015625 0.1325064
0 0.12573253906249998 0.06527338125 0.119171346875 0.06150529791666667 0.11481314218750001 0.0601637375 0.1106464140625 0.0615037 0.101953284375 0.07762292083333334 0.097068215625 0.07743047083333333 0.09905644687500001 0.058373122916666666 0.0979071859375 0.05364838125 0.09393213593750001 0.05198766875 0.087442596875 0.05348680833333333 0.0780074453125 0.060635675 0.0746784765625 0.07228675416666668 0.07106229375 0.07991554791666666 0.06969706718749999 0.08780014375 0.070678534375 0.09728130416666667 0.073743365625 0.10609248333333333 0.0765209828125 0.11088137291666667 0.0807354796875 0.11305289375 0.08257919687500001 0.11755430833333333 0.08298563125 0.13603749791666667 0.0858828703125 0.14392289375 0.09050440625 0.147531 0.0992208140625 0.15021412291666666 0.10338754218749999 0.14887416041666668 0.1127988109375 0.13996955416666665 0.11957576562500001 0.13681049791666666 0.12637680625 0.12972498333333332 0.128101103125 0.12544769583333334 0.131238190625 0.12247949166666668 0.132818778125 0.11903216041666667 0.1353334671875 0.11019010833333334 0.13868611875 0.10597696875 0.139620221875 0.10058224375 0.1387104078125 0.09636830625000001 0.1327963046875 0.07750101458333333 0.129467940625 0.07210548958333333 0.12944405625 0.07034975 0.1270973625 0.06875318750000001 0.12573253906249998 0.06527338125
0 0.250842321875 0.35773865208333333 0.237600115625 0.35278818333333334 0.230416121875 0.3545106520833333 0.22905089531249997 0.36239524791666666 0.23082255625 0.37299384375 0.23530018125000002 0.3831141083333333 0.23771873124999998 0.38429569166666666 0.2418136046875 0.38337070625 0.2488059203125 0.38464891875 0.2570193515625 0.39023689166666664 0.2629340578125 0.39205758124999995 0.2664781859375 0.39052596666666667 0.267651734375 0.38564204583333334 0.271914403125 0.37996064583333333 0.274596684375 0.372044375 0.2777098890625 0.36732043124999997 0.2786439921875 0.3619257083333334 0.2779256546875 0.3603932958333333 0.27579452187500003 0.35755179375 0.2717476171875 0.35630605833333334 0.264683446875 0.35544282708333336 0.256661290625 0.35821857916666666 0.250842321875 0.35773865208333333
0 0.9050039578125 0.56216515 0.9007892609375 0.56567583125 0.8952569031250001 0.5862647937500001 0.8913055359375001 0.59204201875 0.8900840171875 0.5990966604166666 0.8906825312500001 0.6032147708333333 0.90021301875 0.60877106875 0.9096718515625 0.60906014375 0.9118989234375 0.60756020625 0.91414988125 0.60781600625 0.918436434375 0.6038903458333333 0.9245191343749999 0.5952724187499999 0.927369009375 0.5882819291666667 0.927321240625 0.5847704479166667 0.926818665625 0.5763108979166667 0.9239932796874999 0.5680105229166668 0.9198986078125 0.5632533041666666 0.9124992531249999 0.5605385083333334 0.9050039578125 0.56216515
0 1 0.14076007291666667 0.950179015625 0.12542396666666666 0.9461831765625 0.13118750416666666 0.9418723375000001 0.14472182708333334 0.9397410031250001 0.1475625270833333 0.9339453140625 0.16588494166666665 0.9330587796875 0.18047335 0.9336334093750001 0.18283571875 0.9371534515625 0.1852305645833333 0.9516888296875001 0.18839361666666665 0.9642128984375 0.18612946875 0.96804444375 0.18293793958333332 0.9762341921875001 0.18108797083333333 0.98356209375 0.17285334583333334 0.9900516328125001 0.17135420416666666 0.9988878671875 0.17145162916666665 1 0.16925666250000002 1 0.14076007291666667
0 0.5111924 0.23463054583333334 0.5059480625 0.2365129875 0.5013742953125 0.2364163625 0.4937830609375 0.24238444374999998 0.490981359375 0.2415220125 0.48923338125000004 0.23836135833333336 0.48786875781249994 0.22919935208333334 0.4846122484375 0.22338884791666666 0.4811879453125 0.22233476458333332 0.475680075 0.22763286458333332 0.4726626078125 0.23369756875 0.4686630703125 0.24732771666666667 0.46686671874999996 0.2577021854166667 0.46885414374999995 0.26137364375 0.47376309375 0.2633218333333333 0.47589422656249997 0.2661633354166667 0.46961984687499997 0.2777819395833333 0.46861389062500003 0.28359164166666667 0.46952370625000006 0.28780557916666666 0.46652992187500003 0.3013082270833333 0.4672960296875 0.3063521208333333 0.47119902343750003 0.3141100145833333 0.47658686718750004 0.3170798166666666 0.48470435937499995 0.32700922916666664 0.487745509375 0.3283824645833333 0.4945939140625 0.3361728333333333 0.5025201312500001 0.33773852083333333 0.5164573984375 0.3254190583333333 0.52196566875 0.30875655625 0.523905728125 0.29755213124999996 0.523762221875 0.29269988750000003 0.5388487484375 0.2851051666666667 0.542345109375 0.2800620708333333 0.54406980625 0.26442037916666666 0.5428966625 0.25793989791666666 0.5325759828125001 0.25126616458333334 0.5239795984375 0.24031514375000002 0.5169395140625 0.23552545208333334 0.5111924 0.23463054583333334
0 0.45972444843750004 0.4334021625 0.45567754374999997 0.4321564270833333 0.4487091109375 0.43263395625 0.44303364843750004 0.43700627291666666 0.43781279375000004 0.4520088583333333 0.4245942703125 0.45449633333333334 0.4172424828125 0.46097521874999997 0.4147994453125 0.47508449375 0.41693057656250004 0.47792599375000006 0.42782608906249997 0.48127989583333336 0.4278499734375 0.48303563749999995 0.42296470468749997 0.4885253875 0.42155150937499997 0.49858070416666667 0.4248798734375 0.5039762270833333 0.4337399890625 0.5058293895833333 0.442217153125 0.5023195083333333 0.44473164218749994 0.49915965416666663 0.44760520000000004 0.4996071083333333 0.4494970875 0.4962556020833333 0.4570881203125 0.4959697229166667 0.465110478125 0.48751177083333336 0.46879831406249994 0.4851501979166667 0.4716718703125 0.48559765208333333 0.4752159984375 0.4840660375 0.477084003125 0.4789587895833333 0.47744347343750004 0.4712016958333333 0.48525026875000005 0.46398867916666664 0.48510676249999996 0.4591364375 0.4823291453125 0.45434754374999997 0.4758159234375 0.44840874375 0.47193681249999997 0.44240658958333334 0.4609935328125 0.43554120625 0.45972444843750004 0.4334021625
0 0.5277710328125 0.017688497916666667 0.5170431125 0.015260379166666668 0.5129482375000001 0.016185360416666666 0.5033218125000001 0.014970504166666667 0.4950604109375 0.01155325 0.477507565625 0.014454904166666668 0.47154468749999995 0.020487133333333334 0.4680724140625 0.02160377083333333 0.4618943765625 0.01751653333333333 0.45444745624999994 0.005608056249999999 0.45133445156249996 0.004649797916666667 0.44786217968750003 0.00576643125 0.44302488125000006 0.0090854625 0.4385946203125 0.013841083333333334 0.43694217812499997 0.01770339166666667 0.4298778078125 0.0225223625 0.42959039062500004 0.024182277083333332 0.4277464734375 0.0253630625 0.42707569999999995 0.033024329166666665 0.42798531406249996 0.04292046875 0.4237698109375 0.06915995416666668 0.4277918234375 0.09706095416666667 0.43147925625 0.10606378541666667 0.43468799843749995 0.10836280416666666 0.437681378125 0.10622456041666667 0.44797837500000004 0.10546035 0.45480330156250004 0.10013057708333334 0.4599276125 0.10651603333333333 0.4716133171875 0.11098737083333333 0.478844878125 0.11845858541666666 0.49974976875 0.12839039583333334 0.5022640546875 0.13091274166666667 0.5081787609374999 0.13273343333333334 0.5126808765625 0.12756283541666666 0.515985759375 0.11983821458333334 0.5186441562499999 0.11016620208333333 0.5300197703125 0.08044850833333334 0.5324628078125 0.06633923333333333 0.5388329265625 0.05606138958333333 0.5466158375 0.047092633333333335 0.5480529187500001 0.03879305833333333 0.5477657046875 0.034770772916666665 0.5469277421875 0.030141856249999998 0.54264159375 0.022703114583333333 0.5381637671874999 0.018265052083333334 0.5348113171875 0.0167959875 0.5277710328125 0.017688497916666667
0 0.2843722609375 0.21900985208333335 0.28130722656249996 0.2158808729166667 0.2723513703125 0.21268694583333334 0.264065884375 0.21319615208333334 0.26176695781250003 0.21511107083333333 0.2575998265625 0.22781543541666668 0.255324784375 0.23148609375 0.2521634078125 0.24406295625000002 0.2523067140625 0.25459740208333337 0.2535757984375 0.2567364458333333 0.2536474515625 0.26200366666666663 0.2555150515625 0.2682608229166667 0.2574067390625 0.27059151875 0.2643751703125 0.27011398750000004 0.2670331640625 0.27180637708333333 0.2736898921875 0.2825974229166667 0.27744938124999996 0.28550307291666666 0.286597115625 0.28001412291666666 0.287890690625 0.2668623041666667 0.29718213437499996 0.2605433958333333 0.29792475937499996 0.25246714791666663 0.29548252812500003 0.24384762291666667 0.29375843437500004 0.24244270833333334 0.2877961625 0.2314283375 0.286527278125 0.22360709375 0.2843722609375 0.21900985208333335
0 0.499294815625 0 0.500640134375 0.005840172916666666 0.5031544203125 0.008362518749999999 0.51682775 0.0108231125 0.5250172984375 0.014655345833333333 0.5307405296875001 0.0137945125 0.534021325 0.009996352083333333 0.5365360156250001 0.0011542979166666667 0.536669459375 0 0.499294815625 0
0 0.917283946875 0.6900808187499999 0.9096208593749999 0.6964638770833333 0.906890809375 0.7008686666666667 0.90617226875 0.7050184541666666 0.905980590625 0.7080191312499999 0.9109369062500001 0.72484320625 0.9178810515625001 0.7339743375 0.9303330656250001 0.73780736875 0.94118060625 0.7433319895833334 0.9449641812499999 0.7423111812500001 0.9493227890625 0.7322883395833333 0.951430440625 0.7220096958333334 0.95099971875 0.7131351666666668 0.9451572703125001 0.6995350979166666 0.9394583265625001 0.6907872687500001 0.9313645171875 0.6882957979166666 0.9268146359375 0.6899549145833334 0.917283946875 0.6900808187499999
0 0.300283471875 0 0.2998493984375 0.0008545437500000001 0.2967598765625 0.013016427083333334 0.29601664687499996 0.03813927916666667 0.296998315625 0.0419382375 0.300709834375 0.04701460833333333 0.302912415625 0.06080552916666667 0.3063842875 0.07105329583333334 0.309545059375 0.07552303541666668 0.323840790625 0.08385748124999999 0.32683396875000004 0.0874014375 0.341153784375 0.09180942499999999 0.3530072828125 0.09152434375 0.3566232640625 0.08957775 0.3585874109375 0.07444686458333334 0.3577255640625 0.06806220833333333 0.35166755312500003 0.055707075 0.35195496875 0.05404716041666667 0.34769290625 0.04268195833333333 0.34848350156249996 0.03243499166666667 0.34699905468750003 0.02585868125 0.34687963437499997 0.017079979166666665 0.350290396875 0 0.300283471875 0
0 0.8047028671875 0.26466077916666664 0.8000574484375 0.25929693125 0.7945258953125001 0.25715708958333333 0.783797775 0.26041116875 0.773644284375 0.26602762291666665 0.7689984609375 0.27202817916666666 0.7655498703125 0.28058275416666667 0.7643283515625 0.28763739166666663 0.7560422609375 0.30519320208333334 0.75094143125 0.31192788958333334 0.7448828140625 0.31661935625000004 0.7436853812499999 0.3197475354166667 0.7444276046875 0.32303568958333334 0.749551915625 0.3294211458333333 0.7561131078125001 0.33318922916666666 0.7569271843750001 0.33606240416666666 0.7554899015625 0.3500441791666667 0.7588180640625 0.36112190208333333 0.7614760609375 0.36281429374999996 0.768660053125 0.361091825 0.7774248359375 0.35023982708333334 0.7819506328125 0.3525071708333333 0.785662353125 0.35190133958333336 0.805394903125 0.3326238645833334 0.8056823203125001 0.33096394791666667 0.8128904 0.3253150208333333 0.8160515734375 0.31842036041666666 0.817344946875 0.3109507416666667 0.8238587734375 0.29984293958333336 0.8254156781249999 0.28895766666666667 0.8252962578125 0.28017896458333336 0.8231414421875 0.2698995229166667 0.8172030515625 0.26064089166666665 0.8128448484374999 0.25929933125 0.8047028671875 0.26466077916666664
0 0.22855980625 0.03005024375 0.2245606703125 0.03231599166666667 0.22070504062500002 0.03943398125 0.21184452031249998 0.048945216666666666 0.207701475 0.05772312083333333 0.19918410625 0.06588314583333334 0.1916089921875 0.07112754583333333 0.1877296796875 0.07080759166666667 0.18171923437499998 0.06764613958333333 0.1718537640625 0.054556075 0.1674716765625 0.051458772916666666 0.1630897890625 0.04267927083333333 0.1599529 0.03996527291666666 0.15525930937500002 0.04245434583333333 0.1541814984375 0.04867902708333333 0.1584435625 0.06004422708333333 0.157796875 0.06377903541666667 0.159281321875 0.07035534375 0.1594003390625 0.09049845 0.16718224375 0.10994069791666666 0.1694570859375 0.11195223958333332 0.1820528078125 0.11495531458333333 0.20925515625000002 0.13775306458333333 0.21330206093749998 0.1389988 0.223958528125 0.13047749583333335 0.22956253906250002 0.11515575625 0.23313075312499998 0.10969768125 0.23435227187500002 0.10264304375000001 0.2299942671875 0.09561928125000001 0.2279588734375 0.09411854375 0.2277435140625 0.08968127916666666 0.232077834375 0.0892671 0.24484114687499997 0.09319595833333333 0.25001363125 0.09172849166666668 0.251570334375 0.08652542083333332 0.250588665625 0.0827264625 0.251498884375 0.07557599791666667 0.2490807375 0.06303001041666666 0.24630312031249998 0.05824111875 0.242807365625 0.046237612500000004 0.23291801093750003 0.03139180416666667 0.22855980625 0.03005024375