0 0.4410443203125 0.5709487770833334 0.44224612187499995 0.56341006875 0.4387703546875 0.5481437541666666 0.43914591718749996 0.5457879083333333 0.43740121875 0.5428311604166667 0.4404535734375 0.5422188541666666 0.4476047796875 0.5506475083333334 0.4489875484375 0.5466072833333333 0.4541294234375 0.5421550541666667 0.45803875625 0.5408007083333334 0.463247190625 0.5289804874999999 0.46452410468750005 0.5209706083333333 0.4630713015625 0.5092323604166666 0.45982942812500005 0.49944936041666665 0.44690470312499997 0.4948014666666667 0.44256687968749997 0.49652683124999997 0.4347704 0.496779525 0.41793634218750003 0.4934859770833333 0.414989840625 0.4980679375 0.4105769046875 0.5002644729166666 0.40429123125000005 0.49799060208333334 0.3945690859375 0.4917880604166667 0.38398140625 0.4794307395833333 0.37938750468750004 0.4781287875 0.3736669140625 0.483894375 0.37125475625000004 0.492074975 0.36306908125000004 0.5040363333333333 0.35943293593750003 0.5222116375 0.359516603125 0.5286372895833333 0.3607662546875 0.5393330479166667 0.36430857968749997 0.5472313708333334 0.3709254453125 0.5520613895833333 0.37849658750000004 0.5532222041666667 0.3867215578125 0.5525984895833334 0.38966805781249997 0.5480165291666667 0.3927733390625 0.5493890479166667 0.3917388703125 0.5697790625 0.40209265937499994 0.5766530729166667 0.409257496875 0.5757289104166666 0.4228360484375 0.578592275 0.429143909375 0.5784101520833332 0.43746617812500005 0.5748592708333333 0.4410443203125 0.5709487770833334
0 0.8224187984375 0.21513921041666664 0.83025965 0.20997452291666668 0.8344165078125 0.20475067291666665 0.8450894531250001 0.18413754583333333 0.8459908046875 0.1784835125 0.8399355453125 0.15854649375 0.8392953484375001 0.15097820208333335 0.835474759375 0.14250856041666668 0.8347816375000001 0.13295543958333333 0.8280059921875 0.12217093958333333 0.822078771875 0.10374757708333333 0.8155148343749999 0.10090238541666667 0.8080717312499999 0.10125523125 0.8038755796875 0.09514143541666667 0.7978903546875 0.09098288333333333 0.79098159375 0.09493436458333333 0.7889006265625 0.10567111041666667 0.7842401671875 0.11173715 0.77824986875 0.12382824166666667 0.777882859375 0.13308090833333333 0.77889861875 0.13829335208333332 0.7780058203125 0.15084420833333334 0.77939714375 0.15370080416666668 0.779564478125 0.16655210833333334 0.7827534265625 0.17435028125000002 0.7892951781249999 0.17965146875 0.7952360296875 0.1887220125 0.7950278015625 0.20392916458333332 0.798013596875 0.21068484791666667 0.80145006875 0.21461351666666667 0.8097808921875 0.21795945833333336 0.8224187984375 0.21513921041666664
0 0.12881161562500001 0.09686551875 0.1353277046875 0.08147624166666666 0.1356196 0.07269474583333334 0.13346004218750002 0.060756197916666664 0.1336768265625 0.05244586875 0.1314199703125 0.0434344875 0.1385011421875 0.03608467083333333 0.133236303125 0.022773602083333334 0.130153209375 0.018945085416666667 0.1264162875 0.016901095833333334 0.1253783421875 0.014144647916666668 0.1170697046875 0.008342710416666668 0.105761640625 0.005137904166666667 0.097403553125 0.0204976 0.0958705609375 0.0254801625 0.092336790625 0.02447866041666667 0.0915019984375 0.02276470208333333 0.0943733859375 0.018653910416666666 0.0919970453125 0.015025691666666667 0.0930708078125 0.005973325 0.07795070781249999 0.0011957 0.07026008125 0.005418047916666667 0.067098871875 0.009030008333333334 0.059326390625 0.057785547916666666 0.0623288859375 0.05980282708333333 0.060667853125000004 0.06327173125 0.058096915625 0.06549784583333333 0.056925159375 0.07284808749999999 0.058971004687499995 0.07854944999999999 0.0658217609375 0.08886278125 0.0766040375 0.09536577291666666 0.0853940921875 0.10278151875000001 0.0949352703125 0.10548557291666666 0.10126531718750001 0.10284745 0.1072198 0.10256517708333333 0.11300187187499999 0.1056812375 0.120851278125 0.10741337083333334 0.12881161562500001 0.09686551875
0 0.6491603609375 0.32657721458333333 0.6399367421875 0.3357821270833333 0.6369595 0.3359232625 0.63078475625 0.32136940833333333 0.624777346875 0.31966685624999996 0.6154256890625 0.32735810833333334 0.6101114015625 0.33520867499999996 0.6060382109375 0.34685817708333333 0.5994077156250001 0.3513809770833333 0.5982810265625 0.35844851875 0.600432028125 0.36349024375 0.6080868390624999 0.37107670833333334 0.6155692375 0.3820615125 0.621576646875 0.38376406458333334 0.632469853125 0.37798706875000004 0.637920734375 0.37854698125 0.6487166421875 0.37569715416666666 0.652957165625 0.37689895625 0.6560402609375 0.3807274729166667 0.65957403125 0.38172897499999997 0.66471590625 0.37727674375000003 0.6616958921875 0.3429337729166667 0.6581006406250001 0.33305062291666665 0.6531226218749999 0.32720769791666665 0.6491603609375 0.32657721458333333
0 0.304256390625 0.4258111854166666 0.3033908578125 0.4196564020833333 0.3067043671875 0.4058217708333334 0.3081400609375 0.403766375 0.31197428125000004 0.40288319791666666 0.31684644687499997 0.4047564708333333 0.3198902484375 0.39724734166666664 0.3216042046875 0.39576326458333333 0.32235533125 0.39105157083333336 0.3174746109375 0.3822814791666667 0.31935242656249996 0.37050224375 0.318742971875 0.36737477916666667 0.31070404375 0.3552473375 0.302042028125 0.3493452458333334 0.29568124375 0.34754254375000004 0.290005025 0.3483961416666667 0.277411490625 0.3463043916666667 0.26699114687500003 0.346798375 0.2608864375 0.3480229895833334 0.2562481640625 0.35163302916666667 0.25406134375 0.35840012083333334 0.2536192234375 0.36812395833333333 0.25471009375000003 0.3728652333333333 0.25273498125 0.38757163333333333 0.2494880296875 0.39403827291666665 0.2478577390625 0.40194800208333337 0.2487761984375 0.4100876145833333 0.2505208984375 0.41304436041666664 0.2616565515625 0.4196475 0.272959540625 0.43910194583333334 0.27995196718750004 0.44157611874999997 0.287907228125 0.44727790625 0.2936363734375 0.44840913958333334 0.2976959328125 0.44611245625 0.3023785765625 0.4375904208333333 0.304256390625 0.4258111854166666
0 0.9936537890625001 0.5473239 0.990080725 0.5349847520833334 0.9832607078125 0.52911224375 0.981666234375 0.5252131583333334 0.9799744609375001 0.5242412375 0.9681627953125 0.5218786229166666 0.961682525 0.5254590833333334 0.953307328125 0.5270251333333333 0.9456474421875001 0.5356883083333333 0.9442203031249999 0.5446405270833333 0.9389811281249999 0.5520199229166667 0.9383051140625 0.5562604479166667 0.9403895609375 0.5686701625 0.9466616015625 0.5802968541666667 0.9517898468749999 0.5851974416666667 0.9616007359375001 0.58157599375 0.9631200968750001 0.58594625 0.9632788765625 0.59190073125 0.9666402359375 0.5963005687499999 0.9706997953125001 0.5940038854166667 0.9771185828125001 0.581541775 0.9852598875 0.5744924104166667 0.99026516875 0.5616296999999999 0.9942939875000001 0.5548921916666667 0.9936537890625001 0.5473239
0 0.5448384671875 0.0936267625 0.5433276609375 0.09615332708333332 0.5450945468749999 0.09665407916666666 0.545620334375 0.09335589375 0.5448384671875 0.0936267625
0 0.5089715 0.06376347291666666 0.508317671875 0.065548 0.5114536937499999 0.07136134791666666 0.51665705 0.07579076458333334 0.524709609375 0.0785653875 0.5199569281249999 0.07130895208333334 0.5158666281250001 0.06916481041666667 0.5136405125 0.06459425416666667 0.5089715 0.06376347291666666
0 0.5599652421875 0.04275864583333333 0.5596562375 0.03774650416666667 0.55467821875 0.031903577083333336 0.5528669609375 0.03631482083333334 0.556837775 0.04384212291666666 0.5586046609374999 0.044342875 0.5599652421875 0.04275864583333333
0 0.515422628125 0.016346085416666666 0.514896840625 0.01964427083333333 0.5195658546875 0.020475054166666666 0.5258429734375001 0.015852104166666665 0.5238403859375 0.015284554166666665 0.5234222609375 0.01713588125 0.5198355640625001 0.014149552083333333 0.5183998703125 0.016204947916666667 0.515422628125 0.016346085416666666
0 0.5377519390625001 0.015287554166666667 0.54048165625 0.01901592083333333 0.5426241046875 0.017160827083333333 0.5412327828125 0.014304227083333334 0.538330653125 0.013974195833333335 0.5377519390625001 0.015287554166666667
0 0.42902320156249996 0 0.428809440625 0.0036181166666666665 0.43253273124999997 0.015014925 0.4354656015625 0.019785781250000002 0.4416010484375 0.02300199375 0.44678222031250003 0.029887410416666666 0.45455651406250003 0.0320907125 0.4631348609375 0.03156714791666667 0.46878033906249994 0.026272729166666668 0.47175758125 0.02613159166666667 0.4731181609375 0.024547364583333335 0.47610903593750004 0.015053408333333332 0.47825346562500004 0 0.42902320156249996 0
0 0.12327193593750001 0 0.1250385953125 0.004691679166666667 0.1276932015625 0.008891216666666667 0.131633275 0.011977695833333333 0.1368451859375 0.0233039375 0.1492219359375 0.0337060125 0.153409534375 0.03292298541666667 0.16064093125 0.02463083125 0.1651289796875 0.021963129166666664 0.1709690546875 0.010814375 0.1721486703125 0.005731664583333334 0.1758927140625 0 0.12327193593750001 0
0 0.524794675 0.5946843604166666 0.5264471515625 0.5843186354166666 0.5259128093750001 0.58072 0.520400446875 0.5712784375 0.5202194812500001 0.5677799520833333 0.5179182531250001 0.5636805645833333 0.5169997937499999 0.5555409541666666 0.5109838296875 0.5469415812499999 0.5071717953125 0.5453687604166666 0.5009168609375 0.5475357125 0.493279159375 0.5537428895833333 0.48507637656249997 0.5519106062500001 0.473613009375 0.5658977791666667 0.471841046875 0.58164666875 0.469256478125 0.5932256020833333 0.4657090765625 0.60157691875 0.46420682500000005 0.61100030625 0.465297696875 0.6157415833333334 0.4691626578125 0.61929923125 0.48460539375 0.61973618125 0.4887400640625 0.6169683270833333 0.49125459843749997 0.5896109229166666 0.49720052499999995 0.5824318270833333 0.5017636875 0.5792929541666666 0.512523778125 0.5882519395833333 0.51677285625 0.5963505625 0.519374534375 0.5985652729166666 0.5232087562500001 0.5976820958333333 0.524794675 0.5946843604166666
0 0.618757625 0.18598235416666667 0.6178033468749999 0.18965156041666667 0.618412803125 0.19277902708333333 0.6201489484375 0.18883895208333332 0.618757625 0.18598235416666667
0 0.43285536718750006 0.01067425 0.43469736406250004 0.010703833333333333 0.43395987031249994 0.006062708333333333 0.43285536718750006 0.01067425
0 0.472229984375 0 0.4701767375 0.012879687499999999 0.47389147343750004 0.017379675 0.47305668125 0.015665714583333334 0.4746955265625 0.01465280625 0.47662626875 0.004858402083333334 0.47693705 0 0.472229984375 0
0 0.5616484609375 0.036833745833333334 0.5559107609375 0.028805691666666668 0.54879029375 0.024817860416666667 0.538653290625 0.009633520833333332 0.5337060109375 0.00823141875 0.527075515625 0.012754218749999999 0.5219029 0.012765625000000001 0.5133023671875 0.015745185416666665 0.5097993375 0.019184508333333336 0.5077627421875001 0.02500926041666667 0.504683125 0.04432720416666667 0.5052260234375 0.05482266041666666 0.5067675703125001 0.056736920833333336 0.508092334375 0.06696150833333332 0.5122884859375 0.07307530416666667 0.5222137828125 0.08032033333333333 0.5245901234375 0.08394855 0.5311540625 0.08679374166666666 0.53989974375 0.09912148125 0.543862003125 0.09975196666666666 0.5483500515624999 0.09708426249999999 0.5551751453125 0.08670712916666666 0.557361965625 0.07994003958333334 0.5631012640625 0.04857199166666667 0.563092709375 0.04167517083333334 0.5616484609375 0.036833745833333334
0 0.6077906265624999 0.05089575416666667 0.617464921875 0.038863825 0.625951046875 0.0250177875 0.6260669328125 0.024558175 0.5418371296875 0.0006867104166666667 0.5413966390625 0.004009070833333333 0.5439317609375001 0.013591770833333332 0.5559995046874999 0.018981702083333333 0.5650541921875 0.0363215875 0.57250585 0.042865564583333335 0.58140175625 0.05425096875 0.5878905828125001 0.05756733125 0.6036645078125 0.06056042708333333 0.6054535796875 0.05860518125 0.6077906265624999 0.05089575416666667
0 0.1083711140625 0.35946153125 0.11162661874999999 0.35989171249999996 0.114829196875 0.35833706666666665 0.117196984375 0.3550684625 0.118880203125 0.3491435625 0.11941962187499999 0.33649255624999996 0.122154415625 0.32397128541666664 0.122521425 0.3147186166666666 0.120370421875 0.30967688958333334 0.1200528625 0.297767925 0.11757066875 0.2901700520833333 0.10334336562499999 0.272841575 0.096373125 0.2679114041666667 0.0885988296875 0.26570810208333334 0.0749007921875 0.2682278979166667 0.0726832328125 0.2705541645833333 0.068384703125 0.28361717291666666 0.064302959375 0.28836985625 0.060393626562500004 0.2897242 0.056890596875 0.293163525 0.0589664875 0.29867641875 0.0641169171875 0.30112100833333333 0.06591454218750001 0.3060625854166667 0.064721296875 0.3204981145833333 0.06675281250000001 0.33092300416666665 0.07130234375 0.33713695208333333 0.075957725 0.34732055 0.0807325921875 0.3521209895833334 0.08758335 0.3624343208333333 0.09180168749999999 0.36609212083333337 0.100154696875 0.3669820645833333 0.1083711140625 0.35946153125
0 0.8201453921875 0.3962115145833333 0.8109354046874999 0.39606361041666666 0.8024543546875 0.39366000625 0.7919367109375 0.39708115416666667 0.7887648734375 0.40307662499999997 0.788163971875 0.40684597916666665 0.786878503125 0.4079590375 0.7834233234375 0.42963282708333334 0.7856887343750001 0.44554102916666666 0.7968329421875 0.4590409916666667 0.804178746875 0.4616153125 0.8082468609375001 0.46621545 0.8129909859375 0.4665750645833333 0.81707273125 0.46182238333333336 0.8198518968749999 0.4443891166666667 0.8195428921874999 0.43937697291666666 0.8216460453125001 0.42618423125 0.8210058484375 0.4186159395833334 0.8238908687500001 0.4051523270833333 0.822950221875 0.39946871458333333 0.8201453921875 0.3962115145833333
0 0.8055165828125 0.25860975416666665 0.8080038546875 0.2499579875 0.808445975 0.24023415 0.806144746875 0.23613476249999998 0.7912192453125 0.22550280416666665 0.789903034375 0.2221750375 0.7915555109375 0.21180931249999999 0.7910211687500001 0.20821067708333332 0.7842762640625 0.20186699791666665 0.7793289859375 0.20046489583333335 0.7776150281249999 0.20194897291666666 0.775141390625 0.20124792291666666 0.765586578125 0.20789668749999998 0.7637445796875 0.20786710625000002 0.757948878125 0.21410386458333336 0.7560625078125 0.21898627499999998 0.7560932484375 0.2234271 0.7590039328125 0.23065395625 0.75772701875 0.23866383333333333 0.7521873921875 0.24792790833333334 0.7489848140625 0.24948255416666668 0.7464975421875 0.2581343208333333 0.7440939390625 0.27321173958333334 0.745343590625 0.28390749791666664 0.7528703609375 0.28998030625000004 0.7737947187499999 0.29541799583333334 0.7772755625000001 0.29443466875 0.7859068359375 0.29589593541666664 0.7916581671875 0.29457116875 0.7944544421875 0.29093154791666664 0.79922583125 0.27258552291666666 0.8055165828125 0.25860975416666665
0 0.191160190625 0 0.18811211875 0.01912006875 0.1910979125 0.025875754166666667 0.20001600625 0.03480515833333333 0.20790470781249998 0.047874937500000006 0.20716213749999998 0.05948345208333334 0.20856201406250002 0.06923687291666666 0.20811989375 0.07896071041666668 0.21248845625 0.08167617083333334 0.2186546453125 0.08933320416666667 0.22677724062500002 0.10788629791666667 0.23367237031250002 0.1132876375 0.23920691718749998 0.12027320208333332 0.2442822359375 0.12318896458333332 0.25150855625 0.13114644791666666 0.25812542031249996 0.13597646666666666 0.26407990312499996 0.13569419166666666 0.27274699375 0.12534664166666667 0.274249246875 0.11592325416666666 0.2799390953125 0.10571684166666667 0.2832526046875 0.09188221041666668 0.2870560859375 0.08655821041666667 0.28701679062499996 0.07522056458333333 0.2847377484375 0.06866518125000001 0.285374465625 0.05308701041666666 0.28814855625 0.05190338333333333 0.2948405328125 0.056262233333333335 0.303051871875 0.06499133958333334 0.310534271875 0.07597614166666666 0.313842703125 0.07839115 0.3200003375 0.07915136458333333 0.32342825468749997 0.07618321041666666 0.32432105 0.06363235625000001 0.3226958359375 0.055292445833333335 0.3243483140625 0.04492671875 0.32830201875 0.03866038125 0.3301576484375 0.029337141666666667 0.3296454921875 0.023282510416666666 0.3263285046875 0.013970679166666666 0.32621409687499997 0.003104202083333333 0.3243942875 0 0.191160190625 0
0 0.9262884171874999 0.49031278125 0.9225736812499999 0.48581279375 0.9183331578124999 0.4846109916666667 0.9034247640625 0.48777267708333333 0.9000719593750001 0.4902696604166667 0.89851678125 0.4977082208333333 0.8944879625000001 0.5044457291666666 0.8923540687499999 0.5131976458333333 0.8934978671874999 0.51992375 0.8970401921875 0.5278220729166666 0.895162378125 0.53960130625 0.8956967203125 0.5431999416666666 0.8997648343750001 0.5478000791666666 0.905418865625 0.54940248125 0.9091250484375 0.5470056479166666 0.9116430578125 0.5427947041666666 0.920363075 0.53443198125 0.9229254593749999 0.52530904375 0.9274135078124999 0.5226413395833334 0.9290745390625 0.5191724354166667 0.9301841187500001 0.4983112520833333 0.9285674593750001 0.4968681625 0.9262884171874999 0.49031278125
0 0.763859828125 0.5245495770833333 0.7655123046875 0.51418385 0.7634893421875 0.5106557833333334 0.7593239296875 0.5089828125 0.7504673171875 0.50893505625 0.74303276875 0.5161847208333333 0.7324400140625 0.5200770395833333 0.7286365328125 0.5254010395833333 0.7270506140624999 0.5283987729166667 0.7256234734375 0.5373509916666667 0.7272179484375 0.5412500791666666 0.7459504078125 0.5697044979166667 0.7501021875 0.5807302854166667 0.7563742312499999 0.5923569770833333 0.76263771875 0.5970868458333333 0.7683890484375 0.59576208125 0.7725988328125 0.5925230583333333 0.77511684375 0.5883121145833333 0.7798660484375 0.5724220895833334 0.7837446406249999 0.5666269208333333 0.783171003125 0.5516906375 0.77325078125 0.52819596875 0.7643190578125 0.52861938125 0.763859828125 0.5245495770833333
0 0.4562523234375 0.26008642291666667 0.458230915625 0.2685264833333333 0.46416321250000003 0.27070020625 0.4739519171875 0.26953475416666667 0.4764477421875 0.26777980833333337 0.49428900468750003 0.2693889791666667 0.50674594375 0.26307024791666667 0.5126253140625 0.2632591416666667 0.523721671875 0.25852463541666665 0.531571078125 0.26025676875 0.5363373921875 0.25816038541666664 0.5500132421874999 0.25809658541666664 0.5534411593749999 0.25512843125 0.5581425125 0.22100393541666669 0.5579000656249999 0.2086238 0.5558907328125 0.19574291666666666 0.55191991875 0.18821561041666665 0.544490446875 0.1792156375 0.532369775 0.17184087708333334 0.523115415625 0.17660496458333333 0.51351623125 0.188165725 0.5126285125 0.18446693749999998 0.5142502484375 0.16966038541666667 0.51310645 0.16293428333333332 0.5078945375 0.15160804583333334 0.5054345312499999 0.141554175 0.5013886046875 0.13449803958333334 0.49305778125 0.1311521 0.4839980171875 0.13006185208333335 0.4758481609375 0.13021439791666667 0.47292384531250004 0.1323403625 0.46747296406250005 0.13178045 0.4568358375 0.14058476041666665 0.449445659375 0.14292243333333332 0.4432965796875 0.1490590375 0.44224500312500004 0.15565541041666667 0.44470500937499996 0.16570927916666667 0.44245163125 0.17984436041666668 0.44467774687499995 0.18441491666666668 0.44302527031250005 0.19478064375 0.43937201562499995 0.19916230416666666 0.43854577656249993 0.20434516875 0.42964479375 0.20920940624999998 0.4278335375 0.21362065000000002 0.4196171203125 0.22114118333333332 0.4179560890625 0.2246100875 0.41607827343750003 0.23638932083333333 0.41759763593750004 0.24075957708333334 0.4406951796875 0.24878299583333333 0.4494015671875 0.24977308958333333 0.4562523234375 0.26008642291666667
0 0.6537349953125 0.14960429583333335 0.6584569359375 0.15241990416666665 0.6649543171875 0.16263308750000002 0.6755641828125001 0.1725344125 0.6853836249999999 0.17580978541666664 0.7001417937500001 0.17359044166666668 0.7038787156249999 0.17563443124999997 0.7081499796874999 0.18127705833333335 0.7212556703125 0.18942343541666667 0.73220528125 0.20877773125000001 0.740332953125 0.21108118333333334 0.7513234578125 0.20237702291666665 0.7581878453125 0.2033375375 0.7632767953124999 0.19690047916666667 0.7616293953125 0.19101656458333333 0.7649822000000001 0.18851958125 0.7686269 0.17724109791666667 0.7686183453125001 0.17034427708333333 0.759563659375 0.15300439166666668 0.7600365203125 0.14772137708333333 0.7589456484375 0.14298010208333334 0.7596438484375 0.13628358124999998 0.763341475 0.126989925 0.763611184375 0.12066442291666667 0.771187403125 0.10557559791666667 0.7729286265625 0.08538588333333334 0.771131 0.08044430833333333 0.77174553125 0.06732213541666666 0.7708444812499999 0.06558939791666667 0.6683992765625 0.03655553125 0.666147284375 0.04625889166666666 0.66744130625 0.05204265625 0.6635627140625 0.057837825 0.657563859375 0.06303209375 0.6526558765625 0.07296763749999999 0.6482958671875 0.077149 0.6434408109375 0.08906937291666667 0.6414878828125 0.10131977499999999 0.6424405625 0.13704667291666667 0.6537349953125 0.14960429583333335
0 0.9179589140625 0.3456320708333333 0.9256752046875001 0.3621001875 0.9294121265624999 0.3641441791666667 0.933246346875 0.363261 0.9416659140625001 0.35678295416666667 0.9434328000000001 0.35728370416666666 0.9478457359375 0.35508717083333335 0.9564155265625001 0.34766678749999996 0.9625202343750001 0.346442175 0.9712624390625001 0.33562345416666667 0.9758785265625001 0.3344694083333334 0.9841342375 0.33828651875000004 0.9884720609375 0.33656115416666665 0.9905752140624999 0.3233684145833333 0.989484340625 0.3186271375 0.984979184375 0.30750119791666664 0.9766927328125 0.2992432625 0.9760303499999999 0.29413096666666666 0.9771570390625 0.2870634270833333 0.9697497546875 0.27560745625000005 0.96865888125 0.2708661791666667 0.9692597828125 0.26709682500000004 0.9677404218750001 0.26272657083333334 0.96316870625 0.25896862083333333 0.9565296546875001 0.25659459791666667 0.9472445531250001 0.2569178625 0.9378536000000001 0.25327147083333335 0.9293281796875 0.25577986041666667 0.92688528125 0.25951963333333333 0.9250296515624999 0.26884287083333336 0.919490028125 0.27810694583333334 0.9176122124999999 0.28988617916666665 0.905862025 0.2964052125 0.8977650953125 0.29854258333333333 0.8919608374999999 0.29788252083333333 0.8851271890625 0.3013628291666667 0.8847516265625 0.30371867916666667 0.8893011546875 0.309932625 0.893837053125 0.3254993875 0.89643873125 0.32771409791666667 0.908806928125 0.33121935416666665 0.913935171875 0.3361199395833333 0.9182593640625001 0.34374739375 0.9179589140625 0.3456320708333333