0 0.11388688281249999 0.09482965416666667 0.11858588750000001 0.09364034166666667 0.1228199265625 0.08859058333333333 0.12912491875 0.09314963333333333 0.12321343437500001 0.10361537291666667 0.123002346875 0.10944834166666667 0.12350539218750001 0.11476279791666667 0.130803784375 0.12946608958333333 0.132033659375 0.1347467 0.1361708546875 0.13989194791666665 0.13837673125 0.14075976458333334 0.1539908765625 0.13954749166666666 0.15974204375 0.13685340208333333 0.165028246875 0.13029886875 0.169727253125 0.12910955625 0.1729218234375 0.12604924166666667 0.1843305984375 0.10319600208333334 0.18346742031250002 0.0702384 0.185119475 0.06385307708333333 0.18526709531250002 0.055596756250000004 0.18869814375 0.047672816666666666 0.19165153125 0.0354037625 0.19148651249999998 0.02910304375 0.1883380109375 0.02002966875 0.1886010171875 0.014194283333333333 0.0924423921875 0.018671529166666666 0.0915427234375 0.01968393958333333 0.0818447671875 0.02450284375 0.08010385625000001 0.02749547083333333 0.07922940625 0.03578563541666667 0.0754984125 0.046149850000000006 0.076931390625 0.05918519375 0.0844201875 0.08115854166666667 0.09377212812499999 0.09091360208333334 0.1033351578125 0.09483569166666667 0.11388688281249999 0.09482965416666667
0 0.4081386625 0.07676163541666667 0.39573977031249996 0.061810566666666664 0.384634225 0.054563466666666664 0.373439821875 0.04392367083333334 0.3643290640625 0.043377352083333334 0.35934280625000004 0.0474916125 0.3528187375 0.06235322916666666 0.3547500578125 0.06663065833333333 0.354137471875 0.0710265375 0.3560560953125 0.07481929791666667 0.3539771578125 0.07879818749999999 0.3491766015625 0.0761101375 0.3486227796875 0.06885699791666666 0.3456646859375 0.06705368333333334 0.3433826453125 0.06327784583333333 0.339685028125 0.06102370208333333 0.3356747703125 0.060725162500000006 0.3334308140625 0.058403333333333335 0.32943325 0.058589464583333334 0.32077476250000003 0.06141892291666667 0.3157758109375 0.06504851041666666 0.30431626093749997 0.08596306666666667 0.2996219625 0.10122475 0.2981983953125 0.11633414583333333 0.3002185703125 0.12400426875000001 0.3050191265625 0.12669232083333334 0.306198228125 0.13003425208333333 0.2999661171875 0.15604329374999998 0.3003850125 0.172037425 0.303973090625 0.18400190208333334 0.30777225937499997 0.19013341041666668 0.3197141734375 0.1876363354166667 0.331905259375 0.18076030416666666 0.339862303125 0.17893403125 0.3418063171875 0.18369613333333332 0.34221251874999997 0.19920559166666668 0.3474399578125 0.204300075 0.36263192499999997 0.21475373958333333 0.3765432390625 0.21798810833333335 0.3824975078125 0.22304875 0.3865331515625 0.22431663124999998 0.3901419140625 0.22317807916666668 0.3934333296875 0.2099227625 0.39402851562499996 0.19096984791666666 0.39272247656250003 0.1827812083333333 0.3954854578125 0.16324209583333332 0.397551703125 0.15877853333333333 0.400446328125 0.15815849583333333 0.4084922296875 0.15972491666666666 0.42304151718750005 0.1595327479166667 0.4261345375 0.15259507083333332 0.42539829687499997 0.124484175 0.4192536203125 0.112153475 0.41665423593749995 0.09626087083333333 0.41290584375000006 0.09206804166666666 0.410585721875 0.08683819375 0.4081386625 0.07676163541666667
0 0.34451994531249996 0.20395077291666666 0.34221251874999997 0.19920559166666668 0.340728765625 0.18423156458333334 0.337732590625 0.1809742375 0.3297501578125 0.18183117083333336 0.3197141734375 0.1876363354166667 0.316080025 0.18780554583333334 0.30890058593749997 0.19153665833333333 0.30714697968750004 0.19404461666666667 0.302971703125 0.18744535833333334 0.29820452343750004 0.17213894999999999 0.2963112859375 0.16931553125 0.2944561296875 0.167946125 0.286473696875 0.16880305625 0.2789769125 0.16041740625 0.273525690625 0.16067121875 0.269815378125 0.15793240416666665 0.26036659218749997 0.15837235 0.25426470156250003 0.16156803125 0.24826436406250002 0.168641075 0.24339235 0.17711736874999998 0.2436589203125 0.1872954520833333 0.24807537968750001 0.20310345416666667 0.26072344062499997 0.21367556458333334 0.2747156234375 0.233890325 0.27702305156249996 0.23863550625000002 0.278341784375 0.24730881458333334 0.2837977125 0.26112736875000003 0.294003421875 0.2756952916666667 0.298000984375 0.2755091604166667 0.3021080859375 0.26561269583333336 0.3066547671875 0.2586073354166667 0.30752921718750004 0.2503171708333333 0.312388534375 0.24135620624999998 0.31554973125 0.25091425208333334 0.32156746875 0.2583982458333333 0.3256285015625 0.26063546875 0.33982706875 0.26094489375 0.3666309109375 0.2563000458333333 0.367238790625 0.23783179999999998 0.3658565875 0.22673513958333333 0.36379833125 0.21761100000000003 0.3586216671875 0.21445520208333332 0.354497165625 0.20979462291666667 0.349734690625 0.20856058541666667 0.34451994531249996 0.20395077291666666
0 0.22885148906250002 0.052596899999999995 0.240564915625 0.041375752083333335 0.24042528437500002 0.036044375000000003 0.2314494515625 0.026757066666666666 0.23100987343749999 0.023865964583333333 0.2308103046875 0.012228977083333334 0.1904873125 0.014106456250000001 0.1914103484375 0.026195020833333336 0.1934432171875 0.03434981666666667 0.1917403875 0.03879645625000001 0.1905532984375 0.04904222291666667 0.18809825156249999 0.05255336458333334 0.18713494375 0.05745083333333333 0.1883394328125 0.06176210625 0.198164328125 0.06178991041666667 0.2220354625 0.056311089583333335 0.22885148906250002 0.052596899999999995
0 0.061162620312500006 0.23509886041666667 0.05316749375 0.23547112291666666 0.050923537500000005 0.23314929583333335 0.0443566828125 0.23248453125 0.0429664921875 0.23497556875 0.038643593749999997 0.23663263333333334 0.0315403171875 0.24327176875 0.028536153125 0.25360214166666667 0.028739253125000003 0.2613568708333333 0.0302944640625 0.2651665541666667 0.033354109375 0.27084723125000004 0.0415269484375 0.27726036041666663 0.0475573796875 0.28522902499999997 0.04760815625 0.2871677083333333 0.056034871875 0.3032742479166667 0.065259875 0.30818260000000003 0.06816719375 0.30804723333333334 0.07491975 0.3019096854166667 0.07732402187500001 0.29645986458333334 0.0837639390625 0.2922779208333333 0.08585557187500001 0.2887837 0.08539060468750001 0.28492325625 0.07916976718749999 0.26968453333333336 0.06382547499999999 0.25341481875 0.0626082921875 0.24861887708333336 0.062303640625000004 0.23698678125 0.061162620312500006 0.23509886041666667
0 0.7836849031249999 0 0.7795678953125 0.004632941666666667 0.7758242078124999 0.014512483333333333 0.7763573484374999 0.034868649999999994 0.786110784375 0.0460608 0.792690334375 0.04721023541666667 0.7986319109375 0.05178620625 0.8085663421874999 0.04210367708333333 0.8123608046875 0.03416281458333333 0.8172962874999999 0.028109875 0.8171566562500001 0.022778497916666664 0.8188975671875 0.019785870833333333 0.8185675281250001 0.007184433333333334 0.815545965625 0.0029577645833333333 0.8114722390625 0.00023587291666666668 0.8009205140625 0.00024191041666666666 0.8004884890625 0 0.7836849031249999 0
0 0.36189710625 0.22837528125 0.36185103750000003 0.24050896875 0.363292003125 0.2399566125 0.3623112953125 0.23029704374999999 0.36189710625 0.22837528125
0 0.2923137234375 0.1695016625 0.2861229765625 0.1693046479166667 0.280430571875 0.16034972083333335 0.27279885937500004 0.1607050625 0.269828071875 0.158417075 0.2567451375 0.15902622916666667 0.2503433015625 0.16466218541666666 0.24260205156249998 0.17472785833333332 0.2412499421875 0.17867290833333332 0.24500304062499997 0.19693810208333332 0.24734854843749998 0.20313729583333334 0.2592570875 0.21325857708333332 0.275091734375 0.234358075 0.27702305156249996 0.23863550625000002 0.278341784375 0.24730881458333334 0.2845753171875 0.26303220833333335 0.29290048281250003 0.27526138333333333 0.29658540625 0.27703085624999996 0.2990785359375 0.27497372708333334 0.3000418421875 0.2700762583333333 0.3066674609375 0.25909200625 0.309257434375 0.24683987291666665 0.308264034375 0.23669563124999998 0.30386026875 0.22137230208333333 0.3054869375 0.2140176375 0.30528383593749997 0.20626290833333333 0.30264636875 0.18891629166666668 0.30067697031249996 0.18318484791666664 0.295749475 0.17565009166666667 0.2953098984375 0.17275898958333336 0.2923137234375 0.1695016625
0 0.7530066578125 0.06021896458333333 0.749440684375 0.07688389791666667 0.748553540625 0.08468938958333333 0.7497326421875 0.08803132083333334 0.7602129093750001 0.09918962916666667 0.76755736875 0.10175923333333332 0.7751763859375 0.10091922291666666 0.7790977875 0.09782506875 0.785423459375 0.08928108958333333 0.7919268453125 0.0875225 0.796473525 0.08051714166666667 0.7971575671875 0.06495691666666667 0.7998237046875001 0.05561280833333333 0.799645990625 0.04882741875 0.796687896875 0.04702410416666667 0.781061059375 0.047751706250000005 0.7736150484375 0.0413047375 0.7692413765625 0.04102311666666667 0.764593146875 0.04415111458333333 0.7530066578125 0.06021896458333333
0 0.859859596875 0.19451387916666668 0.8598976781250001 0.19596789166666667 0.8638825484374999 0.19529709166666667 0.8609498421874999 0.19446311666666669 0.859859596875 0.19451387916666668
0 0.7532244218749999 0.3741731208333333 0.7480731453125 0.3719866625 0.74005263125 0.37138958125 0.731905178125 0.36594579583333336 0.7218945828125001 0.3727203 0.719190365625 0.3806103979166667 0.713515359375 0.38621251041666665 0.7086179578125 0.39371946458333335 0.703822109375 0.40510378125 0.7036871812500001 0.413844775 0.7048662828125 0.41718670625 0.708978090625 0.42136261041666667 0.71741279375 0.42388145208333333 0.7221118 0.4226921375 0.7260458953125 0.4200826541666667 0.7277868062499999 0.41709002500000003 0.73355066875 0.41488060625 0.7437770593749999 0.4163455020833334 0.747863478125 0.41955206666666667 0.7522498453125 0.42031835625 0.7591293390625 0.41902751666666666 0.76085755625 0.41555021666666664 0.766921365625 0.41090052499999996 0.76826078125 0.40647080416666664 0.7717806859375 0.4019395604166667 0.772718603125 0.39607274791666663 0.7744975968750001 0.3945341333333333 0.774434128125 0.39211078125000004 0.771450646875 0.389338125 0.7723124015625 0.38056328958333335 0.7700811375 0.3787261333333333 0.767537234375 0.37884457916666664 0.761773371875 0.38105399791666666 0.7584645562500001 0.37975227500000003 0.7532244218749999 0.3741731208333333
0 0.624114321875 0.23751769166666667 0.6212323921875 0.2386224 0.6212704734375001 0.2400764125 0.618063209375 0.2426520541666667 0.612489753125 0.25213153125 0.6121898078125 0.25457180625000003 0.606552884375 0.26162792916666666 0.601904653125 0.264755925 0.5983927375 0.25569947291666667 0.59464434375 0.2515066458333333 0.5942047671874999 0.24861554375 0.5888884703125 0.24012836458333334 0.58089334375 0.24050062708333333 0.5781383515625 0.24645204375000002 0.576030740625 0.27712166041666664 0.5722743593749999 0.2865165333333334 0.5627795046874999 0.2990901645833333 0.5620066046875001 0.31125769375 0.56318570625 0.314599625 0.56618188125 0.3178569520833333 0.59123211875 0.31572006249999995 0.6041119515625 0.30735617708333335 0.6099392828125 0.30757011458333333 0.6151286421875 0.31121058333333335 0.6198530359375 0.3109906104166667 0.624737740625 0.3029989875 0.6265628046875 0.28932668333333333 0.628303715625 0.28633405625 0.629241634375 0.2804672458333333 0.6320347078124999 0.27596984166666666 0.632972628125 0.2701030333333333 0.6414153203125 0.259034175 0.6433546265625 0.24972390833333333 0.642373921875 0.24006433749999997 0.6388366171875 0.23003854166666665 0.63404875625 0.2278351625 0.6280230296875 0.23393886666666666 0.625855234375 0.2345250625 0.624114321875 0.23751769166666667
0 0.063637475 0.4407345729166667 0.06357400625000001 0.43831122083333335 0.05865920625 0.4312611333333333 0.0539808828125 0.4193474208333334 0.040542520312500004 0.4063857979166666 0.0325600890625 0.40724273125 0.027937246875 0.41134006666666667 0.0258836953125 0.4162883 0.0259852453125 0.4201656645833333 0.0313777046875 0.43156086666666665 0.0329376203125 0.44944291666666664 0.0379285828125 0.45940102708333336 0.038487109375 0.48072653541666666 0.0419863328125 0.4892983166666667 0.043266984375 0.4965176125 0.0459505203125 0.50173054375 0.050857331250000005 0.5223683291666666 0.055019914062499994 0.5284829145833333 0.060437760937499994 0.5408474583333334 0.0649002890625 0.5445217708333333 0.0706514578125 0.5418276833333333 0.0740952 0.5343884145833333 0.075671090625 0.52509506875 0.07578063125 0.5153847354166666 0.07339704062499999 0.5077315291666666 0.0731812453125 0.4994921291666667 0.0756362921875 0.4959809875 0.0828030390625 0.4917652041666667 0.08488197812500001 0.4877863125 0.08469157031249999 0.4805162541666667 0.0796117515625 0.46716545000000004 0.07623946718749999 0.4634403729166667 0.071988028125 0.4539330895833333 0.0678762203125 0.4497571854166667 0.063637475 0.4407345729166667
0 0.0930802046875 0.49516878125 0.08817810000000001 0.48860336666666665 0.08419323125 0.4892741666666666 0.07428418437499999 0.4999260375 0.0736969859375 0.50529125625 0.076482071875 0.51438155 0.08355197343750001 0.5203607708333333 0.0859355640625 0.528013975 0.0817823921875 0.550044125 0.08187124999999999 0.5534368187500001 0.0845040078125 0.5567110666666667 0.08850157187499999 0.5565249354166667 0.0948907140625 0.5504043125 0.10175751562499999 0.5486288020833333 0.1083196640625 0.5352211979166667 0.1097686171875 0.5210811437499999 0.10665819843749999 0.51346178125 0.098683753125 0.5007310145833334 0.0982441765625 0.4978399125 0.0960002171875 0.49551808333333336 0.0930802046875 0.49516878125
0 0.19449734999999999 0.33855979583333334 0.1923168625 0.3386613229166667 0.187681325 0.3422739895833333 0.1834853671875 0.3487777583333333 0.1805780484375 0.34891312708333333 0.179424334375 0.3465405354166667 0.1787482796875 0.3485130604166667 0.1672332484375 0.35341656666666665 0.1648289765625 0.35886638958333333 0.16761876874999998 0.38202905416666666 0.1697531890625 0.39406121666666666 0.1720986953125 0.4002604083333334 0.1773642171875 0.40680890416666665 0.1862638875 0.4131881895833333 0.1949397734375 0.4249157708333334 0.20596915624999998 0.4292548479166667 0.21069355 0.429034875 0.21957581875 0.42085712291666666 0.22333219999999998 0.41146225 0.22319256875 0.40613087291666666 0.2248954 0.40168423333333336 0.22473037968749998 0.3953835125 0.22320055781249998 0.3925431729166667 0.21502771874999999 0.3861300458333333 0.2147992296875 0.3774059770833333 0.21697501406250003 0.36323208124999995 0.215753125 0.34436376875 0.2124062296875 0.34160803333333334 0.2069423109375 0.3413771770833333 0.2002485203125 0.33586570625 0.1955368203125 0.33657034999999996 0.19449734999999999 0.33855979583333334
0 0.9041650593749999 0 0.9028797734375 0.00325876875 0.9031209562500001 0.012467510416666666 0.9076135765625001 0.031183533333333333 0.9073310296875 0.048180847916666665 0.9101034218749999 0.05678647291666667 0.9142406171875 0.06193171875 0.9226372406250001 0.06299655 0.9272854703125001 0.05986855208333333 0.932119403125 0.04993824583333333 0.934249115625 0.0478980375 0.943964471875 0.057636175 0.9472479 0.057968558333333337 0.9540385375 0.053285025 0.9589613265624999 0.04674741041666666 0.9599119390625 0.04136527291666667 0.9591376171875 0.011800364583333334 0.9560652796875001 0.0056350125 0.9559176953125 0 0.9041650593749999 0
0 0.3074031546875 0.023220583333333333 0.3035833046875 0.030192104166666667 0.299573046875 0.0298935625 0.29760364687499996 0.024162120833333335 0.2953596890625 0.02184029375 0.28853097031249997 0.025069816666666668 0.28460956875 0.028163970833333333 0.2770587265625 0.04549970208333333 0.274544915625 0.06065986041666667 0.2771950734375 0.07849114791666666 0.2929916375 0.09813663333333333 0.2966892546875 0.10039077708333334 0.2983666984375 0.09497479583333333 0.30050910468750003 0.09341925833333334 0.30212307968749996 0.08557992083333334 0.304928846875 0.08156718958333334 0.30521609843749997 0.07864224583333333 0.312593934375 0.06859349166666666 0.3128938796875 0.06615321874999999 0.3160503703125 0.06163889583333334 0.3293317 0.0547121 0.3303330890625 0.05126864166666667 0.3291032109375 0.045988029166666666 0.3259927921875 0.03836866666666667 0.3207145765625 0.031335502083333334 0.32066380156249996 0.02939681875 0.3143080359375 0.02289908541666667 0.3074031546875 0.023220583333333333
0 0.0662913546875 0.3197808541666667 0.0626572078125 0.31995006458333336 0.058723112499999994 0.32255954583333335 0.050542284375 0.32973411875 0.04707315625 0.3362040458333333 0.04612254375 0.34158618541666663 0.0432913875 0.34462957708333336 0.04340563125 0.3489916125 0.04640180625 0.3522489395833333 0.047268267187500004 0.3575464729166667 0.042721589062499996 0.3645518354166667 0.0419106078125 0.3752653520833333 0.043102403125 0.37909195416666663 0.044243421875 0.3809798729166667 0.051976684375000005 0.38450189791666667 0.061666653125000005 0.39327069375 0.0663910453125 0.39305072291666665 0.0731943765625 0.38885186041666664 0.0760001453125 0.38483912708333334 0.0764984875 0.3760812125 0.0860488234375 0.37951863333333336 0.093482140625 0.38548093125 0.1043845859375 0.3849733020833333 0.1054494421875 0.3839532 0.10529711718749998 0.37813715 0.10410532187499999 0.37431054999999996 0.1057066015625 0.36598654375 0.0984970671875 0.3546759479166666 0.0982939671875 0.3469212166666667 0.10211381718749998 0.3399496979166667 0.10240106874999999 0.3370247520833333 0.101961490625 0.33413365 0.097836990625 0.329473075 0.0883882046875 0.32991302083333335 0.0783602078125 0.32213048541666667 0.0662913546875 0.3197808541666667
0 0.5613141359375 0.45153055625 0.55874484375 0.4506796604166666 0.5514892421875001 0.45150275 0.5487342468749999 0.4574541645833333 0.545501596875 0.4590604666666666 0.5390569734375 0.44917003958333335 0.53648768125 0.44831914375 0.5336057515625 0.4494238541666667 0.52656594375 0.45848634374999997 0.5255645546875 0.4619298 0.5219811812499999 0.46403769375 0.507706453125 0.46082024791666665 0.5056529015625 0.4657684791666667 0.5056242296875 0.49245920416666666 0.5088362015625 0.5039559312499999 0.5137383062499999 0.5105213479166667 0.5250422484375 0.5114508104166666 0.5321375374999999 0.5183993708333333 0.5391566640625001 0.5224399083333333 0.547177178125 0.5230369895833333 0.5551215296875001 0.5207260458333333 0.5618740859375 0.5145884979166666 0.5670079625 0.50221791875 0.5713181656249999 0.5000761854166667 0.5742762609375001 0.5018795 0.580817728125 0.5015749229166667 0.5836361906249999 0.4980468604166666 0.585588190625 0.48922126250000003 0.584607484375 0.4795616916666667 0.576874221875 0.4760396666666667 0.5662971109375 0.4750763625 0.564027765625 0.47178519375 0.5636215640625 0.45627573541666666 0.5613141359375 0.45153055625
0 0.9051158515625 0.39427555416666665 0.898502928125 0.405744475 0.89246450625 0.4113635104166667 0.8806114484374999 0.41725327916666666 0.86946924375 0.4502846020833333 0.8707879765625 0.45895790833333333 0.8755123687499999 0.45873793749999997 0.8779801109375001 0.4557114666666667 0.8816142593749999 0.45554225625 0.8920310578124999 0.4642772125 0.899147028125 0.45812274583333334 0.9032080609375001 0.46035996874999996 0.9086592828125 0.46010615416666667 0.9136709281250001 0.45696123541666667 0.9167766421874999 0.4505082291666667 0.9252320296875001 0.4399240416666667 0.927961634375 0.4330032875 0.9289503281249999 0.4290751583333333 0.9286710656249999 0.41841240416666664 0.9268032156249999 0.4165583270833333 0.9255606453125 0.41079304166666664 0.92730155625 0.4078004145833333 0.93414296875 0.4050555604166667 0.9362346015625 0.4015613416666667 0.9360441953124999 0.39429128333333335 0.9337748484375 0.39100011458333334 0.926628784375 0.38211287083333334 0.9184940265625 0.37715375625 0.9105750625000001 0.3804340395833333 0.9060156906250001 0.38695473125 0.9051158515625 0.39427555416666665
0 0.42218774843749995 0.15471988333333334 0.41935659375 0.157763275 0.4222766046875 0.15811257916666666 0.42218774843749995 0.15471988333333334
0 0.5333644609375 0.06510785208333333 0.5279893984374999 0.06826969375 0.5229015921875 0.06850658541666667 0.513951146875 0.06018861666666667 0.5014173296875 0.05397854166666667 0.4970690453125 0.05466626458333333 0.4931476453125 0.05776041875 0.48647125 0.06680598958333334 0.47700977031249997 0.0667612625 0.46683885937499997 0.08130741875 0.46171767656249996 0.09416267083333334 0.46181922656249996 0.09804003333333333 0.46522959375 0.10321912291666666 0.46705936093749995 0.10361918958333334 0.4700936171875 0.10833052708333332 0.483544671875 0.12177681874999999 0.48616944531249995 0.1386387666666667 0.49872066249999997 0.15940588125000002 0.5053890671875 0.16394801041666665 0.516959578125 0.17505555625 0.5249547046874999 0.17468329375 0.5285126906250001 0.17160606041666665 0.5540025046875 0.17236027708333335 0.5579112125 0.16878145208333334 0.5616755812500001 0.14579887916666667 0.5621104546875 0.1346176125 0.5607028640625 0.12255161041666666 0.562667559375 0.11421068541666667 0.5622486640625 0.09821655208333334 0.5609680125 0.09099725625 0.5578448984375 0.082893225 0.5536950093749999 0.07726330625000001 0.548154928125 0.07412442708333335 0.5402820359375 0.065271025 0.5333644609375 0.06510785208333333
0 0.6677480703125 0.19472408125 0.665242246875 0.19629653958333335 0.6732373734375 0.19592427708333335 0.672121740625 0.19500569791666666 0.6677480703125 0.19472408125
0 0.6396969515625 0.17953127291666665 0.6415394125 0.18041600833333332 0.643999165625 0.19097723749999998 0.646995340625 0.19423456458333332 0.649742346875 0.2018708458333333 0.6541160171875 0.20215246666666667 0.6579485609375 0.19566561666666665 0.6640758390625 0.19343927916666667 0.6631712953125 0.18668773125000002 0.666104003125 0.18752170416666666 0.6609273390625 0.18436590208333334 0.6607750125 0.17854985625 0.6625286171875 0.17604189791666666 0.6623509046875 0.16925650833333333 0.6580740781250001 0.15877988750000002 0.65288471875 0.15513941458333333 0.6463813328125 0.15689800416666666 0.63935421875 0.16644516666666667 0.6396969515625 0.17953127291666665
0 0.6405540015625 0.15668406875000002 0.6408285593749999 0.15327445416666666 0.6398144796875 0.15623323958333335 0.6405540015625 0.15668406875000002
0 0.6457386546875 0.14625217083333333 0.6447372671875 0.14969562916666668 0.6475811171875 0.14713690625 0.644623021875 0.14533359166666668 0.64102695625 0.14695681458333335 0.640727009375 0.1493970875 0.641466534375 0.14984791875 0.6435454734375 0.14586902708333332 0.6457386546875 0.14625217083333333
0 0.64763988125 0.13548789166666667 0.6442549015625 0.13127814583333333 0.642475909375 0.13281676041666668 0.6426917046875 0.1410561625 0.643832725 0.14294408125 0.6466638796875 0.13990069166666666 0.64763988125 0.13548789166666667
0 0.622631009375 0.11141872500000001 0.6185826703124999 0.10966617291666667 0.60809911875 0.12616793125 0.60304939375 0.1278588375 0.5970871359375 0.13638589375 0.5836327984375 0.15059966875 0.5742394921875 0.16705066458333334 0.5694817234375 0.17988899583333331 0.56487628125 0.19854337083333334 0.5662077062499999 0.20770135208333332 0.5717097046874999 0.20938622083333333 0.5766118109375 0.21595163541666668 0.579734925 0.22405566666666665 0.5910435703125 0.2390575 0.59764051875 0.2547639729166667 0.6017650203125 0.25942454791666664 0.6057625843750001 0.25923841875000003 0.6107234546875 0.25415481875 0.617310990625 0.24171655625000002 0.6318682671875 0.22793668958333332 0.6367910546875 0.221399075 0.64468463125 0.21714945 0.6453099109375 0.21323824374999997 0.6430485531250001 0.196359375 0.639988909375 0.19067869583333333 0.6394097000000001 0.18245621666666667 0.6368150203125 0.18063598125 0.63563591875 0.17729405 0.634917078125 0.16374019374999998 0.6337379765625 0.16039826250000003 0.6278471765625 0.15776097291666666 0.62337994375 0.1400142895833333 0.62728865 0.13643546458333333 0.6300690296875 0.13145339166666667 0.631860715625 0.13039944583333335 0.638440265625 0.13154888125 0.6401557890625 0.12758691041666667 0.6361328375 0.1268037 0.6312688140625 0.12169229583333332 0.6272585562499999 0.12139375416666667 0.6242369937500001 0.11716708749999999 0.622631009375 0.11141872500000001
0 0.703686196875 0.26098739583333336 0.694938853125 0.2604241583333333 0.6843029781250001 0.2711098708333333 0.676671265625 0.27146521041666666 0.6773266375 0.2825957145833333 0.676274475 0.2841004875 0.6722769109375 0.28428661875 0.664116765625 0.2783581625 0.6624647109375 0.28474348541666666 0.660334996875 0.28678369375 0.6597224125000001 0.29117957083333335 0.655462984375 0.2952599875 0.6548630921874999 0.30014053541666663 0.6510559359375 0.30759672708333335 0.65147483125 0.32359085625 0.653731484375 0.32639735416666665 0.658895453125 0.3290684833333334 0.6654876953125 0.3307025895833334 0.6737827703125 0.32789005625 0.6841060062500001 0.31915994583333335 0.6854708078125 0.31569956875000005 0.6853057890625001 0.30939885 0.68332369375 0.3031827354166667 0.6843377765625 0.30022395 0.6857914359375 0.30015626458333333 0.6873720328124999 0.30493528750000004 0.6922106703125 0.3090773520833333 0.707837509375 0.30834975 0.7152581312499999 0.31382737708333336 0.7203459390625 0.31359048333333334 0.7209077484375 0.307255925 0.7168674 0.29191567291666665 0.7245832625 0.28088065833333337 0.7232391421875 0.2712380104166667 0.7198541625 0.2670282625 0.7110941265624999 0.26598035416666665 0.7088374734375 0.26317385625 0.705566740625 0.26332614374999996 0.703686196875 0.26098739583333336
0 0.9499973125000001 0.26019465416666665 0.9567418796875 0.26764480625 0.9610440953125 0.27909077083333333 0.9674252484375 0.28655784375 0.9777658828125 0.2923847770833333 0.9825029703125001 0.29264947291666665 0.9947962984375 0.28967724375 0.992686796875 0.20913294583333333 0.9892907624999999 0.20450106666666665 0.9852170375 0.20177917291666667 0.9804926437500001 0.20199914583333334 0.964807040625 0.2143757625 0.95474566875 0.2192115875 0.94700441875 0.22927726041666666 0.9460157265625 0.2332053875 0.9490880640625001 0.23937073958333333 0.950330634375 0.24513602291666667 0.9499973125000001 0.26019465416666665
0 0.6160964453125 0 0.6139348765625 0.0016692291666666667 0.6085090421875 0.0028923833333333333 0.60387350625 0.00650505 0.5905841875 0.02701954375 0.5839125000000001 0.05013748125 0.580616378125 0.049320429166666666 0.573833728125 0.04041626458333333 0.5634042375 0.031196639583333335 0.5546568921875 0.030633402083333334 0.5526033421875 0.035581633333333335 0.5527429749999999 0.040913008333333334 0.5580211875 0.04794617708333333 0.558592409375 0.06975635416666666 0.5598349796875 0.0755216375 0.56698104375 0.08440888333333334 0.5713213390625 0.09730885833333333 0.5776136375 0.10138323749999999 0.5844089796875 0.11077207291666666 0.5933213421875 0.11763602916666667 0.5980203484375 0.11644671458333335 0.6026431921875 0.11234937916666667 0.60967030625 0.10280221666666667 0.621797921875 0.09350283333333334 0.62327696875 0.09440448958333333 0.6245068453125 0.09968510416666666 0.6239069546875 0.10456565208333334 0.6259144359375 0.11175110625000001 0.6322321203125 0.11679482708333334 0.6428092328125 0.11775812916666667 0.6562175 0.11567804166666668 0.665877375 0.10940512916666667 0.6688307625000001 0.097136075 0.6723252796875 0.0916354875 0.6762720671875 0.08951067500000001 0.6794412515625 0.08548102083333334 0.6811313875 0.08054971041666666 0.6818154296875 0.0649894875 0.6741870015625 0.03768476041666667 0.6739839015625 0.02993003125 0.6771530828125 0.025900377083333332 0.689783746875 0.021915447916666667 0.6914992703125 0.017953477083333332 0.690307475 0.014126877083333333 0.6854561453125 0.00950014375 0.686026959375 0 0.6160964453125 0
0 0.9020077296875 0.20613874583333333 0.8962057874999999 0.2068941520833333 0.8926224140624999 0.20900204583333334 0.8867109296875 0.21946778541666667 0.885409596875 0.22535151458333333 0.8857015546874999 0.23649893958333335 0.8872821515625 0.2412779625 0.893299890625 0.2487619583333333 0.8934776046874999 0.25554734375 0.8977163499999999 0.26456995625 0.8977798187499999 0.26699330833333335 0.9041228890624999 0.27300637083333334 0.9277829359374999 0.27336052083333334 0.9339229078125 0.27161885 0.94246715 0.26442736041666665 0.945636334375 0.26039770624999997 0.946586946875 0.25501556666666664 0.9461807453125 0.23950610625 0.9450016437500001 0.236164175 0.9431210999999999 0.23382542708333334 0.9354513078125001 0.2327267541666667 0.9181423203125 0.22479796875 0.9080762437500001 0.21556142291666666 0.9020077296875 0.20613874583333333
0 0.897895484375 0.31308778125000003 0.8951151046874999 0.31806985416666667 0.8934884359374999 0.32542452083333334 0.896184665625 0.3311221208333333 0.9111401562499999 0.3464394125 0.9170563453125 0.35004604166666664 0.9308914953125 0.3503723875 0.9358396718750001 0.34480411666666666 0.9357762031249999 0.34238076250000005 0.939621440625 0.3363785854166667 0.9412861890625001 0.33047793333333336 0.94693580625 0.32390647916666665 0.9489131953125 0.3160502229166667 0.9479705718749999 0.3078446645833333 0.9455108187500001 0.2972834375 0.9412847671875 0.2887454958333333 0.9365095968749999 0.28702678541666665 0.932537421875 0.28818225625 0.897895484375 0.31308778125000003
0 0.25540430000000003 0.12172351458333333 0.251981240625 0.11605975416666667 0.24863434375 0.11330401875 0.24238012968749997 0.11068365208333333 0.23143960156249999 0.10973727083333333 0.2223495265625 0.09608792291666667 0.21795046718750002 0.09483696458333334 0.2059831640625 0.09636469791666666 0.2002700765625 0.10051279791666666 0.19320488125 0.10860594791666665 0.18561125 0.11041530000000001 0.18076462499999998 0.11986093541666666 0.18091695000000002 0.12567698124999999 0.1776716046875 0.1267986125 0.1734248703125 0.1313637 0.1700953734375 0.14316500416666667 0.1706238078125 0.1494488 0.1744737515625 0.15751899166666666 0.18005191250000002 0.16211188333333335 0.1842271890625 0.16871114166666665 0.183965325 0.17260542916666666 0.1766382640625 0.18459286458333332 0.1753242359375 0.189991925 0.1755781125 0.1996853375 0.184182540625 0.22257726666666666 0.19051291875 0.22810565624999998 0.1974178015625 0.22778415833333332 0.2063254578125 0.22057574375 0.20892812656249998 0.20880828125 0.21101975781250001 0.20531406249999998 0.212836834375 0.20522945625 0.2139651578125 0.20663270625000002 0.214193646875 0.2153567770833333 0.212203565625 0.2227283625 0.21304934531250003 0.241128925 0.21391580625 0.24642646041666666 0.218116471875 0.2539950583333333 0.2275017875 0.2511317604166667 0.2352350484375 0.2546537875 0.2472658203125 0.25554940625 0.25754298750000004 0.25895298333333333 0.263695653125 0.25769598541666666 0.26759166562500003 0.25363248958333334 0.2692691078125 0.24821651041666665 0.269412021875 0.22588781875 0.258454096875 0.21038439583333332 0.2521491046875 0.20582534583333334 0.246896278125 0.19976152291666666 0.244838021875 0.19063738333333333 0.2444952890625 0.17755127708333335 0.25006874375 0.1680718 0.2783897140625 0.16578262291666668 0.2780009125 0.16483020208333335 0.28087014843749997 0.16324082291666667 0.2807305171875 0.15790944583333333 0.274611228125 0.14654808749999998 0.2733940453125 0.14175214374999998 0.2642658890625 0.1266487875 0.25906383593750004 0.12252364375 0.25540430000000003 0.12172351458333333
0 0.710323525 0.09763043749999999 0.7046692 0.09012952083333332 0.693314484375 0.08726137708333333 0.683476896875 0.08674890208333334 0.6755579328125 0.09002918750000001 0.6705716749999999 0.09414344583333333 0.6678420703125 0.10106420416666667 0.6670691703125 0.11323173125 0.6642507078125 0.11675979166666667 0.6541893359375 0.12159561666666667 0.64669725625 0.12728233333333333 0.6463973109375 0.12972260833333332 0.64461831875 0.13126122291666667 0.644483390625 0.14000221666666668 0.652026246875 0.13625418125 0.656142759375 0.15450245625 0.6580613828125 0.15829521458333332 0.6610067828124999 0.15961385833333336 0.6612352718750001 0.16833793125 0.6666150375 0.17924846041666667 0.6669704640624999 0.19281923958333333 0.6622460718750001 0.1930392125 0.661244684375 0.19648266874999998 0.673989590625 0.19685977500000001 0.6791662546875 0.2000155770833333 0.6985795687499999 0.20493481458333335 0.7123766375 0.20380714583333334 0.7195941593749999 0.20153004375 0.721335071875 0.19853741666666666 0.721457303125 0.18931175416666665 0.7230712765625 0.18147241666666666 0.722665075 0.16596295833333335 0.7241013359374999 0.15133823541666666 0.7258041656249999 0.14689159375 0.7279592671875 0.14582072708333332 0.73288205625 0.13928311666666668 0.733507334375 0.13537190833333332 0.7316014046875 0.13206381875 0.731512546875 0.128671125 0.7277006859374999 0.12205494583333333 0.7272357203125 0.11819450208333333 0.72010235 0.10979192916666666 0.7173553453125 0.10215564583333332 0.710323525 0.09763043749999999
0 0.744996978125 0.12949906041666667 0.7390347203125 0.13802611666666667 0.7369684765625 0.14248967916666666 0.7371081078125 0.14782105416666666 0.7346403671874999 0.15084752708333332 0.7310316046875001 0.15198607708333334 0.725407375 0.15952687291666667 0.7247106390625 0.17460242291666667 0.725978596875 0.18133705000000003 0.7278718328125 0.18416046875 0.738149 0.18756404583333333 0.7472597578125 0.18811036458333333 0.752322178125 0.18690412916666668 0.7544518921875001 0.18486392083333333 0.7568561640625 0.17941409791666668 0.75864314375 0.16428778333333333 0.75838926875 0.15459437083333333 0.7600540171875 0.14869371666666667 0.761536346875 0.12193530625 0.760331859375 0.11762403541666666 0.7591908390625 0.11573611458333333 0.7544918328125 0.11692542916666666 0.7492183234375001 0.12396463125 0.7471647734375 0.1289128625 0.744996978125 0.12949906041666667
0 0.7409805921875 0.07339571458333333 0.7391508250000001 0.07299565 0.7362561984375 0.0736156875 0.7409805921875 0.07339571458333333
0 0.90753413125 0.055935577083333334 0.9051505421874999 0.04828237291666667 0.905255375 0.024499670833333334 0.900940465625 0.0125690375 0.8967524953125 0.00548510625 0.8886177375000001 0.00052599375 0.8806226109375 0.0008982541666666666 0.875585578125 0.0030738291666666667 0.8707262578125 0.01203479375 0.8678443265625001 0.013139502083333334 0.8636944375000001 0.007509585416666667 0.8582305218749999 0.007278729166666667 0.8546598421875 0.009871293750000001 0.8473073953125001 0.020889387500000002 0.843022578125 0.0240004625 0.8295889234375 0.025111208333333336 0.8263816593750001 0.02768685208333333 0.8197306531249999 0.0377017625 0.80582404375 0.0485397625 0.8055240984375001 0.050980035416666666 0.8020168875 0.05599595208333333 0.7982732 0.06587549583333334 0.79748760625 0.07755835208333334 0.7957847765625 0.08200499375 0.7946103812499999 0.09273543125 0.791331659375 0.10647541875000001 0.7923598578125 0.14573373958333333 0.794692671875 0.15144826041666667 0.7969239359375 0.15328541666666667 0.8100703390625 0.15509961666666666 0.81632455625 0.1577199833333333 0.83027865625 0.17648073125 0.8379992250000001 0.17951808541666667 0.8611275546874999 0.20124850416666668 0.8727568296875001 0.20070703333333334 0.8851590046875 0.18799803541666668 0.8921607312500001 0.17748153333333333 0.8948522546875 0.16910676458333332 0.9050231640625 0.15456060833333335 0.916614359375 0.15256512500000002 0.9217609296875 0.14067921458333332 0.9245793921875001 0.13715115208333334 0.9288895953124999 0.13500942083333334 0.9311923171875 0.12568223125 0.9291373437500001 0.08889802708333333 0.92603961875 0.08176333541666667 0.920748709375 0.07424549791666667 0.9195188328125001 0.06896488541666666 0.9146928890625 0.06530749166666666 0.90753413125 0.055935577083333334
0 0.70856860625 0.43351321666666665 0.7185585203125 0.43984173958333334 0.7272471 0.45205399375 0.73017980625 0.45288796666666664 0.7305098453125 0.46548940208333334 0.7352596265625 0.46623877291666666 0.737376646875 0.46371389375 0.7385049718750001 0.4651171416666667 0.73506921875 0.4589687125 0.7317604046875 0.45766698958333335 0.73199688125 0.45280336250000003 0.7432373531249999 0.4513094729166667 0.747885584375 0.448181475 0.748874278125 0.44425334791666665 0.7484807703125 0.42922855833333334 0.7493933 0.42239240625 0.74712395625 0.4191012375 0.744140475 0.41632858125 0.7299165203125 0.4150498166666667 0.7217610796875 0.4231937291666667 0.7105333 0.42517229166666665 0.70856860625 0.43351321666666665
0 0.9304560765625001 0.09757133333333333 0.9324889453124999 0.10572612916666667 0.9329966984375 0.12511295625000002 0.9310573906249999 0.13442322291666667 0.9236541687500001 0.14350263541666666 0.9188202359375 0.15343294166666668 0.9188710109375 0.15537162499999999 0.9150638546875 0.16282781249999997 0.9151273234374999 0.16525116666666667 0.9102426171875001 0.17324278958333333 0.9049230375 0.19241567916666666 0.9042389953125 0.20797590208333333 0.9117738609374999 0.21781556666666668 0.9218145515625 0.22608277291666665 0.931014165625 0.2300217833333333 0.9437336859375 0.22942954999999998 0.9451111828125001 0.22645384166666668 0.9476296984375001 0.22536605208333332 0.9543314796875 0.217289825 0.9586543765625001 0.2156327625 0.9600318718749999 0.21265705416666666 0.9643674640625 0.21148466041666666 0.97004246875 0.20588254791666666 0.972434046875 0.19994805416666667 0.974213040625 0.1984094375 0.9727927578125 0.18585876458333334 0.975247803125 0.18234762499999999 0.9830906046875001 0.17615931458333334 0.987426196875 0.17498692291666668 0.988452971875 0.17251280624999998 0.9917116796875 0.17190135416666666 0.988789209375 0.06031657291666667 0.9716982453125 0.06071221875 0.9627144234375 0.06501260625 0.955674615625 0.07407509791666667 0.95132633125 0.07476282083333333 0.9468764953125 0.07157317708333334 0.9436057625000001 0.07172546666666667 0.9425789874999999 0.07419958125000001 0.9400731640625001 0.07577203958333333 0.9371324703124999 0.08852576666666666 0.9304560765625001 0.09757133333333333
0 0.058873468750000005 0.022660841666666667 0.0604251765625 0.020162283333333333 0.0173946859375 0.022165827083333332 0.0173934015625 0.022651147916666666 0.017909142187499998 0.028450275 0.0233777640625 0.04275349791666667 0.031326820312499996 0.054514925 0.038244396874999996 0.05467809791666667 0.044219346874999996 0.04663571041666667 0.05035931875000001 0.04489404166666667 0.0549821609375 0.04079670625 0.0570357125 0.03584847291666667 0.058873468750000005 0.022660841666666667
0 0.61487575 0.45437454791666665 0.6112669890625 0.4555131 0.6097371671875 0.45267276041666665 0.6106496984375 0.44583660833333333 0.606639440625 0.44553806875 0.602718040625 0.44863222291666666 0.599612328125 0.45508522916666666 0.6030861609375 0.46268767083333334 0.6068091671875 0.46591115625 0.60722335625 0.46783291875 0.6090531234375 0.46823298333333335 0.6102195312500001 0.47109024374999997 0.6142678703125 0.47284279583333333 0.6211727515625001 0.4725212979166667 0.629104409375 0.46972568333333337 0.6409193859375 0.4623819020833333 0.6458294812500001 0.45535962083333337 0.6449757140625 0.45054675624999996 0.6374408468749999 0.44070709166666666 0.6308739921875001 0.44004232916666663 0.6262257625000001 0.443170325 0.6168404453125 0.44603362291666665 0.61487575 0.45437454791666665
0 0.396816884375 0.172400075 0.39374925312500003 0.18030709166666667 0.39518222812500003 0.19334243541666665 0.39302384375 0.22207337083333334 0.391359096875 0.22797402291666666 0.386698171875 0.23061735 0.3781492234375 0.22373647083333334 0.3741516609375 0.22392260208333334 0.3713078109375 0.22648132499999998 0.37934572499999997 0.24163544166666667 0.38816923124999997 0.24510670416666666 0.392644453125 0.2492656875 0.392695228125 0.2512043708333333 0.3953406828125 0.2549632895833333 0.40386424375 0.260874825 0.4122227859375 0.26048564375 0.41289883906249997 0.25851311875 0.41354480000000005 0.24149888541666667 0.41607130468750003 0.22682339791666667 0.4153604515625 0.19968184375 0.4162475953125 0.19187635 0.4200293640625 0.18345081875 0.42814672500000006 0.17385289375 0.428759309375 0.16945701666666665 0.42758020781250006 0.16611508541666667 0.42643918750000004 0.16422716666666667 0.41762837656249996 0.161240575 0.4030790875 0.16143274166666668 0.3973152265625 0.16364216041666665 0.396816884375 0.172400075
0 0 0.18330619791666666 0.0019325671875 0.18253684583333335 0.004459071875 0.16786135833333335 0.008342390625 0.16331319166666666 0.009343778125 0.15986973541666666 0.009191453125 0.15405368749999998 0.0108181203125 0.146699025 0.010602325 0.13845962291666666 0.007065021874999999 0.12843382916666665 0 0.11882425 0 0.18330619791666666
0 0.39331864843750003 0.31668566875 0.383861871875 0.3307133125 0.370094896875 0.3468826916666667 0.3666384609375 0.3538372895833334 0.367517615625 0.35961949375 0.37903735156249996 0.36878835624999995 0.3866563703125 0.36794834375 0.394562640625 0.3641833916666667 0.3993331015625 0.35182973125 0.40251497968749994 0.3482847479166667 0.4034655921875 0.34290260833333336 0.40698549531249995 0.3383713625 0.4098881109375 0.324163625 0.40938506406249997 0.31884917083333336 0.4050574625 0.3064338645833333 0.40403068593749997 0.30890798125 0.40077264531249995 0.30954494166666663 0.3972908234375 0.3155301979166667 0.39331864843750003 0.31668566875
0 0.379253584375 0.26590281666666665 0.360930515625 0.2609328166666667 0.3275217375 0.26345888958333336 0.3164288859375 0.2566964583333333 0.31278204375 0.25638099583333335 0.3088479484375 0.25899048125 0.30023225 0.27734631875000004 0.2935685484375 0.28687655625 0.293319378125 0.2912555145833334 0.289601078125 0.30210439791666666 0.2893566140625 0.320555725 0.2923654828125 0.32429772291666664 0.29432218906249996 0.32954449375 0.3006398734375 0.3345882145833333 0.3029473 0.33933339375 0.3081112703125 0.34200452291666666 0.31283566406249996 0.34178455208333336 0.318497975 0.33569776875 0.31874714531250004 0.3313188125 0.32046267031250003 0.32735684374999996 0.32331921406249997 0.3252827916666667 0.329268778125 0.31627106458333337 0.33087476250000003 0.32201942916666665 0.32957342968750003 0.32790315833333333 0.331453971875 0.33024190833333333 0.336216446875 0.3314759479166666 0.3408186078125 0.3404816375 0.34375131406250004 0.3413156125 0.348991446875 0.34689476458333335 0.3523129546875 0.3486811583333333 0.356297825 0.34801035625 0.36410254375 0.3403680375 0.3763397 0.32135831875 0.3893798484375 0.3052227833333333 0.3928743640625 0.2997221979166667 0.39386305781250003 0.29579406875 0.3926458765625 0.290998125 0.390063890625 0.28966256041666666 0.38664083125 0.2839988 0.3864250359375 0.2757594 0.385245934375 0.27241747083333334 0.379253584375 0.26590281666666665
0 0.2622533734375 0.5916231625 0.2594349109375 0.5951512250000001 0.25952376718750003 0.59854391875 0.2508953734375 0.6164150854166667 0.24418089843750002 0.62400664375 0.24145129375000002 0.6309273999999999 0.241341753125 0.6406377333333333 0.2435857125 0.6429595604166667 0.2494130421875 0.6431734958333333 0.2533979125 0.64250269375 0.26486216875 0.6356605041666668 0.2685090109375 0.6359759666666667 0.27075296875 0.6382977937500001 0.2776451578125 0.6374916249999999 0.2822933875 0.6343636291666667 0.287216175 0.6278260166666667 0.28626085625000003 0.6191357875 0.2769850796875 0.6122887520833333 0.26754428125 0.5991409979166666 0.26518607968749996 0.5924571354166667 0.264057753125 0.5910538854166667 0.2622533734375 0.5916231625
0 0.94685165625 0.33458615416666665 0.941776540625 0.33530771875000004 0.936790284375 0.339421975 0.9302027468749999 0.3518602416666667 0.9230740828125 0.3575300375 0.9220853874999999 0.36145816458333335 0.92230435625 0.3698187333333333 0.9241699203125 0.3700418979166667 0.9255338359374999 0.36809126458333336 0.927388990625 0.36946067083333334 0.9277190296875 0.3820621083333334 0.9337240734375 0.38906143125 0.936458384375 0.39621304375000005 0.9362853781249999 0.4035000229166667 0.9345444671875001 0.4064926541666667 0.943706 0.40897765416666665 0.9564382140625 0.40887008750000003 0.9607484156250001 0.40672835625000003 0.9632034640624999 0.4032172145833333 0.965231628125 0.3972996395833333 0.9647492625 0.37888215625000005 0.9656998765625 0.37350001875 0.9630877968749999 0.35712274166666663 0.9631084781249999 0.3440197145833333 0.9596854203125 0.33835595416666664 0.9556243875 0.33611873333333336 0.94685165625 0.33458615416666665
0 0.6086148609375 0.13196706041666667 0.6054583703125 0.13648138333333334 0.6046220015625 0.1462255583333333 0.601841621875 0.15120763125 0.6015543703125 0.15413257708333333 0.6109443921875 0.16534164791666667 0.6163114640625 0.17576750833333332 0.6240019390625 0.16376315208333334 0.631857434375 0.1580595125 0.6362438 0.15882580208333333 0.6412681390625 0.15616555625 0.6417537859375 0.14692297291666667 0.6403081140625 0.13340295833333335 0.6354313968749999 0.12780688333333334 0.6329001859375001 0.12841 0.6229657515625 0.13809252916666667 0.615156328125 0.13166248125 0.6086148609375 0.13196706041666667
0 0 0.09262147708333333 0.005673409375 0.08919242916666666 0.012214875 0.08888785208333333 0.022225471875 0.08211334583333334 0.025031240625 0.07810061458333334 0.024878915625 0.07228456458333334 0.022884128125 0.06558378125 0.01751705625 0.05515792083333334 0.0063861234375 0.04694147916666667 0 0.04497590208333333 0 0.09262147708333333
0 0.260400515625 0.4097363125 0.2475079875 0.41761552500000004 0.2297641296875 0.42086800625 0.22372570781249998 0.4264870375 0.2186632890625 0.42769327291666664 0.21293750781249998 0.43135670416666666 0.211209290625 0.4348340041666667 0.210233290625 0.4392468 0.211163221875 0.4469676875 0.20958732812499997 0.4562610354166667 0.2109314484375 0.46590368541666666 0.21395301249999998 0.4701303520833333 0.2152082765625 0.4763803083333333 0.2200976890625 0.4824610541666667 0.22920844687500003 0.48300737083333334 0.2371654921875 0.4811810979166667 0.24505906875 0.47693147083333337 0.2508436125 0.461619025 0.26794949843750004 0.46179308124999996 0.27366258593750004 0.45764498124999997 0.28631393125 0.44055702500000005 0.2871756875 0.4317821895833333 0.2860092796875 0.42892492916666664 0.27781105156249997 0.4215424625 0.272004403125 0.4082254979166667 0.26867019999999997 0.40595443541666665 0.26286825625 0.40670983958333334 0.260400515625 0.4097363125
0 0.7005260453125 0 0.6991643578125 0.00497978125 0.6984168453125 0.01811665 0.7088717265625 0.028305618749999997 0.710101603125 0.03358622916666667 0.7165081421874999 0.04202264583333334 0.7216467265625 0.04372443541666667 0.7272502734375 0.049286666666666666 0.73205083125 0.05197471875 0.73899379375 0.05310723333333334 0.7487679125 0.051196354166666666 0.7533780625000001 0.046614345833333334 0.7592006875 0.0327559125 0.76200645625 0.028743179166666667 0.76482491875 0.025215116666666666 0.7694985359375 0.0230564625 0.7735675578125 0.011705987499999999 0.7750063953125 0 0.7005260453125 0
0 0.6350304453125 0.3903521104166667 0.633851346875 0.38701017916666663 0.6291015640625 0.38626080833333337 0.619467078125 0.39350306458333334 0.6173627515625 0.3965126145833333 0.616437525 0.4028640958333333 0.6139697843749999 0.4058905666666667 0.6073521546875 0.40328712083333335 0.6015502109375 0.40404252500000004 0.599420496875 0.40608273333333333 0.596627421875 0.4105801375 0.5968178296875 0.4178501958333333 0.606512503125 0.4406913625 0.6091071828125 0.44251159791666667 0.608723084375 0.4556315479166667 0.6098641046875 0.45751946666666665 0.6127841171874999 0.45786876875 0.6197223765625 0.44492891458333333 0.6312374078125 0.44002540833333337 0.6371869703125 0.43101367916666666 0.6416574875000001 0.42110029375 0.6419066578125 0.4167213395833333 0.6439475156250001 0.4112884354166667 0.64744203125 0.40578784791666667 0.6472770125 0.39948713125 0.6422272875 0.4011780354166667 0.6394088234375 0.4047060979166667 0.6372156421875 0.40432295208333335 0.635322403125 0.40149953541666666 0.6350304453125 0.3903521104166667
0 0.560396353125 0.18031202083333334 0.5356587546875 0.18049330416666667 0.51739915625 0.1779466583333333 0.509239009375 0.17201820208333332 0.50472570625 0.16640520625 0.49880951875 0.162798575 0.493332909375 0.16208305 0.48775474843750005 0.15749015625 0.4844586265625 0.15667310416666666 0.44272938906250003 0.16104237083333334 0.43369479218749996 0.16340407499999998 0.43074140312500003 0.17567313125 0.4229239890625 0.18283078125 0.41839000468750004 0.19032081041666665 0.416603021875 0.20544712708333332 0.41709808125 0.22434928125 0.4154841078125 0.23218861666666665 0.41560305781249995 0.2506230208333333 0.41723443125 0.25734072708333333 0.4213716265625 0.2624859729166667 0.43202489999999993 0.2663573 0.44237822812500005 0.27266890208333333 0.44491414531249995 0.28613815416666666 0.4480118703125 0.29327284374999996 0.4525171859375 0.31247353958333335 0.4548246140625 0.31721871875 0.461378775 0.31739881249999996 0.4706799390625 0.32521518958333334 0.474715584375 0.32648307083333333 0.479579609375 0.331594475 0.484342084375 0.33282851458333335 0.49699813437499996 0.329812925 0.5059438734375 0.3240585270833333 0.5073340640625 0.3215674875 0.5169558578125 0.31384056458333337 0.5256016515625 0.31052643541666664 0.5298483843749999 0.30596134999999997 0.536824725 0.29447550625 0.5434042734375 0.2956249395833333 0.5532037812499999 0.2946834020833334 0.5604213015624999 0.29240629999999995 0.5679387703125001 0.28768892500000004 0.5738756406250001 0.2781925270833333 0.5757514765625 0.26645890624999996 0.5753706625 0.2519187875 0.57694655625 0.24262543958333332 0.5755389656250001 0.23055943958333333 0.5735441796875 0.22385865416666664 0.5675391328125 0.21685932916666667 0.5644160203124999 0.20875529791666667 0.5633798343749999 0.183084675 0.560396353125 0.18031202083333334
0 0.4275773640625 0.0826502125 0.43157492656249996 0.08246408333333334 0.43512021875 0.07890217916666667 0.43714838125 0.07298460416666666 0.43798475000000003 0.06324042916666667 0.44115393437500006 0.05921077708333333 0.446955878125 0.05845536875 0.45234363125000004 0.05577820208333333 0.46904802031250004 0.05451516666666667 0.4778588328125 0.05750175833333333 0.48599359218749993 0.06246087291666667 0.4899276859375 0.05985138958333334 0.491643209375 0.055889418749999996 0.49068789218750003 0.047199189583333336 0.49227647656249995 0.038390514583333334 0.489364453125 0.0244535125 0.4897739375 0.01230290625 0.4852167515625 0.00038354999999999997 0.3932464625 0.00466578125 0.39048552187499996 0.014014304166666667 0.3912170578125 0.028052833333333336 0.397961625 0.03550298541666667 0.39625879531249997 0.039949625 0.39473367812500004 0.051181656250000006 0.3956255265625 0.057448531250000004 0.398685171875 0.06312921041666666 0.4124869484375 0.07607391250000001 0.42136122968749995 0.08148385833333333 0.4275773640625 0.0826502125
0 0.26161430625 0.0670850625 0.2658022765625 0.07416899166666666 0.2678224515625 0.08183911666666667 0.2672352546875 0.08720433541666667 0.2685412921875 0.09539297291666667 0.272276990625 0.09910112916666666 0.2743432375 0.09463756875 0.27410205468750004 0.085428825 0.27671741562499996 0.07414603333333333 0.276484221875 0.051349593750000005 0.28010097031250003 0.03662334375 0.2856871203125 0.0276285375 0.2874915 0.027059260416666668 0.28920702343750004 0.02309729166666667 0.30072315 0.008973762500000001 0.23150473593749998 0.012196643750000001 0.2313479 0.022879702083333335 0.2350836 0.02658785625 0.24057290468749998 0.02778805416666667 0.2446466296875 0.030509947916666665 0.24656525468749999 0.034302708333333334 0.24794745625 0.045399368749999995 0.24985338750000002 0.048707458333333335 0.2569232890625 0.05468667708333333 0.2615508375 0.06466170833333333 0.26161430625 0.0670850625
0 0.061897876562499995 0.11035238125 0.0471375 0.11637751875 0.04331765 0.1233490375 0.0383186984375 0.12697862499999998 0.034862264062499995 0.133933225 0.0337132546875 0.14563300416666666 0.0292808203125 0.15700039999999998 0.029395064062499997 0.16136243541666667 0.036482365625 0.18189869375 0.044241015625000005 0.18639005833333336 0.0519108078125 0.18748873333333332 0.0633924640625 0.19520358333333335 0.06739002656250001 0.19501745208333335 0.0785162546875 0.189161525 0.093766984375 0.18796617291666667 0.0961458703125 0.18154700833333332 0.0954524140625 0.16896249375 0.0903091265625 0.15318833541666665 0.086083075 0.14465039583333333 0.083597934375 0.13311982708333334 0.07042143906250001 0.11626391666666666 0.061897876562499995 0.11035238125
0 0.1577228546875 0.2820406541666667 0.159679559375 0.2872874270833333 0.16196159999999998 0.29106326666666665 0.16639874062499999 0.29376823750000003 0.17297828906249998 0.29491767291666665 0.1774154296875 0.29762264374999997 0.1821271296875 0.29691799999999996 0.18740063906249999 0.28987880000000005 0.19005408125 0.2800500166666666 0.1903747109375 0.26450671666666664 0.189208303125 0.26164945625 0.18189721875 0.24646149375 0.165906965625 0.24720601666666667 0.163075809375 0.25024940625 0.157507059375 0.2738012541666667 0.1577228546875 0.2820406541666667
0 0.1850716546875 0.520486525 0.1833942109375 0.5259025083333333 0.18355923125 0.5322032250000001 0.18163261875 0.5419981645833333 0.1818738015625 0.55120690625 0.1845954171875 0.55787385 0.18868183593750001 0.5610804125000001 0.1974672625 0.5630976625 0.20219165625 0.5628776895833333 0.20395795468750003 0.5608544020833333 0.20594803750000001 0.5534828166666668 0.2066320796875 0.5379225937500001 0.20934899218749997 0.53051716875 0.2084063671875 0.5223116083333333 0.2065004359375 0.5190035187500001 0.20279012500000002 0.51626470625 0.1961851890625 0.5141459291666667 0.1879028109375 0.5174431354166666 0.1850716546875 0.520486525