0 1 0.026336172916666668 0.9898373984375001 0.022075910416666667 0.98141695625 0.02246320625 0.9727061562499999 0.02904725 0.9709639953125 0.032145622916666665 0.9683507546874999 0.033307514583333336 0.966318234375 0.0364058875 0.955284553125 0.045701006249999995 0.9549941921875 0.048024787500000006 0.952380953125 0.05112316041666667 0.9520905921875 0.0538342375 0.9477351921875 0.0596436875 0.943379790625 0.07087528958333333 0.93641115 0.08288148749999999 0.93641115 0.08830363958333334 0.9384436703124999 0.09062742083333333 0.93931475 0.09372579375 0.9451219515625 0.09837335416666666 0.94889663125 0.09953524374999999 0.9544134734374999 0.10650658333333334 0.9549941921875 0.11735089166666667 0.9564459937500001 0.12238574791666666 0.9587688734375 0.12548412083333332 0.96515679375 0.14020139375 0.9695121953125 0.14407436041666666 0.97415795625 0.14639814166666668 0.9869337984375001 0.14717273333333333 0.9941927984375001 0.14213787708333334 0.9991289203125 0.13361735000000002 1 0.13316550416666667 1 0.026336172916666668
0 0.3890824625 0.5015491875 0.39663182343750003 0.50077459375 0.398373984375 0.49922540625 0.4033101046875 0.4829589458333333 0.40185830468750006 0.47172734374999997 0.40040650468749994 0.4690162666666666 0.398954703125 0.46204492708333333 0.3786295 0.4314484895833333 0.375435540625 0.4209914791666666 0.37253193906250004 0.41595662291666663 0.3681765390625 0.4167312166666666 0.3641114984375 0.41905499583333333 0.3565621375 0.4256390395833333 0.3507549359375 0.43299767708333337 0.347270615625 0.44229279583333336 0.34465737500000004 0.44732765208333336 0.342044134375 0.45003872916666665 0.340301975 0.45429899375 0.340301975 0.4589465520833333 0.350174215625 0.4647560020833333 0.351626015625 0.46630518958333333 0.35307781718750003 0.47172734374999997 0.35336817656249997 0.48799380416666666 0.3519163765625 0.49031758333333336 0.3495934953125 0.49961270416666664 0.3495934953125 0.5069713395833333 0.35046457656249996 0.5154918666666667 0.35394889687500003 0.5197521291666667 0.36469221875 0.5209140208333333 0.3734030203125 0.51742835 0.38095238125 0.5096824166666667 0.3832752609375 0.50503485625 0.3890824625 0.5015491875
0 0.5963995359375 0.19403563124999998 0.5993031359375001 0.19093725833333333 0.6004645765625 0.18783888541666668 0.602497096875 0.16382649166666668 0.603948896875 0.15879163541666666 0.6077235765625 0.15685515208333334 0.6193379796875 0.1560805583333333 0.6242740999999999 0.15375677708333332 0.6271777000000001 0.14872192083333333 0.6286295 0.14020139375 0.629790940625 0.13865220833333333 0.6315331015625001 0.13129357083333332 0.6341463421875 0.1278079 0.635017421875 0.12277304375 0.640243903125 0.11231603333333333 0.640243903125 0.10689388125 0.6370499421875 0.10147172708333334 0.6274680609375001 0.09643687083333334 0.6344367015625 0.0813323 0.6341463421875 0.07784663124999999 0.6329849015625 0.07591014791666666 0.626887340625 0.07164988333333334 0.61469221875 0.06777691666666666 0.6077235765625 0.06777691666666666 0.5961091749999999 0.07397366458333333 0.5833333328125 0.07745933333333334 0.5670731703125 0.09953524374999999 0.56736353125 0.10573199166666666 0.5769454125 0.12432223125 0.5769454125 0.12896979166666667 0.5752032515625001 0.13206816458333334 0.57026713125 0.13323005416666667 0.5647502906249999 0.1409759875 0.561846690625 0.14949651458333332 0.5627177703124999 0.15801704166666666 0.5653310109375 0.16227730416666666 0.56736353125 0.16924864375 0.5714285718750001 0.17621998541666667 0.575783971875 0.17893106041666668 0.5815911734375 0.17854376458333335 0.5873983734375 0.1800929520833333 0.5937862953125 0.1874515875 0.5963995359375 0.19403563124999998
0 0.633565621875 0.0073586375 0.637921021875 0.0073586375 0.6347270609375 0.00658404375 0.633565621875 0.0073586375
0 0.466027875 0.022850504166666667 0.464576075 0.026336172916666668 0.464576075 0.03408210625 0.466318234375 0.03756777708333334 0.467770034375 0.03446940416666667 0.4706736359375 0.031758327083333336 0.4706736359375 0.0274980625 0.467479675 0.0232378 0.466027875 0.022850504166666667
0 0.5290360046875 0.11154144166666667 0.5319396046875 0.107668475 0.53774680625 0.10457010000000001 0.539488965625 0.10224632083333333 0.5423925671875 0.09527498125 0.544715446875 0.09256390416666667 0.5464576078125 0.08443067291666666 0.547619046875 0.06351665416666667 0.5452961671875001 0.05305964375 0.544715446875 0.043764522916666666 0.5409407671875 0.03756777708333334 0.539488965625 0.03253292083333333 0.5409407671875 0.025561579166666668 0.5403600468749999 0.014717272916666666 0.5374564453125 0.0100697125 0.5331010453125 0.006196745833333334 0.5261324046875 0.0038729666666666666 0.5168408828125 0.0038729666666666666 0.5058072015625 0.01084430625 0.4854819984375 0.03253292083333333 0.482578396875 0.039504260416666666 0.48199767656250003 0.04337722708333334 0.4846109171875 0.051510456249999996 0.483449478125 0.054221533333333335 0.48228803750000004 0.05538342291666667 0.4779326359375 0.05305964375 0.477351915625 0.05460883125 0.47502903593749995 0.055770720833333336 0.473286875 0.060030983333333336 0.4671893140625 0.06893880625 0.46515679375 0.07552285 0.464576075 0.0886909375 0.466027875 0.09411309166666666 0.4695121953125 0.09721146458333334 0.4788037171875 0.09604957500000001 0.48199767656250003 0.09798605833333333 0.48373983750000005 0.1003098375 0.484901278125 0.10495739791666667 0.48983739843749996 0.11580170416666666 0.49419279843749997 0.12199845 0.4985482 0.12199845 0.5060975609375 0.11657629791666667 0.5104529609374999 0.11541440833333333 0.518873403125 0.11890007708333333 0.5235191640625 0.11851278125 0.52729384375 0.11657629791666667 0.5290360046875 0.11154144166666667
0 0.2441927984375 0.14484895416666665 0.240708478125 0.1432997666666667 0.23896631875000002 0.14058869166666668 0.2305458765625 0.13555383333333332 0.22067363593749997 0.14794732708333333 0.21312427343749998 0.15220759166666667 0.2087688734375 0.1560805583333333 0.2061556328125 0.16150271041666667 0.2055749125 0.17118512708333336 0.210511034375 0.18319132500000002 0.21312427343749998 0.18590240208333333 0.22270615624999998 0.19171185208333333 0.23025551718749998 0.20100697083333333 0.23403019687499999 0.20333075208333332 0.2380952375 0.20294345416666668 0.24332171875 0.19945778541666667 0.24767712031250003 0.19287374166666668 0.24970964062499998 0.18628969791666666 0.2520325203125 0.18241673125 0.2529036 0.17505809375 0.252613240625 0.159953525 0.2534843203125 0.15762974375 0.252613240625 0.15182029375 0.2441927984375 0.14484895416666665
0 0.799941928125 0.4144074354166667 0.801393728125 0.4085979854166667 0.8040069687500001 0.4035631291666667 0.8057491296875 0.39271882291666665 0.8089430890625 0.38574748333333336 0.8083623687499999 0.3795507354166666 0.8022648078125 0.369093725 0.802845528125 0.3648334625 0.8156213703124999 0.35979860625 0.81736353125 0.3578621229166667 0.8214285718750001 0.345855925 0.824332171875 0.328427575 0.809523809375 0.31216111458333334 0.8060394890625 0.31177381875 0.7952961671875001 0.31525948958333333 0.7900696859375 0.31448489583333333 0.7793263640625 0.30170410625 0.7764227640625 0.29666924791666666 0.7749709640625 0.29124709583333336 0.7706155640625 0.29008520625 0.7662601625 0.29318357916666665 0.7598722421875 0.3086754458333333 0.7465156796875 0.31835786250000003 0.74186991875 0.31913245625000003 0.7380952375 0.3214562354166667 0.7357723578125 0.32881487291666667 0.7351916375 0.34082106875 0.7325783968749999 0.34624322291666665 0.7267711968749999 0.3532145625 0.72415795625 0.3601859020833333 0.7238675953125 0.3644461666666666 0.7264808359375 0.3679318354166667 0.736353078125 0.37103020833333333 0.740708478125 0.3768396583333333 0.7427409984375 0.38536018541666667 0.7485482 0.39271882291666665 0.7505807203125 0.40007745833333336 0.7546457609375 0.4074360958333333 0.7601626015625 0.4101471729166667 0.7653890828125001 0.41556932708333333 0.7749709640625 0.4314484895833333 0.7790360046875 0.43377226875 0.7833914046875 0.43299767708333337 0.788037165625 0.43106119374999996 0.7932636468750001 0.4264136333333333 0.799941928125 0.4144074354166667
0 0.14576074375 0.12896979166666667 0.14866434374999998 0.12625871458333332 0.15156794375 0.12122385833333334 0.1518583046875 0.11735089166666667 0.148373984375 0.09024012291666667 0.1437282234375 0.08520526666666667 0.14024390312499999 0.08481797083333334 0.1222415796875 0.10224632083333333 0.11788617812499999 0.10883036458333332 0.1138211375 0.12470952708333334 0.1129500578125 0.13245546041666667 0.1109175375 0.13594113125 0.1094657375 0.14368706458333333 0.1094657375 0.15530596458333334 0.112078978125 0.16227730416666666 0.1123693375 0.17041053541666665 0.1181765390625 0.17854376458333335 0.12049941875 0.17970565416666667 0.1265969796875 0.18628969791666666 0.12950058125 0.18667699375 0.133565621875 0.18435321458333334 0.1385017421875 0.17312161041666665 0.141695703125 0.17041053541666665 0.15011614375 0.1560805583333333 0.1504065046875 0.14910921666666666 0.14721254374999998 0.1432997666666667 0.1451800234375 0.13323005416666667 0.14576074375 0.12896979166666667
0 0 0.15125225833333333 0.0037746812499999997 0.1525948875 0.0130662015625 0.1661502708333333 0.022648084375 0.16963594166666668 0.02729384375 0.16731216041666666 0.028745645312500002 0.16227730416666666 0.0331010453125 0.15491866666666668 0.0331010453125 0.13903950416666666 0.0252613234375 0.1235476375 0.0209059234375 0.11812548333333334 0.014518001562499999 0.11425251666666666 0.013646921875 0.1119287375 0.014518001562499999 0.107668475 0.022357723437499998 0.11115414375 0.031068525000000003 0.1119287375 0.0360046453125 0.10960495833333334 0.040360046875 0.10418280416666666 0.041811846875 0.1003098375 0.041521485937500005 0.09604957500000001 0.037456445312499996 0.08752904791666666 0.0368757265625 0.08404337708333333 0.031649245312500005 0.07513555416666667 0.018873403125 0.06467854375 0.01248548125 0.05693261041666667 0.006678281249999999 0.05460883125 0 0.059127291666666665 0 0.15125225833333333
0 0.5348432062499999 0.3570875291666667 0.539488965625 0.35437645208333335 0.5412311265625 0.35979860625 0.5412311265625 0.3636715729166667 0.539488965625 0.3648334625 0.539488965625 0.38109992291666667 0.5418118468750001 0.3826491083333333 0.54355400625 0.3892331520833333 0.5467479671875 0.39155693333333336 0.5481997671875 0.39775367916666665 0.5505226484375 0.39814097499999995 0.55400696875 0.40162664583333335 0.5598141703125 0.40201394166666665 0.5598141703125 0.39775367916666665 0.558072009375 0.39465530625 0.5508130078125 0.39388071249999995 0.5505226484375 0.392331525 0.5548780484375 0.39078233958333336 0.5557491296875 0.38613477916666666 0.559523809375 0.38690937291666666 0.5630081296875 0.3834237020833333 0.5653310109375 0.3845855916666666 0.56736353125 0.38807126249999996 0.5670731703125 0.38729666875 0.5705574906249999 0.3834237020833333 0.572880371875 0.3826491083333333 0.575783971875 0.3795507354166666 0.5789779328125 0.37180480208333333 0.583914053125 0.3683191333333333 0.5856562140625 0.363284275 0.5859465734375 0.35979860625 0.5847851328125 0.35476375 0.5818815328125 0.35050348541666665 0.5815911734375 0.34856700208333335 0.5792682921875 0.3470178166666667 0.5720092921875 0.3369481020833333 0.5627177703124999 0.32804027916666667 0.554297328125 0.31797056458333334 0.552845528125 0.3098373354166667 0.55255516875 0.29550735833333336 0.5505226484375 0.29163439166666666 0.535423925 0.28931061249999995 0.518873403125 0.28156467916666666 0.5145180015624999 0.28233927291666666 0.5101626015625 0.28543764583333336 0.5058072015625 0.29163439166666666 0.50522648125 0.2951200625 0.501161440625 0.30286599583333335 0.5008710796875 0.30596436875 0.4965156796875 0.3171959729166666 0.49303135937500003 0.3199070479166667 0.49012775781249995 0.32920216875 0.48983739843749996 0.3369481020833333 0.4912891984375 0.34082106875 0.499709640625 0.34275755208333336 0.51103368125 0.34275755208333336 0.5130662015625 0.34430673958333335 0.51103368125 0.35127807916666665 0.5031939609375 0.36560805625000004 0.5014518 0.37103020833333333 0.5008710796875 0.38109992291666667 0.502613240625 0.38497288958333337 0.5133565625000001 0.3776142520833333 0.518873403125 0.3776142520833333 0.52584204375 0.3737412854166667 0.5319396046875 0.36599535208333334 0.5333914046875 0.35941130833333335 0.5348432062499999 0.3570875291666667
0 0.972996515625 0.19635941041666666 0.9767711968749999 0.18977536875 0.97851335625 0.1816421375 0.97851335625 0.16963594166666668 0.9753193953125001 0.16189000833333334 0.9634146343750001 0.14639814166666668 0.9584785140625 0.14407436041666666 0.9509291515625 0.14291247083333333 0.9459930312499999 0.1394268 0.9413472703125001 0.1432997666666667 0.9381533093750001 0.14446165833333333 0.922764228125 0.14484895416666665 0.913763065625 0.14717273333333333 0.9079558656250001 0.15027110833333335 0.8966318234375 0.1510457 0.8919860625 0.15298218333333333 0.8882113828125 0.1584043375 0.8818234609375001 0.17854376458333335 0.8803716609375 0.1800929520833333 0.8771777000000001 0.18938807083333334 0.8760162609375 0.19016266458333334 0.870209059375 0.20565453125 0.87049941875 0.22192099166666665 0.8763066203125 0.22773044166666667 0.8855981421875001 0.22889233125 0.8937282234374999 0.22540666250000002 0.902439025 0.223857475 0.91347270625 0.22927962916666667 0.92973286875 0.23276529791666667 0.9387340296875 0.22695584791666665 0.9401858296875 0.22463206875 0.94308943125 0.22347017916666667 0.9494773515625001 0.21804802499999998 0.95789779375 0.2134004645833333 0.964866434375 0.21146398125000002 0.9680603953125001 0.20681642083333335 0.970092915625 0.19868319166666665 0.972996515625 0.19635941041666666
0 0.0842044140625 0.43919442291666666 0.09175377500000001 0.4264136333333333 0.095818815625 0.4268009291666666 0.09756097500000001 0.43028659999999996 0.09988385625 0.4318357854166667 0.1030778171875 0.4306738958333333 0.1045296171875 0.4264136333333333 0.1062717765625 0.41363284375000003 0.1077235765625 0.4101471729166667 0.1100464578125 0.40821068958333334 0.11353077812500001 0.39891556875 0.11759581875 0.39271882291666665 0.1239837390625 0.38497288958333337 0.1271777 0.38303640624999996 0.13675958125 0.38536018541666667 0.14111498281249998 0.38187451666666666 0.1428571421875 0.37567776875000003 0.1425667828125 0.369093725 0.1382113828125 0.3605732 0.13240418125 0.3532145625 0.12979094062500002 0.3528272666666667 0.1271777 0.35398915625 0.1263066203125 0.3578621229166667 0.121660859375 0.3644461666666666 0.11643437812499999 0.36599535208333334 0.1085946578125 0.37141750625000003 0.1036585359375 0.37180480208333333 0.098722415625 0.36986831875 0.090301975 0.3628969791666667 0.08855981406249999 0.34934159583333335 0.0842044140625 0.3419829583333333 0.078106853125 0.3419829583333333 0.0696864109375 0.34391944166666666 0.05923345 0.35670023333333334 0.05691056875 0.3644461666666666 0.056620209374999994 0.36986831875 0.058072009375 0.3741285833333333 0.0696864109375 0.38109992291666667 0.0763646921875 0.3834237020833333 0.078106853125 0.38536018541666667 0.0769454125 0.3892331520833333 0.07433217187499999 0.39271882291666665 0.0734610921875 0.39581719583333336 0.071428571875 0.39775367916666665 0.0682346109375 0.4054996125 0.0682346109375 0.4209914791666666 0.0696864109375 0.43338497291666667 0.071428571875 0.43841982916666666 0.075783971875 0.44422927916666666 0.08072009218750001 0.44268009375 0.0842044140625 0.43919442291666666
0 0.0241328796875 0 0.025551684375 0.01665375625 0.028455284375 0.022075910416666667 0.0331010453125 0.026336172916666668 0.0357142859375 0.032145622916666665 0.0360046453125 0.041053447916666666 0.040360046875 0.054221533333333335 0.04065040625 0.07474825624999999 0.0429732875 0.07978311458333334 0.043263646875 0.08404337708333333 0.0473286875 0.08675445416666668 0.056620209374999994 0.08714175 0.06329849062500001 0.08907823333333333 0.0722996515625 0.08830363958333334 0.081010453125 0.08520526666666667 0.0882694546875 0.08481797083333334 0.09262485468750001 0.08288148749999999 0.096109175 0.07862122291666668 0.1045296171875 0.07474825624999999 0.10714285781249999 0.07126258749999999 0.109175378125 0.06429124791666667 0.112078978125 0.060418281250000004 0.123112659375 0.05925638958333333 0.1277584203125 0.055770720833333336 0.1263066203125 0.04453911666666666 0.1239837390625 0.039504260416666666 0.12340302031249999 0.03408210625 0.1222415796875 0.031758327083333336 0.1225319390625 0.027885360416666668 0.12427410000000001 0.026336172916666668 0.12804878125000002 0.027885360416666668 0.132694540625 0.033307514583333336 0.1361788625 0.03408210625 0.1414053421875 0.03756777708333334 0.1588269453125 0.03872966666666667 0.1617305453125 0.037955072916666666 0.166085946875 0.031758327083333336 0.16782810625 0.024399689583333332 0.167537746875 0.012780789583333334 0.166085946875 0.0019364833333333333 0.1650808546875 0 0.0241328796875 0
0 0.471544715625 0.20991479375 0.4721254359375 0.20371804791666664 0.4793844359375 0.18551510416666667 0.4793844359375 0.17776917083333332 0.48809523749999995 0.16382649166666668 0.48838559843749996 0.15724244791666667 0.4869337984375 0.15220759166666667 0.48228803750000004 0.14601084375 0.4761904765625 0.1409759875 0.4808362375 0.13865220833333333 0.48403019687500004 0.13439194375 0.4866434375 0.13323005416666667 0.4895470390625 0.12858249375 0.49012775781249995 0.12470952708333334 0.48809523749999995 0.12044926458333333 0.48635307812499995 0.11309062708333334 0.48373983750000005 0.10960495833333334 0.48228803750000004 0.09992254166666667 0.47822299687500003 0.09759876041666667 0.4747386765625 0.09914794791666666 0.466027875 0.09798605833333333 0.445702671875 0.10224632083333333 0.44076655000000003 0.10921766041666667 0.4401858296875 0.12122385833333334 0.4413472703125 0.13051897708333335 0.4442508703125 0.13594113125 0.44454123125 0.1432997666666667 0.451509871875 0.1525948875 0.4549941921875 0.16382649166666668 0.45412311250000004 0.17195972083333333 0.44744483125 0.18319132500000002 0.44744483125 0.18977536875 0.45586527343750005 0.19790859791666668 0.45789779375000006 0.2106893875 0.45760743281250005 0.23470178125 0.46167247343750006 0.23470178125 0.463414634375 0.23044151875000002 0.4671893140625 0.22734314583333332 0.471544715625 0.20991479375
0 0.10133565625 0.17041053541666665 0.10278745625 0.15724244791666667 0.098722415625 0.14484895416666665 0.0963995359375 0.14058869166666668 0.09262485468750001 0.136715725 0.087688734375 0.13477924166666666 0.078687571875 0.14562354791666668 0.07433217187499999 0.15569326041666667 0.0740418125 0.16576297499999998 0.0722996515625 0.17041053541666665 0.0653310109375 0.18202943541666666 0.062137050000000006 0.18551510416666667 0.059814170312500005 0.19209914791666666 0.05923345 0.20642912500000002 0.06068525 0.20875290416666664 0.0627177703125 0.21804802499999998 0.0670731703125 0.22114639791666668 0.0734610921875 0.22347017916666667 0.07984901250000001 0.23315259583333334 0.0847851328125 0.23547637500000002 0.096109175 0.23818745208333333 0.1048199765625 0.23470178125 0.10888501718750002 0.23005422083333332 0.11033681718749999 0.22424477083333333 0.1100464578125 0.21611154166666668 0.1062717765625 0.2048799375 0.1048199765625 0.18938807083333334 0.1033681765625 0.18474051041666667 0.10133565625 0.17041053541666665
0 0 0.30341355208333337 0.008710801562499999 0.30441518125000006 0.022648084375 0.30015491875 0.025551684375 0.29434546874999995 0.02729384375 0.2788536020833333 0.0290360046875 0.2742060416666667 0.035423925 0.26646010833333333 0.0400696859375 0.2517428354166667 0.040360046875 0.23625096874999998 0.041521485937500005 0.22927962916666667 0.04065040625 0.21804802499999998 0.039488965625 0.21417505833333333 0.033681765625 0.21030209166666666 0.030197445312499998 0.20642912500000002 0.0331010453125 0.19635941041666666 0.0331010453125 0.19016266458333334 0.031649245312500005 0.1874515875 0.020325203125 0.17312161041666665 0.014518001562499999 0.17041053541666665 0.0098722421875 0.16576297499999998 0.00813008125 0.16150271041666667 0.0046457609375 0.15685515208333334 0 0.15453137083333335 0 0.30341355208333337
0 0.68863724375 0 0.6896051109375 0.0027110770833333334 0.6887340296875 0.006971339583333333 0.6896051109375 0.015491866666666666 0.695702671875 0.02246320625 0.7003484328125 0.04027885416666667 0.7073170734375 0.04918667708333333 0.7090592328125 0.05305964375 0.714576075 0.056158016666666664 0.72270615625 0.06467854375 0.7264808359375 0.06738962083333333 0.7305458765624999 0.06816421458333334 0.7369337984375 0.0580945 0.7424506390625 0.05267234791666667 0.747386759375 0.0464756 0.749709640625 0.041440743749999995 0.7520325203125 0.039504260416666666 0.75522648125 0.03872966666666667 0.7624854812499999 0.043764522916666666 0.765969803125 0.048024787500000006 0.765969803125 0.05267234791666667 0.7619047625 0.06235476458333333 0.7604529609374999 0.07048799375 0.759291521875 0.07203718125 0.7590011609375 0.08055770625 0.7604529609374999 0.08443067291666666 0.7671312421875001 0.08985282708333334 0.7680023234375 0.10921766041666667 0.7749709640625 0.11463981458333333 0.7778745640625 0.11890007708333333 0.780778165625 0.1293570875 0.780778165625 0.14601084375 0.782229965625 0.14949651458333332 0.7857142859375 0.15027110833333335 0.7941347265625 0.14949651458333332 0.7987804875 0.14639814166666668 0.8037166093750001 0.14484895416666665 0.80691056875 0.14213787708333334 0.8118466906249999 0.13477924166666666 0.82026713125 0.13361735000000002 0.82317073125 0.13168086666666667 0.832462253125 0.11890007708333333 0.840301975 0.11541440833333333 0.8423344953124999 0.11037954999999999 0.843205575 0.10224632083333333 0.8440766546875 0.07629744375 0.8478513359375001 0.07939581666666666 0.856852496875 0.08094500416666667 0.8588850171875 0.08055770625 0.867305459375 0.07397366458333333 0.8771777000000001 0.07319907083333334 0.8896631828125001 0.06893880625 0.8925667828125 0.06351665416666667 0.8911149828125 0.060030983333333336 0.891695703125 0.055770720833333336 0.887921021875 0.048412083333333335 0.8882113828125 0.04492641458333334 0.8890824625 0.04337722708333334 0.893147503125 0.04182803958333334 0.8975029031249999 0.037180481249999994 0.8983739843749999 0.030983733333333333 0.8963414640625 0.022850504166666667 0.8977932640624999 0.01820294375 0.9012775843749999 0.0158791625 0.9091173046875 0.015104570833333332 0.9126016265624999 0.01084430625 0.9126016265624999 0.00503485625 0.9111498265625 0.00038729583333333334 0.91113046875 0 0.68863724375 0
0 0.8876306625 0.14872192083333333 0.9059233453125 0.14872192083333333 0.9163763062499999 0.14484895416666665 0.9375725906250001 0.14407436041666666 0.9398954703125 0.14136328333333334 0.9401858296875 0.12625871458333332 0.9384436703124999 0.09953524374999999 0.9358304296875 0.09178931041666667 0.9314750296875 0.08481797083333334 0.9314750296875 0.07939581666666666 0.93263646875 0.07591014791666666 0.9282810687499999 0.07048799375 0.917537746875 0.06893880625 0.9085365859375001 0.0697134 0.905342625 0.06661502708333333 0.9009872234375 0.06467854375 0.8943089437499999 0.07048799375 0.88675958125 0.07358636666666667 0.8655632984375 0.07745933333333334 0.8609175375 0.0813323 0.853948896875 0.08404337708333333 0.8524970968750001 0.08675445416666668 0.8481416953125 0.08791634375 0.8455284546874999 0.09333849791666667 0.8455284546874999 0.10883036458333332 0.843205575 0.12199845 0.8490127765625 0.13555383333333332 0.8516260156250001 0.14562354791666668 0.8559814171875001 0.15453137083333335 0.8600464578125001 0.15762974375 0.864982578125 0.15801704166666666 0.8725319390624999 0.154144075 0.874564459375 0.15027110833333335 0.8742741 0.13245546041666667 0.874564459375 0.13013168125 0.8763066203125 0.1278079 0.8774680609375001 0.12974438333333332 0.8789198609375 0.14020139375 0.8847270609375 0.14794732708333333 0.8876306625 0.14872192083333333
0 0.8925667828125 0.048024787500000006 0.8937282234374999 0.048024787500000006 0.893147503125 0.04763748958333334 0.8925667828125 0.048024787500000006
0 0.6939605109375 0.17389620416666668 0.710511034375 0.17118512708333336 0.714866434375 0.16769945833333333 0.716318234375 0.15646785416666667 0.716318234375 0.13477924166666666 0.718931475 0.130906275 0.719221834375 0.1235476375 0.716318234375 0.11696359375 0.714576075 0.1061192875 0.7102206734375 0.09992254166666667 0.70644599375 0.101859025 0.702961671875 0.10921766041666667 0.7003484328125 0.11115414375 0.698606271875 0.11580170416666666 0.69744483125 0.11657629791666667 0.69599303125 0.11463981458333333 0.6942508703125 0.09953524374999999 0.6910569109375 0.09450038749999999 0.686701509375 0.09101471666666666 0.670441346875 0.08752904791666666 0.657955865625 0.08830363958333334 0.648954703125 0.09411309166666666 0.6437282234375 0.1003098375 0.643147503125 0.10921766041666667 0.637921021875 0.11890007708333333 0.6373403015625 0.12199845 0.6358885015625 0.12393493333333333 0.6344367015625 0.13284275833333334 0.6315331015625001 0.13594113125 0.629790940625 0.14136328333333334 0.6300813015625 0.17931835833333334 0.6329849015625 0.18435321458333334 0.6358885015625 0.18435321458333334 0.6376306625 0.18590240208333333 0.632113821875 0.19790859791666668 0.6315331015625001 0.20255615833333335 0.6332752609375001 0.20410534374999997 0.643147503125 0.20642912500000002 0.648954703125 0.2164988375 0.652439025 0.2195972125 0.6573751453125001 0.21998450833333333 0.66782810625 0.21533694791666666 0.677119628125 0.20526723541666667 0.686701509375 0.19054996041666666 0.689024390625 0.18241673125 0.6939605109375 0.17389620416666668
0 0.8786295000000001 0.3973663833333333 0.8792102203125 0.39465530625 0.8864692218749999 0.38536018541666667 0.8876306625 0.3752904729166667 0.8876306625 0.363284275 0.8890824625 0.35553834166666665 0.8890824625 0.34856700208333335 0.887921021875 0.34546862916666665 0.8870499421875 0.3361735083333333 0.876887340625 0.32920216875 0.86904761875 0.3295894645833333 0.8644018578124999 0.3315259479166667 0.8606271781249999 0.3311386520833333 0.8580139375 0.31216111458333334 0.8565621374999999 0.31022463125 0.8513356562500001 0.3098373354166667 0.8449477359375 0.31371030208333334 0.83652729375 0.31525948958333333 0.83217189375 0.31913245625000003 0.8307200921875 0.3210689395833333 0.828687571875 0.328427575 0.8263646921875001 0.3311386520833333 0.8237514515625 0.3369481020833333 0.82026713125 0.3489543 0.8193960515625 0.3570875291666667 0.8217189312500001 0.363284275 0.8237514515625 0.3648334625 0.828687571875 0.3644461666666666 0.8304297328124999 0.3687064291666667 0.8249128921875 0.3764523625 0.822880371875 0.3826491083333333 0.8234610921875 0.392331525 0.8289779328125 0.39697908541666665 0.8554006968750001 0.40278853541666665 0.858304296875 0.4043377229166667 0.8600464578125001 0.4070488 0.8641114984374999 0.40821068958333334 0.8681765390624999 0.4070488 0.874564459375 0.40278853541666665 0.8786295000000001 0.3973663833333333
0 0.55400696875 0.29899302916666665 0.55400696875 0.310999225 0.555168409375 0.3164213791666667 0.5804297328125 0.34353214583333336 0.5842044140625 0.3450813333333333 0.586236934375 0.3412083645833333 0.587688734375 0.3319132458333333 0.5900116140625 0.3268783895833333 0.5949477359374999 0.3206816416666667 0.6051103375 0.31371030208333334 0.6167247390624999 0.30015491875 0.6207897796874999 0.30286599583333335 0.623112659375 0.3090627416666667 0.62804878125 0.3164213791666667 0.6361788625 0.3245546083333333 0.641695703125 0.3245546083333333 0.6445993031249999 0.31874515833333333 0.647502903125 0.30790085208333334 0.6504065046874999 0.30170410625 0.6550522640625001 0.28233927291666666 0.6573751453125001 0.2776917125 0.657955865625 0.2660728125 0.6536004640625 0.2517428354166667 0.6536004640625 0.229666925 0.64576074375 0.21146398125000002 0.6414053421875 0.20720371875000002 0.632113821875 0.20642912500000002 0.6228222999999999 0.20875290416666664 0.617305459375 0.21301316874999998 0.608304296875 0.2281177375 0.59988385625 0.23315259583333334 0.597560975 0.22579395833333335 0.5949477359374999 0.22153369583333332 0.5946573749999999 0.20100697083333333 0.5929152156249999 0.19016266458333334 0.5885598140625 0.18435321458333334 0.583914053125 0.18202943541666666 0.572880371875 0.18202943541666666 0.5644599296874999 0.18590240208333333 0.561846690625 0.18977536875 0.5598141703125 0.19054996041666666 0.55545876875 0.19558481875 0.5534262484375 0.2048799375 0.55110336875 0.20642912500000002 0.5508130078125 0.21185127708333334 0.547038328125 0.2164988375 0.546167246875 0.22037180416666666 0.5426829265625 0.22501936458333333 0.5421022062499999 0.22773044166666667 0.53919860625 0.23044151875000002 0.538037165625 0.23470178125 0.53629500625 0.24980635208333332 0.535133565625 0.2517428354166667 0.5452961671875001 0.25367931875 0.5522648078125 0.25019364791666665 0.5598141703125 0.2544539125 0.55778165 0.25948876875 0.5548780484375 0.2633617354166667 0.555168409375 0.2676219979166667 0.554297328125 0.2687838875 0.55400696875 0.2738187458333333 0.552845528125 0.27536793125 0.554297328125 0.2784663041666667 0.558072009375 0.28156467916666666 0.5586527296875 0.2838884583333333 0.55836236875 0.2889233145833333 0.55400696875 0.29899302916666665
0 0.087688734375 0.24748257083333333 0.0856562140625 0.2486444625 0.07984901250000001 0.25522850416666665 0.0778164921875 0.2618125479166667 0.0754936125 0.264523625 0.0749128921875 0.2676219979166667 0.0734610921875 0.26955848125 0.064750290625 0.2788536020833333 0.058362368750000004 0.28233927291666666 0.053716609375 0.28737412916666666 0.054006968749999995 0.29589465625 0.059523809375 0.3036405895833333 0.06358885 0.30712625833333335 0.07520325156249999 0.30945003958333334 0.0813008125 0.30790085208333334 0.0842044140625 0.3055770729166667 0.08594657343749999 0.293570875 0.08855981406249999 0.2896979083333333 0.0900116140625 0.28156467916666666 0.09262485468750001 0.2780790083333333 0.092915215625 0.2749806354166667 0.097270615625 0.2676219979166667 0.098722415625 0.2629744375 0.098722415625 0.2583268791666667 0.09262485468750001 0.24748257083333333 0.087688734375 0.24748257083333333
0 0.5116144015625 0.25096824166666665 0.5130662015625 0.24477149583333332 0.516550521875 0.23973663750000002 0.5191637625000001 0.2366382645833333 0.5235191640625 0.2339271875 0.5316492453125 0.23353989166666667 0.5333914046875 0.23237800208333334 0.5450058078125 0.21727343125 0.5496515671875 0.20526723541666667 0.5496515671875 0.20333075208333332 0.5534262484375 0.19519752083333333 0.55400696875 0.18628969791666666 0.551393728125 0.18551510416666667 0.5479094078125 0.18861347708333334 0.54355400625 0.18861347708333334 0.5426829265625 0.18551510416666667 0.544715446875 0.18357862083333334 0.5452961671875001 0.1800929520833333 0.5481997671875 0.17467079791666668 0.55836236875 0.16150271041666667 0.559523809375 0.15453137083333335 0.5589430890625 0.14794732708333333 0.5601045296875 0.14213787708333334 0.5598141703125 0.13361735000000002 0.55255516875 0.12896979166666667 0.5479094078125 0.13013168125 0.5421022062499999 0.12858249375 0.53774680625 0.12896979166666667 0.5333914046875 0.13323005416666667 0.5319396046875 0.13981409791666666 0.5301974453125 0.14291247083333333 0.52729384375 0.14407436041666666 0.5232288031250001 0.13981409791666666 0.518873403125 0.14058869166666668 0.5156794421875001 0.14756003125 0.5124854812499999 0.14988381041666668 0.5017421609375 0.1525948875 0.4939024390625 0.15685515208333334 0.48838559843749996 0.1642137875 0.4851916375 0.171572425 0.4846109171875 0.17815646875000002 0.4764808359375 0.19132455416666666 0.4735772359375 0.200619675 0.47096399531250005 0.21843532083333334 0.471544715625 0.22850503541666667 0.470092915625 0.23470178125 0.47096399531250005 0.24360960416666666 0.47299651562499995 0.24825716458333333 0.4764808359375 0.2517428354166667 0.47967479687500003 0.252904725 0.48228803750000004 0.25639039583333334 0.490708478125 0.26142525208333334 0.4939024390625 0.26491092083333334 0.494483159375 0.26723470208333333 0.4982578390625 0.270333075 0.502613240625 0.2676219979166667 0.5043554 0.26374903125 0.5072590015625 0.2610379541666667 0.5087108015624999 0.2560030979166667 0.5116144015625 0.25096824166666665
0 0.215773809375 0 0.21602787499999998 0.008133229166666667 0.218931475 0.0189775375 0.218931475 0.025174283333333332 0.220092915625 0.027110766666666668 0.22038327500000002 0.039504260416666666 0.2221254359375 0.048024787500000006 0.221835075 0.054221533333333335 0.21980255468749998 0.06429124791666667 0.22038327500000002 0.07319907083333334 0.22648083593749999 0.08210689375 0.234901278125 0.08946553125 0.237804878125 0.09062742083333333 0.242160278125 0.09024012291666667 0.2508710796875 0.08675445416666668 0.25522648124999997 0.08636715625 0.2668408828125 0.09178931041666667 0.27119628281249997 0.08791634375 0.2746806046875 0.07862122291666668 0.27729384375 0.07629744375 0.2793263640625 0.06777691666666666 0.28222996562499997 0.06274206041666666 0.2900696859375 0.054221533333333335 0.2909407671875 0.04918667708333333 0.2909407671875 0.038342370833333334 0.2923925671875 0.03408210625 0.2938443671875 0.03137103125 0.3019744484375 0.025174283333333332 0.30545876875 0.020139427083333335 0.3101045296875 0.0034856708333333335 0.31358885000000003 0.0023237791666666664 0.32026713125 0.00503485625 0.3330429734375 0.00503485625 0.3373983734375 0.0038729666666666666 0.33943089375 0.00077459375 0.341318234375 0 0.215773809375 0
0 0.6942508703125 0.3679318354166667 0.6991869921875 0.374903175 0.7049941921875 0.3776142520833333 0.7073170734375 0.3768396583333333 0.710511034375 0.37180480208333333 0.718931475 0.3644461666666666 0.7238675953125 0.351665375 0.7267711968749999 0.34779240833333336 0.7308362374999999 0.34546862916666665 0.7325783968749999 0.34159566249999995 0.734030196875 0.334237025 0.7337398375 0.32494190625 0.7322880375 0.31913245625000003 0.729674796875 0.3156467854166667 0.7261904765625 0.30790085208333334 0.7250290359375 0.3009295125 0.72560975625 0.29899302916666665 0.7308362374999999 0.29783113958333335 0.734901278125 0.2951200625 0.7369337984375 0.29202168958333335 0.7380952375 0.28737412916666666 0.7366434374999999 0.2745933375 0.731126596875 0.25910147083333335 0.7267711968749999 0.252904725 0.719221834375 0.24593338541666665 0.7131242734375001 0.2428350125 0.7032520328125 0.24593338541666665 0.6939605109375 0.25948876875 0.690476190625 0.2618125479166667 0.6896051109375 0.264523625 0.6887340296875 0.2633617354166667 0.6896051109375 0.2571649875 0.6887340296875 0.25058094583333335 0.6910569109375 0.2416731208333333 0.6858304296875 0.23005422083333332 0.680894309375 0.22734314583333332 0.6739256671875 0.22579395833333335 0.663763065625 0.22579395833333335 0.660859465625 0.2312161125 0.6588269453125 0.2428350125 0.6553426250000001 0.25058094583333335 0.6553426250000001 0.25522850416666665 0.6573751453125001 0.25987606458333334 0.6588269453125 0.2668474041666667 0.6588269453125 0.2796281958333333 0.656504065625 0.2838884583333333 0.6550522640625001 0.29279628125 0.6506968640624999 0.30247869791666665 0.6504065046874999 0.3067389625 0.6466318234374999 0.31525948958333333 0.64576074375 0.3202943458333333 0.635017421875 0.33501161875 0.632113821875 0.34391944166666666 0.632113821875 0.34934159583333335 0.6385017421875 0.35941130833333335 0.639372821875 0.3644461666666666 0.6428571421875 0.3721921 0.6437282234375 0.39078233958333336 0.6448896625 0.39388071249999995 0.6573751453125001 0.39620449166666666 0.668989546875 0.39271882291666665 0.6762485484375 0.38613477916666666 0.6774099890625 0.38381099999999996 0.68118466875 0.38303640624999996 0.6829268296875 0.38109992291666667 0.686701509375 0.374903175 0.6887340296875 0.36560805625000004 0.6896051109375 0.3648334625 0.6942508703125 0.3679318354166667
0 0.646051103125 0.025174283333333332 0.6477932640625 0.01742835 0.6492450640625 0.015104570833333332 0.648954703125 0.011231604166666666 0.6373403015625 0.0038729666666666666 0.6155632984375 0.0038729666666666666 0.6109175375 0.005422154166666667 0.6062717765625 0.009682416666666667 0.5961091749999999 0.010457010416666666 0.592044134375 0.012006195833333334 0.5856562140625 0.017815645833333334 0.58217189375 0.02246320625 0.5818815328125 0.025174283333333332 0.5792682921875 0.02904725 0.5789779328125 0.03601858958333334 0.58362369375 0.04337722708333334 0.5833333328125 0.0697134 0.5844947734375 0.07203718125 0.5888501734375 0.07281177291666667 0.592044134375 0.07164988333333334 0.5995934953125001 0.06584043333333334 0.6112078984375 0.06080557708333333 0.61759581875 0.060418281250000004 0.6242740999999999 0.06467854375 0.6271777000000001 0.06467854375 0.6329849015625 0.060030983333333336 0.6385017421875 0.04918667708333333 0.640243903125 0.038342370833333334 0.6434378625 0.029434545833333332 0.646051103125 0.025174283333333332
0 0.801393728125 0.20914020208333334 0.8016840875 0.21843532083333334 0.8057491296875 0.23005422083333332 0.8060394890625 0.23353989166666667 0.8112659703125 0.24322230833333333 0.8141695703125 0.24632068124999998 0.81504065 0.24980635208333332 0.8188153312500001 0.25213013125 0.8205574906249999 0.2513555375 0.8217189312500001 0.24632068124999998 0.8333333328125001 0.2281177375 0.835365853125 0.22114639791666668 0.8373983734375001 0.21766072708333334 0.8379790937499999 0.21262587083333334 0.8423344953124999 0.19713400416666668 0.8449477359375 0.19403563124999998 0.8463995359375 0.18938807083333334 0.84698025625 0.17195972083333333 0.8466898953124999 0.16731216041666666 0.8437862953125 0.15724244791666667 0.8440766546875 0.14949651458333332 0.8344947734374999 0.13284275833333334 0.8315911734375 0.13168086666666667 0.8249128921875 0.13594113125 0.8156213703124999 0.13594113125 0.8118466906249999 0.1382649104166667 0.8034262484375001 0.1467854375 0.7967479671875 0.15027110833333335 0.7828106859374999 0.15375677708333332 0.779907084375 0.15182029375 0.778164925 0.14794732708333333 0.7793263640625 0.1378776145833333 0.7790360046875 0.12858249375 0.7778745640625 0.12742060416666667 0.77584204375 0.11967467083333333 0.7735191640625 0.11657629791666667 0.77148664375 0.11580170416666666 0.7662601625 0.11541440833333333 0.7560975609375 0.12470952708333334 0.744483159375 0.1394268 0.7436120796875 0.14252517499999998 0.7343205578124999 0.14910921666666666 0.7267711968749999 0.16227730416666666 0.7261904765625 0.16847405208333335 0.731126596875 0.1816421375 0.7322880375 0.20216886041666668 0.736353078125 0.21417505833333333 0.7369337984375 0.2223082875 0.745934959375 0.2339271875 0.7517421609375 0.23470178125 0.759291521875 0.229666925 0.7671312421875001 0.22850503541666667 0.7752613234375 0.22037180416666666 0.7833914046875 0.21882261875 0.7848432062499999 0.21688613541666665 0.785423925 0.2134004645833333 0.7909407671875 0.20449264166666667 0.796167246875 0.2048799375 0.801393728125 0.20914020208333334
0 0.2142857140625 0.15027110833333335 0.221835075 0.14523624999999998 0.22735191562499998 0.1382649104166667 0.22909407656249997 0.13323005416666667 0.23199767656249998 0.09953524374999999 0.2293844359375 0.09450038749999999 0.2276422765625 0.08830363958333334 0.217479675 0.07629744375 0.21602787499999998 0.0697134 0.21573751406250002 0.05112316041666667 0.2055749125 0.030983733333333333 0.19744483125 0.028272656249999997 0.1939605109375 0.030209139583333332 0.18960511093750002 0.03601858958333334 0.189024390625 0.051510456249999996 0.18524970937500002 0.05925638958333333 0.183797909375 0.06584043333333334 0.18350755000000002 0.08055770625 0.1817653890625 0.08520526666666667 0.1788617890625 0.07939581666666666 0.1750871078125 0.07591014791666666 0.168989546875 0.07474825624999999 0.16492450625 0.07552285 0.1576655046875 0.07939581666666666 0.15301974375 0.08443067291666666 0.15156794375 0.08907823333333333 0.15098722343749998 0.10147172708333334 0.1518583046875 0.10728117708333333 0.1544715453125 0.11309062708333334 0.1544715453125 0.12238574791666666 0.15592334531250002 0.130906275 0.1585365859375 0.13477924166666666 0.1602787453125 0.14213787708333334 0.1672473875 0.1525948875 0.1681184671875 0.15646785416666667 0.17334494843749998 0.16731216041666666 0.1817653890625 0.16692486458333333 0.183797909375 0.16382649166666668 0.18960511093750002 0.15917893125000002 0.1983159125 0.16150271041666667 0.2076074328125 0.15220759166666667 0.2142857140625 0.15027110833333335