0 0.6038951734375 0.3063521291666667 0.6026689140625 0.29863516874999996 0.6002396531249999 0.29426198125 0.6004440234375 0.2929800041666667 0.598024053125 0.2899493479166667 0.5952928640625 0.28046598125 0.591785996875 0.27444749375 0.586091409375 0.2681439625 0.5778096578125 0.26546186666666666 0.5658817234375 0.26744097083333335 0.5640284390625 0.26926055000000004 0.5609953625 0.2700758208333333 0.5554726828125001 0.28090468125 0.5522259843749999 0.2970682125 0.55215168125 0.30173678958333333 0.5529738265625 0.3049845583333333 0.5526951515625 0.31093511041666666 0.548426609375 0.33350852291666666 0.5486449390625 0.3419447479166667 0.5492952203125 0.34346893958333335 0.5481711890625001 0.3505198083333333 0.5441348546875 0.36043001666666663 0.5423930484375 0.36295113749999997 0.5370050984375 0.3855422729166667 0.5316356953125 0.3954096541666667 0.5253837609375 0.40100722708333336 0.5245151906250001 0.40645562500000004 0.5250539937500001 0.4072782729166667 0.5249889828125001 0.41328938125000003 0.526015496875 0.4152551729166667 0.5290160671875 0.4174454583333333 0.5354677453125001 0.41759904999999997 0.5495183875 0.4219160979166666 0.5537498421875 0.4247902 0.5538102265625 0.42581223749999997 0.557930203125 0.42798479375000004 0.563197465625 0.43416721875 0.567990934375 0.4335158875 0.570201865625 0.4294528479166667 0.572217721875 0.42801431458333333 0.5767835671875 0.417584225 0.5795843921875 0.41402334166666666 0.5826220953125001 0.40617492916666664 0.5839458703125 0.40487523125 0.5852835640625 0.39788491666666664 0.58597564375 0.3977460854166667 0.5866491375 0.3949221916666667 0.5887067906250001 0.3918206354166667 0.5901420453124999 0.39122247708333335 0.591623721875 0.38192815208333336 0.590973440625 0.38040396041666663 0.59153545625 0.3768785270833333 0.5910198640625001 0.37170779374999996 0.5893430703125 0.3682178104166667 0.585966265625 0.36558592500000003 0.5885720171875 0.36464954791666665 0.5994084265625 0.3667157583333333 0.6021163609375 0.36513839374999996 0.6082428984375 0.3645298895833333 0.6118983765625 0.3612112208333333 0.612562578125 0.3570448 0.6119726812499999 0.35654264375 0.6118937078125 0.35283554791666666 0.6129433921875 0.33504444375000003 0.612353496875 0.3345422895833333 0.6119307984375 0.3273880395833333 0.611340903125 0.32688588333333335 0.6114059125 0.320874775 0.6038951734375 0.3063521291666667
0 0.37580064375 0.10939342083333334 0.3784760734375 0.11082160833333334 0.383329928125 0.11119231041666668 0.376492725 0.1092545875 0.37580064375 0.10939342083333334
0 0.3905061921875 0.10820151875 0.386395509375 0.1073714875 0.3856523375 0.10783081458333334 0.385508353125 0.11013482708333333 0.39115647343750004 0.10972570833333334 0.3905061921875 0.10820151875
0 0.4146732828125 0.11069602291666666 0.4156440375 0.10460663541666666 0.41520741875 0.10314299791666667 0.41261096249999996 0.10542190624999999 0.41215113125 0.10830635208333333 0.4134098953125 0.11301775833333334 0.413981203125 0.11083485208333334 0.4146732828125 0.11069602291666666
0 0.35966811718749997 0 0.3578852328125 0.00884845 0.3557346875 0.013933525 0.3526087203125 0.016732312500000002 0.34913439999999996 0.0231170875 0.346955975 0.024174572916666668 0.3442759203125 0.029779527083333333 0.341944215625 0.031798493750000004 0.33958000781250003 0.036823014583333334 0.33724368125000004 0.045875125 0.3352464125 0.049998716666666665 0.336008171875 0.05222445 0.33569699218750004 0.06118055625 0.3365284296875 0.06577085416666667 0.3411361171875 0.06908655833333334 0.3425992515625 0.07251598958333334 0.3524277328125 0.07530146666666666 0.356092503125 0.07332532916666666 0.359185965625 0.07353209583333334 0.35993843124999997 0.07441529791666666 0.3599570171875 0.07710035833333334 0.36217261562499997 0.08141299166666666 0.3678207359375 0.081003875 0.3734316828125 0.07522463750000001 0.3740029921875 0.07304173333333333 0.37839234843749997 0.06792121041666667 0.3798461453125 0.05459929583333333 0.37925624999999996 0.05409714166666667 0.37928875624999997 0.0510915875 0.38063574375 0.04544380208333333 0.3813278234375 0.04530497083333333 0.3821638875 0.04286212708333333 0.381392834375 0.03929386458333333 0.3890382234375 0.03476115416666667 0.3899625515625 0.03736793541666667 0.39624703437500003 0.04417362083333333 0.397821646875 0.04830459583333333 0.39975390312500003 0.05019210833333333 0.401439990625 0.05502462291666667 0.40315858593750004 0.05685158333333333 0.40355340625 0.05997824375 0.4057179125 0.06461137291666667 0.40909471562500005 0.06724325833333333 0.41929476250000003 0.062094666666666666 0.42320570156250004 0.057173527083333335 0.42403247187500004 0.05338815416666667 0.4247245515625 0.053249320833333336 0.427845853125 0.042074862500000004 0.4288676984375 0.03566498333333334 0.42992671875 0.03462522291666667 0.43080458125 0.03051935416666667 0.4343717921875 0.022151060416666667 0.43645728437500003 0.007668279166666667 0.43471140625000004 0 0.35966811718749997 0
0 0.533276078125 0.6708881916666667 0.5322495640625 0.6689223979166666 0.5323935468750001 0.6666183875 0.5301872421875 0.66364828125 0.5286637234375 0.6591968145833333 0.52420001875 0.6535771 0.5200289515625001 0.6517250375 0.516995875 0.65254030625 0.511802959375 0.6570981208333334 0.505258390625 0.6589280458333333 0.49661436875 0.6655225520833333 0.49285670625 0.66948220625 0.4902788359375 0.6744461729166668 0.48752910156249996 0.6776865625 0.48675342343750005 0.6811514416666667 0.4860102515625 0.6816107687499999 0.4850905890625 0.6873796624999999 0.48608459843749996 0.69235100625 0.4907526703125 0.6966887458333333 0.4916259078125 0.6996160208333334 0.49078984375 0.7020588645833333 0.48667453437499997 0.7082619791666667 0.4843428765625 0.7256897604166667 0.48491885156250003 0.7318825291666666 0.48785441250000006 0.74008391875 0.489684484375 0.7426124208333333 0.4944454484375 0.7449666416666666 0.5023230859375001 0.7431795458333333 0.50863540625 0.7386040083333333 0.510693059375 0.7355024520833333 0.51105070625 0.7332589916666666 0.51195645 0.7331807145833333 0.512727503125 0.7367489770833333 0.515695565625 0.7419448145833333 0.5166384828125 0.7472366541666666 0.5177160890625 0.7488819541666667 0.52109289375 0.7515138395833334 0.5258259765625 0.7498404708333334 0.5305404734375 0.74548204375 0.531060690625 0.7436196333333334 0.5355011390625 0.7381786166666667 0.5409820203125 0.7290127770833333 0.5432579640624999 0.7189386333333334 0.5426680671875 0.7184364770833334 0.5434344515625 0.7136290666666666 0.5441265343749999 0.7134902354166667 0.5444841796875 0.7112467770833334 0.5471317296875 0.7086473770833333 0.5477448375 0.7048014499999999 0.5467415359375 0.6984875729166667 0.547038796875 0.6952220791666667 0.544590946875 0.68816383125 0.54452126875 0.6857992666666667 0.5412698609375 0.6781783104166668 0.53729386875 0.6737017375 0.533276078125 0.6708881916666667
0 0.20020770781250002 0 0.20084793906249998 0.0035346645833333333 0.20014194062500001 0.009364108333333334 0.2003741890625 0.012109722916666668 0.2018373234375 0.015539154166666668 0.201182415625 0.021048106249999997 0.20201385312500003 0.025638404166666667 0.20704886562499997 0.029075214583333335 0.211475396875 0.029324808333333334 0.21871204687499998 0.02735605 0.223649540625 0.039809522916666666 0.220635053125 0.043309852083333336 0.217272209375 0.05039616875 0.2150520265625 0.06852549166666666 0.2158834671875 0.07311579166666667 0.21901410000000002 0.078692675 0.2216384390625 0.08044135833333334 0.22563764375 0.08056984583333333 0.2299248578125 0.09149912708333334 0.2332598609375 0.09579403541666666 0.2371708421875 0.10628171041666666 0.24738951875 0.11922699375 0.2559871171875 0.12132865416666667 0.2598748453125 0.1207556 0.2605065390625 0.11959473333333334 0.26284753437499997 0.11891829375 0.265513671875 0.11900395208333332 0.2768935078125 0.11485967083333333 0.2792252109375 0.11284070416666667 0.2836424484375 0.11174776874999999 0.28406047968750003 0.11052634791666667 0.287195740625 0.10907008958333334 0.2879807109375 0.10694773958333334 0.2910044953125 0.10478994166666666 0.2943673375 0.09770362291666666 0.29638319218750003 0.09626509166666668 0.297484009375 0.09356230833333333 0.299072540625 0.09200266666666666 0.301529640625 0.08499462916666665 0.3011255265625 0.08052543749999999 0.3036941046875 0.07421894166666668 0.3067085921875 0.07071861250000001 0.3096301921875 0.06920180000000001 0.3133367609375 0.06556263958333333 0.3137547921875 0.06434121666666666 0.3138105109375 0.05698758125 0.3122869921875 0.05253611458333333 0.3123194984375 0.04953056041666667 0.3111304140625 0.04718372083333333 0.3113765828125 0.044238720833333335 0.31078668593750003 0.04373656458333333 0.31133940781249997 0.0388686 0.31315089375 0.03871204375 0.3155708625 0.0417427 0.32264031718749997 0.046426039583333335 0.32356464687500003 0.04903281875 0.326769584375 0.049941127083333335 0.3279911765625 0.04928241666666667 0.3321157765625 0.04442183125 0.334298828125 0.036331204166666665 0.3349909078125 0.036192370833333334 0.3379310515625 0.021951804166666665 0.3382608171875 0.01568075625 0.337670921875 0.015178599999999999 0.337643040625 0.0111510125 0.33624029375000003 0.00874361875 0.335278790625 0.0007667187499999999 0.3346834328125 0 0.20020770781250002 0
0 0.9343197671875 0.38391859791666666 0.9311845078125 0.38537485625 0.9277937843749999 0.38843358333333333 0.9160284203125 0.39079373333333334 0.9112163656250001 0.38876000625 0.9054428046874999 0.3787493791666667 0.8981178890624999 0.37566851458333334 0.894127978125 0.37688255625 0.8875462765625001 0.3887511770833333 0.8858834421875 0.39497939375 0.8882801984375 0.40235813541666665 0.892265484375 0.4081772354166667 0.8940212515624999 0.4153743166666667 0.8933431328125 0.42523135 0.88946936875 0.43552260625 0.8886797703125 0.4446781 0.8897945515625001 0.45169351875 0.889831725 0.4570636375 0.8914063359375 0.4611946083333333 0.89419324375 0.4633243395833333 0.9039613390625 0.46508778125 0.908959178125 0.46315447291666667 0.9157870890625001 0.46374966666666667 0.9212726390625001 0.46295950208333336 0.9263122765625 0.45936316875000005 0.9268324937499999 0.4575007604166667 0.9314355125 0.45244078958333334 0.934770475 0.44132688333333336 0.9357923203125 0.4349170041666667 0.9364844015625 0.43477817291666665 0.9373622640624999 0.43067230416666663 0.9407158140625 0.4222434583333333 0.9445709484375 0.393858325 0.9440971578124999 0.38702457083333336 0.9415657124999999 0.3832923708333333 0.9377708765625 0.3818819083333333 0.9347378000000001 0.382697175 0.9343197671875 0.38391859791666666
0 0 0.4852766333333333 0.0043029953125 0.4827855583333333 0.0057428734375 0.47515425624999996 0.006434954687499999 0.4750154229166667 0.0057846734375 0.47349123125 0.006267715625000001 0.4662587041666667 0.0058032171875 0.4607674770833333 0.0067228796875 0.45499858541666666 0.01343001875 0.4535497083333333 0.015761721875000002 0.45153073958333334 0.018692614062499998 0.4513564604166667 0.021451640625 0.4494586 0.025176796875 0.4485044979166667 0.0272344515625 0.44540294166666666 0.028962296874999998 0.43316361666666664 0.0273180078125 0.42666807916666666 0.027564176562499997 0.4237230791666667 0.025501853125 0.4184489625 0.0253532015625 0.4123773041666666 0.02236655 0.40449640416666666 0.02265914375 0.39285523958333335 0.018645978125 0.38300854999999995 0.0194866671875 0.3735325645833333 0.018896771875000003 0.37303040833333334 0.019091846875 0.37040590208333335 0.013457646875000001 0.36512440625 0.010982968749999999 0.3610361020833333 0 0.42993050833333335 0 0.4852766333333333
0 0.5364143578125 0.07686381458333333 0.532438365625 0.07238724375 0.5198740671875 0.06715153958333334 0.518206565625 0.0650040875 0.5136267578125 0.06571597291666667 0.5102453296875 0.07011723125 0.5052056921875 0.07371356250000001 0.50250705 0.07663345833333332 0.4989816375 0.08333872708333333 0.4947594765625 0.08180715416666667 0.48800124375 0.08357652708333334 0.4788741359375 0.08199474791666667 0.477411003125 0.07856531666666666 0.47935251093750003 0.06638654583333334 0.47868364375 0.06217729583333333 0.47343496875 0.058679929166666665 0.47063876875000005 0.05520767083333333 0.4698445015625 0.055987491666666674 0.4662122375 0.054958075 0.464349659375 0.055435125 0.4581395234375 0.05936967708333333 0.45408922656249995 0.05956168333333333 0.4486129703125 0.06169437916666667 0.44107905937499997 0.06692862916666667 0.436912659375 0.0734522375 0.429448428125 0.08105105416666666 0.42766019687499995 0.09226834375000001 0.4314086078125 0.10237497291666667 0.43387966875000006 0.1050851375 0.43556575625000005 0.10991765 0.43514772500000004 0.11113907291666666 0.4337635640625 0.11141673958333334 0.4310138296875 0.11465712708333334 0.4279296625 0.11579288958333334 0.4249662640625 0.11897272499999999 0.42301079531249997 0.12143329583333333 0.420758065625 0.12715935625 0.41953185 0.1348512125 0.4197408859375 0.14194490833333334 0.42067450937500006 0.14589421875 0.419987096875 0.15440872291666666 0.420637378125 0.15593291458333333 0.42038191718749995 0.15753538541666667 0.42289944375 0.16695819791666666 0.4268522234375 0.17578285208333336 0.43151100312499996 0.17877806041666666 0.43735419999999997 0.17574443750000002 0.43755856875 0.1744624625 0.44217088125000004 0.17074502291666666 0.44416815 0.16662142916666667 0.44724302343750005 0.16414313541666664 0.4485064140625 0.1618214 0.45058265468750003 0.16140490416666667 0.45437749062500005 0.16281536666666666 0.45419170781249996 0.16678240208333334 0.45473051093750005 0.16760505208333332 0.4539873390625 0.16806437708333333 0.45171139687500006 0.17813852291666665 0.4514838140625 0.18376858124999998 0.449644490625 0.19530636458333334 0.45634700468749995 0.20089063125 0.4586601640625 0.21159541874999999 0.4633143171875 0.22162377083333332 0.46540914375 0.22389233333333333 0.4676526234375 0.23223255625 0.47024445625 0.23698679166666667 0.4734586875 0.23923762916666666 0.4808857890625 0.24167750833333335 0.486269153125 0.24152833125 0.4876951140625 0.23958764166666666 0.492632565625 0.23663229791666665 0.49805772968750006 0.23482009791666666 0.5027118421875 0.22943963333333334 0.5095025796875 0.22466470833333335 0.51627473125 0.21720472500000002 0.5179747390625 0.216346625 0.5199209140625001 0.21254352708333332 0.5218206249999999 0.20202778125 0.5217323578124999 0.19697815416666667 0.5204735953124999 0.19226674791666667 0.5144259875 0.18117353125 0.513441271875 0.17754471458333335 0.5137989171874999 0.17530125833333335 0.5159169578125 0.17322173541666666 0.52126781875 0.1760781125 0.525039440625 0.18183666041666668 0.527663778125 0.18358534166666668 0.5296564203125 0.1864948916666667 0.5354253124999999 0.1881298458333333 0.538142540625 0.18789501041666667 0.5415332625 0.18483628333333335 0.541263840625 0.17672055 0.5391179203124999 0.17477248333333334 0.53813320625 0.17114366458333335 0.5359872859375 0.16919559791666666 0.532522215625 0.16151408541666665 0.5309801109375 0.15437756041666667 0.5352997875 0.14689247083333334 0.5372923890625 0.13439320625 0.54199759375 0.12869225 0.543172715625 0.1213208875 0.542698925 0.11448713125 0.5448448015625 0.10102638541666667 0.5442549062500001 0.10052422916666666 0.5444499828125 0.09789972499999999 0.5430007671875 0.08877968124999999 0.5412310812500001 0.0872732125 0.5364143578125 0.07686381458333333
0 1 0.2182117583333333 0.996118859375 0.21619238958333334 0.9791233625 0.20233141875 0.9692855874999999 0.19820341041666667 0.9636420937500001 0.1915793875 0.9608180109375001 0.1840795375 0.95775705625 0.18086721875 0.951082421875 0.17931054166666666 0.9500234015625001 0.18035030208333333 0.949034059375 0.18375462916666668 0.9469160203125 0.18583414999999998 0.9466605593749999 0.18743662083333332 0.94522530625 0.18803477708333333 0.9406315812500001 0.19443727708333333 0.9346444 0.1997749125 0.9336225546874999 0.20618479166666667 0.9342403312500001 0.21071453541666668 0.9337897937499999 0.2149415125 0.9343285968749999 0.21576416250000002 0.9337015703124999 0.2253007 0.9394101171875 0.24132243541666665 0.943418615625 0.24279345416666667 0.94546235 0.24538250833333333 0.9455320296874999 0.24774707499999998 0.9479101984374999 0.25244075625 0.9482539265625001 0.25588791250000004 0.9532843124999999 0.2663578645833333 0.9591832703125001 0.27137942083333333 0.9624160890625 0.27631531666666664 0.9732989640625 0.28509417916666663 0.9760440734375001 0.28888693125000003 0.9798992953125 0.29131943125 0.98168756875 0.29551095833333335 0.9863138421875 0.30151172083333333 0.9913534796875 0.29791538749999996 0.992719053125 0.2949526625 0.9966392859375001 0.29137405624999996 1 0.29008468125 1 0.2182117583333333
0 0.4424225203125 0.46894318333333335 0.4354645453125 0.4649613875 0.42584972499999996 0.46223646458333334 0.4191565046875 0.45799472916666667 0.4120034515625 0.4566374375 0.41133925156249995 0.4608038604166667 0.4100758625 0.4631255979166667 0.407581590625 0.46476351666666665 0.40611383281249996 0.4683672291666667 0.4027742015625 0.47110546249999996 0.40369853281249996 0.47371224375 0.4019103015625 0.48492953333333333 0.4011671265625 0.48538885833333334 0.40055401875 0.4892347875 0.3983012890625 0.49496084791666667 0.391886784375 0.5001773770833333 0.387743596875 0.5023529 0.382030465625 0.5087731249999999 0.381389478125 0.5085914625 0.37990780156250004 0.5178857875 0.3803722984375 0.5233770145833333 0.3831267 0.5285122979166667 0.390930034375 0.5313937791666666 0.39913748125000004 0.5387444499999999 0.40443724843749995 0.5419213208333333 0.40637879843749997 0.5451513645833334 0.41050806875 0.5486664541666666 0.4120222921875 0.5517753895833334 0.417363859375 0.5532892354166666 0.41975594687499995 0.5522923062499999 0.42506033906249996 0.5484360333333334 0.42875761562500003 0.54345434375 0.4315677359375 0.5412359875 0.43256637031249995 0.5391741916666667 0.43506064375 0.5375362729166666 0.4357341375 0.53471238125 0.43642621718749997 0.5345735479166667 0.4384281109375 0.5234168145833333 0.4394267453125 0.52135501875 0.44250162031249995 0.5188767229166666 0.4459712734375 0.5041162770833333 0.44666335312500005 0.50397744375 0.449924009375 0.49753211458333335 0.4516611484375 0.48663532083333333 0.45109446562500005 0.48178508125 0.4492458078125 0.4765715208333334 0.4457064328125 0.4735585875 0.445483478125 0.4721555041666667 0.4424225203125 0.46894318333333335
0 0.2924501828125 0.5215723208333334 0.2805872578125 0.51754031875 0.276086425 0.5219592979166666 0.275310746875 0.5254241791666667 0.2745675734375 0.5258835041666666 0.273699003125 0.5313319020833334 0.27423780781249996 0.5321545541666667 0.273736178125 0.5367020229166666 0.27490205 0.5433969458333333 0.278724765625 0.5488350000000001 0.28122370625 0.55557275 0.2811308140625 0.55755626875 0.2865002609375 0.56309770625 0.2892267828125 0.5642054000000001 0.29173035 0.5639100104166667 0.29512107187500003 0.5608512833333333 0.29455438906250003 0.5560010437499999 0.2933142125 0.5539746979166666 0.2934071015625 0.5519911791666666 0.2913540734375 0.54805959375 0.29395053125000004 0.5457806875000001 0.29656557499999997 0.5461868395833334 0.2985303375 0.5450687999999999 0.29984481875 0.5424265687500001 0.30029535625000003 0.53819959375 0.2993199359375 0.53591330625 0.2995150109375 0.5332888020833333 0.298093678125 0.5281963458333333 0.2956133234375 0.5241436541666666 0.2924501828125 0.5215723208333334
0 0.8768401859375 0.48252445833333335 0.8778527390624999 0.47477204791666666 0.87726284375 0.47426989375 0.877406828125 0.47196588333333334 0.8764732046875 0.46801657291666665 0.8752934124999999 0.46701226041666666 0.8741461265625 0.46300239583333336 0.8728548578125 0.46129654166666667 0.8681542796875 0.4599643583333333 0.865599621875 0.46058024166666667 0.86108949375 0.46365669375 0.853095753125 0.47177538958333337 0.85051788125 0.47673935625 0.8491244703125 0.49108330625 0.849691153125 0.4959335458333333 0.8517952734375 0.4995446375 0.8526174187500001 0.5027924083333334 0.85287755 0.5095656104166667 0.8522133484375001 0.51373203125 0.853337421875 0.5220899791666667 0.8560732375000001 0.5245402041666667 0.8571090453125001 0.527848525 0.861767825 0.5308437333333333 0.8642992703125 0.5345759354166667 0.8716938656250001 0.5400213666666667 0.879966321875 0.5413609312500001 0.8823909171875 0.5373584458333334 0.8848851890624999 0.5357205291666667 0.8879507703125 0.5318997041666667 0.8885220796875 0.5297168020833333 0.8918617093749999 0.5269785666666666 0.8984480375 0.5080768020833334 0.899418790625 0.5019874166666667 0.8990564750000001 0.4958552020833333 0.8976351421875 0.49076275 0.8919823546875 0.48279619375 0.8852055359375001 0.48188050624999995 0.8810623468750001 0.4840560291666666 0.8768401859375 0.48252445833333335
0 0.734075434375 0.097710425 0.7279767765625 0.10234651666666666 0.7267133875 0.10466825208333333 0.7258959109374999 0.10979615625 0.7246836125 0.11179739999999999 0.7238568421875 0.11558277291666667 0.7182040984375 0.12302503125 0.715333590625 0.12422135 0.713164459375 0.12662136458333334 0.7099177203125 0.12737608125 0.7090212703125001 0.12879688749999998 0.701083246875 0.12956195 0.6911897546875 0.13278757916666667 0.68830995625 0.13264136666666668 0.6879430156249999 0.13354229583333332 0.6833632093750001 0.13425418125000002 0.6815610171875 0.13575326875 0.6771205671875 0.14119428541666668 0.6750815 0.14698090208333334 0.6743383281249999 0.14744022916666666 0.6729588359374999 0.15609356458333332 0.674705309375 0.16194811458333333 0.6783050687500001 0.16598308333333334 0.6921931406249999 0.16991908541666667 0.70039129375 0.17592722708333333 0.70433478125 0.18340935208333334 0.7052962828125 0.19138625208333335 0.7075397625 0.199726475 0.7092072640625 0.20187393125 0.7129510078125 0.2036048875 0.7183297484375 0.21048885208333334 0.73422438125 0.21164379166666666 0.7415214171875 0.21069706875 0.7433747015625001 0.20887748750000001 0.7470998578125 0.2079233875 0.751498509375 0.20414539166666668 0.753008065625 0.19887865624999998 0.7557577140625 0.1648206375 0.7555672640625 0.160412 0.75497736875 0.15990984375 0.7553768140625 0.1560033625 0.75395548125 0.15091090833333334 0.7508852312500001 0.14635606041666666 0.7502767484375 0.14316884583333334 0.75285461875 0.13820487708333334 0.7543409640625 0.137286225 0.7572439765625 0.13308435416666667 0.7582333171875 0.12968002916666668 0.7602909703125 0.12657847083333335 0.7609969703125 0.12074902708333334 0.760407075 0.12024687083333332 0.76020733125 0.11449570416666667 0.756914125 0.10853777083333332 0.74796350625 0.101646425 0.734075434375 0.097710425
0 0.09065979375 0.48180180625 0.08999092656249999 0.47759255625 0.0860660265625 0.4727954916666667 0.08140724687499999 0.4698002833333333 0.07844847656250001 0.465946975 0.0754571984375 0.4650992208333333 0.073970853125 0.466017875 0.0734645984375 0.47759848541666666 0.0698881359375 0.5000330625 0.072303478125 0.5100968645833334 0.0713977765625 0.5255839583333334 0.07012046875 0.5335963083333334 0.07077075000000001 0.5351205 0.0703620125 0.53768445 0.07298635 0.5394331333333333 0.074848928125 0.5389560812499999 0.0775986609375 0.5357156916666667 0.079911778125 0.5310116666666667 0.080371609375 0.5281272208333333 0.08227598593749999 0.5259871458333333 0.08342789687499999 0.52296386875 0.087194853125 0.52034674375 0.0898098953125 0.5207528958333333 0.092253078125 0.51943546875 0.0943942859375 0.49759905 0.093804390625 0.49709689583333333 0.0942131296875 0.49453294166666667 0.092740703125 0.48976098125 0.09283359531249999 0.4877774645833333 0.09065979375 0.48180180625
0 0.6573149515625001 0.12955167083333333 0.657523946875 0.12123655208333334 0.6563441562500001 0.12023223958333333 0.6550343 0.11584132708333333 0.65305095 0.11427430625 0.6521777140625 0.11134703333333333 0.6502965484375001 0.10913902291666666 0.6453823062499999 0.10774628333333333 0.6402311921875 0.110641075 0.6340024703125 0.11189056666666668 0.6293901578125001 0.11560800625 0.6260180203125 0.12135179374999999 0.620551059375 0.12482701666666667 0.6123064796875 0.12751504166666666 0.6078567390625 0.13161353125 0.604294153125 0.13294867916666667 0.6021761125 0.13502820208333333 0.59759630625 0.1357400875 0.594623615625 0.13757739166666666 0.5821475828125 0.13739131666666668 0.5783156171875 0.14601954791666666 0.5766388640625 0.15793837916666667 0.577256640625 0.16246812291666668 0.5766435328124999 0.16631405208333333 0.577832615625 0.16866089374999998 0.5776886328125 0.17096490416666665 0.57866405625 0.17325119166666667 0.5784085937500001 0.17485366041666667 0.5802758390625 0.18275228125 0.580415196875 0.1874814125 0.5839731578125 0.19317940625 0.5896398640625 0.19545534791666666 0.59323033125 0.19814778958333334 0.59366695 0.199611425 0.5982746359375 0.20292712916666666 0.5998910468750001 0.20539507708333332 0.612757271875 0.21574095833333334 0.6286008140625 0.21721638958333334 0.6305655765625 0.21609835208333333 0.6315131187499999 0.21435704791666668 0.6373237234375 0.18351134791666668 0.638698590625 0.18189115625 0.6405843828125 0.17706602083333334 0.6412764625 0.1769271875 0.6419917546875 0.17244027291666666 0.6428371125 0.17133995833333332 0.645340678125 0.17104456875000001 0.648615296875 0.17431744166666666 0.6531022125 0.17558907291666664 0.658448403125 0.17006977708333335 0.661119165625 0.16312229374999998 0.6616207968750001 0.15857482291666666 0.6608590359375001 0.15634908958333332 0.6610122703125 0.13997879166666666 0.6590939312499999 0.13240066458333333 0.6580767109375001 0.13177740208333333 0.6573149515625001 0.12955167083333333
0 0.8301685421875 0.36344552708333333 0.8311764265624999 0.34731744583333335 0.8286681937499999 0.33923716458333336 0.828375559375 0.33546951249999996 0.826596578125 0.33262051666666664 0.82668946875 0.330637 0.8232336921875 0.32429801875 0.8201216453125 0.3214061916666667 0.8190347453125 0.31841836458333334 0.814385259375 0.31676568541666666 0.80720899375 0.31975647916666666 0.804682215625 0.32439995208333333 0.8017049015625 0.3332704 0.800069946875 0.34352620833333336 0.8001071203125001 0.348896325 0.7987880125 0.3585716979166667 0.796238021875 0.3675632541666667 0.795448425 0.3767187458333333 0.7941432374999999 0.38070350625 0.793033125 0.38206376249999996 0.7914353000000001 0.3822808729166667 0.7894287390625 0.3850619354166666 0.7858150625 0.38671757916666666 0.782442925 0.39246136666666664 0.78180660625 0.40065537500000004 0.7829028 0.4049857354166667 0.7894102375000001 0.41319450625 0.7901209046875 0.41574073333333333 0.78981435 0.4176636979166667 0.7905157234375 0.4188673958333334 0.7883187546875 0.43264863541666665 0.7931308109375 0.43468236250000003 0.7972322000000001 0.43416986041666666 0.8059366078125001 0.42859739166666666 0.8096338843750001 0.4236157 0.8133079484374999 0.42298209166666667 0.819717828125 0.42479870833333333 0.8228530890625001 0.4233424520833333 0.8279066453124999 0.4140555041666667 0.8289981718749999 0.41001019166666663 0.8296902515625 0.40987136041666666 0.8326536062500001 0.39128270833333334 0.8321148031250001 0.39046005833333336 0.8326071390625 0.38457006041666664 0.8318964734375 0.38202383125 0.8319103906249999 0.37633322083333337 0.8313204953125 0.3758310645833333 0.8314783984374999 0.3678364395833333 0.8301685421875 0.36344552708333333
0 0.42444587968749997 0.059199875 0.421199140625 0.059954589583333336 0.41528163906250004 0.06765678958333333 0.41262479687500003 0.0689136625 0.40877886874999997 0.06782369375000001 0.4058711890625 0.06364988958333333 0.403869253125 0.05939781041666667 0.40342334218750003 0.056591643750000004 0.40095228125000004 0.05388147916666666 0.3998560875 0.04955112083333334 0.398462634375 0.04848625625 0.393218584375 0.037955749999999996 0.390380584375 0.0361465125 0.3881417734375 0.036181962500000005 0.3829906578125 0.039076754166666665 0.380919084375 0.047868920833333335 0.37987402656249997 0.05862688541666667 0.3804128296875 0.059449535416666664 0.37877787500000004 0.06970534166666667 0.37803470156249996 0.07016466874999999 0.37767705625 0.07240812499999999 0.3740726703125 0.07540629791666667 0.371067475 0.08024915833333333 0.3675652734375 0.08260634375 0.3654147296875 0.08769141875 0.36397485 0.09532272083333333 0.363231678125 0.09578204583333334 0.36175000156250003 0.10507637083333334 0.362339896875 0.10557852708333333 0.3621448203125 0.10820303333333332 0.3661115203125 0.11133707291666667 0.377221978125 0.114485875 0.3841520734375 0.11444008124999999 0.384732675 0.11359970625 0.3895354390625 0.11429090416666667 0.3922712546875 0.11674112916666667 0.393409246875 0.1194084625 0.3936507890625 0.12349660416666668 0.395745615625 0.12576516875 0.40321451562500005 0.12654202291666666 0.4066656234375 0.12450533125 0.41033968749999994 0.12387172291666666 0.4140973484375 0.11991206666666666 0.4166055421875 0.11258353541666667 0.41794323593750005 0.10559322291666667 0.42165909687500003 0.10329658958333333 0.4250173140625 0.10324341666666667 0.42687059843749997 0.10142383541666668 0.4275858921875 0.09693692083333333 0.42637822031250006 0.09190502083333334 0.42759514374999996 0.08287063333333333 0.4300197359375 0.07886815 0.4314549890625 0.07826999166666666 0.433870290625 0.07292497708333333 0.4345623703125 0.07278614374999999 0.4353798484375 0.06765823958333333 0.434994321875 0.06587411041666666 0.433651959375 0.06448875 0.42825000781250006 0.06195286666666667 0.425992609375 0.05930325833333334 0.42444587968749997 0.059199875
0 0.7042001328125 0.20246470833333333 0.7052916578125 0.19841939375 0.7045298984375 0.19619366249999998 0.7047899859375 0.18755804999999998 0.7021888609375 0.18146128333333333 0.6984869171875 0.17806730208333335 0.6975625859375 0.17546052083333336 0.6941346921875 0.17314913125 0.6905024265625 0.17211971458333333 0.68730678125 0.17255393541666667 0.6804324453125 0.18065490833333334 0.6784072953125 0.1807509125 0.6757597468750001 0.1833503125 0.6732886859375 0.1806401479166667 0.670738653125 0.17422288958333335 0.668114315625 0.17247420625 0.6662238578124999 0.16892366875 0.66164405 0.16963555416666667 0.6557079625 0.17465269583333332 0.6541287265625 0.17755486666666667 0.6496185984375 0.18063131875000002 0.6465855234375 0.1814465875 0.644578959375 0.18422765208333333 0.642186871875 0.18522458125 0.64098386875 0.18856835416666667 0.640027034375 0.18896712708333335 0.6393535406249999 0.19179101875000001 0.6368685609375 0.19477146666666664 0.6365109140625 0.197014925 0.63545189375 0.1980546875 0.633584690625 0.20556488125 0.632233078125 0.21824580416666667 0.63432790625 0.22051436875 0.63692903125 0.22661113333333333 0.6379509203125 0.23561007083333332 0.6391492984375 0.23929943958333333 0.642451796875 0.24659990208333332 0.64929366875 0.25691329791666667 0.6547049140625 0.2607917125 0.663627653125 0.26365546875 0.6689599265624999 0.2638267833333333 0.6789370171875 0.25727510625 0.6877900765625 0.2577742979166667 0.6888490968750001 0.2567345375 0.6932152421875 0.25596209583333335 0.698519634375 0.252105825 0.701812796875 0.24265494166666668 0.7030297187500001 0.23362055833333334 0.703220128125 0.22262037916666666 0.7017477015625 0.21784841875 0.6969402703124999 0.20878154999999998 0.6992115875 0.20574054791666668 0.7042001328125 0.20246470833333333
0 0.9671116625 0.14600130833333333 0.9660015484375 0.14736156458333335 0.9659783359375 0.1517096479166667 0.9674553890625001 0.14944846458333333 0.9677619421875001 0.1475255 0.9671116625 0.14600130833333333
0 0.7834733468749999 0.12544415833333333 0.784973653125 0.13424370624999998 0.7843605453125 0.13808963541666666 0.7850619187500001 0.13929333333333332 0.7848064578125 0.14089580416666667 0.7858840640625 0.1425411 0.7931067953125 0.14626295625000002 0.7964325062500001 0.14921533541666668 0.8022013984375 0.15085028958333335 0.811156640625 0.15070849374999998 0.8130703125000001 0.14991094791666668 0.8153927218750001 0.14654945000000003 0.8215935640625001 0.14127237083333333 0.8224807203125 0.13850903333333334 0.825300134375 0.13763320833333334 0.829006703125 0.13399404791666666 0.8312687249999999 0.12961051666666668 0.834933496875 0.12763437708333333 0.8372837859375 0.12830046875 0.8384310718749999 0.13231033333333334 0.83720485625 0.14000219166666666 0.8341996593750001 0.14484504791666666 0.8288441750000001 0.14902181666666667 0.8269397968750001 0.15116188958333332 0.8265821515624999 0.15340534791666668 0.8228755828125 0.15704450833333333 0.8202652046875001 0.16501402916666666 0.8164843312500001 0.17332176875000002 0.8161870703125 0.17658726041666667 0.8170510140625 0.17817200625000001 0.8159594890624999 0.18221732083333333 0.817483009375 0.1866687875 0.8188253703124999 0.18805414791666666 0.82368851875 0.18976737916666667 0.8254071125 0.19159433958333333 0.8263314421875 0.19420112083333332 0.8261131531249999 0.2011737083333333 0.8272790265625 0.20786863333333333 0.8305815265625001 0.21516909583333332 0.8334288187500001 0.21832086041666668 0.8369635671875001 0.2283669375 0.8457237359375 0.2308496458333333 0.8487800234374999 0.22568629375 0.850819090625 0.21989967708333333 0.8545163671875 0.2149179875 0.861827321875 0.20828065208333332 0.8644469921875 0.20165366041666666 0.8681442687500001 0.19667197083333335 0.8689710390625001 0.19288659583333334 0.8696631187499999 0.19274776249999998 0.8705316890624999 0.18729936458333332 0.86994179375 0.18679721041666666 0.87039233125 0.18257023333333333 0.868943115625 0.17345019166666667 0.869862778125 0.1676813 0.8719808171875 0.16560177916666668 0.8810893390625001 0.16449850000000002 0.8821901578125001 0.16179571458333333 0.8831469921874999 0.16139694166666668 0.8858316734375 0.14875884583333335 0.890495078125 0.1447209125 0.8918049343750001 0.149111825 0.8917120437499999 0.15109534375000003 0.8937232734375 0.15668995208333333 0.894591884375 0.16665036875 0.8983913875 0.17643650624999999 0.8981870171875 0.17771848125 0.9003097265625 0.18401463333333332 0.90208870625 0.18686362916666666 0.9029712375000001 0.19113343541666666 0.904151028125 0.19213774375 0.90643630625 0.19881494375 0.9107513578124999 0.19836299791666667 0.913124859375 0.19468100625 0.9167803359375 0.19136234166666669 0.9172494609375 0.18982042500000001 0.9213322640625 0.18662286458333333 0.924527909375 0.18618864166666665 0.9262279171875001 0.18533054375000002 0.9271754609375 0.18358924166666668 0.9304221984375 0.1828345270833333 0.9324891453124999 0.1810754979166667 0.9368552890625 0.18030305833333332 0.9465815453124999 0.16832070833333335 0.9478031359375001 0.16766199583333333 0.95298213125 0.16879479375 0.9531679140625 0.16482775833333332 0.9525780171875 0.16432560416666667 0.953191125 0.16047967708333333 0.95078974375 0.16013407708333333 0.9501766359375001 0.16398000416666667 0.9478263484375 0.1633139125 0.9480028375 0.15800434791666668 0.9444123703124999 0.15531190833333333 0.9403759921875 0.14981330208333335 0.9302548749999999 0.143260175 0.930185196875 0.14089561041666665 0.9315507703125 0.13793288333333334 0.9342076140625 0.13667601458333334 0.9397488812500001 0.12853221041666668 0.941188759375 0.12090091041666667 0.9418808390625 0.12076207708333334 0.942503240625 0.11825867916666667 0.9454971609375 0.11508749583333334 0.7961493187500001 0.07276101041666667 0.7944257328125001 0.07495232291666666 0.7942213625 0.07623429791666667 0.7916759984375 0.07819271041666667 0.7903708109375 0.08217747083333334 0.790398690625 0.08620506041666666 0.7913834046875 0.08983387916666666 0.7907284984375 0.09534282916666667 0.7884571828125 0.09838383125 0.7838681249999999 0.11316200416666668 0.7834733468749999 0.12544415833333333
0 0.93230836875 0.31668872708333334 0.923283446875 0.31446596041666663 0.9185921609375001 0.31447630416666666 0.9162000718750001 0.31547323541666666 0.9135618171875001 0.31941516666666664 0.9110722109375 0.3294287583333333 0.9046809187499999 0.3302972020833333 0.901025440625 0.33361586875 0.8996087749999999 0.33689908749999997 0.8976997734375001 0.34607230625 0.898772753125 0.35475074791666666 0.900338071875 0.3575391895833333 0.9065110765625001 0.36364333541666666 0.9050804906250001 0.3726171666666667 0.9071196015625 0.3822393666666667 0.9113789359375 0.3891410541666666 0.916404653125 0.39123533541666666 0.92136069375 0.39096505000000004 0.9241197218750001 0.38906719166666665 0.929340515625 0.3885369666666667 0.93145855625 0.3864574458333333 0.9349700500000001 0.3854427916666667 0.9419233578125 0.3810489125 0.9439206265625 0.37692531874999996 0.9469815390624999 0.36472882500000003 0.9476736203125 0.36458999375 0.9493085734375001 0.35433418541666667 0.9487186781249999 0.3538320291666667 0.94906703125 0.3502460416666667 0.9470929328125001 0.3346127354166667 0.942694240625 0.3229819145833333 0.9401720890625 0.32059224583333334 0.9353089406249999 0.3188790125 0.93230836875 0.31668872708333334
0 0.455920271875 0.41649293541666665 0.4549123453125 0.4172122020833333 0.4523391421875 0.43055184166666666 0.450862090625 0.4328130229166666 0.44719731874999996 0.4347891604166667 0.44413173749999996 0.43860998333333334 0.441818621875 0.4433140104166667 0.44086178593750003 0.4437127833333333 0.439584478125 0.45172513333333336 0.4414238453125 0.45559616458333335 0.44170718593749997 0.4580212833333333 0.44417824687499996 0.46073144791666665 0.444786728125 0.4639186625 0.44709521875 0.46624777916666665 0.44839578125 0.4692961625 0.4541646734375 0.47093111666666665 0.45804310625 0.46901553333333335 0.4614524140625 0.46864186458333335 0.469924575 0.46032378124999995 0.472214478125 0.4599678375 0.4736404375 0.45802714791666665 0.47800658125 0.4572547083333333 0.480431175 0.45325222291666667 0.4815970046875 0.4445383333333333 0.4796786671875 0.43696020625000004 0.47742126875 0.43431059375000003 0.47394690625 0.42528655416666666 0.4663897421875 0.419460075 0.455920271875 0.41649293541666665
0 0.424832928125 0.6157013541666667 0.4239736515625 0.6224922791666666 0.42489798125 0.6250990604166666 0.42837696875000003 0.6270899583333333 0.4284373546875 0.62811199375 0.43533494531250005 0.6310717541666667 0.439445628125 0.6319017833333334 0.44393716875000006 0.6261402729166666 0.44945989218750004 0.6307202270833333 0.45266483125 0.6316285333333334 0.45472248593750003 0.6285269770833334 0.45711457343750006 0.6275300458333334 0.45933479843749997 0.6248095374999999 0.4700039703125 0.6181190270833333 0.4740681859375 0.6122364083333333 0.47223811250000003 0.6097079041666666 0.4626743859375 0.6066624895833334 0.4510437109375 0.6053760979166667 0.4268998328125 0.5985335104166667 0.424294125 0.6148787041666667 0.424832928125 0.6157013541666667
0 0.5472832296875 0.06051565625 0.5491736875 0.06406619375 0.55308929375 0.06752073125 0.5612688609375 0.07084381249999999 0.564236925 0.07603965 0.56669869375 0.07740728333333333 0.566759078125 0.07842932083333333 0.572681246875 0.07910279166666667 0.5727416328125 0.08012482916666668 0.5755285406249999 0.08225455833333334 0.5785848703124999 0.09250001875 0.57953708125 0.09913439166666667 0.57775814375 0.11169421041666668 0.5788636296874999 0.11736709791666668 0.578668553125 0.11999160416666667 0.57942101875 0.12087480625000001 0.5798158390625 0.12400146875 0.582184715625 0.12735262083333335 0.5832205218750001 0.13066094166666667 0.588682859375 0.13421886041666667 0.594818690625 0.1349528875 0.5993984984375 0.13424100208333334 0.6000301921875 0.13308013333333332 0.6024733734375001 0.13176270625 0.6037553499999999 0.13212602916666666 0.60592448125 0.12972601458333333 0.60900865 0.12859025208333333 0.6116051078125 0.12631134375 0.6215404 0.12142269166666667 0.6244434109375 0.11722082083333334 0.6250658109375 0.11471742291666667 0.6275600828125001 0.11307950416666666 0.630412003125 0.10919812708333333 0.635256565625 0.10822630000000001 0.6388098578125 0.10554862083333334 0.63991996875 0.10418836666666667 0.639627334375 0.10042071875 0.6406677671875001 0.09669589791666668 0.645619140625 0.08804993958333333 0.6602132109375 0.08615649375 0.662962946875 0.08291610625 0.6645235953124999 0.07732887708333333 0.6664140109375001 0.0654706 0.6658194484375 0.056592772916666666 0.6668923875 0.0498624 0.6711098796875 0.04301829791666667 0.6758018859375 0.038653495833333336 0.5649601718749999 0.007239983333333333 0.5617982015625 0.008688670833333334 0.5558296078125 0.016711364583333332 0.5534236015625 0.023398908333333336 0.552415675 0.024118177083333334 0.5513427359375 0.030848547916666667 0.5447331546874999 0.03868958125 0.5416304421875 0.0525491 0.54308428125 0.05463600208333333 0.5436927640625 0.05782321666666667 0.5472832296875 0.06051565625
0 0.5088440624999999 0.6070183687499999 0.49885301093749995 0.6038518416666666 0.49384587812499997 0.6044426208333333 0.490343678125 0.6067998041666667 0.48686935781249996 0.61318458125 0.480464146875 0.6197436374999999 0.47767261406249995 0.62464705 0.47389640625 0.6413304624999999 0.4745838625 0.6482247708333334 0.47621885781250006 0.6533777791666666 0.47734755624999997 0.6547025854166667 0.48461208750000007 0.6567614166666667 0.48991647812499994 0.6529051437500001 0.49245255156249995 0.6496042000000001 0.49961952187499997 0.6452708791666667 0.501574990625 0.6428103083333333 0.5048728234375 0.6417351 0.50847720625 0.638736925 0.515063575 0.635243975 0.5168053828125 0.6327228541666667 0.5178272296875 0.6263129749999999 0.5172605453125 0.6214627354166667 0.515685934375 0.6173317645833334 0.5144550515625 0.6166479479166667 0.51320558125 0.6132790687499999 0.5088440624999999 0.6070183687499999
0 1 0.13053407708333334 0.9714480156249999 0.12244219583333332 0.9713291125 0.12374839374999999 0.9705859390624999 0.12420772083333334 0.97022829375 0.12645117708333334 0.9705116359374999 0.12887629583333332 0.9661036921875 0.13131175833333333 0.9635676203125 0.13461270416666665 0.9628012359375001 0.1394201125 0.9637348578125 0.14336942291666668 0.96312175 0.14721535000000002 0.9608597265625001 0.15159888333333335 0.9583190281249999 0.16193297083333333 0.9572553828125001 0.17000587083333332 0.9603674328125 0.17289769791666665 0.96321939375 0.18442513541666666 0.96754840625 0.19369139166666666 0.9750451859375 0.1984958375 0.982551259375 0.20464281041666668 0.9835777734375 0.20660860416666665 0.9891422953125 0.20952553333333332 0.9959562875 0.21581134166666666 1 0.21789505625 1 0.13053407708333334
0 0.4100236703125 0.06281689583333333 0.40953596093750005 0.06167375208333334 0.4085280328125 0.06239302083333333 0.4100236703125 0.06281689583333333
0 0.40465227812500004 0.05292955208333334 0.40348835312500003 0.05058053541666666 0.4028659515625 0.053083935416666665 0.40465227812500004 0.05292955208333334
0 0.40474989843750003 0.053126566666666666 0.40576433749999996 0.05591520625 0.40574112500000004 0.06026328958333334 0.40792884375 0.06054833333333333 0.40854195156250006 0.056702406250000004 0.40484000781249996 0.053308425 0.40474989843750003 0.053126566666666666
0 0.3950625765625 0.034793639583333334 0.394574865625 0.033650495833333335 0.3935669375 0.0343697625 0.3950625765625 0.034793639583333334
0 0.3914767359375 0.02506805625 0.3911608875 0.025648491666666665 0.39091472031249996 0.028593489583333336 0.3914767359375 0.02506805625
0 0.439333334375 0 0.44005237656249996 0.003327575 0.43776251562499996 0.019092333333333333 0.4365084203125 0.022756600000000002 0.43684285312500004 0.024861227083333333 0.4359231921875 0.030630116666666665 0.433842325 0.03807975833333333 0.43437650312500004 0.045935550000000006 0.436308759375 0.0478230625 0.440526253125 0.0409789625 0.4454033203125 0.03700158333333334 0.4537361640625 0.039363183333333336 0.46050368906249994 0.03893634166666667 0.465050990625 0.04123000833333333 0.4673176828125 0.04522214791666667 0.4734303015625 0.05030425625 0.47607322500000004 0.05473799791666667 0.47945002812500004 0.05736988541666667 0.4806576984375 0.06240178541666667 0.47970553281250006 0.07117623125 0.4799145703125 0.07826992708333333 0.482223059375 0.08059904375 0.487025821875 0.08129024166666668 0.48739276093750006 0.08038931249999999 0.4902121765625 0.07951348750000001 0.4919214765625 0.07999791875 0.5002078531249999 0.07564687083333334 0.5031201578125 0.07278753125 0.5064179890625 0.07171231875 0.5108677312500001 0.06761383333333333 0.5114901328125 0.06511043333333334 0.5126606296875 0.06477221458333333 0.51434205 0.06122905625 0.5183830546875 0.059694520833333334 0.52118388125 0.0561336375 0.5239707453125 0.04285455416666666 0.5239939578125 0.038506470833333334 0.525782190625 0.027289179166666667 0.5316532656249999 0.028283147916666664 0.5339338765625 0.026584675 0.5366511046875 0.026349837499999997 0.5388202375 0.023949824999999998 0.53946585 0.01709834375 0.5363166296874999 0.0088364 0.5352111421875 0.003163510416666667 0.5351892421875 0 0.439333334375 0
0 0.8857448031249999 0.6522001229166666 0.8846068109375 0.6495327875 0.8848622734375 0.64793031875 0.883622096875 0.6459039708333333 0.8765015484375 0.6415411270833334 0.872869284375 0.6405117125 0.8658370046874999 0.64119849375 0.8636678718749999 0.6435985083333333 0.858883696875 0.6455923708333333 0.8545361390625 0.6490498708333334 0.851948975 0.6526713083333333 0.8493478906249999 0.6619833583333333 0.8486047187500001 0.6624426854166666 0.84727631875 0.6707755270833334 0.84787550625 0.6726202125 0.8469605140625 0.6867647770833333 0.8474993171874999 0.687587425 0.847304240625 0.69021193125 0.8513592062500001 0.6983955979166667 0.8523764265624999 0.6990188604166666 0.8536862828125 0.7034097729166666 0.8569191015625 0.7083456708333333 0.8671331109375 0.71291528125 0.8726883390625 0.71448968125 0.876311309375 0.7141765666666667 0.880974715625 0.71013863125 0.8851411171875 0.703615025 0.8885922234375 0.7015783333333334 0.8888476859375001 0.6999758625 0.89144414375 0.69769695625 0.895369 0.68708520625 0.8965534171874999 0.6810563729166667 0.8972454984375 0.6809175416666666 0.8988293593750001 0.6709822291666666 0.8982394640625 0.6704800729166667 0.8985367249999999 0.6672145791666666 0.8978678578125001 0.6630053291666667 0.8955500734375 0.6593336833333333 0.8867899046875 0.656850975 0.88543825 0.6541230854166666 0.8857448031249999 0.6522001229166666
0 0.7991734546875 0.3295382 0.7984534937500001 0.32564944375 0.7939108187499999 0.3163226333333334 0.792940021875 0.30700320416666665 0.791161040625 0.30415420833333334 0.785954165625 0.29899381875 0.76527998125 0.29279960208333333 0.7597154578125 0.28988267083333336 0.7576717234375 0.2872936125 0.758294125 0.2847902166666667 0.7635474265625 0.2812544375 0.7663157453125 0.28069910833333334 0.7738310703125 0.2727797979166667 0.7764925390624999 0.26448978333333334 0.777551559375 0.26345002083333335 0.778215759375 0.25928360208333334 0.78075183125 0.25598265625 0.78158789375 0.2535398125 0.781722584375 0.24989327291666666 0.780106175 0.247425325 0.7802594515625 0.24646384166666666 0.77875451875 0.24469743541666666 0.77399355625 0.24234321458333333 0.7689353328124999 0.24325448749999998 0.7663388734375001 0.24553339375000002 0.7596224406250001 0.24563974375 0.7592555015625 0.24654066875 0.75531668125 0.24743421875 0.7489671875 0.24663963958333335 0.7470256390625 0.24340959375000001 0.7473228984375 0.2401441 0.74512121875 0.23014085208333332 0.7376755328125 0.22501591458333334 0.732761290625 0.223623175 0.7246096046875 0.22432768125000002 0.7218505765625001 0.22622554166666667 0.7172103843750001 0.22591539166666666 0.71466501875 0.22787380625 0.71446065 0.22915578125 0.7118131 0.2317551833333333 0.709040153125 0.23934365625 0.7053939703125 0.2440048520833333 0.70340599375 0.24947097499999998 0.702662821875 0.24993030208333333 0.6998155703125 0.26218735 0.699954928125 0.26691648125 0.7010511234375 0.27124683958333334 0.7061558140625 0.27704821458333334 0.7085618625000001 0.2857694854166667 0.7055892140625 0.30301560833333335 0.7048460421875 0.30347493333333336 0.7024911281249999 0.30984198333333335 0.7006889359375 0.31134107083333334 0.686280646875 0.30926747916666664 0.6828713375000001 0.30964114791666664 0.6789418125 0.311877225 0.6735724078125 0.32174460416666667 0.6736513796875 0.3254517 0.671454409375 0.3392329416666667 0.6723369421875 0.34350274583333334 0.672141865625 0.34612725 0.6745711265625001 0.3505004375 0.67461296875 0.36424623125 0.6754165265625 0.3648089395833333 0.6760761015625001 0.36767566041666666 0.6763269359375 0.3731063333333333 0.6817149687499999 0.38133282916666666 0.6850406812500001 0.3842852083333333 0.691246190625 0.3873838 0.693666159375 0.3904144583333334 0.6961279265625 0.39178209375 0.69818095625 0.39571367916666667 0.7022405453125 0.39686420208333334 0.7046744328125001 0.3942042479166667 0.7082370171875 0.39286909583333335 0.7099277328125 0.39066846875 0.7131140859375 0.38889171875 0.71893406875 0.39020617916666667 0.7255343984375 0.39643143125 0.7288183109374999 0.40104683541666664 0.7314194374999999 0.40714359791666666 0.734856625 0.4107975208333333 0.735242153125 0.41258165208333336 0.7396268828125 0.4144942708333333 0.7413175984375 0.41229364375 0.742042184375 0.4091492583333334 0.7427342640625 0.409010425 0.743347371875 0.4051644979166667 0.7427574765625 0.40466234166666665 0.7432080140624999 0.4004353666666667 0.74065798125 0.39401810625 0.7406208078125001 0.38864798749999996 0.7386513765625 0.38139035416666667 0.73911120625 0.37850590833333336 0.7386745890624999 0.3770422708333333 0.7401516406249999 0.3747810875 0.7416890781250001 0.37354194166666665 0.742278975 0.37404409583333337 0.7470864046875 0.38311096666666666 0.74982221875 0.3855611895833333 0.7583687265625 0.3879833458333334 0.7690936578125 0.38934801458333335 0.7798603875000001 0.3890496604166667 0.7838502984375 0.38783561875 0.7862330937500001 0.38549615625 0.7904366671874999 0.38434266874999995 0.7940921453125 0.38102400208333337 0.7949607140625 0.3755756020833333 0.7941385703125 0.3723278354166667 0.794956046875 0.36719993125 0.7968511296874999 0.363717325 0.7977289921875 0.3596114604166667 0.7984210734375 0.35947262708333333 0.799800565625 0.35081928958333336 0.7992617625 0.3499966395833333 0.7999166703125 0.34448768750000003 0.7994521703124999 0.3389964625 0.7988622750000001 0.33849430625000004 0.799466090625 0.33330585 0.79887619375 0.33280369375 0.7991734546875 0.3295382
0 0.791696571875 0.8050920854166667 0.7899500984375 0.7992375354166666 0.789912925 0.7938674166666666 0.7876462328125 0.789875275 0.782783084375 0.7881620437500001 0.77522129375 0.78936870625 0.7647425734375 0.80046785 0.762796396875 0.8042709499999999 0.7613658125 0.81324478125 0.76132868125 0.8232834791666667 0.7623644890625 0.8265918 0.7643478375 0.8281588208333334 0.766238296875 0.8317093604166667 0.7667910609375 0.8422502104166667 0.7675528203125 0.84447594375 0.77025613125 0.8499317229166666 0.7743343078125 0.8537673041666667 0.781710315625 0.8565276770833333 0.78485486875 0.85641395 0.7945764984375 0.85146474375 0.79540326875 0.84767936875 0.79762349375 0.8449588604166667 0.8031787218750001 0.8465332604166667 0.8057333812499999 0.8459173770833334 0.8073219109374999 0.8443577375 0.8086270984375 0.8403729770833334 0.80926341875 0.8321789666666667 0.8086735234375 0.8316768104166666 0.8092773375 0.8264883520833333 0.807461184375 0.8182692374999999 0.80212424375 0.8097222479166667 0.791696571875 0.8050920854166667
0 0.6607381375 0.10807857291666667 0.6656059546875001 0.11816747916666667 0.6699813921875 0.11873756666666666 0.6737344281250001 0.12181105625000001 0.679619465625 0.13252322291666668 0.68367905625 0.13367374583333333 0.6875481953125 0.13041563333333334 0.6886676015625001 0.13039791041666668 0.7006326671875 0.11838010833333333 0.70304796875 0.11303509583333333 0.7037400484375 0.11289626458333334 0.7071771953125 0.10114136875 0.710284575 0.09565752291666667 0.71098128125 0.08848554583333333 0.7128252734375 0.0853234375 0.7159001484374999 0.08284514375 0.7275819140625 0.08381104166666667 0.7329374 0.079634275 0.7336433984374999 0.07380482708333333 0.7351111578125 0.07020111666666667 0.7357753578125 0.06603469375 0.7358496625 0.06136611875 0.7354293625 0.05555244375 0.6785378921875 0.03942890416666667 0.6731954124999999 0.043944331249999996 0.6711888515625 0.04672539375 0.6667158984375 0.0551719625 0.6676263078125 0.06346935625 0.6652528484375 0.08256016458333333 0.6626424734375 0.09052968541666666 0.6605848187500001 0.09363124166666667 0.6586665234375 0.10146192916666667 0.6586433109375001 0.10581001250000001 0.6607381375 0.10807857291666667