0 0.3962174546875 0.4194357 0.39818576875 0.42220222500000004 0.3988736703125 0.42477243125 0.399513875 0.4248705916666667 0.4009135265625 0.431247025 0.4021630375 0.4323865833333333 0.40514775312499995 0.43948003541666664 0.407811021875 0.44263750625 0.41226424687499996 0.45204166041666666 0.41415396250000003 0.453279375 0.41628652656250004 0.45692426041666667 0.42071321875 0.45731859166666666 0.42541097499999997 0.4514030520833333 0.4291497640625 0.449227175 0.429180665625 0.4482839375 0.433005109375 0.44545761250000004 0.445830390625 0.44088302083333336 0.4517635484375 0.44046555625 0.454471828125 0.43832127291666667 0.45536899062499997 0.43646808333333337 0.4551640984375 0.43093841666666666 0.4556400546875 0.4301582145833333 0.45470930625 0.4251808375 0.4488211578125 0.42029654583333337 0.44364207499999997 0.41144468125 0.4381388609375 0.3908830333333333 0.4364752 0.3886372041666667 0.4325217765625 0.3796888729166667 0.431317278125 0.3732475604166667 0.4318788859375 0.37181691041666665 0.43187620156250006 0.36404310624999997 0.42740349687499996 0.3434498666666667 0.42700345312500004 0.33798507499999997 0.42768161562499996 0.3349607375 0.427500571875 0.33066709375 0.4241228671875 0.31592958958333334 0.4187795328125 0.30619936666666664 0.4159688078125 0.3055788145833333 0.41421949375 0.3039834395833333 0.40319559062500004 0.30267239166666665 0.3956394140625 0.3054953333333333 0.3905513515625 0.311540625 0.38746956250000003 0.31722994375 0.3851851734375 0.32607504375 0.383031446875 0.3289679375 0.383250446875 0.3301390833333333 0.38112056875 0.33426800208333335 0.380178396875 0.34142294791666666 0.3736174578125 0.3551105958333334 0.37382235 0.3606402645833333 0.37329164375 0.36112767916666666 0.3730753296875 0.3677303333333333 0.3725446234375 0.36821774791666667 0.3739399046875 0.38454724583333333 0.37395670000000003 0.3879625291666667 0.3734259921875 0.38844994375 0.3741377421875 0.39225617291666665 0.37758162031250003 0.3951541416666667 0.383233975 0.3954520020833333 0.385763896875 0.39678787708333335 0.395685746875 0.39442244583333336 0.39810616875 0.3951727479166667 0.395062334375 0.39773957083333333 0.3936035640625 0.40102341041666667 0.3932539015625 0.40580446875000004 0.3938561515625 0.40902512500000004 0.39329454375 0.410455775 0.39488229218750004 0.41894659375000004 0.3962174546875 0.4194357
0 0.5846785703124999 0.15028827708333334 0.57843370625 0.15236430416666666 0.5828912984375 0.15181539583333334 0.585318775 0.1503864375 0.5846785703124999 0.15028827708333334
0 0.5711962890625 0.15134942499999998 0.5764035875 0.15148425208333333 0.5762154890625 0.14936986666666666 0.5755205343750001 0.14897892083333333 0.571757896875 0.149918775 0.5711962890625 0.15134942499999998
0 0.5495794265625 0.15324888333333334 0.5502196328125 0.15334704375000002 0.550798034375 0.15533167708333334 0.551842653125 0.15094156458333333 0.551349903125 0.14830648125 0.5489056328124999 0.14632015833333334 0.548539178125 0.14768593333333332 0.5495794265625 0.15324888333333334
0 0.6051688875 0.006019914583333333 0.60553534375 0.004654141666666667 0.6062850484375 0.005337872916666667 0.6041524859375 0.0016929875 0.603426628125 0.0022452770833333332 0.603364825 0.004131752083333333 0.603552921875 0.006246135416666667 0.6051688875 0.006019914583333333
0 0.536940090625 0 0.5390661078125001 0.0028049333333333335 0.5399182609375 0.0062534999999999995 0.5384356421875001 0.008301316666666666 0.5323550296875 0.011255704166666667 0.5323241265624999 0.012198939583333334 0.5287495859375 0.015253177083333335 0.5254346875 0.024129868750000002 0.524920775 0.028032566666666665 0.5256422656249999 0.03743333958333333 0.525183103125 0.04162882291666667 0.525621103125 0.04397111875 0.5270657640625 0.045045797916666665 0.5289722734375 0.04969879583333334 0.5270472875000001 0.05935737916666666 0.529315884375 0.07259766666666666 0.532800403125 0.08014694166666667 0.5337073046875 0.08388829375000001 0.5347069125 0.08479993958333334 0.5358019109375001 0.090655675 0.5389438234374999 0.10080674791666668 0.5395840296875 0.10090490833333333 0.54043618125 0.104353475 0.544153809375 0.10871537708333333 0.5536641921875 0.11301747916666667 0.5567080265625 0.11045065625 0.558588003125 0.10609382708333334 0.558875859375 0.10319924166666666 0.5604132296875 0.10144421249999999 0.5618481515625 0.09692435 0.5635806703124999 0.09510444374999999 0.5649299421875 0.09123502916666666 0.57054870625 0.08470232500000001 0.57133636875 0.08226356041666666 0.57848108125 0.08610815000000001 0.57785766875 0.08942527291666667 0.5786859718749999 0.09163781666666666 0.579326178125 0.091735975 0.58070198125 0.09687638750000001 0.5808044265625 0.09964122083333334 0.580273721875 0.10012863541666667 0.5819330140625001 0.112327525 0.586095696875 0.1168524625 0.5866740984375001 0.11883709583333334 0.5919767890625 0.12391601666666667 0.5971840890625 0.12405084166666666 0.599118815625 0.11998679999999999 0.5990711203125 0.11751475416666667 0.599742228125 0.116669675 0.60258385625 0.11634698958333334 0.606003884375 0.11800893333333334 0.614980878125 0.11502464583333333 0.6162444953125 0.11180568333333334 0.620404490625 0.10855681666666667 0.6210588046875001 0.10429645625 0.6205563171875 0.09606683125 0.6212035765625 0.09398573125000001 0.619266165625 0.09027597083333333 0.6168978078125 0.08204465416666666 0.61460099375 0.07752140625000001 0.6124066265625 0.07576299583333333 0.6098051609375 0.07071905208333333 0.60777504375 0.06983899791666667 0.604423871875 0.06411132083333333 0.601479796875 0.061669175 0.5993781359375 0.057081054166666666 0.5949292796875 0.03772383541666667 0.593424496875 0.02080876458333333 0.5914561828125 0.0180422375 0.5910013890625 0.012284658333333334 0.589868434375 0.00955141875 0.5881738703125 0.008248827083333334 0.5874621203125 0.004442597916666667 0.588756640625 0.00028039791666666666 0.5908176609375 0.00021721458333333332 0.5929263765624999 0.002626075 0.59532295 0.002140352083333333 0.5969080140624999 0.002857370833333333 0.598000328125 0.0009393041666666667 0.5966104156250001 0.0001574125 0.5965809796875 0 0.536940090625 0
0 0.47111241562500006 0.7434661499999999 0.47185238125 0.7385553395833334 0.4744582171875 0.7336462208333334 0.47508162968749995 0.7303291000000001 0.4759169859375 0.7303623833333333 0.47630023593750004 0.7324118895833334 0.47826855 0.7351784166666667 0.4841876 0.7391194708333334 0.4914797671875 0.7404271354166667 0.4958040125 0.7380566333333333 0.4974270328125 0.7356511541666666 0.499930421875 0.7279772 0.500310984375 0.7222529083333333 0.497744790625 0.7063126645833333 0.4938081625 0.7007796125 0.4929798609375 0.6985670708333332 0.493712771875 0.69583551875 0.4979036703125 0.6916434166666666 0.4986983875 0.68702539375 0.4977128875 0.6817552312499999 0.49701793125 0.6813642854166667 0.496220528125 0.67820850625 0.49361200937499994 0.6753438208333333 0.49112004374999996 0.67088545 0.487566665625 0.6674019083333333 0.4794532484375 0.6617024395833333 0.47338674375 0.6602983062500001 0.4684982046875 0.6563256604166666 0.465687478125 0.6557051125 0.4618939375 0.6575882020833334 0.4579220390625 0.66295145 0.4566275203125 0.6671136520833334 0.4546689453125 0.66994166875 0.45485704374999997 0.6720560541666667 0.45395988125000003 0.6739092416666667 0.45033059062499997 0.6766706916666667 0.4467799 0.6809609520833334 0.44397185937500006 0.6881142062500001 0.4439648046875 0.6902934666666667 0.44188262187499994 0.6968944291666667 0.4422349703125 0.6998871750000001 0.44146409999999997 0.7057412208333333 0.44212109999999993 0.7092546645833333 0.444620121875 0.7115337749999999 0.44500337031250004 0.7135832812499999 0.4456435765625 0.71368144375 0.4464648265625 0.7180732458333333 0.44593412031249996 0.7185606604166667 0.448271575 0.7277352125000001 0.453536309375 0.7359366270833333 0.45775374218750003 0.7407543541666667 0.4582773953125 0.7424461979166667 0.46272087968750003 0.7462558104166667 0.46711666875 0.7475933770833334 0.4701605046875 0.7450265541666667 0.47111241562500006 0.7434661499999999
0 0.6442763046875 0 0.644342375 0.00046089375 0.6439927125 0.0052419520833333335 0.6424244406249999 0.007940216666666666 0.63810725 0.0081314625 0.6334615578125 0.006565985416666667 0.628777909375 0.008123004166666666 0.6243680125 0.011143958333333334 0.6208102656250001 0.017613479166666668 0.6202486578124999 0.019044129166666666 0.62071050625 0.022622447916666667 0.6201798000000001 0.0231098625 0.6208915484374999 0.026916091666666666 0.62153175625 0.027014252083333336 0.625454275 0.03690582083333334 0.6244953078125 0.04064548541666667 0.622481984375 0.04318071458333333 0.6214682687499999 0.04662758958333334 0.61998565 0.04867540625 0.6192933796875 0.0560582625 0.6180606625 0.058333989583333336 0.61813220625 0.06204206041666667 0.6176015015625 0.062529475 0.61805629375 0.06828705416666667 0.6211055 0.08126783541666667 0.6217457046875 0.08136599583333333 0.6239498125 0.08871895 0.6278625921875001 0.09301597708333334 0.6290026015625 0.09356995833333334 0.6319298812499999 0.09259682083333334 0.63271754375 0.09015805833333333 0.6391098640624999 0.08554511041666667 0.641263590625 0.08265221666666665 0.64293430625 0.08271878333333334 0.643560403125 0.08717546250000001 0.6430296984375 0.08766287708333334 0.643327296875 0.09036283541666666 0.64228973125 0.0925736875 0.6423921765625 0.09533852083333333 0.6410976578125 0.09950072291666667 0.641326396875 0.10626641041666667 0.6417405484375001 0.10737268541666666 0.6452391765625001 0.11056343958333333 0.64796425 0.1118344375 0.6508226703125 0.11492703333333334 0.6533384843750001 0.12062142708333333 0.653074475 0.12475203333333333 0.6555046359375 0.13109687708333334 0.6570040484375 0.13246434583333333 0.6580822546875 0.13490479791666665 0.6599719687500001 0.13614251458333332 0.6632374890625 0.14252063958333333 0.6660720625 0.1443772125 0.666845615625 0.14629697083333332 0.6697658421875 0.14750309166666667 0.6701799937499999 0.14860936458333332 0.6742711328125 0.14942623333333332 0.6764655 0.15118464375000001 0.6870372953125 0.15451191666666667 0.68948861875 0.15431898125 0.6916591390625 0.15484137083333332 0.69226844375 0.15588276666666667 0.6958597765625 0.1562438125 0.7037206078125 0.15394156666666667 0.7128114671875 0.14158978958333332 0.7161572671875 0.1317698625 0.7191225046875 0.12767422916666668 0.7228038578125 0.11743176250000001 0.72648084375 0.11714235833333334 0.7288535703125001 0.11542061249999999 0.73159980625 0.11015383124999999 0.7322541203124999 0.10589347083333332 0.729773578125 0.08930277916666667 0.7265080578124999 0.08292465208333333 0.7236496375 0.07983205624999999 0.7278926 0.06815893958333333 0.7345993125 0.06966123125 0.7386666 0.069242075 0.7432169 0.06586346041666666 0.743871215625 0.0616031 0.7431356171875 0.05656084791666667 0.7443992359375 0.05334188333333333 0.7445466921875 0.05080495833333333 0.7437563453125 0.04546992083333334 0.744410659375 0.041209560416666666 0.743972659375 0.038867266666666664 0.7456097875000001 0.032103266666666665 0.74466224375 0.02371060625 0.7472821875 0.01444296875 0.7458039375000001 0.006537722916666667 0.7449138296875 0.006211652083333334 0.7434762218750001 0.0029577125 0.741391353125 0.0017848749999999998 0.7400106625 0 0.6442763046875 0
0 0.9264229421874999 0.1554770354166667 0.9260971281250001 0.1614941166666667 0.925566421875 0.16198152916666667 0.927373171875 0.17164349791666667 0.9280133765624999 0.17174165833333335 0.931350440625 0.18182785416666666 0.931990646875 0.18192601249999998 0.936560425 0.18973648333333332 0.9391336750000001 0.20349746666666665 0.9426040859375 0.21540526041666666 0.9432442921874999 0.21550342083333335 0.9442606937500001 0.21983034791666667 0.9449556484375 0.22022129375 0.9475262125 0.226208475 0.9481832125 0.22972191666666666 0.94882341875 0.22982007708333332 0.94997316875 0.2359686 0.9494424625000001 0.23645601458333332 0.9503043546875001 0.24549912499999998 0.95222765625 0.25356740625 0.9548741328125001 0.25330959583333335 0.9599242359375 0.2503868 0.9614925062499999 0.24768853333333332 0.96715896875 0.243627875 0.9673207953125 0.24338478125000002 0.94326413125 0.11473677291666666 0.9432332296875 0.11568000833333333 0.9366148546874999 0.12130106875 0.936583953125 0.12224430625 0.9340160750000001 0.12403092708333333 0.9294587203125 0.12958880416666668 0.9282189515624999 0.13404379166666666 0.9292998406249999 0.1442580479166667 0.9285669296875 0.1469895979166667 0.9287550265625001 0.14910398125000002 0.9264229421874999 0.1554770354166667
0 0.12060002968750001 0.48742615 0.1214565484375 0.4809216541666667 0.12050900625000001 0.47252899375 0.11669598750000001 0.46322299791666666 0.1158340953125 0.4541798875 0.117276071875 0.4474807645833333 0.120802915625 0.44195448125 0.12283035 0.43506073125 0.12114989375 0.42939961875 0.114806953125 0.41875774791666664 0.11110611875000001 0.41781113124999997 0.10444004843750002 0.42096014375 0.09936878125000001 0.43042071875 0.0949897859375 0.43249843541666666 0.08410628437499999 0.430829725 0.080912309375 0.42815966666666666 0.0779920828125 0.42695354375 0.07757793125 0.42584727291666663 0.07476720625 0.42522672499999997 0.0713092203125 0.4266872770833333 0.069069840625 0.43023061874999996 0.0687987765625 0.4365404875 0.07303131874999999 0.46250036041666664 0.0763206859375 0.4701145104166667 0.0772275875 0.47385586458333334 0.07786779375 0.47395402291666666 0.07896279375000001 0.4798097625 0.08229985625 0.4898959583333333 0.08665769062499999 0.4943560208333333 0.0871813421875 0.49604786458333333 0.09190563125 0.49914215208333335 0.096972528125 0.49963464166666666 0.103241240625 0.4987946395833333 0.10788693281249999 0.5003601166666667 0.11683302343749999 0.49831906458333336 0.11934615 0.49623965625 0.120695421875 0.49237024166666665 0.12060002968750001 0.48742615
0 1 0.41814362708333336 0.9991937203125 0.41383187916666664 0.9979690968750001 0.4128254083333333 0.9964767390624999 0.40927868333333334 0.9976479671874999 0.40556564166666664 0.9838084437499999 0.33155591458333333 0.9835839609375 0.3314639395833333 0.975223328125 0.3333103625 0.971827146875 0.3328844416666667 0.9677289546875001 0.33424683541666667 0.9647160234375001 0.33587042083333335 0.9630620984375 0.33921913541666665 0.9586213000000001 0.3431833270833333 0.951435946875 0.33468743125 0.947290059375 0.33357777916666664 0.9398265875 0.3335710125 0.9355332437499999 0.33499827916666663 0.9319039531250001 0.33775973125000003 0.9243575156249999 0.3461772166666667 0.9234842015625 0.34926643125 0.921720778125 0.35202957083333336 0.9227610281249999 0.35759252291666666 0.9271736109375001 0.36234537083333335 0.9277211109374999 0.36527324166666664 0.9249201250000001 0.37024723541666665 0.9198629671875 0.37534928749999996 0.9201058156249999 0.3777564583333334 0.9195751078125 0.37824387291666667 0.9205774015625 0.38692932083333337 0.9171221015625 0.39616367500000005 0.9176722875 0.4068653479166667 0.9151141484374999 0.41424651041666666 0.9151238875000001 0.41984105416666667 0.9133534109375001 0.42478345625 0.9136510093749999 0.42748341458333333 0.912294684375 0.4335320875 0.9141800328125 0.4447228645833333 0.9161483453124999 0.44748938958333334 0.919599278125 0.44820809791666666 0.92218395 0.4498367583333333 0.924885175 0.44987173333333336 0.9270795421875 0.4516301479166666 0.9332864515624999 0.45267661875 0.9342719515625 0.45794678125000005 0.9339770390625001 0.4630206270833333 0.9345960812499999 0.46965656666666666 0.9340344734375 0.47108721666666664 0.9346746796875 0.471185375 0.9361838312499999 0.4781473854166666 0.943078640625 0.48176406041666664 0.9462276062500001 0.48973587291666665 0.948890875 0.49289334583333333 0.9521705031250001 0.4949129541666667 0.9524442531249999 0.49637688750000003 0.954802871875 0.49901366041666667 0.9550218718749999 0.5001848083333333 0.9592154546874999 0.5037665083333334 0.9604340625000001 0.5058493020833333 0.96269560625 0.5212688479166666 0.965523125 0.5253046791666667 0.9661015265625 0.5272893104166667 0.9674914390625 0.5280712041666666 0.9711993265625001 0.5268385645833333 0.9759279843750001 0.5199797875 0.980314034375 0.5157228104166667 0.9806257390625 0.5140642479166667 0.9836148250000001 0.5112046395833334 0.9845976375 0.5087010020833334 0.9879222765625 0.5054188520833333 0.989966503125 0.5019403833333334 0.9954925625 0.4982373895833333 0.9981840484375001 0.49267782083333334 0.9996092328125 0.48256341458333335 1 0.48220452291666666 1 0.4469733645833333 0.9989246968750001 0.4445394791666667 0.9973705359375 0.4428792229166667 0.9967135359375 0.43936578125000003 0.9984222078125 0.4363098541666667 1 0.43600822708333337 1 0.41814362708333336
0 0.44736411093750006 0.22516958541666668 0.44973683593749997 0.22344783958333334 0.45306852812500004 0.21798643125 0.4579234796875 0.2151285125 0.459922696875 0.21695180208333334 0.460305946875 0.21900130833333334 0.45948738125000005 0.22238330833333333 0.45419006093750003 0.23285199375 0.45314544218749997 0.23724210625 0.45318608437499996 0.24189341250000002 0.4551879859375 0.2514905041666667 0.4570706484375 0.2549074791666667 0.4586557125 0.25562449583333335 0.465067509375 0.2622006333333333 0.4714316140625 0.2663047229166667 0.47584419687499996 0.27105757291666666 0.48088019375 0.2724933 0.48549498281250003 0.27500201041666666 0.4868539921875 0.2767271416666667 0.491811390625 0.27663405416666664 0.49858696093750005 0.27407061458333337 0.5014903921875 0.2718614541666666 0.5037606734375 0.267374875 0.5056238546875 0.2596027625 0.5074967765625 0.25742519583333334 0.511537534375 0.24799621458333335 0.5134077703125 0.23804484375 0.5194406875 0.23261841041666667 0.5174696890625 0.22207808333333334 0.5171243953125 0.21690607708333334 0.514786940625 0.207731525 0.514091984375 0.20734057916666665 0.514567940625 0.20656037708333336 0.5143012453125 0.20291718333333333 0.51775923125 0.20145663125000002 0.5196798499999999 0.20175111041666666 0.5208984562500001 0.20383390208333332 0.5237877796875 0.20598326041666667 0.5257251921874999 0.20969302083333333 0.5300591781249999 0.21291706041666666 0.530278178125 0.21408820833333334 0.535728325 0.21663020625 0.5399430703125 0.21367412708333333 0.54336746875 0.20538301041666665 0.5454567046875 0.1966027875 0.54518295625 0.19513885208333334 0.5457445640625 0.1937082 0.5449065203125001 0.18590111458333333 0.545670334375 0.18222632916666667 0.545691496875 0.17568855 0.5443774984374999 0.1686616625 0.5421663359375 0.16348796875000002 0.540307521875 0.16130701666666666 0.5375038515624999 0.15850720625 0.534638375 0.15759387291666668 0.53202985625 0.1547291875 0.53074944375 0.15453286875 0.5303352921875 0.15342659791666666 0.5317702140625 0.14890673541666669 0.5339786906249999 0.14630662708333333 0.5371840890625 0.13684436041666667 0.5352678390625 0.12659682083333335 0.528215834375 0.119922525 0.52422445625 0.1140966875 0.5171653968750001 0.10960165000000001 0.512074653125 0.1078731375 0.5083429171875 0.10786975416666666 0.5025333671875 0.10451427291666666 0.5008079000000001 0.10415491874999999 0.4974903171875 0.10525780833333333 0.4967406109375 0.104574075 0.49425133125 0.10788950625 0.489505878125 0.11133299999999999 0.4889919671875 0.11523569791666667 0.491072465625 0.12636159791666668 0.48980884687500004 0.1295805625 0.4814482125 0.13142698541666667 0.47518655625 0.13008772916666667 0.47133826562500003 0.13167803125 0.46793234375 0.12565756666666666 0.465378575 0.12308567083333334 0.460654284375 0.11999138125 0.4574364609375 0.11608530208333333 0.453204921875 0.11562609791666666 0.4517223046875 0.11767391249999999 0.440286934375 0.12303039791666667 0.43673624218749996 0.12732065625 0.432555084375 0.13710730208333333 0.4309629640625 0.13856954375 0.4298494875 0.14702538958333333 0.4300923359375 0.14943256041666667 0.42956163125 0.149919975 0.4318611296875 0.16221702291666668 0.431590065625 0.16852689375000002 0.43284931406249993 0.17526098958333333 0.437316646875 0.1803066270833333 0.43945189687499997 0.19172531458333333 0.4436075234375 0.19842951041666668 0.44236069999999994 0.20506376041666666 0.43935750625000003 0.21228188750000002 0.43742983593749996 0.21416667083333335 0.4366112703125 0.21754866875 0.4346835984375 0.21943345208333334 0.43463153437499996 0.22691446666666665 0.437825509375 0.22958452291666667 0.440331584375 0.22968437500000002 0.4456006875 0.22793272708333331 0.44736411093750006 0.22516958541666668
0 0 0.3164684479166667 0.0021418046875 0.3206211625 0.0025798046875000003 0.32296345625 0.003220009375 0.3230616166666667 0.0059477703125000005 0.33210641874999997 0.0072520296875 0.33353876041666664 0.0089633859375 0.33825663333333333 0.014211328125 0.34304276666666667 0.018411965625000002 0.34444520624999997 0.0221057453125 0.34757108750000004 0.023433853125 0.35023945208333335 0.028158142187500002 0.35333373958333336 0.0322704421875 0.3476128270833333 0.033814865625 0.34367853958333333 0.037303753125 0.34127475 0.039738284375 0.33766653333333335 0.049540893749999995 0.3291209854166667 0.052396629687499995 0.3244397770833333 0.057703690625000005 0.31956563541666666 0.06208 0.30971411458333337 0.062313107812500004 0.30652674375 0.0643882375 0.30210503958333335 0.0643952921875 0.29992577916666663 0.0662134625 0.29745542291666666 0.06986660156249999 0.29592999583333335 0.0747329765625 0.28093975624999995 0.073925834375 0.27218943333333334 0.07440179062499999 0.27140923125 0.0738851921875 0.26753812708333335 0.0743443546875 0.26334264166666665 0.0732493546875 0.2574869041666667 0.067611109375 0.25283052291666663 0.0632294296875 0.2471344375 0.0618942671875 0.24664533333333333 0.0616205171875 0.24518139791666668 0.05962130156249999 0.24335810833333332 0.058628746875000005 0.24026720416666666 0.0576291390625 0.23935556041666667 0.051524678125 0.241073925 0.048785495312499996 0.24416144374999998 0.046367759375 0.2511849479166667 0.04133445 0.257523025 0.0323813046875 0.26174333541666667 0.0170764828125 0.2752279 0.0080924359375 0.28039145 0.0025902250000000003 0.28533046875 0 0.2933503333333333 0 0.3164684479166667
0 0.5626635906249999 0.5590921520833334 0.5639819593750001 0.5561659750000001 0.5676969015625 0.552754075 0.5694055734375 0.5496981458333334 0.574205775 0.5465474416666667 0.5815809109375001 0.5394308520833333 0.5886920328125 0.5364448729166666 0.591102715625 0.53160063125 0.591397628125 0.5265267854166666 0.5898098796875 0.5180359666666666 0.589224421875 0.51823059375 0.58381223125 0.5125661 0.5799471484375001 0.5107411208333333 0.5739185984375 0.5062144916666667 0.5717074375 0.5010407958333334 0.5710504375000001 0.49752735416666666 0.57035548125 0.49713640833333334 0.56843923125 0.4868888666666667 0.56922689375 0.4844501041666666 0.56608766875 0.48207283333333334 0.5646500609375 0.47881889375 0.5623152921875 0.47741814374999997 0.5610966828125 0.47533535208333333 0.5603849328125 0.47152912291666665 0.5538354187500001 0.47308445 0.5477786515624999 0.47727486041666667 0.5389968109375001 0.4801942708333333 0.53269014375 0.48415677083333336 0.5299509625 0.48724429166666666 0.5297796578125 0.48854519166666666 0.526595421875 0.4914696770833333 0.525020096875 0.4963472020833333 0.5246156859375 0.5008354729166666 0.526477184375 0.5107902291666666 0.5296332031250001 0.51658278125 0.530273409375 0.5166809395833334 0.53382241875 0.5301175458333334 0.5367117421875001 0.5322669041666667 0.5376804468749999 0.5341217854166668 0.5397918484375 0.54430445 0.5404320546875 0.5444026083333333 0.5411199578125 0.5469728145833332 0.5434547265624999 0.5483735666666667 0.54442343125 0.5502284458333333 0.5470628546875 0.55214989375 0.5505853296875001 0.5565766729166667 0.555559521875 0.5598988708333333 0.557784790625 0.5607140479166667 0.5626635906249999 0.5590921520833334
0 0.6886400765625 0.54551275625 0.689551346875 0.5393010479166667 0.6889799984375 0.53513715625 0.68945595625 0.5343569541666666 0.68852520625 0.529379575 0.68783025 0.5289886291666667 0.687032846875 0.52583285 0.6827845140625 0.5219583625 0.6719655015625 0.52617698125 0.6691168203125 0.5286789291666667 0.6669321921875 0.5325150583333333 0.665747171875 0.5372628333333334 0.6659900203125 0.5396700041666667 0.6651476078125 0.54181598125 0.6656642046875 0.5456870854166667 0.6669375640624999 0.5480626645833334 0.668772528125 0.5490075916666667 0.671169103125 0.5485218708333334 0.6736133734374999 0.55050819375 0.6718190500000001 0.5542145708333333 0.671952396875 0.55603616875 0.6708600828125 0.5579542354166667 0.6704556703125 0.5624425062499999 0.6736496468750001 0.5651125625 0.6759605671875 0.5652772895833333 0.67844279375 0.5641411166666667 0.68325005 0.5588111520833333 0.6831167015624999 0.5569895541666666 0.685253634375 0.5506813770833333 0.6886400765625 0.54551275625
0 0.155967871875 0.5391100708333333 0.156043784375 0.5328650791666667 0.15672194687500002 0.5298407416666666 0.1585710203125 0.5264271520833333 0.15897543281249998 0.52193888125 0.1573470421875 0.50879675625 0.1548550765625 0.5043383833333334 0.1473032671875 0.49720826458333334 0.14307878125 0.4945698 0.14071310937499998 0.4941122875 0.136419765625 0.4955395541666666 0.1352727015625 0.49716483125 0.134313734375 0.5009044958333333 0.1332523234375 0.5018793229166667 0.132488509375 0.5055541104166666 0.13267660781249999 0.5076684916666667 0.1321459015625 0.5081559062500001 0.1332647484375 0.51524766875 0.1294164578125 0.5168379708333333 0.125551375 0.51501299375 0.1193374125 0.51614578125 0.11432795 0.5237198833333333 0.11314293125 0.52846765625 0.11295751875 0.534127075 0.11399776718750002 0.5396900250000001 0.12051469687500001 0.5568048 0.1236539234375 0.5591820708333334 0.124232325 0.5611667020833334 0.127145496875 0.5645520854166667 0.1294802671875 0.5659528354166666 0.1318079828125 0.5695328458333333 0.1393880078125 0.567945925 0.1460611328125 0.56261765 0.14830051093750002 0.5590743083333333 0.15251525625 0.5561182291666668 0.153388571875 0.55302901875 0.15584694999999998 0.5506568208333333 0.156679621875 0.5429163020833333 0.155967871875 0.5391100708333333
0 0.2494762984375 0.2576791854166667 0.2512256125 0.2592745645833333 0.257963225 0.25983361875 0.2725616703125 0.25809043125000003 0.27734507812500003 0.25152444166666665 0.2807483140625 0.24977110416666667 0.28223093125 0.2477232875 0.2840941140625 0.23995117708333333 0.284786384375 0.23256831875 0.2882346296875 0.22551322499999998 0.2956336140625 0.21963266041666665 0.3083184921875 0.21541573333333333 0.31153363125 0.21154801041666668 0.3129994546875 0.20608491041666666 0.31152120625 0.19817966458333333 0.31082624999999997 0.19778871875 0.308810240625 0.19255014791666666 0.304592809375 0.18773242291666667 0.3028982453125 0.18642983333333335 0.2986667046875 0.18597062708333334 0.2983073046875 0.18515714166666666 0.295660828125 0.18541495416666667 0.2864789453125 0.18286957499999998 0.27915587343750004 0.18250514583333333 0.27829666875000003 0.1812358395833333 0.275290790625 0.18068016458333333 0.273236825 0.17856409166666667 0.27056650000000004 0.17758587916666665 0.2651852125 0.17097814791666668 0.2643330609375 0.16752958125 0.2631692015625 0.16573957708333334 0.262293203125 0.1610549875 0.2610745953125 0.15897219583333333 0.25535069843749997 0.15496626458333335 0.24266581875 0.15918319166666667 0.234595728125 0.16590883333333334 0.23170908906249998 0.17153327708333332 0.23166407968749997 0.17683503125 0.231133371875 0.17732244583333331 0.23192372031250003 0.18265748541666668 0.233892034375 0.18542401041666665 0.2348845875 0.18851491458333333 0.23765735625 0.19225796041666668 0.23904726874999999 0.19303985208333332 0.24153923437499997 0.197498225 0.24105622499999999 0.20045768333333333 0.23834089062500002 0.20478122916666666 0.2371558703125 0.20952900416666667 0.23761771718750002 0.21310732291666667 0.23708701250000003 0.21359473541666668 0.2370181546875 0.21766046875 0.24037032812499998 0.2488888125 0.2418865328125 0.25367156458333334 0.246025365625 0.2569604791666667 0.2494762984375 0.2576791854166667
0 0.8762483203125001 0.4968282333333333 0.872415821875 0.4763331520833333 0.8716704843749999 0.46569635833333334 0.870280571875 0.4649144645833333 0.86754844375 0.465822725 0.8649187625 0.4694958208333333 0.8607040171874999 0.47245190000000004 0.8572080734374999 0.47703494583333333 0.8566941625 0.48093764375 0.8548380328125 0.48653049583333335 0.8549713828125001 0.48835209375 0.8537316109375 0.49280708125 0.8541696109375 0.49514937499999995 0.8536389062499999 0.49563678958333335 0.8561362421875 0.5156427645833334 0.8584162609374999 0.5167507291666666 0.8608128359375 0.5162650062499999 0.864342365625 0.518512525 0.8654753203125001 0.5212457666666667 0.867279384375 0.52313393125 0.8677721343749999 0.5257690104166667 0.8700141984374999 0.5299994729166666 0.8726227171875 0.53286415625 0.8743481843750001 0.5332235104166666 0.8767209093749999 0.5315017625 0.8762829109375 0.52915946875 0.8768445171874999 0.52772881875 0.87547576875 0.5204091458333333 0.8742685828125 0.5061940312500001 0.8762483203125001 0.4968282333333333
0 0.38142658281249997 0.24833363333333333 0.3828544515625 0.24599302916666668 0.387014446875 0.24274416458333334 0.38738090468749997 0.24137838958333332 0.390619890625 0.23874669166666665 0.39577949375 0.23640947083333333 0.398916034375 0.23101293750000002 0.3989301421875 0.22665441875 0.4004577703125 0.21930484583333335 0.4001840203125 0.21784091249999998 0.40102643281250006 0.21569493333333334 0.4008383359375 0.21358055208333332 0.4018759 0.21136969791666665 0.40121890000000004 0.20785625624999998 0.4016780625 0.20366077083333334 0.399847465625 0.19276278125 0.3961130421875 0.18498559583333335 0.3846370328125 0.18569077291666666 0.3818572078125 0.18412698541666667 0.37762566875000003 0.18366778125 0.37562645156249996 0.18184449166666666 0.37231592343750003 0.18076812291666666 0.3681223390625 0.17718642083333333 0.36047077031249997 0.17506527291666665 0.3553561765625 0.17210073541666665 0.35211450312500003 0.16695863125 0.34778051875 0.16373459375000002 0.342018665625 0.16285115833333333 0.33720872343749997 0.16040732083333334 0.332720228125 0.16189946458333332 0.3310424578125 0.16401215625 0.3303095453125 0.16674370625 0.328522275 0.168270825 0.3274229078125 0.17236815 0.32636149531249997 0.17334297708333332 0.326754484375 0.18098702916666667 0.3261072234375 0.18306813125000002 0.32518621406250003 0.18368529583333335 0.32360383593750003 0.19074208125 0.3241399125 0.20580227291666667 0.32349265312500003 0.20788337291666667 0.324064 0.2120472645833333 0.3266893140625 0.21832723333333334 0.33174210312499997 0.22317824166666667 0.33584029531250004 0.22181585 0.3387746296875 0.21866345208333332 0.3410855515625 0.21882817916666666 0.34189000625 0.2198047 0.34265650625 0.22390371666666667 0.3432967125 0.22400187708333333 0.34514847187500003 0.2283620875 0.34645273125 0.22979442916666667 0.3525440890625 0.25793525208333334 0.35345804375 0.2594973479166667 0.355293009375 0.260442275 0.369836703125 0.25840630000000003 0.38142658281249997 0.24833363333333333
0 0.211452521875 0.45007066874999996 0.21204503125000002 0.4476967833333333 0.21783510156250002 0.43986317708333333 0.21873931875000002 0.4358307270833333 0.21795602500000003 0.42831642708333334 0.21471435312499998 0.42317432499999996 0.2113490734375 0.4218051666666666 0.20943551093749999 0.41933142916666666 0.20795994687500002 0.4191999875 0.2069055890625 0.41799555416666667 0.2056083828125 0.41438395208333334 0.2046608390625 0.4059912916666667 0.20209733124999998 0.39782485208333335 0.2006499828125 0.38897637083333336 0.2005545921875 0.3840322770833334 0.19880259218750002 0.37466309583333335 0.19584877812499998 0.36662640625 0.1934115625 0.3624608229166667 0.186735753125 0.36001529375 0.182497159375 0.36173534791666667 0.1815690953125 0.364531775 0.1787751640625 0.3673265083333333 0.1757481234375 0.3733086145833333 0.1758814703125 0.3751302125 0.17431320156250002 0.3778284791666667 0.1741348421875 0.3813086375 0.1720217578125 0.38885283958333333 0.1733384421875 0.403653525 0.172239075 0.40775085 0.17257731406250001 0.41510211458333335 0.1720466078125 0.4155895291666667 0.17219675 0.42082640833333335 0.1716042390625 0.4232002979166667 0.1721994359375 0.4286002125 0.171723478125 0.4293804125 0.1748989765625 0.4463620520833333 0.175539184375 0.44646021041666667 0.1766412359375 0.4501366895833333 0.18151566875 0.4584678583333333 0.1844358953125 0.45967397916666664 0.1902904546875 0.45772770416666664 0.1936866359375 0.4581536270833333 0.1972091109375 0.46258040624999996 0.20535343125 0.4673366375 0.209139915625 0.46763280833333337 0.2135189140625 0.4655550895833333 0.2111646640625 0.4529652541666667 0.21178102187499998 0.45182738958333335 0.211452521875 0.45007066874999996
0 0.5605062546874999 0.1673427041666667 0.5673604234375 0.166308075 0.5692333453125 0.16413050624999997 0.569356953125 0.16035756041666666 0.5703397671875 0.15785392083333333 0.5727981453125001 0.155481725 0.5772009890625001 0.15464003333333334 0.57775554375 0.15538864166666666 0.58413375625 0.15513421041666667 0.594281659375 0.15176066875000002 0.5978562000000001 0.14870643333333333 0.5976133515625001 0.1462992604166667 0.59814405625 0.14581184791666668 0.5965563078125 0.13732102708333332 0.595861353125 0.13693008125 0.5943522 0.12996807083333334 0.5922505390625 0.12537995 0.5889709109375 0.12336034166666666 0.5860886421875 0.11903172291666667 0.5826995140625 0.11642654166666667 0.5823162640625 0.11437703541666666 0.581621309375 0.11398608541666667 0.579869309375 0.10461690625 0.580345265625 0.10383670625000001 0.579123971875 0.09398011249999999 0.5770055171874999 0.08597670625 0.5721955750000001 0.08353286875 0.5701345546875001 0.08359605208333334 0.5675666781250001 0.08538267499999999 0.562995215625 0.09529907083333335 0.5617386515625 0.096338775 0.560834434375 0.100371225 0.5586259578125 0.10297133125 0.55828335 0.10557313125 0.5565437765625 0.10957229375000001 0.55396884375 0.11353817708333333 0.5504561078125 0.11470594166666667 0.5479809359375001 0.11366285416666666 0.5423497453125 0.10682721458333333 0.5393438671874999 0.10627153958333334 0.537923053125 0.10643288333333333 0.535909728125 0.10896811666666667 0.5310000265625 0.11153324791666666 0.5297982125 0.1128657375 0.52948650625 0.1145243 0.53036250625 0.11920889166666666 0.5310027125000001 0.11930705 0.533354275 0.12412308333333333 0.5346894375 0.1246121875 0.537017153125 0.12819219791666667 0.5383549999999999 0.13645510625 0.5373651328125 0.14113800416666666 0.5381316328125 0.1452370208333333 0.539880946875 0.1468324 0.542972475 0.14673762291666667 0.54644725625 0.14869235416666668 0.54784690625 0.15506878958333334 0.5503318187499999 0.16170642083333334 0.5538851953124999 0.1651899625 0.557281378125 0.16561588333333335 0.5605062546874999 0.1673427041666667
0 0.351975425 0.2615451645833333 0.3504256328125 0.24993184791666667 0.34852617656249996 0.24309958958333333 0.34752656875 0.24218794583333333 0.34714331875000004 0.24013843750000002 0.34478470156249996 0.23750166458333333 0.3440968 0.23493145833333334 0.34320669062500003 0.23460538749999998 0.3420189859375 0.23157935833333332 0.3397937171875 0.23076418333333332 0.337880153125 0.22829044375000002 0.3350694265625 0.22766989583333333 0.3308449421875 0.22503143125 0.32932168125 0.22242794166666666 0.32373818593750003 0.21806434791666665 0.31950664687499997 0.21760514166666667 0.31785272343750004 0.22095385833333334 0.31547999843749996 0.22267560416666665 0.31328831562500004 0.22869099375 0.3110798390625 0.23129110208333334 0.3085808203125 0.22901198958333333 0.3067149515625 0.2290103 0.3001936515625 0.2218485875 0.29724252500000004 0.2215857 0.2939249421875 0.22268858958333335 0.29082635625000003 0.22496262708333334 0.29003869375 0.2274013895833333 0.28671405625 0.23068353958333335 0.284467625 0.23640614166666665 0.2849153640625 0.24434297916666667 0.2842681046875 0.24642407916666667 0.28537015625 0.25010055625 0.290039696875 0.25290205625 0.2922031625 0.25560370625 0.28799815624999997 0.26415432916666665 0.28675838593749997 0.26860931666666665 0.28719907031249997 0.2787254125 0.28853691875 0.2869883208333333 0.29179538437499997 0.2955457083333333 0.296769575 0.29886790625 0.3008059625 0.2993919875 0.301805571875 0.30030363125000004 0.30994014999999997 0.2994653208333334 0.31927923125 0.30506832083333335 0.324181878125 0.3046824479166667 0.33232351250000003 0.3016648791666666 0.3372093640625 0.2978637229166667 0.3432563921875 0.28807877083333333 0.3461191828125 0.2812183020833333 0.3471328984375 0.27777142708333336 0.347856071875 0.2694453354166667 0.350102503125 0.26372273125 0.351975425 0.2615451645833333
0 0.0415134890625 0.21081533333333333 0.0418419890625 0.21257205416666666 0.043255748437500005 0.21458997083333334 0.043129453125 0.2105891125 0.042075096875 0.20938468333333335 0.0415134890625 0.21081533333333333
0 0.053842332812500004 0.17033119166666666 0.055225190625 0.17329234166666665 0.059309274999999995 0.17628847083333332 0.060746881249999996 0.17954240833333335 0.0640503578125 0.18279803958333335 0.064683509375 0.18507546041666664 0.065323715625 0.18517361875 0.0668328671875 0.19213562916666668 0.0721285046875 0.19939380833333334 0.07460367500000001 0.20043689375 0.0759317828125 0.20310526041666668 0.0759247296875 0.20528452083333332 0.06676937968749999 0.21174896666666668 0.063187784375 0.21698246458333334 0.05994879843749999 0.21961416458333333 0.0602393421875 0.22449338124999998 0.058092671875 0.22520701458333334 0.057435671875000004 0.22169357083333333 0.0552342484375 0.22211441875 0.0558912484375 0.2256278625 0.05536054218749999 0.22611527708333332 0.0556272375 0.2297584708333333 0.060365635937499995 0.2284942375 0.061505646875 0.22904821875 0.070744965625 0.2396601875 0.074781353125 0.24018427083333332 0.07672581875 0.24171477083333331 0.07973169687500001 0.24227044374999998 0.08064565312500001 0.2438325375 0.0822307171875 0.24454955416666666 0.08518184375 0.24481243958333332 0.08901602656249999 0.24758065624999998 0.0894849265625 0.24897971666666668 0.0929288046875 0.25187768541666666 0.095201771875 0.25516490833333333 0.099183409375 0.2553962020833333 0.10112518906250001 0.24915289999999998 0.10218660156249999 0.24817807291666666 0.10289566562500001 0.2442105 0.1044639359375 0.24151223125000001 0.10626531406249999 0.23562659375 0.10604631406250001 0.23445544791666664 0.1093064625 0.22528596875 0.10986538593749999 0.21608151458333333 0.1115811109375 0.21084632708333334 0.11144776249999999 0.20902472916666665 0.11254713281249999 0.20492740208333335 0.1169358671875 0.20844422916666666 0.119711321875 0.21996107708333332 0.12060143125 0.22028714583333334 0.1216796359375 0.22272760208333334 0.130087965625 0.223353225 0.13208718125000002 0.22517651458333335 0.13307268125 0.23044667916666667 0.13195920625 0.23890252291666667 0.132475803125 0.24277362708333333 0.131945096875 0.24326104166666665 0.13287584531250002 0.24823841875000002 0.13351605312499998 0.24833657708333332 0.1343682046875 0.25178514583333333 0.137890678125 0.25621192291666667 0.1404612421875 0.26219910416666664 0.1473489984375 0.26799504166666666 0.15087147343750001 0.27242181875 0.1528874828125 0.27766038958333333 0.155824503125 0.28228179583333335 0.163825734375 0.2796218895833333 0.16683598125000001 0.2702244979166667 0.1693800109375 0.26720185208333336 0.1722428015625 0.26034138749999997 0.173154071875 0.25412967708333334 0.17278493125 0.24772165 0.1735725921875 0.24528288541666668 0.175109959375 0.24352785625 0.17954370625 0.2417429270833333 0.1807455203125 0.24041043541666665 0.182040040625 0.23624823333333334 0.1809379875 0.23257175625 0.181694746875 0.23107623124999999 0.1813424 0.22808348541666668 0.177662728125 0.22059908541666667 0.1750683171875 0.21337588125 0.1715696890625 0.21018512708333334 0.1711864390625 0.2081356208333333 0.169382375 0.20624745416666668 0.164353434375 0.20263247083333333 0.1614711640625 0.19830385208333334 0.1601571640625 0.19127696666666666 0.16111613125 0.18753730416666667 0.163262803125 0.18682366874999998 0.16668283281250001 0.18848561458333332 0.168870146875 0.1924232875 0.17236877343749998 0.19561404166666665 0.174984346875 0.19629946666666667 0.1758674015625 0.19880479791666666 0.1817007984375 0.2033963020833333 0.183919015625 0.2063907375 0.1856992296875 0.20704287916666667 0.1939433109375 0.20679014166666668 0.199212415625 0.20503849375 0.20220149843750002 0.20217888541666668 0.20875806875 0.19844429583333334 0.2097099796875 0.19688389583333335 0.20943623125 0.19541996041666668 0.21005258750000003 0.1942820958333333 0.20939558749999998 0.1907686541666667 0.21056381562499998 0.18260559791666667 0.2099041296875 0.17131835208333335 0.20532461249999998 0.1579133395833333 0.2031611453125 0.15521168958333334 0.2024255484375 0.15016943541666666 0.20324411250000002 0.1467874375 0.20317256874999998 0.14307936666666665 0.2018753625 0.13946776458333332 0.1994858421875 0.13777422708333334 0.1992668421875 0.13660308125 0.19660357343749998 0.13344560833333335 0.1931808578125 0.1240098625 0.1844104421875 0.11479695208333333 0.18308233437500002 0.11212858541666666 0.1805833140625 0.109849475 0.1803095640625 0.10838553958333333 0.1718394296875 0.10964638958333334 0.16785779218750002 0.10941509583333334 0.1653278703125 0.10807922291666668 0.16126058125 0.10849837916666667 0.1629383515625 0.10638568333333334 0.164013871875 0.10105233541666667 0.163630621875 0.09900282916666667 0.1618715921875 0.09709969166666667 0.042222778125 0.13687542708333333 0.04216748125 0.13782677083333333 0.0476794328125 0.13848229583333332 0.047946128125 0.14212549166666666 0.0455972515625 0.14508325833333335 0.0400711921875 0.14878625625 0.0386671703125 0.15236288125 0.0391051703125 0.1547051770833333 0.043010895312500005 0.16118146458333332 0.0504841078125 0.16678277291666666 0.053842332812500004 0.17033119166666666
0 0.018389840625 0.14479838541666668 0.0188039921875 0.14590465625 0.019389446875 0.14571002916666667 0.02000580625 0.14457216458333333 0.019951056249999998 0.14427937708333335 0.018389840625 0.14479838541666668
0 0.10309246093749999 0.40710269374999997 0.1086255765625 0.4012204375 0.10999869375 0.3985870458333334 0.11077661718750001 0.39055373958333334 0.1087985625 0.38219267291666664 0.10741570625 0.37923151875 0.10397182812500001 0.37633355208333336 0.098069571875 0.37580777916666663 0.095536965625 0.36669810416666665 0.093014096875 0.3631829708333333 0.09078882656250001 0.36236779166666666 0.0864716359375 0.36255903749999996 0.0782205015625 0.36499103541666666 0.075512221875 0.36713531875 0.0710784765625 0.36892024791666667 0.06881525 0.37122757083333335 0.06504824218750001 0.38212048541666666 0.063608953125 0.3965934104166667 0.06401605 0.39987894375 0.06348534375 0.40036635625 0.0652373421875 0.40973553749999997 0.0658775484375 0.4098336958333333 0.06898855781249999 0.42092800625 0.0709259703125 0.4246377666666667 0.077430475 0.4283841958333333 0.0806862546875 0.42916777916666665 0.082685471875 0.43099106875 0.0875024671875 0.43125564583333337 0.0900871390625 0.43288430833333336 0.09465423125 0.432920975 0.09922838125 0.43077838124999995 0.1029812796875 0.4242439854166667 0.1046254609375 0.415300725 0.10309246093749999 0.40710269374999997
0 0.5335174453125 0.4608686458333333 0.5326273359375 0.460542575 0.530385275 0.4563121145833334 0.5274721015625 0.45292673333333333 0.5240520734375 0.4512647895833333 0.5226383125 0.44924687291666665 0.519948509375 0.437079575 0.519003653125 0.43646071875000003 0.5094412046875 0.43963963333333334 0.502627678125 0.44532556875 0.4996483328125 0.4537797229166667 0.497635009375 0.4563149541666667 0.49605263125 0.46337173958333333 0.49733572812500004 0.47134186041666665 0.49966344375 0.47492187083333337 0.50369983125 0.47544595208333335 0.5050588421875 0.47717108125 0.5071746109374999 0.47740068333333335 0.515171475 0.4846938375 0.5183177531250001 0.4848918479166667 0.5219329359375 0.48648891666666666 0.5272020390625001 0.48473727083333334 0.52832525625 0.48187596875 0.5303933296875 0.479633525 0.530876340625 0.4766740625 0.5330848171875 0.4740739583333333 0.5332870234375 0.47182982083333336 0.5348861953124999 0.46818831666666666 0.5335174453125 0.4608686458333333
0 0.5528938875 0.6176957979166667 0.5501016390625 0.6027636666666666 0.5280494625000001 0.6100946333333332 0.5173779078125 0.6117763291666667 0.5086508171874999 0.6149885270833334 0.507027796875 0.6173940083333334 0.5109096734375 0.6226342708333333 0.520888959375 0.6283354312499999 0.5229976749999999 0.6307442916666666 0.525222946875 0.6315594708333333 0.5271912578125 0.63432599375 0.5301185390625001 0.6333528562499999 0.5350900453125 0.6289012541666666 0.5393622265625 0.6340117645833333 0.5431248656250001 0.6330719104166668 0.5494006296875 0.6300526479166667 0.5494315328125 0.6291094125 0.552584865625 0.6271281625 0.5533725281249999 0.6246894 0.55241793125 0.6184759999999999 0.5528938875 0.6176957979166667
0 0.3365154515625 0.14228950833333334 0.34128038125 0.15003510208333332 0.3423276859375 0.15341879374999998 0.342149328125 0.15689895208333335 0.3432036859375 0.15810338333333332 0.3465380640625 0.16041577708333332 0.3510195046875 0.16110289583333334 0.353737525 0.16455315416666666 0.35607229375 0.16595390208333333 0.356705446875 0.16823132291666668 0.359478215625 0.17197436666666668 0.368738696875 0.17604855625000002 0.3711829671875 0.17803488125 0.3740484421875 0.17894821458333335 0.376102409375 0.18106429166666665 0.3772733203125 0.1806750375 0.379553340625 0.18178300208333334 0.3801626453125 0.18282439583333332 0.38439418281250004 0.18328360000000002 0.390022690625 0.18234543958333335 0.39496329375 0.1788370708333333 0.3958366078125 0.1757478583333333 0.397935584375 0.17256217916666666 0.39822344374999996 0.16966759166666667 0.39889454999999996 0.16882251458333333 0.398651703125 0.16641534375000003 0.3995320703125 0.16114687291666666 0.3975919734375 0.14966330833333333 0.3983080921875 0.143516475 0.40087328437499997 0.13395605 0.4033864125 0.13187664166666666 0.40341731562499994 0.13093340625 0.40885066875 0.13006011875 0.40888157031250005 0.12911688333333332 0.41111389374999996 0.12775279791666666 0.41371972812499996 0.12284367916666666 0.42116640624999996 0.11943516250000001 0.42468619687500003 0.11608813958333333 0.42634011875000005 0.11273942291666667 0.42957910468750005 0.110107725 0.430062115625 0.1071482625 0.43134958125 0.10516532291666666 0.42815997499999997 0.09254220416666666 0.4218885765625 0.08560840208333334 0.4207388265625 0.07945987916666668 0.4197939703125 0.07884102083333334 0.4174185578125 0.07278896458333332 0.41173261875 0.06566053749999999 0.40500205781250004 0.06292222083333333 0.40325274375 0.061326841666666666 0.40221954843749996 0.05358463125 0.40078194062500005 0.05033069375 0.3994467796875 0.0498415875 0.396509759375 0.045220181250000005 0.3943392390625 0.044697793750000006 0.3908953609375 0.041799825 0.38972445 0.04218907916666667 0.382408434375 0.03964539166666667 0.3781053515625 0.03547811458333334 0.36995397812499997 0.03290114375 0.36820466406249996 0.031305766666666665 0.3617717015625 0.03126740833333333 0.355612490625 0.03269298541666667 0.3514215921875 0.0368850875 0.349229909375 0.04290047708333333 0.34746648750000003 0.04566361666666666 0.3432967515625 0.043317941666666665 0.3403288296875 0.03963977083333334 0.3381035609375 0.038824593750000004 0.3314683921875 0.04103037291666667 0.3312423375 0.042038483333333335 0.3266920390625 0.045417102083333334 0.3219395328125 0.05103985416666667 0.31449554062499996 0.062222172916666665 0.31265351875 0.06345650416666666 0.3097907296875 0.07031697083333334 0.31022872968750004 0.07265926666666668 0.3096671203125 0.07408991666666667 0.30988612031249996 0.07526106458333334 0.3105263265625 0.07535922291666666 0.3119807296875 0.08202844583333334 0.3104601546875 0.08719875833333333 0.3063717015625 0.09415569583333333 0.3070287015625 0.0976691375 0.311971990625 0.10193457291666667 0.3160181171875 0.10805319583333332 0.3171678671875 0.11420172083333333 0.31683500000000003 0.1223980625 0.3188607484375 0.13323117708333332 0.320431703125 0.13830671249999998 0.323040225 0.14117139791666666 0.3365154515625 0.14228950833333334
0 0.8938194921875 0.015486547916666668 0.8935934390625 0.016494660416666664 0.887512825 0.019449045833333335 0.8832671765625 0.023348360416666665 0.882143959375 0.0262096625 0.879935484375 0.028809770833333335 0.87917166875 0.032484554166666665 0.8770179453125 0.035377447916666666 0.8771371828125 0.04155756458333334 0.876606478125 0.04204498125 0.8773729781249999 0.046143997916666665 0.8742223296875 0.05589905 0.875317328125 0.061754785416666666 0.8788398046875001 0.06618156458333332 0.8859774609375 0.07220541041666667 0.8943857890625001 0.07283103541666666 0.8965492562499999 0.07553268541666666 0.903772565625 0.08090608333333332 0.912228590625 0.08400375208333334 0.9154605218749999 0.0835513125 0.9247448515625001 0.088861525 0.9280624359375 0.0877586375 0.92968545625 0.08535315833333333 0.9311512796875 0.07989006041666666 0.93335975625 0.07728995208333332 0.93409266875 0.07455840208333334 0.935471384375 0.07306343750000001 0.9256893890625 0.02075218125 0.9253299859374999 0.019938697916666668 0.9222693578125 0.019090239583333335 0.9146963875 0.018497897916666665 0.9098414359375001 0.02135581666666667 0.90386058125 0.019301233333333334 0.9020017687499999 0.017120283333333333 0.8990506390625 0.016857395833333334 0.8980510328125 0.015945752083333334 0.89417889375 0.016300033333333335 0.8938194921875 0.015486547916666668
0 0.49527098125 0.6188145083333333 0.49191981093750003 0.6130868333333334 0.48864018124999997 0.611067225 0.48401833906249997 0.6107377729166666 0.4749009453125 0.6140797208333333 0.471038546875 0.6200285437499999 0.4699700796875 0.62318263125 0.46885391875 0.6238646729166667 0.467504646875 0.6277340875 0.467100234375 0.6322223583333333 0.468195234375 0.6380780979166667 0.46985889687500004 0.6403239229166666 0.476004 0.6432568687500001 0.479393128125 0.6458620479166667 0.48245375625 0.6467105083333333 0.48431256874999995 0.6488914583333333 0.49101222812499995 0.6525730125 0.49342559531249996 0.6555025729166667 0.4983997875 0.6588247708333334 0.5050349546875 0.65661899375 0.5060416156249999 0.6553513770833334 0.5074217890625 0.6505387270833333 0.5078880046875 0.6441639833333334 0.504010496875 0.62897065625 0.501323378125 0.6245771625 0.49527098125 0.6188145083333333
0 0 0.28161852708333335 0.0007075625000000001 0.28191349375 0.0080376859375 0.28009866250000004 0.017216884374999998 0.2748702375 0.0233354546875 0.26879335625 0.028385559375 0.2658705625 0.029282721875 0.26401737291666666 0.036041496875 0.25803865 0.042824121874999996 0.25329594791666665 0.046584075 0.24458229166666667 0.048930265625000004 0.23385072083333333 0.0517242 0.2310559875 0.0505506 0.22367143958333333 0.04796324375 0.21426897291666666 0.0457759296875 0.21033130208333334 0.04511893125 0.20681786041666667 0.0458827453125 0.20314307291666667 0.0450614953125 0.19875127083333333 0.042648128125000004 0.19582171041666668 0.038533140625000004 0.19376881875000002 0.0387353484375 0.19152468125000002 0.038352098437499996 0.189475175 0.0376571421875 0.18908422916666667 0.0366000984375 0.18010599583333334 0.0370045109375 0.1756177229166667 0.039189140625 0.17178159375 0.0381418359375 0.16839790208333336 0.036064021875000005 0.16504580208333333 0.033859915625 0.15769284791666666 0.03141564375 0.15570652499999998 0.03034449375 0.15108680833333335 0.02559635625 0.14675649791666665 0.02532260625 0.14529256458333334 0.02605551875 0.14256101458333334 0.025787875 0.14233900208333333 0 0.15091185416666666 0 0.28161852708333335
0 0.552702540625 0.1089833375 0.5540686046875 0.10852920833333334 0.5531237453125 0.10791035 0.552702540625 0.1089833375
0 0.5574067078125 0.09965344166666666 0.5590542171874999 0.09971908333333333 0.5584210671875 0.09744166458333334 0.5574067078125 0.09965344166666666
0 0.5545754625 0.10680577083333334 0.55658173125 0.1064498 0.5564554390625001 0.10244894166666667 0.55732163125 0.09983894375 0.5572431 0.10001017916666667 0.5539184625 0.10329232708333333 0.5545754625 0.10680577083333334
0 0.565793515625 0.082551275 0.5671595796875 0.08209714375 0.566214721875 0.0814782875 0.565793515625 0.082551275
0 0.5688585125000001 0.07344667083333332 0.5694607625 0.07666732708333333 0.5691631640625 0.07396736875 0.5688585125000001 0.07344667083333332
0 0.4539557890625 0 0.42733084843749997 0.008851125 0.42476784062500006 0.01343501875 0.4248464390625 0.014963827083333332 0.4234185703125 0.01730443333333333 0.42276425624999997 0.02156479375 0.4235855046875 0.025956595833333332 0.4286382953125 0.030807602083333333 0.430037946875 0.037184039583333335 0.435240878125 0.047271929166666664 0.4358978765625 0.05078536875 0.4360648125 0.059437533333333334 0.43518444531249995 0.06470600625 0.432485903125 0.07244483333333333 0.43324535 0.07872311041666666 0.4352993140625 0.08083918333333333 0.4378053890625 0.0809390375 0.43994500781249996 0.08240466249999999 0.44532360937500004 0.0812385875 0.44723985937500005 0.09148613124999999 0.4473661546875 0.0954869875 0.4502511078125 0.10758940833333333 0.452914378125 0.11074687916666666 0.4566699625 0.11198628541666666 0.458302721875 0.11517535 0.45938798125 0.11543654375 0.4600211328125 0.11771396458333333 0.4642147171875 0.12129566458333334 0.46727534375 0.12214412291666667 0.47002426562500005 0.12465114583333332 0.477754434375 0.12830110625 0.47931565000000004 0.1277821 0.48193122343750006 0.128467525 0.482290625 0.12928100833333334 0.4866934703125 0.12843931458333332 0.48876154375 0.12619687083333334 0.48878270625000003 0.11965909166666666 0.48769476093749997 0.11162409583333334 0.48868462968750004 0.10694119583333334 0.49172846249999996 0.10437437291666667 0.49405349374999996 0.10018057916666666 0.49955570624999995 0.09524156041666668 0.5015451828125 0.09147030625 0.505674275 0.08916467916666666 0.511912084375 0.08926791041666667 0.5195230140625 0.08673775416666667 0.5241069015625001 0.09018970416666666 0.528153028125 0.09630832916666666 0.5298855484375 0.09448842291666668 0.5301875140625001 0.08723531875 0.5280929078125001 0.08046793541666666 0.5271074078125 0.07519777291666667 0.5273643640625 0.073246425 0.5261219078125 0.06992760833333334 0.5236343109375 0.055516174999999994 0.5242577234375 0.05219905208333333 0.5243097890625 0.04471803541666666 0.5236527890625 0.04120459375 0.52412874375 0.040424393749999996 0.5235953531249999 0.033138004166666665 0.52371190625 0.03154431875 0.5249993734375 0.029561377083333333 0.5248015359375 0.02185245208333333 0.5237612859375 0.0162895 0.5207695171875 0.01137530625 0.52164283125 0.00828609375 0.5259193796875 0.00344354375 0.526778871875 0 0.47122333125000004 0 0.46972434375 0.002221652083333333 0.46624250937499995 0.00244618125 0.4654928046875 0.0017624458333333334 0.465163234375 0 0.4539557890625 0
0 0.16100114375000002 0.7134559291666667 0.161922153125 0.7128387645833333 0.1654560515625 0.7051332208333334 0.165213203125 0.7027260479166666 0.165689159375 0.7019458479166667 0.164505821875 0.6889667583333333 0.16501268125 0.6872433208333334 0.16358918125 0.6796308604166666 0.162894225 0.6792399145833333 0.160275965625 0.6707806854166667 0.1578078484375 0.6675583416666666 0.1537237640625 0.6645622145833333 0.149273225 0.6629318604166666 0.147219259375 0.6608157833333334 0.1407315484375 0.6604846395833334 0.1374139625 0.6615875291666666 0.13096689374999998 0.6659076895833334 0.129874578125 0.6678257541666667 0.1301483296875 0.6692896895833333 0.12916551406250001 0.6717933270833334 0.1294940140625 0.67355005 0.1283160484375 0.6761185645833333 0.12031481562499999 0.6787784729166667 0.1182705921875 0.6822569395833333 0.1177566796875 0.6861596375 0.1181090265625 0.68915238125 0.1175783203125 0.6896397979166667 0.11927556875 0.6987161895833334 0.1199157765625 0.6988143499999999 0.12115117812500001 0.7043124229166666 0.12501894687499998 0.7139112062499999 0.12746321562500001 0.7158975291666666 0.127736965625 0.7173614645833334 0.13096184375 0.7190882854166667 0.134953221875 0.7249141229166667 0.13934195625 0.7284309479166667 0.1426833890625 0.7285640833333333 0.147757340625 0.7268773125 0.1570460390625 0.7222344625 0.159901775 0.7175532541666667 0.16100114375000002 0.7134559291666667
0 0.24780722656249998 0.4205696895833333 0.2502656046875 0.41819749375 0.2544706109375 0.4096468729166666 0.25500131718749997 0.4091594583333333 0.2564459796875 0.4102341375 0.25785973906250004 0.41225205416666666 0.25749328125000004 0.4136178291666667 0.25798603125 0.4162529125 0.2563489046875 0.42301690833333333 0.2564442953125 0.4279610020833333 0.2542526140625 0.43397639375 0.2547692109375 0.4378475 0.25423850625 0.4383349125 0.2548955046875 0.4418483541666667 0.2555357109375 0.4419465166666667 0.25627836249999997 0.44480950625000004 0.25788727499999997 0.44676254791666664 0.261875965625 0.44481458333333335 0.262187671875 0.44315601875 0.2652624078125 0.43964596041666665 0.267508840625 0.43392335833333334 0.27041932812499997 0.4295349375 0.27634274531249997 0.42352293125 0.2816666 0.42206407083333336 0.284641575 0.42356298124999997 0.2862504859375 0.42551602083333334 0.2895610171875 0.4265923916666667 0.291864884375 0.4289363770833334 0.295572771875 0.4277037375 0.2973670953125 0.42399736041666664 0.29959941875 0.422633275 0.3017531453125 0.41974038124999996 0.30738870625 0.41662296041666663 0.310377790625 0.41376335 0.3151373515625 0.4059613375 0.3152371109375 0.40095236874999995 0.31577487031249996 0.39828569375 0.3165007296875 0.3977334041666667 0.31620750000000003 0.38508038333333333 0.31833737968750003 0.3809514666666667 0.3180945296875 0.3785442979166667 0.31880359375 0.37457672291666666 0.3164493453125 0.36198688749999997 0.31643255312499996 0.35857160416666667 0.31125346875000004 0.3497197375 0.3075835375 0.34782988333333337 0.3044372578125 0.3476318708333333 0.29122872499999997 0.35015695416666665 0.28953416249999997 0.34885436458333335 0.28721350156250003 0.34309509374999997 0.2865185453125 0.3427041479166667 0.28336689375 0.32695853333333336 0.285370478125 0.3188287583333333 0.2899278328125 0.31327088125 0.2908320484375 0.30923843125 0.29084615625 0.30487991249999996 0.28793030000000003 0.2937207291666667 0.28723534375000004 0.29332978125 0.285274084375 0.28838399583333335 0.281806359375 0.28425000624999996 0.2790715453125 0.2773844645833333 0.2765725265625 0.2751053520833333 0.2763535265625 0.27393420625 0.27396400625 0.27224066875 0.2697015640625 0.27272470000000004 0.26711689375000003 0.27109603958333334 0.25959867187499996 0.2707964854166667 0.255110175 0.27228863125 0.2483823 0.27732411875 0.24659771562500002 0.2866250395833333 0.24695006406250003 0.2896177833333333 0.2452413921875 0.2926737125 0.239417734375 0.29367675000000004 0.23577165 0.2930229166666667 0.2354122484375 0.29220943125 0.2292291890625 0.2923989854166667 0.22678491875 0.2904126625 0.222108325 0.2897904229166667 0.2177840796875 0.292160925 0.21644186250000003 0.2938510791666667 0.2166061125 0.29472943958333336 0.21517824531250002 0.29707004375 0.21539019062500003 0.30042045 0.2162184953125 0.30263299374999997 0.21863186250000002 0.30556255416666667 0.21934361249999998 0.3093687854166667 0.22034321875 0.31028042916666665 0.22299237968750002 0.31779641875000003 0.23009913593750003 0.3247635020833333 0.23265996093750002 0.3251561416666667 0.2375794015625 0.32818555416666667 0.23821255312499998 0.33046297083333337 0.23639438125 0.33293332708333334 0.2313442765625 0.3358561208333333 0.21246928281250002 0.3424418625 0.20780242968749998 0.34741416458333335 0.20623415937499998 0.3501124291666667 0.2055657359375 0.3587313104166666 0.20161063281249997 0.3675098416666666 0.2010419703125 0.37111975208333337 0.20139431874999997 0.3741124979166666 0.2008636109375 0.3745999125 0.20154445937499998 0.37934937916666667 0.20101375312499997 0.3798367916666667 0.200718840625 0.3849106375 0.2014544390625 0.38995288958333335 0.20097848125 0.39073308958333336 0.20245673125 0.39863833541666666 0.20309693750000002 0.3987364958333333 0.2040038390625 0.40247785 0.20583175156250003 0.40560203749999996 0.2067077515625 0.4102866270833333 0.2060295890625 0.41331096458333333 0.20696033906250003 0.4182883416666667 0.21040421718750002 0.42118630833333337 0.214300203125 0.4220680541666667 0.21654931875 0.4241192520833333 0.220250153125 0.4250658729166667 0.23016494999999998 0.42487970208333337 0.240001146875 0.42316472083333334 0.24780722656249998 0.4205696895833333
0 0.24690930625 0.8270182833333333 0.24778261875 0.8239290708333333 0.24750618281249998 0.8146913333333334 0.24597318437500001 0.8064933 0.24409052187500002 0.8030763270833333 0.234180096875 0.7933094333333333 0.2271925796875 0.7925224666666666 0.222758834375 0.7943073958333334 0.22076935781249998 0.7980786520833333 0.22086475 0.80302274375 0.21939892656249999 0.80848584375 0.20991507656250002 0.81319356875 0.20521026562500003 0.8212883666666666 0.2037373875 0.8289307291666667 0.204418234375 0.83368019375 0.2038875296875 0.8341676083333333 0.20467082187500002 0.8416819083333333 0.20596802812499998 0.8452935104166667 0.20746743906249998 0.846660975 0.2098331109375 0.8471184875 0.21490706406250001 0.8454317166666667 0.217015778125 0.8478405812500001 0.2178679296875 0.8512891479166667 0.22693326093750002 0.8554282145833334 0.22982963750000002 0.8553983125 0.2365504578125 0.8525420854166667 0.24021065 0.8488373979166667 0.24256658125000002 0.84370036875 0.2432138421875 0.8416192687499999 0.2434681125 0.8318941166666666 0.24512203437500002 0.8285454020833334 0.24690930625 0.8270182833333333
0 0.9495848671875 0.2870996875 0.9493517593749999 0.29028706041666663 0.9506419109375001 0.29607792083333334 0.9512821171875 0.29617608125 0.9521342687500001 0.29962464791666665 0.95366726875 0.30782268125 0.9533246609375 0.31042447916666666 0.9523179984375 0.3116920958333333 0.9530297484375 0.315498325 0.9556930171875001 0.3186557958333333 0.9595033515625 0.32018798958333333 0.9603625578124999 0.3214572958333333 0.9637587390625001 0.32188321666666664 0.9692636359375 0.32471800208333335 0.9716461031250001 0.32859079999999996 0.9751994796875 0.33207434166666666 0.9825843546874999 0.3305522958333333 0.9836817812499999 0.33087855416666667 0.9757171796874999 0.2882861958333333 0.9735603484375 0.28783700208333335 0.97150638125 0.2857209291666667 0.9693906125 0.28549132499999996 0.9666964390624999 0.28327709166666665 0.96288610625 0.2817448979166667 0.9620269015625 0.2804755916666667 0.958021415625 0.27900827291666663 0.9538684734375 0.2800778770833333 0.951019790625 0.282579825 0.9495848671875 0.2870996875
0 0.25551025781250003 0.09706948541666667 0.2558626046875 0.10006223125 0.2553319 0.10054964583333333 0.25593414999999997 0.10377030000000001 0.2549990296875 0.1087459875 0.253290359375 0.11180191666666667 0.2528409359375 0.12159194375 0.2530219796875 0.1258855875 0.253733728125 0.12969181666666665 0.2551713375 0.13294575625 0.255961684375 0.13828079583333333 0.2609906265625 0.14189577916666665 0.2717169328125 0.14050687083333332 0.27460625625 0.14265622916666668 0.2763794171875 0.14548762916666666 0.27719361249999996 0.15205869375 0.2801853828125 0.15697288541666668 0.28363194687500004 0.16764465625 0.2842721515625 0.16774281666666668 0.286623715625 0.17255884791666667 0.2979240546875 0.18310763541666666 0.2989545640625 0.18307604166666666 0.30259359375 0.18590913541666668 0.30630148125 0.18467649375 0.31145839999999997 0.17456547083333335 0.3148377875 0.17157610833333334 0.3188503265625 0.17086416666666665 0.3230862359375 0.16137030833333332 0.324959159375 0.15919273958333333 0.3248328640625 0.15519188333333334 0.32287865937500004 0.1480668375 0.3209103453125 0.14530031458333334 0.318315934375 0.13807711041666665 0.315671140625 0.12060805625 0.3163086625 0.11293241458333333 0.311988784375 0.10534985625 0.3100752203125 0.10287611666666667 0.304491725 0.09851252291666666 0.302054509375 0.09434693958333333 0.30150700937499997 0.09141906875 0.3008120546875 0.09102812291666668 0.2990600546875 0.08165894374999999 0.2995360109375 0.08087874375 0.2993002171875 0.0762923125 0.29701751249999997 0.06741054791666666 0.293135634375 0.06217028333333333 0.28671678125 0.057773406250000006 0.2830397953125 0.058062808333333334 0.2809473359375 0.05751446875 0.2676379703125 0.061939 0.2672633859375 0.0623745125 0.266882821875 0.06809880625 0.2645984328125 0.07694390625 0.2637560203125 0.07908988333333333 0.2613523921875 0.08175486666666668 0.26104068593749996 0.08341342708333334 0.25838715625 0.08585050000000001 0.256531028125 0.09144335 0.25666437656249996 0.09326494791666667 0.25551025781250003 0.09706948541666667