0 0.224012796875 0 0.2250783546875 0.00374995 0.22613117031250002 0.009506658333333333 0.22582936875 0.0120473375 0.2289621453125 0.018568841666666665 0.22908387812500003 0.021198958333333334 0.23138416562500003 0.025591350000000002 0.23129413125 0.028176747916666668 0.2337307359375 0.03324903125 0.2391698234375 0.03862982291666666 0.2492969875 0.041094018749999996 0.26349150468750004 0.03855723125 0.267863190625 0.04013154583333333 0.27568150937499997 0.03462047916666667 0.282745321875 0.03546110625 0.28816729375 0.03367615 0.2913035640625 0.025548577083333336 0.2929488953125 0.013525079166666667 0.292357340625 0.0075402291666666664 0.2928246296875 0.0017789833333333334 0.29222704843749997 0.0013272354166666666 0.2923555765625 0 0.224012796875 0
0 0.8232241531250001 0.31367697291666663 0.8226180140625001 0.30964235 0.82310844375 0.30551375000000003 0.8133937265625001 0.29044014375 0.8132342671874999 0.28812760833333334 0.8108585296875 0.2843703875 0.8108353890625001 0.28273774375 0.8078243453124999 0.2788463583333333 0.806469725 0.27563032708333335 0.802681034375 0.2764579916666667 0.7971775859375 0.28441121874999997 0.7971947015625 0.29157696666666666 0.80020574375 0.29546835 0.8014094625 0.2999547208333333 0.8001585 0.31596811874999997 0.800741496875 0.31837009374999997 0.798779778125 0.3348844979166667 0.8011032078125 0.3409095333333333 0.8007636796875 0.34376779583333333 0.8015438609375 0.34816472291666667 0.80439544375 0.34974357291666663 0.8131534046875 0.35094196875 0.8163530734375 0.35324543125 0.8205507171875001 0.35445743541666663 0.8248615390625 0.3547166916666667 0.8280149234374999 0.3537548625 0.8334746234375 0.35165232291666665 0.8364685484375001 0.34837795833333335 0.8391983968750001 0.34732668958333335 0.84017323125 0.34460258958333334 0.8419196890625 0.34269254791666665 0.8421520656249999 0.3352539333333333 0.837954421875 0.33404192916666664 0.8354655078125001 0.33123746249999997 0.8315988328125 0.32358431875 0.8317120093750001 0.3226315645833333 0.8232241531250001 0.31367697291666663
0 0.5452157640624999 0.46657583541666664 0.5432952640625001 0.468123575 0.540773690625 0.48386864375 0.5384150703125 0.48727716875000004 0.536996090625 0.4973951583333333 0.5369523390625 0.5032458458333333 0.5377239625 0.5040599 0.53804288125 0.5086849708333333 0.5396701359375 0.5132607833333334 0.543882365625 0.5125225583333334 0.55267551875 0.50428739375 0.558608528125 0.4908905083333333 0.559966640625 0.47945746041666665 0.5562971515624999 0.47379926666666666 0.5535818859375 0.47290030624999996 0.5502836249999999 0.46959937083333336 0.546759009375 0.4682039416666666 0.5452157640624999 0.46657583541666664
0 0.9119135921874999 0.42779292708333333 0.9090388671875 0.4245814354166667 0.9037215140624999 0.4218307604166667 0.8959238031250001 0.41985849374999995 0.8941687890625 0.4181856666666667 0.888564215625 0.41602544375 0.8834063203125 0.41558730416666667 0.8791795078125 0.41827575625 0.87756936875 0.4208656916666667 0.8772675671875 0.4234063708333334 0.87518158125 0.428174675 0.8733596734375 0.4307198916666667 0.8710096109375 0.43771128958333333 0.8697244156249999 0.43939319375 0.8682420359374999 0.4390801458333333 0.86707604375 0.43427618958333336 0.8623708515624999 0.43002703750000004 0.8483015625 0.42054486458333334 0.839581328125 0.4190288833333333 0.8365265359375 0.4209881875 0.83185304375 0.4219545520833333 0.8299179609375 0.42545252083333335 0.8272867046875 0.4275012645833333 0.8243767875 0.4337233333333333 0.82203275 0.43518162916666664 0.8208461484375 0.43786100625 0.8124388078125 0.4465031979166667 0.8113653812500001 0.44822982083333335 0.8090384593750001 0.45685386666666666 0.8081330515625 0.46447589791666666 0.80908125 0.4747682354166667 0.8112160515625 0.48238119166666665 0.8159675249999999 0.48989563541666664 0.816724565625 0.4926599166666667 0.8151290093749999 0.49329962499999996 0.8137683656249999 0.4956166979166667 0.8080968984375 0.49767451458333334 0.805889178125 0.4998127041666667 0.8012765546875 0.5020941270833333 0.797072884375 0.5064152229166666 0.7965970390625 0.50859359375 0.7934899359375 0.5128207125 0.788468359375 0.5130624645833334 0.779977009375 0.51875695 0.7775283546875 0.524750875 0.772515334375 0.5285755041666667 0.765262896875 0.5293227979166667 0.7620340609375 0.5309197958333333 0.759289628125 0.53392129375 0.7615521890625 0.53863126875 0.7615984734375 0.5418965604166667 0.7651547859375001 0.5485075062500001 0.769050628125 0.5522601895833333 0.77606213125 0.55536863125 0.78404846875 0.5557529729166667 0.7913849140625 0.5579533833333333 0.7935634671875 0.5597156541666667 0.7961741140624999 0.5651502416666666 0.7951384140625 0.5665592791666667 0.7948743359375 0.5687823729166667 0.7917440906250001 0.57137684375 0.7867079312499999 0.5735688250000001 0.7704626218749999 0.5714403604166667 0.7673092359375 0.5724021874999999 0.7630738671875 0.5715077666666667 0.756244965625 0.5723445041666667 0.7540372453125 0.5744826916666667 0.750672090625 0.5753997979166667 0.743195834375 0.5871685791666666 0.7408140703125 0.5889444604166666 0.7390907546875 0.59248715 0.737973578125 0.6000644604166666 0.7361139453125001 0.6029272583333333 0.73397565 0.6099633791666667 0.7330154 0.61073725 0.732350928125 0.61450354375 0.7300300328125 0.6175944854166667 0.729501878125 0.6220406708333334 0.737421321875 0.6266430562499999 0.753016740625 0.6305875895833334 0.755566521875 0.6347071145833334 0.7564452953125 0.6401015187500001 0.758510671875 0.64281654375 0.7691831062500001 0.6480003041666667 0.7731543984375 0.6511178187500001 0.7753037843749999 0.6567805479166666 0.7757736046875 0.6601352791666667 0.7789209640625 0.6647065541666667 0.7921869296875 0.6681591541666666 0.8025027203124999 0.6690354291666666 0.806882965625 0.6741926145833333 0.8087219890625 0.67881315 0.8120579781249999 0.6817965020833333 0.8155825906249999 0.6831919270833333 0.8256026046875 0.6810757770833333 0.8285210796875001 0.6784365854166666 0.8321648953125 0.67334615625 0.8358927203125001 0.6712034312499999 0.8360436218749999 0.66993309375 0.838425384375 0.6681572104166666 0.8413730265625 0.6616175604166668 0.84229555 0.661161275 0.8433835609375 0.6574844229166668 0.8455158296875 0.6559814041666667 0.8497512 0.6568758270833333 0.854282346875 0.6607626750000001 0.8622224015625 0.6578817291666667 0.8634235859375 0.6532521208333333 0.8648194234375 0.6415014895833333 0.8671926296875 0.63614273125 0.8722433734375 0.6320005208333334 0.8780888828125001 0.6303050104166666 0.8803720531250001 0.6275316520833333 0.8821039265625 0.6275718354166667 0.8843493703125 0.6251160645833332 0.88707921875 0.62406479375 0.891358340625 0.6191085291666667 0.8927712953125001 0.6145236437499999 0.8994699046875001 0.6074739104166667 0.9004884890625 0.5988991250000001 0.8992993546875001 0.5924625270833332 0.899540290625 0.5886067895833332 0.8989427093750001 0.5881550416666667 0.899938153125 0.5779476104166666 0.90048945 0.5751340708333333 0.904957196875 0.56858988125 0.9043596171875 0.5681381333333333 0.904411925 0.5658703187499999 0.9027846703125 0.5612945083333333 0.9029355718750001 0.5600241687499999 0.9004235171875001 0.5555870583333333 0.9008067953125 0.5468781083333333 0.903188559375 0.545102225 0.9044506109375 0.5417876791666667 0.9051236421875 0.5416042583333333 0.9056749390625001 0.5387907166666667 0.9086542812499999 0.5374665833333334 0.911300121875 0.5334676083333334 0.915214040625 0.5206209854166667 0.9174217609375 0.5184827979166667 0.9209438406249999 0.5107622479166667 0.9239754921875001 0.5071703 0.9256756656249999 0.5019949666666667 0.926348696875 0.5018115458333333 0.92693771875 0.49868042083333336 0.9293340656250001 0.49495431041666665 0.9302394734374999 0.4873322770833333 0.9296418937500001 0.48688052916666663 0.9299436968749999 0.48433985416666664 0.9259175624999999 0.474374175 0.9289733171875 0.44864981458333336 0.9256896375 0.44339865208333334 0.9225276921875001 0.44077760416666667 0.9174049921874999 0.43090590624999997 0.9154382078125 0.42918835625 0.9119135921874999 0.42779292708333333
0 0.5133970359375 0.13137492916666668 0.5092456750000001 0.1334282125 0.5068201625000001 0.14105478124999998 0.5055520828125 0.14990242916666666 0.5056034328125001 0.17139967083333335 0.5073815890625 0.17470514583333333 0.5090002859375 0.17569808333333334 0.515353340625 0.17703971666666665 0.5161858328125 0.17916882916666665 0.5154544671875 0.18715316875000002 0.516089771875 0.18728733125 0.5165278921875001 0.18542654374999998 0.518980040625 0.16478354166666667 0.519653071875 0.16460011875 0.520729990625 0.1482244166666667 0.51957858125 0.14147023333333333 0.5201213203124999 0.13507381875 0.5189090421875 0.127004575 0.5150449015625 0.12846741041666668 0.5133970359375 0.13137492916666668
0 0.4675710296875 0.11876746458333334 0.46793718437500004 0.12101513333333333 0.46788138906250004 0.11980966041666667 0.4694203578125 0.11964633125 0.46950611249999996 0.11526949583333333 0.4670257578125 0.11604790208333333 0.46679940625 0.11795341041666667 0.4675710296875 0.11876746458333334
0 0.4691751421875 0.12171063125 0.46795610937500004 0.12113130416666666 0.46844980156249993 0.12416186666666666 0.4691751421875 0.12171063125
0 0.467182684375 0.10924446041666667 0.4665851046875 0.10879271250000001 0.46603380781250003 0.11160625416666667 0.467182684375 0.10924446041666667
0 0.55346756875 0.14309250833333334 0.5505173937500001 0.14051618333333332 0.54761096875 0.13208917083333332 0.5465958765625001 0.12601487916666668 0.5441824140625 0.12257524166666665 0.529442628125 0.12239246875 0.528232884375 0.12343920208333332 0.525026228125 0.15043389999999998 0.5255860828125 0.15120323125 0.5239493093750001 0.1668096020833333 0.52478433125 0.17805469166666665 0.5242184515625 0.18281846041666666 0.52477830625 0.18358779375 0.524676221875 0.19723939791666664 0.5252360765625 0.19800873125 0.5247687890625 0.20376997708333333 0.5260710984375 0.20925382083333333 0.5273648515625 0.21115479166666665 0.532734515625 0.21163765208333332 0.5401524390625 0.20766978958333335 0.5419366218749999 0.20544215833333332 0.5448782390625 0.20443561041666666 0.550042159375 0.19934064375 0.5502307859375 0.19775272083333334 0.556120046875 0.19020652083333334 0.5565958921874999 0.18802814791666667 0.5572689234375 0.18784472708333333 0.5593171828125 0.18339400625 0.56019945 0.17413932916666666 0.5595933109375 0.17010470625000002 0.5611923609375 0.15481592083333334 0.5605947796875 0.15436417291666665 0.56082113125 0.15245866666666666 0.5588689312499999 0.14879088541666666 0.5558433046875 0.14684973125 0.55346756875 0.14309250833333334
0 0.24650392031249999 0.38623986041666664 0.24680572343749999 0.3836991854166667 0.24396016562499998 0.37658723125000004 0.24356579531250003 0.37259733125 0.24279417187500002 0.3717832770833333 0.24131781718749998 0.3659371270833333 0.2411352171875 0.36199194791666667 0.23920615937499998 0.3599568125 0.23844911875000002 0.35719252916666666 0.23465186875000002 0.35443732083333335 0.234205190625 0.3527152333333333 0.23600998125 0.3430042729166667 0.23668301249999998 0.34282085 0.23683391406249998 0.34155051249999996 0.23454821093749997 0.33520789375 0.2259386203125 0.32362318125 0.22191501875 0.32277348125 0.2145871296875 0.32415594375 0.20892422187499998 0.32979663750000004 0.20482770156250002 0.33869808333333334 0.20244593906250002 0.34047396458333334 0.2015842828125 0.34224530833333333 0.20388456718749998 0.3466377 0.20491424375 0.3507617625 0.20348670468750002 0.3572968770833333 0.20198974375 0.35893405833333336 0.19529462656250002 0.35133471041666664 0.191346475 0.34984984166666666 0.18822225625 0.34691121041666667 0.18535006406250001 0.35281569375 0.1837484828125 0.3589885 0.1843083375 0.35975783333333333 0.1830865421875 0.3718707729166667 0.183738965625 0.3791706833333333 0.18576661562500002 0.38220329375 0.190274621875 0.3844574958333334 0.1923399984375 0.3871725208333333 0.1890759671875 0.39820307916666664 0.188170559375 0.4058251104166667 0.1896846390625 0.4113536791666667 0.19031994531250002 0.41148784166666663 0.19138734531249998 0.41529432083333334 0.19306690937499998 0.41760231875000003 0.192976875 0.42018771875 0.1935367296875 0.42095705 0.1927299140625 0.42957655833333336 0.1916187625 0.43162076666666666 0.1909019796875 0.437654875 0.1925669625 0.44191310208333334 0.19885312500000002 0.44747277708333333 0.20438224843750002 0.4502681729166667 0.2076427859375 0.4538866916666667 0.2107815875 0.45487509375 0.2143962359375 0.45368512499999997 0.21862304687499998 0.4509966729166666 0.2201954609375 0.44872432083333336 0.2228875859375 0.4479906375 0.2269172125 0.44330723541666667 0.2302043828125 0.4339093229166667 0.2310574828125 0.4285551020833333 0.23173051406249998 0.4283716833333333 0.232244084375 0.425875725 0.233627871875 0.42519129791666666 0.234170609375 0.41879488333333337 0.229993575 0.4100995458333333 0.2318008984375 0.4095045583333333 0.244045746875 0.41241596875000003 0.24712368125 0.4120893083333333 0.24808393125 0.41131544166666667 0.24827255781250002 0.40972751874999996 0.24778815625 0.4083230145833333 0.248142265625 0.403514525 0.24754468749999997 0.4030627770833333 0.24789879843749998 0.39825428333333335 0.24686056562499997 0.39054734583333334 0.2471015015625 0.38669161041666666 0.24650392031249999 0.38623986041666664
0 1 0.13127484375 0.9883573921875 0.12782577708333334 0.9790310203124999 0.122275175 0.973063775 0.12134056875 0.96904270625 0.12960684375 0.9684914093750001 0.13242038541666667 0.96327518125 0.1397831645833333 0.9607485406249999 0.13729628124999999 0.9531394578124999 0.13373609375 0.9530408671874999 0.13273861666666667 0.943511284375 0.13072616666666667 0.9431863390625 0.1316342 0.9408568859375 0.13114226875 0.9368187000000001 0.13224279583333334 0.9334158203125 0.1334774875 0.92608190625 0.14039305416666667 0.9234119625 0.16652443958333332 0.922036734375 0.17079174166666666 0.9189296328125 0.17501885833333333 0.916594153125 0.18006002708333335 0.9149925718749999 0.1862328375 0.9146701609375001 0.19625684791666667 0.9155635171875 0.19970101875 0.9145157656249999 0.21217626458333333 0.9155222984375 0.21466768541666664 0.91576576875 0.21992792291666668 0.9167345750000001 0.22273692708333334 0.9181037796875 0.22400273125 0.9190580046875001 0.2287619625 0.9244302 0.23836079791666667 0.92929485 0.24492248541666667 0.9350126 0.24612995625 0.9401387953125001 0.241352575 0.941537165625 0.23871792083333335 0.9446296859375 0.23644103125000002 0.947185490625 0.23502745625000002 0.9516326296875001 0.2359666 0.9539852249999999 0.23809117708333333 0.9549540328124999 0.24090018124999998 0.9599172749999999 0.24845934375 0.9597517906249999 0.2516799125 0.9609409250000001 0.25811651041666667 0.9637401999999999 0.26196317291666665 0.9682627890625 0.26226715 0.974885946875 0.25585258541666667 0.9773663031250001 0.2550741791666667 0.9837399671875 0.24893248124999998 0.9879290546874999 0.24656161666666668 0.9904994437499999 0.24319781041666666 0.9927131875 0.23552652083333334 0.9964410140625001 0.23338379583333332 0.9985124140625 0.23056571874999998 1 0.230391025 1 0.13127484375
0 0.9315156796874999 0.7799470229166666 0.9300856078124999 0.7773661604166667 0.92864698125 0.771202425 0.9264598703125 0.7658572791666667 0.9269271578125 0.7600960333333333 0.9255639796875 0.75329713125 0.92195535625 0.7489539958333334 0.9211228671875 0.7468248833333334 0.9183844593750001 0.7442932791666668 0.9157506703125 0.73722605 0.9087829187500001 0.7282669208333333 0.9073905734375 0.725368475 0.90740515625 0.7234182458333334 0.9050817296875 0.7173932104166667 0.9054967078124999 0.7138997770833334 0.9049051531250001 0.7079149270833334 0.9036114 0.7060139562500001 0.9008961359375001 0.7051149958333334 0.893681421875 0.7055447083333333 0.89050489375 0.7048738916666667 0.888114571875 0.7030668999999999 0.8886487546874999 0.6930876104166667 0.8904389625 0.6853268791666667 0.8911119921875 0.68514345625 0.8936481484375 0.6674481583333333 0.8963462968749999 0.66118136875 0.9028562812500001 0.6557195604166667 0.9061751515625 0.6515371666666667 0.9081479609375 0.6477216125 0.90873698125 0.6445904875 0.9094100125000001 0.6444070666666666 0.9102631125 0.6390528479166666 0.9105417734374999 0.6348795270833333 0.9088767921875001 0.6306212979166667 0.9059120343749999 0.6299952041666667 0.9015489046875 0.6320037625 0.9000665250000001 0.6316907145833334 0.8978648296875 0.6282958 0.8937572203125 0.62449839375 0.8883352468749999 0.62628335 0.8879725781250001 0.6275089666666667 0.883571721875 0.6298351125 0.8827477890625 0.631288875 0.8714280000000001 0.6370371541666666 0.8701050796875001 0.6390366416666667 0.8680482609375 0.6399044916666666 0.866937109375 0.6419487 0.8660317 0.6495707333333333 0.86662928125 0.6500224791666667 0.8664260703125001 0.6535606333333334 0.8670236515624999 0.6540123791666667 0.8678646999999999 0.65972436875 0.8673742703125 0.66385296875 0.8658018562500001 0.66612531875 0.8652128343750001 0.6692564458333333 0.8632691921875001 0.6691715395833333 0.8650096234375001 0.6727945979166667 0.8658275312500001 0.6768739395833333 0.8650352984375 0.6835432166666667 0.8632742578125001 0.6874034916666666 0.8613683406250001 0.6870010020833334 0.8612697484374999 0.6860035270833333 0.8588039765625 0.6848317041666667 0.8555434406250001 0.6812131833333334 0.8520188265625 0.6798177541666667 0.8496370625 0.6815936375 0.8491089078125 0.6860398208333333 0.8458277640625 0.6899046333333333 0.8388102359375 0.69232929375 0.8360280781249999 0.6956483770833334 0.8348268921875001 0.7002779854166667 0.8350935015625 0.70717086875 0.8345276203124999 0.7119346395833334 0.833091525 0.7148868791666667 0.8276403859375 0.72057229375 0.82651465 0.72456673125 0.8273179734375 0.7305963041666667 0.8302389828125 0.7370730875 0.8305579015625 0.7416981562499999 0.8279875125 0.7450619604166667 0.8232762953125 0.7463459104166666 0.8221274187500001 0.7487077041666667 0.821259734375 0.75601215 0.82184273125 0.7584141270833332 0.8212939671875 0.7703436458333334 0.8235650859374999 0.77863649375 0.830010709375 0.78650870625 0.8337496249999999 0.7970648312499999 0.840088096875 0.8003566937500001 0.8411323562499999 0.8025305291666667 0.8399482859375 0.8143258833333333 0.84036833125 0.8290644041666667 0.8441509953124999 0.8337698416666667 0.8476756109375 0.8351652708333333 0.8495669421875001 0.8375179895833333 0.849154496875 0.8501274 0.8501233046875001 0.8529364020833333 0.85264994375 0.8554232854166667 0.8608566078125 0.8594352229166666 0.8648973249999999 0.8674506729166667 0.8668263843749999 0.8694858062499999 0.874647234375 0.8730907166666667 0.880788521875 0.8743876291666666 0.8857346484375 0.87478104375 0.8882150031249999 0.8740026395833334 0.8898628671875001 0.87109511875 0.8901852781249999 0.8610711104166667 0.8918331437499999 0.8581635895833333 0.8931792046875 0.8577967479166666 0.8944815171875 0.8632805916666667 0.8943477312500001 0.8717166770833333 0.895679209375 0.8733000645833333 0.8960504374999999 0.8756573208333334 0.8973819171875 0.87724070625 0.9041061984375001 0.8809395958333333 0.9087651062500001 0.8819234604166667 0.920577859375 0.8811625541666667 0.9352507546875 0.8855633708333334 0.9381546453125 0.8848744083333333 0.9389322953124999 0.8801553583333334 0.93874969375 0.8762101791666667 0.9375545328125 0.87530668125 0.9349499109374999 0.86433899375 0.9386168687499999 0.8608812083333334 0.9421560671875 0.8603264083333334 0.9435167124999999 0.8580093354166666 0.9462842859375 0.85664048125 0.9485820390624999 0.85191689375 0.9503893625 0.8513219104166667 0.9509029359375001 0.8488259541666667 0.9526116671875 0.84723349375 0.9530120625 0.8456902916666666 0.9568093125000001 0.8484455000000001 0.958459709375 0.8546539562500001 0.96004068125 0.85596448125 0.96375065625 0.8576269395833334 0.973229959375 0.7778269833333333 0.970516278125 0.7787421479166666 0.959779484375 0.7868924041666666 0.9574963140625 0.7896657625 0.9520974828125001 0.7930833604166666 0.947734353125 0.7950919229166666 0.94384706875 0.7949221125 0.9397334328125 0.7966578083333334 0.9360347750000001 0.7949000749999999 0.9323190015625 0.78597659375 0.9315156796874999 0.7799470229166666
0 0.9848567125000001 0.5392346916666667 0.987055875 0.5335136291666667 0.9877289062499999 0.5333302083333333 0.988680596875 0.5289734645833334 0.9893133703125001 0.5199916520833333 0.9887157906249999 0.5195399041666666 0.98884355 0.5166369208333333 0.9874657875 0.5117882458333333 0.9877067234375 0.5079325083333334 0.9835296890624999 0.49923716874999996 0.9819109921875 0.49824423125 0.9749980812500001 0.4961332625 0.9710962125 0.49791368125 0.963646590625 0.4966660291666667 0.96332164375 0.4975740625 0.956220109375 0.49705101874999996 0.952355965625 0.4985138520833334 0.9497770187500001 0.4982947833333334 0.9492403046875 0.49915809375000003 0.945103528125 0.4992611479166667 0.9400296406249999 0.5017707145833333 0.9352892578124999 0.5069551229166667 0.9288924515625 0.5114641770833334 0.9262088859375 0.5157807354166667 0.9238271234375001 0.5175566166666666 0.9223387187500001 0.5227766708333333 0.923664171875 0.5298931604166667 0.9225761609375001 0.5335700145833333 0.9199826296875001 0.5353011750000001 0.9185842609374999 0.53793583125 0.915665784375 0.5405750250000001 0.908421903125 0.5449051937499999 0.9072730265625 0.5472669875 0.9044300015625 0.5492710104166666 0.9037423875 0.5514046604166667 0.90228315 0.5527242583333333 0.903237375 0.5574834916666667 0.9061352406250001 0.56232763125 0.9067791046875 0.5660446666666666 0.9091171171875001 0.5701194729166666 0.9093374437499999 0.5737470666666666 0.9077821453125001 0.5831851645833334 0.9077383953125 0.5890358541666667 0.9087680703125001 0.5931599187500001 0.910583953125 0.59614780625 0.910972296875 0.6056708083333333 0.9128490453125 0.6099737583333333 0.91424995 0.6164550770833334 0.913942121875 0.62452885625 0.912267621875 0.6404528125 0.9108546671875001 0.6450376999999999 0.9045650125 0.6541271 0.9043763859375 0.655715025 0.9010720984375 0.6579471916666667 0.8994242328125001 0.6608547104166667 0.8975037328125 0.66240245 0.894669265625 0.6679893479166666 0.892632096875 0.6851389208333334 0.8914454953125001 0.6878182979166667 0.891068240625 0.69099414375 0.8893449265625 0.6945368333333334 0.8888544968750001 0.6986654354166667 0.8922890765625 0.7026462625 0.896312678125 0.7034959645833333 0.9020827375 0.70243561875 0.9066284687499999 0.7043722375 0.9076204171875 0.7088138854166667 0.9071677125000001 0.7126249020833334 0.90772756875 0.7133942354166667 0.9073357328125 0.7185203104166666 0.9078955859375 0.71928964375 0.907805553125 0.72187504375 0.9167486453125001 0.73613459375 0.917430234375 0.7395340479166667 0.9198436984375 0.7429736833333334 0.9199045640625 0.74428874375 0.9234900453125 0.7469992333333334 0.9269100421875001 0.7529302875 0.9276927562499999 0.7664431916666667 0.9320901171875 0.7787661270833334 0.9326962562500001 0.7828007479166667 0.9344744125 0.7861062208333334 0.9346947406250001 0.7897338145833334 0.9359507671875 0.7919523708333334 0.939649425 0.7937101062499999 0.9519002984375 0.7910884104166667 0.9545315546875001 0.7890396666666667 0.956475196875 0.7891245729166666 0.96363506875 0.7818466979166666 0.9734058578125 0.7763462104166667 0.99769215625 0.57189600625 0.9972686187500001 0.5718065645833333 0.994411009375 0.5757608166666667 0.9886786765625001 0.576503575 0.9866510265624999 0.5734709666666666 0.985734528125 0.5683941479166666 0.9851369468750001 0.5679424 0.9853255734375 0.5663544770833333 0.9835851421875 0.56273141875 0.98271239375 0.5518039125 0.9848567125000001 0.5392346916666667
0 0.7317928125 0.21167849166666666 0.7300403296875 0.21912163958333333 0.7282415624999999 0.2232995 0.7292712390625 0.22742356249999998 0.737553353125 0.23080033125000002 0.741205725 0.22929277499999998 0.7415538125000001 0.23001738749999998 0.7414089359375 0.22575462291666665 0.7427404156249999 0.2273380083333333 0.7454934046874999 0.22791938333333334 0.74645365625 0.22714551458333335 0.7475039390625 0.22378624583333334 0.74730675625 0.22179129583333335 0.74539228125 0.21780593125 0.7417690734375 0.21541302916666666 0.740663946875 0.21192413541666666 0.735407459375 0.21048852291666667 0.7317928125 0.21167849166666666
0 0.781346990625 0.1417320875 0.7762645484374999 0.14065878125 0.7759396015625 0.14156681458333334 0.762946271875 0.13947399791666668 0.7589835375 0.13993935625 0.754983078125 0.14072229791666666 0.7527376328125001 0.14317807083333334 0.750219553125 0.1442740625 0.7438921734374999 0.15368104791666667 0.743416325 0.15585942083333335 0.7412463328125 0.1576800229166667 0.7400597296875 0.16035940208333335 0.7357806078125 0.16531566666666667 0.7347680484375 0.16835735 0.7312374109374999 0.172495025 0.729075975 0.17789850208333335 0.7272540671875001 0.18044371458333333 0.7291016484374999 0.18864712083333332 0.733452728125 0.19770476666666664 0.7388772328125001 0.2050357875 0.7405336546875 0.20571114166666668 0.7413284203125 0.20815783958333334 0.74455123125 0.21209394583333332 0.7482121640625 0.2141692625 0.74959595 0.2134848375 0.750675403125 0.20622511041666666 0.753887121875 0.19746236458333336 0.76008674375 0.19095836041666667 0.7654941328125 0.19112363541666666 0.76967719375 0.19428587291666669 0.77166711875 0.19763606458333335 0.784645865625 0.20167911458333335 0.7871262203125 0.20090070625 0.790262490625 0.19277313333333332 0.7880522390625 0.18579534375 0.7878087703125 0.18053510416666668 0.7889807890625 0.17980595625 0.7891316890625 0.17853561666666667 0.7924882875 0.17403563541666667 0.7923056859375001 0.17009045625 0.7896950375 0.16465587083333333 0.7874213859375 0.14724704375 0.7847961546875 0.1437626875 0.7814455828125 0.14272956458333336 0.781346990625 0.1417320875
0 0.8627839937499999 0.2565953395833333 0.8575446234375 0.2623254770833333 0.8557921390625 0.26976862291666664 0.8518148218749999 0.2721842104166667 0.8509531640624999 0.27395555625 0.848435084375 0.27505154583333336 0.8474833921875 0.27940828958333336 0.8473787734375 0.28394391875 0.8484607593750001 0.28580016874999997 0.8492117734375 0.29409755416666666 0.8504909421875 0.29794875416666666 0.8558314375 0.30233207083333336 0.8621090421875 0.3043088729166667 0.8688393515625 0.30247466041666665 0.873573709375 0.30282335625 0.8738986546874999 0.301915325 0.8781108828124999 0.30117710000000003 0.880394053125 0.29840374375 0.8816158484375001 0.2862908041666667 0.8810182671875 0.28583905625 0.878904075 0.27074276666666663 0.877352271875 0.26553178541666667 0.870543978125 0.2588851916666667 0.8627839937499999 0.2565953395833333
0 0.590143696875 0.3770960291666666 0.587480740625 0.3739292583333333 0.583320821875 0.3723996645833333 0.58210251875 0.369863525 0.581481796875 0.36777913125 0.5816910328125 0.3587078770833333 0.58016236875 0.35512954166666666 0.572115165625 0.35343013958333336 0.5698928624999999 0.35751855416666667 0.568874278125 0.3660933416666667 0.569155471875 0.37103599374999996 0.5701997296875 0.3732098291666667 0.572282221875 0.38309060208333334 0.572444215625 0.3945191145833334 0.5735262 0.39637536458333333 0.5784200171875 0.39903659375 0.5806971625 0.40179633958333333 0.5822489656250001 0.4070073229166667 0.5809491875 0.4106394541666667 0.58150904375 0.41140878541666664 0.5814190078125 0.4139941833333333 0.5834174921875 0.42092725208333337 0.5827384359375001 0.42664377708333334 0.5777485578125 0.4321010458333333 0.57311279375 0.43274982916666666 0.572100234375 0.43579151041666664 0.5711571 0.44373112708333334 0.5748728734374999 0.45265461041666666 0.5758562656249999 0.4535133833333333 0.5763638109375 0.45655053124999995 0.580389946875 0.46651620833333335 0.5844744140625 0.46868096875000004 0.5913847921875 0.4616759583333333 0.593403884375 0.46112569583333335 0.5955130109375 0.45799003125 0.5959511328125 0.4561292458333333 0.5966241625 0.4559458229166667 0.5974163953125 0.4492765458333333 0.5968188171875 0.4488247979166667 0.5973615546875 0.44242838333333334 0.5968394234375001 0.4413414666666667 0.600309196875 0.43588873125000005 0.6008604937500001 0.43307518958333335 0.601533525 0.43289177083333336 0.6027955781250001 0.42957722083333333 0.605177340625 0.42780134166666667 0.60544141875 0.42557824791666665 0.60712700625 0.42235314375 0.6078437890624999 0.41631903541666665 0.607139059375 0.4112869375 0.6075540375 0.40779350625 0.6053437859375 0.4008157166666667 0.5996637609375 0.3992906625 0.590143696875 0.3770960291666666
0 0.9156148671875 0.22119826250000002 0.9155917234375 0.21956561666666669 0.91385129375 0.21594256041666665 0.9141153718749999 0.2137194666666667 0.913517790625 0.21326771875 0.9147250015624999 0.20310501041666665 0.9141103046874999 0.19548751250000002 0.9117114265625 0.19009764791666667 0.9114156484375 0.18710522291666667 0.9079664859375001 0.185074625 0.9041169265625 0.18458723125 0.901598846875 0.18568322083333333 0.8998146640625 0.18791085208333333 0.8975083515625 0.1890515625 0.8949379640625 0.19241536874999998 0.8935627343749999 0.19668266874999998 0.8915205 0.1956002875 0.8901281546875 0.19270184166666665 0.8885180140625 0.19529177708333334 0.8859390671874999 0.19507271041666666 0.8814310624999999 0.19281850416666665 0.876870746875 0.19283211666666666 0.8745644359375 0.19397282916666667 0.8735287328125001 0.19538186666666668 0.8731137546875001 0.19887529791666667 0.8715790671875 0.20083006458333333 0.8710654953124999 0.20332602083333334 0.8703924640625 0.20350944375 0.8701283875 0.20573253541666667 0.8672707781250001 0.2096867875 0.865524321875 0.21159683333333332 0.8630816921875001 0.21205765624999998 0.8579323546875001 0.2152023916666667 0.856110446875 0.21774760416666666 0.8556200171875 0.22187620625 0.8561275625 0.22491335208333335 0.8575807765624999 0.22912685833333332 0.8596084265625 0.23215946875 0.8606320765625 0.24181663333333334 0.8631758312500001 0.25146926458333335 0.8656501609375 0.2562239625 0.8725862125000001 0.25996757291666667 0.873804515625 0.2625037125 0.8767169656249999 0.26539762083333335 0.8787531734374999 0.2720131041666667 0.8789589171875001 0.27759092916666667 0.8803598203125 0.28407225 0.882871875 0.28850936041666664 0.8969617734374999 0.29050820208333333 0.9036543578125 0.28899157291666666 0.9042287953124999 0.287810675 0.90699636875 0.28644182083333336 0.9100280218749999 0.2828498729166667 0.9120848390624999 0.28198202499999997 0.9141330984374999 0.2775313020833333 0.9184122203125 0.2725750375 0.92082315 0.2668986979166667 0.9289201296874999 0.25721431041666665 0.9303185015625001 0.25457965208333333 0.9308612374999999 0.24818323958333333 0.9235831265625001 0.23818191458333335 0.9228638124999999 0.23510004583333333 0.9203371734375001 0.2326131625 0.91864905 0.22672229166666666 0.9156148671875 0.22119826250000002