0 0.657346446875 0.34311372916666666 0.6548675234375 0.3423165645833333 0.6522521765625 0.34003798749999997 0.6456806921875 0.3405123229166667 0.6413555609375 0.33490466875 0.6359689687500001 0.335185025 0.6299496609374999 0.33947870208333336 0.6257284859375 0.34588399999999997 0.6237822578125 0.3552250979166667 0.623428875 0.36009493750000005 0.6154490406249999 0.3692208166666667 0.611555275 0.37918150208333334 0.6107250765625001 0.38322715625000003 0.6108017484375 0.3949438229166667 0.6095973734375 0.40145672708333335 0.6100066359375 0.4059009645833333 0.6128740328125 0.40873977499999997 0.6165651359375001 0.4096392395833333 0.6196235203125 0.41455203125 0.6257389812499999 0.41565609583333335 0.629001340625 0.4184302458333333 0.629784778125 0.42040723124999996 0.6331081984375 0.42166764166666665 0.6370305609375 0.4207247520833333 0.6394614109375001 0.41882304375 0.642266434375 0.4144540875 0.6432057703125 0.4115935625 0.6457249640625 0.40847439583333334 0.6536242578125 0.40718118125 0.6574985453125 0.40353941666666665 0.6626668625 0.40088880416666667 0.6631228890624999 0.3993104 0.66642551875 0.39816821875 0.6684341203125 0.3960348895833333 0.6688628609375 0.39416020625 0.6679352 0.38408660208333334 0.6665320312499999 0.381910325 0.666824353125 0.37855422708333336 0.66917335 0.3757636729166667 0.6721823484375 0.36925607708333336 0.672453878125 0.3634973875 0.671574290625 0.35612265833333334 0.6688290171875 0.3502563625 0.6661863875 0.34768150208333337 0.6633670671874999 0.3475415625 0.6591718625 0.34552162708333334 0.657346446875 0.34311372916666666
0 0 0.46834837083333336 0.005787334375 0.47083470625 0.01041128125 0.47097995416666666 0.0135372203125 0.47227269374999997 0.017037335937500002 0.47109818125 0.017970178125 0.47034396458333333 0.0212507046875 0.45807768125 0.018849696875 0.4320048270833333 0.0182299671875 0.43180553541666666 0.0177596421875 0.42887504374999996 0.014612910937500001 0.42517971250000003 0.013100607812500002 0.42181830625 0.009163946874999999 0.4182522979166666 0.0062900578124999995 0.4175197958333333 0.0069708515625 0.41620534374999996 0.006643440624999999 0.41264995416666667 0.0019779125000000002 0.40769952708333335 0.00073064375 0.4006857395833333 0.00011091406250000001 0.40048644791666665 0 0.39995047916666665 0 0.46834837083333336
0 0.7142029203125 0.16598754375 0.7137741796875 0.16786223125 0.71453033125 0.1695429333333333 0.7178056796875001 0.16810447083333332 0.717921309375 0.16718329166666665 0.7185956078125 0.16797515000000002 0.7221775734375 0.1676894833333333 0.72325333125 0.16631037291666667 0.7233143921875 0.16479662916666668 0.7251527953125 0.16299191458333334 0.7247370390625 0.16065398333333333 0.7228232765625 0.15946354791666667 0.719411509375 0.15942059791666668 0.7169053015625 0.15832715 0.7138209421874999 0.16183958958333333 0.7142029203125 0.16598754375
0 0.7850639187499999 0.10175558750000001 0.7764500562500001 0.10617327708333332 0.7720041125 0.11231462083333334 0.7633019062499999 0.11794977083333333 0.761204959375 0.12130056041666666 0.7566290890625 0.12385418333333333 0.7565134578125 0.12477536041666666 0.7518492421875 0.12854644583333333 0.7513932171875 0.13012484791666667 0.7495548140625 0.13192956458333333 0.7446658312500001 0.13543669583333334 0.7379241484375 0.13623964583333334 0.7130062859375 0.13340178541666667 0.70923333125 0.13161347291666667 0.6972817484375 0.13026185833333334 0.6932021734375 0.12732074583333333 0.6909753000000001 0.12708381666666665 0.689769615625 0.12487520833333333 0.6883872390625 0.12510152083333334 0.6885990203125 0.1295780875 0.6901048296875001 0.13504580208333333 0.694818434375 0.14269510208333333 0.69813018125 0.15688963958333335 0.7030412671875 0.16450660833333333 0.70721568125 0.16412395416666667 0.7090540828125 0.16231923750000002 0.7103883843750001 0.15939405208333335 0.7121384421875 0.15880679583333332 0.71242426875 0.15755700625 0.7174496718750001 0.15553128541666666 0.7204184 0.15294002291666667 0.7223867296875001 0.15472302708333335 0.72543081875 0.15512691875 0.725764721875 0.156576 0.7270860359375 0.15786343125 0.7330858640625 0.159888675 0.7363352390625 0.16687543958333334 0.7421375875 0.16893301458333332 0.747217559375 0.16749986041666667 0.7518012328125 0.17156143958333334 0.752162421875 0.17330680625 0.7542671734375 0.17657122083333335 0.7569708640624999 0.1776323375 0.7601305796875 0.17711505 0.762166465625 0.17527800625 0.7622548109375 0.17406054583333336 0.7649169203125 0.17031648333333335 0.7665097640625 0.16584522708333335 0.7675166546875001 0.15936465 0.7707439265625 0.15522731458333333 0.77493913125 0.15724725 0.7756952828125 0.15892795208333332 0.7825058328125001 0.16322646458333334 0.7862242203124999 0.1644222125 0.7906571765625 0.16249348541666667 0.7917667109375001 0.15930434791666667 0.7916302890625 0.15782293541666667 0.792195453125 0.15742966249999998 0.7919226109374999 0.15446683749999998 0.792603403125 0.15315238541666665 0.7932698968749999 0.1473290375 0.7929424875 0.14377364791666666 0.7899659546875 0.13974970833333333 0.7866698171875 0.13878558125 0.7846469171875 0.13641001041666667 0.783012490625 0.13607608958333334 0.78243303125 0.13196046666666666 0.7838764671875 0.13022041041666668 0.786218971875 0.12953616458333334 0.7863346015625 0.1286149875 0.78943975 0.1275051375 0.7930009250000001 0.12481688333333334 0.802228025 0.12270479166666666 0.8041209968749999 0.12149263958333334 0.8056865562500001 0.11672509791666667 0.8066934484375 0.110244525 0.8048121515625001 0.09852255 0.8041924203124999 0.09832325625 0.8037220953125 0.09539276249999999 0.8013652953125 0.0915681125 0.792478590625 0.09302297916666666 0.7850639187499999 0.10175558750000001
0 0.6918343640625 0.31491142708333336 0.6895477390625 0.32490975 0.6896309046875 0.3345201104166666 0.69027791875 0.3350156833333333 0.6908028125000001 0.33853874375 0.694842115625 0.3453961895833333 0.6971508421875 0.34652196458333334 0.6985267265624999 0.3484019583333334 0.70100565 0.349199125 0.705493175 0.3478629625 0.706711846875 0.3458589541666666 0.70813449375 0.34171631041666667 0.7087399265625 0.33740670208333334 0.7093050890625 0.33701343125 0.709086815625 0.33464317083333334 0.7103860281250001 0.3248065 0.7109511890625 0.32441322499999997 0.711359140625 0.32013595 0.7132105296875 0.31411861875 0.7136184796875 0.30984134375 0.7131754390625 0.30720713125 0.7126440546875 0.3057903791666667 0.710335328125 0.3046646041666667 0.6993036015625 0.3067713854166667 0.6949797828125 0.30988524375 0.6918343640625 0.31491142708333336
0 0.4155600625 0.06630908333333334 0.41643184375000003 0.06706860833333333 0.421627446875 0.06471427708333334 0.41958893750000004 0.04910829791666667 0.418280609375 0.043608254166666666 0.41739584062499996 0.047061341666666666 0.4159796875 0.049097681250000004 0.4151494875 0.053143333333333334 0.4155600625 0.06630908333333334
0 0.34359202187500004 0.05974546666666667 0.3438180984375 0.06873093125 0.3432529375 0.06912420416666666 0.3433010125 0.07182307708333333 0.3418445875 0.07777574791666667 0.338774528125 0.08579708333333333 0.33888366406250003 0.08698221458333334 0.337440228125 0.08872226875 0.337236253125 0.09086090833333334 0.3346559953125 0.09549381666666666 0.332579840625 0.10124719583333334 0.3332073765625 0.10806169166666665 0.332738365625 0.11385271041666667 0.33432734062499997 0.12893078333333333 0.33532905 0.13327802916666667 0.3383120765625 0.13519566458333332 0.339940009375 0.13763589166666668 0.34007643125000003 0.13911730416666668 0.3424059484375 0.14264567083333332 0.34360514062499997 0.14696058750000002 0.34641796875 0.14920683333333334 0.348045903125 0.15164706458333335 0.3499323796875 0.15254122083333332 0.3555788265625 0.15943630416666668 0.36421479218749997 0.16614271458333332 0.3687568859375 0.16539911666666668 0.3752387140625 0.157420725 0.379392334375 0.15463548125 0.3807539203125 0.15200657916666668 0.38301457031249997 0.15043348333333334 0.3869226359375 0.14498169791666668 0.3890871359375 0.13801085833333332 0.39265480468749997 0.13321629791666667 0.3943295015625 0.1296338875 0.3941722890625 0.12574988541666668 0.3947374515625 0.1253566125 0.394000778125 0.11735698541666667 0.39164397812499996 0.11353233541666666 0.39061498281249996 0.10888880625 0.392310471875 0.10770898749999999 0.39537535 0.11051546875 0.4020897484375 0.10941623541666666 0.4058549 0.10458934375000001 0.40688258125 0.10051135833333333 0.40656166406249994 0.0948496625 0.4071268265625 0.09445638958333333 0.4073632671875 0.08178621458333332 0.40792843124999995 0.08139294166666668 0.40763479843750006 0.07602752708333332 0.408199959375 0.07563425416666666 0.408163559375 0.06000125416666667 0.40872872187500003 0.05960798125 0.4079985421875 0.04950204791666667 0.40827656562500003 0.041637052083333334 0.4068448015625 0.03044298125 0.40429701093750003 0.024544352083333332 0.40277040781249995 0.01667405 0.4012243265625 0.015122666666666668 0.3976761375 0.013598306249999999 0.39386940625 0.013620018749999999 0.3889323484375 0.014428277083333333 0.3861065328125 0.016394645833333336 0.38276363125 0.021453160416666665 0.3810551578125 0.026845595833333333 0.3796390046875 0.02888193125 0.3782644328125 0.03572345 0.37471755625 0.042920602083333335 0.3716331984375 0.046433039583333335 0.3689424921875 0.04115930833333334 0.3685059453125 0.03641878958333333 0.3656580296875 0.027261056250000002 0.36483950468750004 0.018372583333333335 0.332001015625 0.0237486625 0.332561540625 0.024859893749999997 0.3319561078125 0.0291695 0.3301722734375 0.03156678125 0.3314273453125 0.04519577291666667 0.3321834984375 0.04687647708333333 0.336719096875 0.04823918541666667 0.34020622500000003 0.05127728958333333 0.341997865625 0.0554952125 0.3426175953125 0.055694504166666665 0.34359202187500004 0.05974546666666667
0 0.5786416453125 0 0.579315734375 0.007320027083333333 0.57996275 0.0078156 0.5805422109375 0.011931225 0.58124379375 0.0130193625 0.58197915625 0.012297475 0.5825235281250001 0.009501612500000001 0.5821944578125 0 0.5786416453125 0
0 0.5891551328125 0 0.5893600484375 0.005374895833333334 0.5891028171875 0.01564248125 0.5885649390625 0.016332035416666665 0.5899824046875 0.023017210416666666 0.5928433078124999 0.027962329166666668 0.5959900390625 0.03165765833333333 0.6001306750000001 0.033085027083333336 0.6035632343749999 0.035530566666666666 0.6104959062499999 0.03680159375 0.6157187921875 0.03474354375 0.62044406875 0.029458716666666666 0.6310184578125 0.020208825 0.6326113015625 0.01573756875 0.6333388578125 0.008400477083333333 0.6364297078125001 0.0027817291666666663 0.6382953953125 0.0012732958333333334 0.6388015734375 0 0.5891551328125 0
0 0.94591455 0.061287074999999996 0.9454442249999999 0.058356579166666665 0.94482449375 0.058157289583333334 0.9434343125 0.05176839791666667 0.9422221343749999 0.051666095833333335 0.9405941999999999 0.049225866666666666 0.9393131562500001 0.04402210625 0.9363093390625 0.039701881249999994 0.9358663 0.03706766875 0.9352465671875001 0.036868379166666666 0.9342721421875 0.032817414583333336 0.9326987765625001 0.03096975 0.9307161484375 0.024677852083333333 0.9276512703125 0.021871368750000002 0.9249475781250001 0.02081025208333333 0.9196701234375 0.022275735416666668 0.9186216515625001 0.02395113125 0.9115330796875 0.027517614583333336 0.9106755953125001 0.031266985416666664 0.9108600906250001 0.035447270833333336 0.9122086906250001 0.03703098333333333 0.9142796640625 0.04210542291666666 0.9154723640625001 0.04852664583333333 0.9171548656249999 0.05155943958333333 0.9180344515625001 0.058934170833333334 0.919519471875 0.061999293750000004 0.922305015625 0.06394926041666667 0.9248320171875 0.06744529583333334 0.92594935625 0.07087136458333335 0.9281424515625 0.07291832083333333 0.9289531734375001 0.07519158958333333 0.931064415625 0.07634969791666667 0.9324948671875 0.07882225625 0.9348035953125 0.07994803541666666 0.9366562953124999 0.08265221666666665 0.9380932390625001 0.08301846875 0.9405656718750001 0.08592194166666665 0.9436916109375 0.08721468125000001 0.9456872265625 0.08929396458333333 0.9485065468749999 0.08943390416666668 0.9526744671875 0.09115755833333333 0.95600438125 0.09031166041666668 0.9567124578125 0.08929349166666666 0.9561602812500001 0.08547414791666667 0.9548116828125 0.0838904375 0.9527744859375 0.07700597083333333 0.9506359578125 0.07555157916666667 0.9472904328125 0.06316706875 0.94591455 0.061287074999999996
0 0.9350815515625 0.026369170833333334 0.937274646875 0.028416127083333336 0.9388688046875 0.03266638333333333 0.9391143625 0.035332924999999994 0.9422273156250001 0.04083827708333333 0.942697640625 0.04376877083333333 0.9436512734375 0.04541714583333333 0.9440605359375001 0.049861381249999996 0.946199065625 0.05131577291666667 0.9480114953125 0.057936285416666664 0.9483389062500001 0.061491674999999996 0.9503410125 0.06146465416666667 0.9519143781249999 0.06331231875 0.9534747578125 0.06937259791666667 0.9557497078124999 0.07230840208333333 0.9579298171874999 0.07856797083333333 0.9598981484375001 0.080350975 0.9630656703125 0.08644889166666667 0.9658299921875001 0.08816841666666667 0.9600396828125 0.0252907 0.95959015 0.024762795833333334 0.9563212968749999 0.02409495 0.9504098125 0.020852247916666667 0.9459495718750001 0.02248469375 0.9416387374999999 0.0213859375 0.9398133203124999 0.0189780375 0.9371096296875001 0.017916920833333336 0.9352842140625001 0.015509020833333333 0.9344813000000001 0.019850958333333335 0.9350815515625 0.026369170833333334
0 0.5526901343749999 0.5127271458333333 0.556348771875 0.52415815 0.559958021875 0.52416876875 0.56219788125 0.5201930833333334 0.5628305984375 0.5161797583333334 0.5633957625 0.5157864875 0.5644494156250001 0.5032832729166666 0.5652458375 0.50104764375 0.564918428125 0.49749225416666665 0.560996065625 0.49843514375000003 0.557373828125 0.5026371395833333 0.5548611265625001 0.50365 0.5522808718750001 0.5082829104166666 0.5526901343749999 0.5127271458333333
0 0.5565032921874999 0.46488526041666667 0.5529421171875 0.4675735145833333 0.5496265 0.4729283083333333 0.5491977593749999 0.47480299583333335 0.544554334375 0.48097666875 0.5421104984375 0.48709098958333336 0.542267709375 0.49097499375000003 0.5417843999999999 0.4922571125 0.5424314140625001 0.49275268541666667 0.5428744546875001 0.49538689999999996 0.5451766890624999 0.49861898541666666 0.5472333640625 0.49918452708333333 0.5499162640625 0.49784305624999997 0.5518975796875 0.4954134458333333 0.55765834375 0.4926658375 0.56241090625 0.48767729375 0.565999365625 0.4852853229166667 0.5681846578124999 0.48071707291666665 0.567353146875 0.47604121666666666 0.5667334140625 0.47584192291666666 0.56623580625 0.47261514791666664 0.5635788796875 0.46553138958333334 0.561413065625 0.46378071666666665 0.5565032921874999 0.46488526041666667
0 0 0.39595884166666667 0.0009891890625 0.39913966666666667 0.001650503125 0.4041441375 0.006786353125 0.41202505833333336 0.013500753125 0.41092582499999997 0.016721531249999998 0.40889479791666666 0.017885634375 0.4062982270833333 0.0199215203125 0.4044611791666667 0.02137794375 0.3985085104166667 0.021227225 0.3925182 0.018734001562499998 0.3872121375 0.0125016015625 0.3783077375 0.0120858453125 0.3759698083333333 0.005628678125 0.36680145625 0.00544418125 0.36262117083333334 0.0060976890625 0.3610104375 0.0048088390625 0.34919147083333335 0.0016815890625 0.33917722083333335 0.0000198765625 0.3385470145833333 0 0.33850454166666666 0 0.39595884166666667
0 0.7330289390625 0.32470855625 0.733737015625 0.3236903875 0.7334031140625 0.32224130624999997 0.7326469609374999 0.3205606020833333 0.7318570328125 0.32068992291666665 0.7313191531250001 0.32137948125 0.7315919953125001 0.3243423020833333 0.7330289390625 0.32470855625
0 0.748759971875 0.32574217708333336 0.744463434375 0.32915231666666667 0.742563971875 0.332470775 0.7383220046875001 0.33647348125 0.7374982984375 0.3384128270833333 0.7343320875 0.34103642083333335 0.7322494390625 0.34889610625 0.7337630546875 0.360979025 0.735329928125 0.36493299583333333 0.736426475 0.365956475 0.739668046875 0.36632803541666664 0.7457627140625 0.3650295125 0.7474854875 0.36414597291666667 0.75063090625 0.3591197916666667 0.75124283125 0.3527038791666667 0.755136596875 0.34274319166666667 0.7566073203125 0.34129942083333337 0.7575596421874999 0.33422628125000003 0.7646663828125 0.31561936458333334 0.7645572453125 0.3144342354166667 0.76374003125 0.3142672729166666 0.7603282640625 0.31422432499999997 0.7575297328125 0.316486975 0.7528590234375 0.32236436458333334 0.7496109625 0.3240991125 0.748759971875 0.32574217708333336
0 0.81074206875 0.2695802875 0.8049137500000001 0.27594794375000004 0.7971235953125 0.27842628750000004 0.7952514140625 0.28204103125 0.790083096875 0.28469164374999995 0.7865907890625 0.29248136041666667 0.7842690765625 0.2955681958333333 0.7797477734375 0.2987143854166667 0.7758526953125 0.29995355833333337 0.773360784375 0.3033690083333333 0.7721083359375001 0.3071830395833333 0.7723811781250001 0.3101458645833333 0.7699165515625 0.31385759583333334 0.7691682046875 0.3187920979166667 0.7673843703125 0.3211893791666667 0.766867284375 0.3242815229166667 0.7643143109375 0.3292107166666666 0.7652211828125 0.33688172916666664 0.76663084375 0.3369517 0.7680742796875 0.33521164375 0.7726774359374999 0.3329543020833333 0.7751017921875001 0.3331589020833333 0.77585794375 0.33483960625000003 0.774639271875 0.3368436125 0.7721265703125 0.3378564729166667 0.770567503125 0.34051770625 0.7676598359375 0.34159522708333334 0.7645481953125 0.34481138333333333 0.76394925625 0.34701468541666664 0.7605517859375001 0.35148063125 0.7592993375 0.3552946645833333 0.7588641015625 0.3592756583333333 0.7634477765625001 0.3633372395833333 0.7661111968750001 0.3683146875 0.7696879828125 0.37885684375 0.7723306125 0.38143170416666666 0.7771468593749999 0.3923724416666667 0.783440321875 0.39976310000000004 0.7886839984375 0.40010763958333334 0.7937366875 0.39837820208333335 0.7970185265625 0.39483343125000003 0.8006342703125 0.3927377416666667 0.8027585 0.38968323541666666 0.805836365625 0.3882771020833333 0.810983890625 0.38322389791666667 0.81416958125 0.37428138125000004 0.8132692031250001 0.3645040625 0.8101562484375 0.35899870625 0.8092363921875 0.35554030833333333 0.8094741437499999 0.3515916479166667 0.8109175828125 0.3498515916666667 0.8154129125 0.35513063333333333 0.8184920890624999 0.3624460125 0.8222585499999999 0.36634063125 0.8239202625000001 0.3669708354166667 0.83381516875 0.3677569083333333 0.8379622984375 0.3670779708333333 0.8420613515625 0.36370016041666664 0.8444714093749999 0.35939586250000005 0.8435840171875 0.34540592708333334 0.8424393953125 0.34168357708333336 0.8408933125000001 0.3401321958333333 0.8402047156249999 0.3348314416666666 0.8373983812500001 0.3304788875 0.8367851421875001 0.3281732875 0.8316635874999999 0.3248012645833333 0.82718255625 0.32403111875 0.8245672109375001 0.3217525416666666 0.820651340625 0.320589125 0.8181243421875 0.3170930875 0.8190974546875 0.3124225375 0.8204252640625 0.3116036604166667 0.8280776859375001 0.2989223916666666 0.829078084375 0.29454812500000005 0.8289611421874999 0.2867477895833333 0.83142576875 0.2830360583333333 0.8315141140625 0.28181860000000003 0.8338903953125 0.2793243270833334 0.8346660265624999 0.27468610833333335 0.8322546578125 0.27026889375 0.8295236812500001 0.26891149166666667 0.8176071874999999 0.2744713645833333 0.814283765625 0.2732109583333333 0.81074206875 0.2695802875
0 0.76087388125 0.27443610625 0.7575712484375 0.2755782854166667 0.755419734375 0.2783365104166667 0.7504488984375 0.28095479375000004 0.74869235 0.2836483583333333 0.7398472265625 0.2899084041666667 0.7395614 0.2911581958333333 0.7352648640624999 0.29456833541666666 0.7349790375 0.29581812500000004 0.7308254140625 0.2986033708333334 0.728047675 0.30326861041666664 0.72871548125 0.306166775 0.7360301328125 0.31158575625 0.7367317156250001 0.31267389375000004 0.7370045578125 0.31563671875000004 0.7385233546875 0.31689181875 0.7463200046875 0.3123071666666667 0.7466331171875 0.31135365833333334 0.752652425 0.30705998125 0.7542114921875 0.3043987458333334 0.763002046875 0.29754613333333335 0.77129499375 0.28746674791666665 0.7742910046875 0.2851717666666667 0.7766737781249999 0.2805711875 0.7763736531250001 0.27731208125 0.7774286187499999 0.27353037916666667 0.7771557765625 0.27056755624999995 0.779368353125 0.2662955875 0.7788642515624999 0.26517511875 0.7764126109375 0.2646742354166667 0.7650885640625 0.2701371166666667 0.7628279124999999 0.27171021041666665 0.7625420843749999 0.2729600020833333 0.76087388125 0.27443610625
0 0.9495967359374999 0.18399142708333333 0.9488821656249999 0.18711590416666668 0.94653316875 0.18990645625000002 0.9453963515625 0.19279931250000001 0.94276801875 0.1947333479166667 0.9410660359374999 0.19801947708333334 0.9371982421875 0.19955493124999998 0.93415415625 0.19915103958333333 0.9313140437499999 0.19660851041666666 0.9280724734374999 0.19623695 0.9263561953125 0.19501418125 0.9185998156249999 0.1956825 0.9181229984374999 0.1948583125 0.9125999859375 0.19365725625 0.9082683609375 0.19015591041666668 0.9055438796875 0.18669220208333334 0.9020229750000001 0.185464125 0.9004223250000001 0.18332017708333334 0.899210146875 0.18321787708333334 0.8974392984374999 0.18140254166666667 0.8938846171874999 0.18198448958333333 0.8896426500000001 0.18598719583333334 0.8744430046874999 0.18637032708333334 0.8704998515625 0.18491062708333333 0.866712596875 0.1786134166666667 0.8641791046874999 0.1772236875 0.8631981874999999 0.17527903125 0.8600995296875 0.174282575 0.8593979453125 0.17319443541666668 0.8557614125 0.17288753541666668 0.8522002375 0.17557578958333334 0.8508386515625 0.17820469166666666 0.851493471875 0.18531547083333333 0.8552950234375001 0.19612157708333333 0.855622434375 0.19967696666666665 0.857243875 0.20422350416666665 0.8577349890624999 0.2095565875 0.8534397671875 0.22168823958333334 0.8521119593750001 0.22250711666666667 0.8478634968750001 0.22861613125 0.8462433687500001 0.23279110625000002 0.8475387124999999 0.24250376458333334 0.8466539453124999 0.24595685416666668 0.8434201796874999 0.2522004958333333 0.8381570234375 0.25817487916666665 0.8370474874999999 0.2613640166666667 0.8346712078125 0.2638582875 0.8342086890625 0.267543 0.837185221875 0.2715669416666667 0.8375736937499999 0.2736085875 0.8371930265625 0.27818214583333334 0.8328627125000001 0.28340231041666664 0.829855028125 0.29863141875000004 0.8262808671874999 0.3055322875 0.8242449828125 0.3073693333333333 0.8227677671875 0.3109194125 0.8210995625 0.31239551666666665 0.8212022062500001 0.3156869541666667 0.8206643281250001 0.31637651041666665 0.8237837750000001 0.31977555625 0.8285168562499999 0.3211059354166667 0.8307099546875 0.32315289166666666 0.8351909859375001 0.32392303333333333 0.8359198546875 0.3253074541666667 0.8386508296875 0.32666485624999997 0.84094656875 0.3320032479166667 0.8423497359375001 0.3341795270833333 0.8440387312500001 0.3351060125 0.8563709812500001 0.33188406875 0.85884990625 0.3326812333333333 0.8595514906249999 0.33376937291666664 0.86405980625 0.33483579999999996 0.86437291875 0.33388229166666666 0.8670831031249999 0.33283710208333334 0.8697724953125 0.32938932083333333 0.8748511562499999 0.31923465416666663 0.8747420187499999 0.318049525 0.8772339296875 0.314634075 0.8776353875 0.31246310833333335 0.8839197328124999 0.30451704791666667 0.8850292671875 0.3013279104166667 0.8869222375 0.30011576041666665 0.8888216999999999 0.2967973020833333 0.8930233984375 0.29671092916666664 0.8954334562499999 0.29240663333333333 0.9032444046875 0.2923308770833334 0.904334459375 0.29546066041666663 0.9073993375 0.29826714375 0.9071343000000001 0.30191952499999997 0.9053777515625001 0.30461308541666665 0.9046358968750001 0.30744128125 0.9029404078125 0.3086211 0.9016061078125001 0.31154628749999996 0.8985828109374999 0.3135449833333333 0.898126784375 0.3151233875 0.89429276875 0.31484881875 0.8935236296875001 0.31738072916666665 0.8891322562499999 0.3241146375 0.889098478125 0.3259246604166667 0.8882202046875 0.32727144375 0.8889776671874999 0.33767365833333335 0.8880318375 0.3426404895833333 0.8880942125000001 0.34984825833333333 0.8890686375 0.353899225 0.8897156531249999 0.35439479791666667 0.891378675 0.36374651249999995 0.8931703140625 0.3679644375 0.895472546875 0.37119652291666666 0.8991636515625 0.3720959875 0.9018465499999999 0.3707545145833333 0.9109307375 0.36926731875 0.9130146984374999 0.37012914583333334 0.9136006515625 0.3721384604166667 0.9142203828125 0.3723377520833333 0.9145750781249999 0.3761894229166666 0.916394 0.38070362916666667 0.92021503125 0.3851908145833333 0.9221158062500001 0.39059386875 0.9244518171875 0.3920159270833333 0.9263318015625 0.39501639374999997 0.930390584375 0.3955549145833333 0.9357291 0.3925756875 0.9410338390625 0.39140648541666667 0.9433087890625 0.3943422875 0.9434724937500001 0.39611998125 0.9458565796875 0.40024091458333333 0.9529126859374999 0.40720596875 0.9570806062500001 0.4089296229166666 0.9603832375 0.4077874395833333 0.9640873265625001 0.40447428958333337 0.9731455421874999 0.41141232083333334 0.9772861765625 0.41283969374999996 0.9777902781250001 0.41396016249999995 0.981195553125 0.4161094166666667 0.9835523546875 0.41993406666666666 0.985425846875 0.42504083958333333 0.9872785468749999 0.4277450208333333 0.98787099375 0.42764802916666667 0.9960446375 0.41627313125 0.9729757953125 0.16576560833333334 0.9727749031249999 0.16576090416666667 0.9672181140625 0.16636987083333335 0.9606674203125 0.16924679999999998 0.9605517890625 0.17016797708333334 0.9553016187500001 0.17192974374999997 0.9538308984375 0.17337351666666667 0.9529461296875 0.17682660625000002 0.9511895796875001 0.17952016875 0.951155803125 0.18133019375 0.9495967359374999 0.18399142708333333
0 0.9469904390625 0.15133569791666668 0.9451247531250001 0.15284413125000001 0.942033903125 0.15846287916666668 0.9346387125 0.1608765625 0.9326301109375 0.16300989166666666 0.9289597984375 0.16451301666666665 0.92514008125 0.16874734374999997 0.919999046875 0.17169424166666666 0.9198834171874999 0.17261541666666666 0.9154777453125 0.17484042916666667 0.912359609375 0.18016289583333334 0.908655521875 0.18347604374999998 0.908758165625 0.18676748125 0.9113124484374999 0.1905598 0.9152491093749999 0.19412581041666668 0.9238227015625 0.19362445 0.9324170859375001 0.19552568125 0.9359925578125001 0.19734632291666668 0.9393497578125001 0.19679670624999998 0.9445791359375001 0.19263234999999998 0.945348275 0.19010043958333334 0.9477518390625 0.18790245 0.94880680625 0.1841207479166667 0.951727459375 0.17883061458333332 0.9530812390625 0.16958650625 0.963125553125 0.16764137291666667 0.9668569265625001 0.16462450833333334 0.9675104343750001 0.16301377291666666 0.9670738875 0.15827325625000002 0.9664541578125 0.1580739625 0.9663450203125 0.15688883333333334 0.9621355171875001 0.15036000208333336 0.95856004375 0.14853935833333332 0.9546103984375 0.14918596666666667 0.9513896203125001 0.15121699375 0.9469904390625 0.15133569791666668
0 0.9143706999999999 0.10404485416666667 0.9112317750000001 0.10696473125 0.9100884625000001 0.11196389375 0.9085293968749999 0.11462512708333333 0.9064662265625 0.11616588958333333 0.8978042890625 0.11788470833333334 0.8941547671875 0.12179042291666667 0.892364440625 0.12629401041666666 0.8903285562500001 0.12813105625 0.8874351890625001 0.133717475 0.88708180625 0.13858731458333334 0.8865439281249999 0.13927687083333332 0.8868986218750001 0.14312854375 0.887770403125 0.14388806875 0.8904273312500001 0.150971825 0.8906183203125 0.15304580208333332 0.8912653359375 0.153541375 0.893234978125 0.16404589166666667 0.8944133781250001 0.16595821666666666 0.894829134375 0.16829614583333333 0.8985202375 0.16919561249999998 0.902415315625 0.16795643958333334 0.9056360953124999 0.16592541041666667 0.9075901265624999 0.16319951666666668 0.91120586875 0.16110382708333332 0.914691684375 0.15542041874999998 0.9181645140624999 0.153949625 0.91828014375 0.15302844791666667 0.9207655609375 0.15171930416666665 0.9210786750000001 0.15076579583333333 0.92265853125 0.15050715416666666 0.9260560015625 0.14604120625 0.9304343906250001 0.14351991249999999 0.9367395265624999 0.13797644375 0.9381621734375001 0.13383379791666666 0.9398030937499999 0.1320614125 0.9396666734375 0.13058 0.9410009718750001 0.12765481458333333 0.9401421781250001 0.122682675 0.9355649953125 0.11651478750000001 0.93335110625 0.11206523958333332 0.92789565 0.10724413333333334 0.9228286640625001 0.10446467291666667 0.9143706999999999 0.10404485416666667
0 0.1027714796875 0.13736600625 0.0988828953125 0.13649887291666665 0.09860355937500001 0.13564235625 0.082872528125 0.1346087375 0.08042738125 0.13200154583333334 0.07988169687499999 0.12607589583333334 0.080446859375 0.125682625 0.0802558703125 0.12360864791666668 0.081876 0.11943367083333332 0.08325057031250001 0.11259215416666667 0.082677603125 0.10637022291666667 0.0792034609375 0.09911950416666666 0.07285543125 0.09113628125 0.06191854375 0.08991929791666667 0.0486534515625 0.09389545833333333 0.046596775 0.09332991458333333 0.045670425 0.09197782291666666 0.0405696625 0.09100838958333334 0.034699760937500004 0.09257086458333334 0.028926010937500003 0.09953108541666666 0.0288376640625 0.10074854583333333 0.026406815625000003 0.10265025208333332 0.0241942390625 0.10692221875 0.02286643125 0.10774109791666667 0.0222337140625 0.11175441875 0.0229223125 0.11705517291666667 0.026232746875 0.12252819583333333 0.0264510203125 0.12489845625 0.029181995312499997 0.12625585416666665 0.0303539046875 0.13027448958333332 0.0331121640625 0.13192817083333333 0.0344204921875 0.13742821666666666 0.0371787515625 0.13908189791666667 0.038186954687500003 0.14132283541666668 0.039516075 0.14922546875 0.039748645312500004 0.15610462708333334 0.040695787500000004 0.15985930625 0.039252350000000005 0.1615993625 0.036119915625 0.16241293125 0.0336409921875 0.16161576458333335 0.0317882921875 0.15891158333333333 0.026864218750000002 0.15550722916666665 0.022620940625 0.15078842291666666 0.02011473125 0.149694975 0.016545753125 0.14576802291666666 0.014938609375 0.14573038541666666 0.0127455125 0.14368342916666668 0.012153065624999999 0.14378042083333334 0.0105056515625 0.1476591125 0.010805778125 0.15091821875000003 0.0170173875 0.15742002916666667 0.0172356609375 0.15979028958333333 0.01934690625 0.16094839583333334 0.021220396875 0.16605516874999998 0.021377609375000002 0.16993917083333335 0.02021350625 0.17253574166666666 0.015379092187499999 0.17663543958333333 0.0135341953125 0.18054646458333332 0.015116678125 0.19773084375 0.01576369375 0.19822641666666665 0.0181555859375 0.20896255416666668 0.0186467015625 0.21429563958333334 0.018007490625 0.22041526875 0.01911184375 0.22805395208333332 0.0210191125 0.23135069791666665 0.0256027875 0.23541228125 0.036049871875 0.24001769166666667 0.0336878890625 0.2470208625 0.0342257671875 0.24633130416666665 0.036357803125 0.24989200416666665 0.043420403125 0.25475075 0.04442860625 0.2569916875 0.046315082812500005 0.25788584583333335 0.047602621875 0.2609832979166667 0.05036088125 0.26263698125 0.052928151562500005 0.26221668541666665 0.0530164953125 0.26099922708333334 0.0557877421875 0.25844029375 0.058225084375 0.25443227916666666 0.0598452125 0.2502573041666667 0.053763531249999996 0.24734321458333333 0.053824593750000004 0.24582947083333334 0.0655643953125 0.24270451666666668 0.068029021875 0.2389927875 0.0665556765625 0.22299353541666667 0.0659359453125 0.22279424375 0.06067016562500001 0.21132560208333334 0.0600504328125 0.21112631041666668 0.0591032921875 0.20737162916666665 0.059477465625 0.20490437916666665 0.060750704687500004 0.2034929375 0.064584721875 0.20376750833333332 0.071239371875 0.21290352708333332 0.0771729578125 0.22727033333333332 0.07950247499999999 0.23079870416666667 0.08260244375 0.24051667291666667 0.0857283828125 0.24180941041666668 0.09106040625 0.24093648958333333 0.09978340625 0.23770392916666666 0.1014243265625 0.23593154375 0.10151916406249999 0.232607775 0.0992572015625 0.22545935833333333 0.0979358875 0.22417192916666667 0.09581034375 0.21850492083333334 0.0937874453125 0.21612935416666668 0.09244533906249999 0.2124393333333333 0.087895440625 0.20656772708333332 0.0877317359375 0.20479003333333334 0.086355853125 0.2029100395833333 0.08591930625000001 0.19816952083333333 0.087703140625 0.19577223958333334 0.090665375 0.19528728333333334 0.10113974218749999 0.20018897708333333 0.104721709375 0.19990331458333335 0.1156507921875 0.19450509375 0.1185103828125 0.19072870208333334 0.121874075 0.18807277500000003 0.12434519531249999 0.1822547375 0.12358123750000001 0.17395882916666666 0.121224434375 0.17013417916666668 0.1208086796875 0.16779624999999998 0.1185337296875 0.16486044583333334 0.1182063203125 0.16130505625 0.119063803125 0.15755568749999999 0.1183141453125 0.153768675 0.11503099375 0.14859193333333334 0.11311723124999999 0.14740149583333334 0.10707581875000001 0.14057107291666665 0.104794378125 0.13974157708333335 0.1027714796875 0.13736600625
0 0.8887448296875 0.14793903125 0.8864425953125 0.14470694583333332 0.881940771875 0.14153421249999998 0.8811846203125 0.13985350833333332 0.8732021640625 0.13153636458333334 0.8669229984375001 0.12865460416666666 0.8617338890624999 0.12890262708333333 0.8589626453125 0.13146156041666665 0.8588470156250001 0.13238273958333333 0.8501993750000001 0.13861045624999999 0.849402953125 0.14084608541666668 0.8496017468750001 0.14953526458333333 0.8514752375000001 0.1546420375 0.8517753640624999 0.15790114375 0.849747284375 0.16635339375 0.8517636906250001 0.17083527083333333 0.8556860531250001 0.16989238125 0.8605893328124999 0.17089414583333334 0.8638516953125001 0.17366829791666666 0.8661539265625 0.17690038333333333 0.8687147046874999 0.17858639583333333 0.8702542937500001 0.18224408333333333 0.87515108125 0.18535215833333335 0.8787876156250001 0.18565905833333335 0.8900986765625 0.18440879166666668 0.891991646875 0.18319664166666666 0.8938300484375 0.18139192499999998 0.89542289375 0.17692066666666667 0.8948499249999999 0.1706987375 0.8935896718749999 0.16789756458333333 0.89140175625 0.1550227875 0.8897803156249999 0.15047625208333332 0.889160584375 0.15027696041666666 0.8887448296875 0.14793903125
0 0.6736654843750001 0 0.674953059375 0.0009862041666666667 0.675444175 0.0063192854166666665 0.6747633828125 0.0076337375 0.67501674375 0.01691548333333333 0.6768096953125 0.029854920833333333 0.681447940625 0.034509066666666664 0.6828783921875 0.036981625000000004 0.6842412890625 0.04307423541666667 0.691181765625 0.05096046666666666 0.6934164453125 0.05781260208333334 0.6981300484374999 0.06546190416666667 0.7049198078125001 0.067357825 0.705199140625 0.06821434166666666 0.707173965625 0.0678910375 0.7072895953125 0.06696986041666667 0.7138402875 0.06409293333333334 0.718987815625 0.059039729166666666 0.72049880625 0.05367962291666666 0.7219149609375 0.0516432875 0.7232284703125 0.046315512499999996 0.7280966609374999 0.04040578958333333 0.7294582468749999 0.037776887499999995 0.729777853125 0.03471707083333333 0.7321606265625 0.03011649166666667 0.7353541203125 0.02778918125 0.7369469640624999 0.023317922916666668 0.73599201875 0.0129480375 0.7348746796875 0.009521970833333334 0.7354801125 0.005212364583333334 0.7380681734375 0.007194660416666667 0.7402950484375 0.007431591666666667 0.7467379171874999 0.012091045833333335 0.7482632078125 0.011239837499999999 0.7493727421874999 0.008050700000000001 0.7504757843750001 0.006967870833333333 0.7515850703125 0 0.6736654843750001 0
0 0.0326535796875 0.16177741666666667 0.0322651078125 0.15973577083333332 0.027137060937500002 0.15847005208333334 0.0268174578125 0.16152986875 0.0279140046875 0.16255334583333333 0.0321429875 0.16276325625 0.0326535796875 0.16177741666666667
0 0 0.19108965625 0.0001885640625 0.1923552875 0.000835578125 0.1928508604166667 0.0027025765625 0.20006393958333335 0.0034730265625 0.20625353958333334 0.0082684828125 0.2147916875 0.0118777328125 0.21480230625000002 0.012394821875 0.21171016250000002 0.015479178125000001 0.20819772083333332 0.0164457984375 0.20563347916666666 0.0163977234375 0.20293460624999998 0.014469664062500002 0.1972352708333333 0.012969034374999999 0.18093973541666666 0.01608716875 0.17561727083333334 0.0198458265625 0.1728966875 0.021602375 0.17020312291666664 0.022350721875 0.1652686229166667 0.021254173437500003 0.16424514375000002 0.020027698437499998 0.15963394583333335 0.0165743484375 0.15478581875 0.012522057812500001 0.15214098750000002 0.011316373437500001 0.14993238125000002 0.0108317515625 0.14249298958333334 0.009312953124999999 0.14123788958333333 0.005300934375 0.13467672708333334 0.0023451921875 0.13305537708333331 0 0.13274421458333333 0 0.19108965625
0 0 0.12277339166666666 0.003188378125 0.12479710625 0.0047955203125 0.12483474791666667 0.0073225203125 0.12833078541666668 0.009297343750000001 0.12800748125 0.0100054203125 0.1269893125 0.0099300609375 0.12399415833333333 0.012088067187499999 0.119129625 0.0123868828125 0.11366722083333333 0.013040390625 0.11205648750000001 0.0204290890625 0.11174911250000001 0.023458878125 0.10764410625 0.0254194046875 0.10281190416666666 0.026971978125 0.10225697916666668 0.02915726875 0.09768872916666667 0.0314179203125 0.09611563541666666 0.033317384374999995 0.09279717708333333 0.0365381625 0.09076614791666666 0.041052971875 0.08972626875 0.043456537499999996 0.08752827916666667 0.0434903140625 0.08571825416666666 0.0420598625 0.08324569374999999 0.038994984375 0.0804392125 0.02968603125 0.08166245624999999 0.029406696875 0.08080594166666667 0.020526484375 0.08015449791666666 0.0157531328125 0.08274045416666667 0.014902140625 0.08438351875 0.01131368125 0.08677548958333332 0.0086788578125 0.09081583333333333 0.006561121875000001 0.09176403333333334 0 0.09859117291666666 0 0.12277339166666666
0 0.7009573078125 0.16364478333333335 0.6969452875 0.15708362083333333 0.6945533968750001 0.14634748333333333 0.693681615625 0.14558795625 0.6927617578125 0.14212955833333335 0.6902620421875 0.13892980416666667 0.68958125 0.14024425625 0.6870685484375 0.14125711458333334 0.6759900578125 0.1493865375 0.673042121875 0.15438039166666667 0.6732603953125 0.15675065208333333 0.6722599984375 0.16112491875 0.6712388093749999 0.16309659375000002 0.6680998828125 0.16601647083333332 0.6548347890625 0.16999262916666666 0.650353759375 0.16922248541666668 0.643612075 0.17002543541666665 0.6385113125 0.16905599999999998 0.6313746640625 0.1699236125 0.628732034375 0.16734875208333333 0.6261101953125 0.16717648333333335 0.6236377640625 0.16427300833333333 0.6215810890625 0.16370746666666666 0.619810240625 0.16189213333333333 0.6112769171875 0.15847715833333334 0.609083821875 0.15643020416666667 0.6022057171874999 0.15575173958333333 0.5984327625 0.15396342708333333 0.5950755640625001 0.15451304375000002 0.59188206875 0.15684035625 0.58935638125 0.16206582916666665 0.587517978125 0.16387054583333333 0.5871710890624999 0.16663407708333333 0.58465189375 0.16975324583333334 0.583645003125 0.17623382083333333 0.5806762765625 0.17882508333333333 0.5788040953125 0.1824398229166667 0.5730368375 0.1872937375 0.5719545875 0.19077915625 0.5724521953124999 0.19400593333333335 0.575128603125 0.19477076666666668 0.5834241718750001 0.20213440416666667 0.584180325 0.20381510625 0.5852236171875 0.21296753124999998 0.5929527125 0.21200292916666666 0.596276134375 0.21326333958333335 0.5981483125 0.20964859791666665 0.600014 0.20814016458333334 0.6033712 0.20759054791666667 0.6037531781250001 0.2117385020833333 0.603025621875 0.21907559375 0.5994111906249999 0.22989279583333333 0.6003245546875 0.2354575 0.6012509046875001 0.23680959166666668 0.60247869375 0.2501423 0.6047536421874999 0.25307810208333337 0.6117135984375001 0.2546454125 0.611992934375 0.25550192916666664 0.6168624375 0.25831371875 0.6178433562500001 0.260258375 0.622971403125 0.2615240916666667 0.624735759375 0.26544573541666666 0.625547790625 0.27644051458333335 0.6266716234375 0.277760275 0.6313774203125 0.27879437083333336 0.641905046875 0.27556712083333335 0.6456780015625 0.27735543125 0.647829515625 0.27459720833333334 0.649749771875 0.2736813375 0.652527509375 0.26901609791666664 0.653582475 0.26523439583333336 0.6580959734375 0.2554730041666667 0.659383509375 0.25857045833333336 0.661184265625 0.27812509999999996 0.6620768390625 0.28128721458333333 0.6636229203124999 0.28283859791666666 0.6687912375 0.28018798333333333 0.6759746484375 0.27329773124999995 0.6804348890624999 0.2716652854166667 0.682388921875 0.26893939375000003 0.684901625 0.26792653125 0.68603844375 0.26503367708333336 0.6878768453124999 0.2632289625 0.6889928734375 0.25793351666666664 0.6917225359375 0.25056940625 0.6940988171875 0.24807513333333334 0.6950511390624999 0.24100199583333334 0.6964465 0.23656306666666668 0.696398425 0.23386419583333332 0.6969635890625 0.23347092291666666 0.6969427984375 0.23106833125 0.7006533796875 0.225648875 0.706550565625 0.22438268125 0.7090424750000001 0.22096723125 0.7099545265625 0.217810425 0.7102260578124999 0.2120517375 0.7118461859375 0.2078767625 0.711655196875 0.20580278541666666 0.7126218171875001 0.20323854375 0.71298169375 0.19626239583333333 0.715793209375 0.18978713125000002 0.7158061953125 0.18557451666666666 0.7146823625 0.18425475625 0.7142666078125 0.181916825 0.7125841046875 0.17888403333333333 0.7122566953125 0.17532864374999999 0.712862128125 0.1710190375 0.7121670359375 0.16782458958333332 0.71076386875 0.16564831458333332 0.7070935578124999 0.1671514375 0.7025306734375001 0.16549244791666667 0.7009573078125 0.16364478333333335
0 0.121465990625 0.10092231666666666 0.1238838546875 0.10323322500000001 0.129658915625 0.10499451666666666 0.1342010109375 0.10425091666666667 0.135699015625 0.10310342708333334 0.1366175609375 0.0978403125 0.1371827234375 0.09744703958333334 0.13708008124999999 0.09415560416666667 0.13764524218750002 0.09376232916666667 0.1372632640625 0.089614375 0.13924457968749998 0.08718476458333332 0.14099463750000002 0.08659750833333332 0.14254071875000002 0.08814889166666666 0.1444492984375 0.10016714791666666 0.14537565 0.1015192375 0.14962542343750002 0.1041317375 0.1570751828125 0.10231061875 0.1571908109375 0.10138944166666668 0.1602959609375 0.10027959166666665 0.16281515625 0.09716042291666667 0.16392469062499998 0.0939712875 0.16427807187500001 0.08910144583333333 0.16900984375 0.0817103125 0.1688188546875 0.07963633333333334 0.16721820468749998 0.07749238958333333 0.16685701718749998 0.07574702291666666 0.16014130625 0.06812474375000001 0.15780529375000002 0.06670268541666666 0.156994575 0.06442941458333333 0.15446108125 0.06303968541666667 0.152894209375 0.05908571458333333 0.150728396875 0.05733504166666667 0.1492574984375 0.05366610625 0.101281621875 0.06152036875 0.102087996875 0.07552356666666667 0.103259903125 0.0795422 0.10693802187499998 0.08465428124999999 0.110431640625 0.085586075 0.11073826093750001 0.086738875 0.112904071875 0.08848954791666667 0.11524788749999999 0.0965268125 0.118006146875 0.09818049583333334 0.120281096875 0.10111629999999999 0.121465990625 0.10092231666666666
0 0.2116192609375 0.08074959166666668 0.21300163749999998 0.08052327916666666 0.2131172671875 0.0796021 0.2155754 0.07799667708333334 0.2185779046875 0.07359538958333332 0.2206072984375 0.07386465 0.2221533796875 0.07541603125 0.22503638593750003 0.09148525208333333 0.22599001875 0.09313362708333334 0.22699953437499998 0.104096075 0.22975910625 0.11447127083333333 0.23126622812500003 0.12866049583333333 0.2341401171875 0.129393 0.23862764374999998 0.1280568375 0.2433802046875 0.12306829375 0.24513026093749998 0.12248103958333334 0.2482483953125 0.11715857291666666 0.2484653578125 0.11080732083333333 0.24744934999999998 0.10195117916666667 0.2409713921875 0.09038023541666668 0.2404529921875 0.08475086875 0.24101815625 0.08435759375 0.240827165625 0.08228361666666667 0.2435984109375 0.07972468541666666 0.2451782703125 0.07946604166666667 0.2475415640625 0.08118438541666667 0.250423259375 0.08853209583333334 0.25468732968749996 0.09565349166666667 0.25828359375 0.09987672500000001 0.262955615625 0.10272084583333332 0.2643314984375 0.10460083958333333 0.2685331953125 0.10451446666666667 0.27034431406250004 0.10241346875 0.2717942453125 0.09856710625 0.27483833125 0.09897099791666666 0.279974184375 0.10685191875000001 0.281213646875 0.10725050416666666 0.2835158796875 0.11048258958333333 0.28419667187500003 0.1091681375 0.285108725 0.10601132916666667 0.2830975 0.09070163541666668 0.28392120625 0.08876228958333333 0.2861545734375 0.0868929125 0.2878292703125 0.08331050000000001 0.287617490625 0.07883393541666667 0.284271965625 0.066449425 0.2836522328125 0.06625013333333334 0.2824803265625 0.0622315 0.28051199531250004 0.06044849791666666 0.2784955890625 0.055966620833333335 0.2750084625 0.05292851666666667 0.27470184375 0.05177571875 0.27526700625 0.05138244583333333 0.2750214484375 0.04871590208333333 0.277513359375 0.04530045208333333 0.2799844796875 0.03948241458333333 0.28409002499999997 0.03399829791666666 0.2852455421875 0.03140312916666667 0.20138996874999998 0.04513135625 0.20195817031250002 0.04985032083333333 0.2049139109375 0.05147167291666667 0.20586754687500003 0.05312004583333333 0.20284425 0.05511874583333333 0.20179577656249997 0.05679413958333333 0.2034315171875 0.06584957291666667 0.20407853125000003 0.06634514583333333 0.2042968046875 0.06871540625 0.20608844375 0.07293332916666667 0.2116192609375 0.08074959166666668