0 0.8535879625 0.19357638958333334 0.8541666671874999 0.19386574166666665 0.8543595671875 0.20023148124999998 0.8582175921875 0.20920138958333334 0.8582175921875 0.21122685208333333 0.858796296875 0.21151620416666667 0.8609182093750001 0.21875 0.8649691359375 0.22511574166666665 0.86728395 0.2265625 0.8722993828125001 0.23321759166666667 0.8753858031249999 0.23495370416666667 0.8790509265625 0.23871527708333332 0.8832947531249999 0.24045138958333334 0.8834876546875 0.24131944375 0.8856095671875 0.23929398124999998 0.8875385796874999 0.23871527708333332 0.8888888890625 0.23466435208333333 0.893132715625 0.2285879625 0.8946759265625 0.22771990833333333 0.8948688265625 0.2265625 0.8975694437499999 0.22395833333333334 0.8989197531249999 0.2207754625 0.8996913578125 0.20949074166666665 0.9002700625 0.20543981458333332 0.900848765625 0.20486111041666666 0.9010416671874999 0.19878472291666668 0.9020061734375 0.19820601875000002 0.904899690625 0.199074075 0.9093364203125001 0.207175925 0.9103009265625 0.21064814791666667 0.9128086421875 0.21325231458333332 0.9133873453125 0.2167245375 0.9149305562500001 0.21932870416666667 0.9182098765625 0.22395833333333334 0.9220679015625001 0.22540509166666667 0.9228395062500001 0.22395833333333334 0.9228395062500001 0.21817129583333333 0.9222608031249999 0.21759259166666667 0.9220679015625001 0.214699075 0.9220679015625001 0.20601851875000002 0.9226466046875 0.20457175833333335 0.9251543203124999 0.203125 0.932098765625 0.207175925 0.9396219140625 0.20572916666666666 0.9457947531249999 0.20167824166666665 0.9494598765625 0.1973379625 0.9519675921875 0.19241898124999998 0.9527391968750001 0.17997685208333333 0.9533179015625001 0.1796875 0.9533179015625001 0.1739004625 0.9535108031249999 0.17216435208333333 0.9540895062500001 0.171875 0.9540895062500001 0.16435185208333333 0.9535108031249999 0.16377314791666667 0.9533179015625001 0.16087962916666668 0.9527391968750001 0.16059027708333332 0.9513888890625 0.15451388958333334 0.946759259375 0.14583333333333334 0.93460648125 0.14207175833333335 0.9280478390625 0.13512731458333332 0.9274691359375 0.13339120416666667 0.925347221875 0.13165509166666667 0.9228395062500001 0.12789351875 0.920524690625 0.1270254625 0.9160879625 0.1229745375 0.915509259375 0.1192129625 0.9166666671874999 0.11574074166666667 0.9168595671875 0.11082175833333333 0.9174382718749999 0.11024305625 0.9174382718749999 0.1073495375 0.9168595671875 0.10677083333333333 0.9166666671874999 0.10214120416666667 0.915509259375 0.09635416666666667 0.915509259375 0.0879629625 0.9166666671874999 0.08420138958333333 0.9168595671875 0.07928240833333335 0.9174382718749999 0.07870370416666667 0.9168595671875 0.07696759166666665 0.9168595671875 0.07002314791666667 0.9147376546875 0.06741898125 0.9124228390625 0.06857638958333333 0.907600309375 0.06799768541666666 0.9066358031249999 0.06481481458333334 0.9047067906249999 0.0625 0.8975694437499999 0.06278935208333333 0.8902391968750001 0.06510416666666667 0.8859953703125001 0.06973379583333333 0.8854166671874999 0.074363425 0.8848379625 0.07465277708333334 0.8846450625 0.08159722291666666 0.8821373453125 0.08709490833333335 0.8807870375 0.09288194375 0.8790509265625 0.0957754625 0.8782793203124999 0.10069444375 0.877507715625 0.1015625 0.877507715625 0.10598958333333333 0.8748070984374999 0.10590277708333334 0.875 0.10214120416666667 0.873649690625 0.10098379583333333 0.8709490734375 0.1015625 0.8663194437499999 0.105613425 0.8651620375 0.10966435208333333 0.86419753125 0.12326388958333333 0.8616898140625 0.12789351875 0.8613040125 0.12991898125 0.859953703125 0.13165509166666667 0.8589891968750001 0.13165509166666667 0.8543595671875 0.13744212916666668 0.8478009265625 0.15653935208333333 0.8478009265625 0.16174768541666668 0.8522376546875 0.17129629583333333 0.8524305562500001 0.183449075 0.8535879625 0.19357638958333334
0 0.5372299375 0.16753472291666668 0.5383873453125 0.171875 0.5422453703125 0.17361111041666666 0.5476466046875 0.17361111041666666 0.55960648125 0.17708333333333334 0.5671296296875 0.18894675833333335 0.5696373453125 0.191261575 0.57040895 0.19386574166666665 0.571759259375 0.19444444375 0.5738811734375 0.19762731458333332 0.577739196875 0.19878472291666668 0.5883487656249999 0.19878472291666668 0.5935570984375 0.1973379625 0.5956790125 0.19646990833333333 0.5987654328125 0.19212962916666668 0.5997299375 0.18402777708333332 0.5997299375 0.1776620375 0.6003086421875 0.17708333333333334 0.601080246875 0.16898148124999998 0.6037808640625 0.15943287083333332 0.606867284375 0.1542245375 0.606867284375 0.15075231458333332 0.6057098765625 0.14670138958333334 0.604938271875 0.14612268541666668 0.603009259375 0.14120370416666667 0.5999228390625 0.1385995375 0.5993441359375 0.13715277708333332 0.5958719140625 0.13599537083333332 0.5922067906249999 0.13194444375 0.5887345671875 0.13049768541666668 0.5839120375 0.12991898125 0.5837191359375 0.12905092499999998 0.5812114203125 0.12847222291666666 0.5800540125 0.12731481458333332 0.5665509265625001 0.12210648125 0.5617283953125 0.11545138958333333 0.558641975 0.113425925 0.556134259375 0.10966435208333333 0.55169753125 0.10821759166666665 0.546875 0.10850694375 0.5453317906249999 0.10966435208333333 0.544367284375 0.113425925 0.5437885796875 0.11371527708333334 0.543016975 0.11979166666666667 0.5437885796875 0.1229745375 0.544367284375 0.12326388958333333 0.5453317906249999 0.13136574166666667 0.546296296875 0.1328125 0.546296296875 0.13425925833333335 0.5441743828125001 0.13888888958333334 0.5397376546875 0.14033564791666667 0.5372299375 0.14583333333333334 0.5370370375 0.1504629625 0.5364583328125 0.15075231458333332 0.5370370375 0.15265364583333335 0.5372299375 0.16753472291666668
0 0.7725694437499999 0 0.7725694437499999 0.0014467583333333332 0.769097221875 0.005208333333333333 0.7683256171874999 0.007523147916666667 0.769097221875 0.014467591666666666 0.7714120375 0.018229166666666668 0.7737268515625 0.019965277083333333 0.7791280859375 0.026909722916666667 0.7824074078125001 0.027777777083333333 0.7845293203125 0.026909722916666667 0.7878086421875 0.023148147916666664 0.7878086421875 0.021701389583333335 0.7897376546875 0.01851851875 0.7908950625 0.01793981458333333 0.7910879625 0.016782408333333332 0.7945601859375 0.014467591666666666 0.7976466046875 0.014467591666666666 0.802276234375 0.017071758333333336 0.8024691359375 0.01793981458333333 0.8107638890625 0.01851851875 0.8142361109375 0.019965277083333333 0.815007715625 0.021990741666666664 0.8180941359375 0.024305556250000002 0.8221450625 0.03240740833333333 0.8238811734375 0.04137731458333334 0.825617284375 0.04369212916666666 0.8265817906249999 0.05034722291666667 0.8285108031249999 0.05410879583333333 0.8277391968750001 0.06105324166666667 0.8296682093750001 0.07523148125 0.8290895062500001 0.08159722291666666 0.83101851875 0.08275462916666668 0.8337191359375 0.08159722291666666 0.8368055562500001 0.07783564791666667 0.8385416671874999 0.07754629583333333 0.8441358031249999 0.07783564791666667 0.8522376546875 0.08043981458333334 0.8562885796874999 0.07841435208333333 0.8597608031249999 0.07378472291666666 0.8626543203124999 0.07349537083333332 0.8643904328125 0.07175925833333333 0.8649691359375 0.07060185208333333 0.8649691359375 0.06741898125 0.8614969140625 0.057291666666666664 0.856867284375 0.05034722291666667 0.85648148125 0.043113425000000004 0.8589891968750001 0.040798610416666665 0.8626543203124999 0.040798610416666665 0.8659336421875 0.043113425000000004 0.8682484562499999 0.04600694375 0.8705632718749999 0.04745370416666667 0.8722993828125001 0.05121527708333333 0.8738425921875 0.05179398125 0.876350309375 0.05555555625 0.8780864203125001 0.05584490833333333 0.8802083328125001 0.05815972291666667 0.8854166671874999 0.05815972291666667 0.8873456796875001 0.05439814791666667 0.88773148125 0.03616898125 0.8869598765625 0.02633101875 0.8861882718749999 0.024016204166666666 0.8861882718749999 0.019675925 0.8856095671875 0.019097222916666667 0.8848379625 0.012731481250000001 0.8854166671874999 0.003761575 0.884259259375 0.0017361104166666666 0.884259259375 0 0.7725694437499999 0
0 0.7654320984375 0.29253472291666666 0.765239196875 0.308449075 0.7698688265625 0.3151041666666667 0.7717978390625 0.32320601875 0.77642746875 0.32870370416666667 0.7771990734374999 0.33159722291666666 0.7800925921874999 0.33391203750000004 0.780671296875 0.33535879583333333 0.7976466046875 0.34664351875 0.800347221875 0.35040509166666667 0.8020833328125001 0.35098379583333333 0.8030478390625 0.3532986104166667 0.8051697531249999 0.35300925833333335 0.8063271609375 0.35040509166666667 0.8065200625 0.34490740833333333 0.80767746875 0.34259259166666667 0.8105709875 0.34172453750000004 0.809992284375 0.3382523145833333 0.8125 0.3333333333333333 0.8144290125 0.33130787083333335 0.8163580250000001 0.324074075 0.8190586421875 0.32146990833333333 0.82021605 0.31163194375000003 0.8196373453125 0.30671296249999996 0.8175154328125 0.3029513895833333 0.815007715625 0.300636575 0.8144290125 0.2986111104166667 0.8103780859375 0.30034722291666666 0.809027778125 0.29803240833333333 0.809027778125 0.29253472291666666 0.8097993828125001 0.2913773145833333 0.811149690625 0.2838541666666667 0.811149690625 0.27459490833333333 0.8097993828125001 0.26851851875 0.8080632718749999 0.26533564791666664 0.8059413578125 0.26388888958333334 0.8043981484374999 0.26128472291666666 0.7999614203125 0.25896990833333333 0.7976466046875 0.25896990833333333 0.7947530859375 0.25665509166666667 0.7916666671875 0.24855324166666665 0.7893518515625 0.245949075 0.7864583328125 0.24074074166666665 0.7843364203125 0.24074074166666665 0.78414351875 0.24160879583333333 0.7791280859375 0.24334490833333333 0.7731481484375 0.2520254625 0.7710262343750001 0.25318287083333335 0.7671682093750001 0.25839120416666667 0.7667824078125001 0.2601273145833333 0.7644675921874999 0.261574075 0.7638888890625 0.26504629583333333 0.7638888890625 0.27459490833333333 0.7644675921874999 0.28269675833333335 0.765046296875 0.2829861104166667 0.7654320984375 0.29253472291666666
0 0.32021605000000003 0.7491319437499999 0.32040894999999997 0.7609953708333334 0.3209876546875 0.7612847229166667 0.3209876546875 0.76273148125 0.328125 0.7630208333333334 0.33159722187499996 0.7688078708333334 0.3449074078125 0.7760416666666666 0.34664351875 0.7751736104166667 0.3483796296875 0.7708333333333334 0.3495370375 0.7581018520833334 0.350115740625 0.7572337958333333 0.3541666671875 0.7557870375 0.35783179062500003 0.75289351875 0.3634259265625 0.75289351875 0.3659336421875 0.7520254625 0.3668981484375 0.7505787041666667 0.36709105000000003 0.7485532416666667 0.3668981484375 0.7398726854166667 0.3649691359375 0.7332175916666667 0.3649691359375 0.7303240750000001 0.3634259265625 0.7271412041666667 0.3570601859375 0.7207754625 0.3508873453125 0.7190393520833334 0.3495370375 0.7164351854166667 0.3470293203125 0.7141203708333334 0.3456790125 0.7094907416666667 0.3404706796875 0.7063078708333334 0.338348765625 0.7025462958333333 0.3342978390625 0.7077546291666666 0.3321759265625 0.7149884249999999 0.3304398140625 0.7175925916666667 0.3302469140625 0.7201967583333333 0.32040894999999997 0.7413194437499999 0.32021605000000003 0.7473958333333334 0.3196373453125 0.7476851854166667 0.3196373453125 0.7488425916666667 0.32021605000000003 0.7491319437499999
0 0.6437114203125 0.10763888958333333 0.64544753125 0.11111111041666667 0.6462191359375 0.11660879583333333 0.6500771609375 0.12152777708333334 0.6525848765625 0.12326388958333333 0.6529706796875 0.12557870416666667 0.656828703125 0.1310763895833333 0.665509259375 0.1310763895833333 0.6720679015625 0.12557870416666667 0.6759259265625001 0.11805555625 0.6761188265625 0.09924768541666666 0.6788194437499999 0.08738425833333333 0.6793981484375 0.08680555625 0.6815200625 0.07581018541666666 0.684027778125 0.06857638958333333 0.684027778125 0.06278935208333333 0.6832561734375 0.06018518541666666 0.6778549375 0.052951389583333335 0.672260803125 0.050636574999999996 0.6685956796875 0.04745370416666667 0.66415895 0.048611110416666665 0.66107253125 0.050636574999999996 0.6593364203125 0.05410879583333333 0.656828703125 0.0567129625 0.656635803125 0.05931712916666666 0.655671296875 0.060763889583333335 0.6547067906249999 0.06481481458333334 0.652391975 0.06857638958333333 0.6502700625 0.06973379583333333 0.6491126546875 0.07204861041666667 0.6464120375 0.07378472291666666 0.6456404328125 0.0760995375 0.64351851875 0.07899305625 0.6427469140625 0.08304398125 0.6421682093750001 0.08333333333333333 0.6421682093750001 0.10040509166666665 0.6427469140625 0.10069444375 0.6429398140625 0.10503472291666666 0.6437114203125 0.10763888958333333
0 0.0098379625 0.3767361104166667 0.0106095671875 0.3773148145833333 0.011188271875 0.37991898125 0.013117284375 0.38252314791666664 0.0144675921875 0.386574075 0.018711420312499998 0.394675925 0.023919753125000002 0.39149305624999997 0.0291280859375 0.38599537083333335 0.032214506250000004 0.3851273145833333 0.0349151234375 0.38223379583333333 0.0372299375 0.3810763895833333 0.0383873453125 0.37818287083333335 0.040509259375 0.37644675833333335 0.042438271875 0.37181712916666665 0.042438271875 0.37037037083333335 0.044367284374999996 0.3654513895833333 0.0445601859375 0.36255787083333335 0.0451388890625 0.3619791666666667 0.0457175921875 0.3567708333333333 0.047839506250000004 0.35069444375000003 0.048418209375 0.33275462916666665 0.0491898140625 0.32870370416666667 0.0509259265625 0.3255208333333333 0.05169753125 0.32060185208333336 0.05169753125 0.30671296249999996 0.0499614203125 0.30410879583333333 0.046489196875 0.30555555624999997 0.0435956796875 0.30931712916666665 0.0364583328125 0.31134259166666667 0.0300925921875 0.3220486104166667 0.0256558640625 0.32349537083333335 0.021797839062499998 0.32667824166666665 0.0144675921875 0.33709490833333333 0.0125385796875 0.34317129583333333 0.0071373453125 0.35214120416666667 0.0065586421875 0.35619212916666665 0.0063657406250000005 0.359375 0.0071373453125 0.3645833333333333 0.00771605 0.3648726854166667 0.0098379625 0.3767361104166667
0 0.29205246875 0.3385416666666667 0.2922453703125 0.33940972291666666 0.29610339531249996 0.339988425 0.2999614203125 0.3420138895833333 0.29976851875 0.35995370416666667 0.2991898140625 0.36226851875 0.29976851875 0.39033564791666664 0.30034722187499996 0.3923611104166667 0.30034722187499996 0.39756944375000003 0.3030478390625 0.4010416666666667 0.3142361109375 0.40046296249999996 0.3190586421875 0.40277777708333334 0.3250385796875 0.4036458333333333 0.331983025 0.40335648125 0.3381558640625 0.40740740833333333 0.3414351859375 0.40682870416666667 0.3435570984375 0.4039351854166667 0.3449074078125 0.3984375 0.347608025 0.39207175833333335 0.347608025 0.3851273145833333 0.3456790125 0.37934027708333334 0.346257715625 0.37615740833333333 0.348186728125 0.37384259166666667 0.35050154375 0.37442129583333333 0.3576388890625 0.37962962916666665 0.370563271875 0.38194444375000003 0.3761574078125 0.3854166666666667 0.378858025 0.38339120416666667 0.3807870375 0.37991898125 0.38271605000000003 0.36747685208333336 0.3831018515625 0.35850694375000003 0.38175154375 0.35127314791666664 0.3809799375 0.33680555624999997 0.3800154328125 0.3333333333333333 0.3748070984375 0.32783564791666664 0.3688271609375 0.32349537083333335 0.36284722187499996 0.32320601875 0.359375 0.32175925833333335 0.3576388890625 0.3185763895833333 0.356867284375 0.31539351875 0.3557098765625 0.31452546249999996 0.353009259375 0.30931712916666665 0.3512731484375 0.30787037083333335 0.3487654328125 0.3029513895833333 0.34297839531249996 0.2986111104166667 0.33584105000000003 0.29542824166666665 0.33506944375000003 0.2942708333333333 0.3323688265625 0.29629629583333333 0.3323688265625 0.29774305624999997 0.33294753125 0.29803240833333333 0.333526234375 0.3072916666666667 0.331983025 0.31336805624999997 0.33101851875 0.31307870416666667 0.33101851875 0.31134259166666667 0.32908950625 0.3064236104166667 0.32773919687499997 0.30526620416666667 0.32716049375 0.30266203750000004 0.3244598765625 0.29803240833333333 0.32118055624999997 0.29832175833333335 0.317901234375 0.29629629583333333 0.31172839531249996 0.29745370416666667 0.307098765625 0.30121527708333334 0.305169753125 0.30555555624999997 0.3030478390625 0.30671296249999996 0.302276234375 0.30815972291666666 0.29648919687499997 0.3107638895833333 0.2926311734375 0.31452546249999996 0.2916666671875 0.31741898125 0.28896605000000003 0.3203125 0.2858796296875 0.32870370416666667 0.2853009265625 0.33449074166666665 0.2864583328125 0.33680555624999997 0.28896605000000003 0.33709490833333333 0.29205246875 0.3385416666666667
0 0.060956790625 0.11082175833333333 0.0636574078125 0.11545138958333333 0.062885803125 0.12384259166666665 0.060956790625 0.12962962916666668 0.060378085937500006 0.12991898125 0.060378085937500006 0.13975694375 0.06423611093750001 0.13773148124999998 0.0675154328125 0.13802083333333334 0.07040895 0.14380787083333332 0.072723765625 0.14554398124999998 0.0738811734375 0.14756944375 0.077739196875 0.14901620416666667 0.0814043203125 0.1484375 0.0823688265625 0.14930555625 0.08468364218749999 0.14930555625 0.0916280859375 0.15509259166666667 0.0983796296875 0.1542245375 0.097608025 0.152488425 0.097608025 0.14380787083333332 0.0987654328125 0.14004629583333333 0.10300925937500001 0.13570601875000002 0.1082175921875 0.12442129583333333 0.11419753125000001 0.12065972291666666 0.11689814843749999 0.11689814791666667 0.11689814843749999 0.11082175833333333 0.11554783906249999 0.10908564791666667 0.11342592656249999 0.10214120416666667 0.11091820937500001 0.09837962916666668 0.108796296875 0.09056712916666668 0.1066743828125 0.08738425833333333 0.10223765468749998 0.08506944375 0.09625771562499999 0.07523148125 0.093364196875 0.07349537083333332 0.086419753125 0.074074075 0.0842978390625 0.07552083333333333 0.0817901234375 0.08043981458333334 0.0758101859375 0.08362268541666666 0.07233796249999999 0.08738425833333333 0.070794753125 0.09027777708333334 0.06442901250000001 0.09317129583333333 0.05574845625 0.09895833333333333 0.055555556250000006 0.09982638958333333 0.053047839062500005 0.10127314791666667 0.053047839062500005 0.10503472291666666 0.060956790625 0.11082175833333333
0 0.9519675921875 0.308449075 0.9562114203125001 0.31047453750000004 0.975829475 0.30931712916666665 0.9756944437499999 0.31105324166666665 0.9726080250000001 0.31278935208333336 0.969328703125 0.31597222291666666 0.9685570984374999 0.3177083333333333 0.963348765625 0.31944444375000003 0.9592978390625 0.32667824166666665 0.9581404328125 0.3307291666666667 0.95794753125 0.33535879583333333 0.9592978390625 0.34259259166666667 0.9598765437500001 0.34288194375000003 0.96084105 0.35300925833333335 0.9625771609375 0.35879629583333333 0.9650848765625 0.36140046249999996 0.967399690625 0.36689814791666664 0.9720293203124999 0.3723958333333333 0.9739583328125001 0.37384259166666667 0.9772376546875 0.37355324166666665 0.9783950625 0.3723958333333333 0.9791666671874999 0.37008101875 0.9801311734375 0.3645833333333333 0.9826388890625 0.35734953750000004 0.9834104937499999 0.35214120416666667 0.9853395062500001 0.3498263895833333 0.9861111109375 0.34693287083333335 0.9918981484374999 0.339699075 0.9980709875 0.3298611104166667 0.9998070984374999 0.3298611104166667 0.9998070984374999 0.21643518541666668 0.9944058640625 0.21614583333333334 0.9884259265625 0.21961805625 0.984375 0.22019675833333335 0.9755015437500001 0.2265625 0.9733796296874999 0.230613425 0.9758873453125 0.2401620375 0.9758873453125 0.24392361041666666 0.9753086421875 0.24479166666666666 0.963348765625 0.24508101875000002 0.9631558640625 0.245949075 0.9600694437499999 0.246238425 0.9573688265625 0.24768518541666668 0.9554398140625 0.25318287083333335 0.9552469140625 0.25607638958333334 0.9538966046875 0.25925925833333335 0.9508101859375 0.2630208333333333 0.950617284375 0.26533564791666664 0.9486882718749999 0.26880787083333335 0.9479166671874999 0.27372685208333336 0.9473379625 0.27401620416666667 0.9471450625 0.27633101875 0.9459876546875 0.2789351854166667 0.9459876546875 0.28153935208333336 0.94540895 0.28182870416666667 0.94540895 0.2986111104166667 0.9486882718749999 0.30497685208333336 0.9508101859375 0.3064236104166667 0.9519675921875 0.308449075
0 0.29648919687499997 0.69820601875 0.29533179062500003 0.7028356479166666 0.2957175921875 0.7065972229166667 0.297453703125 0.7077546291666666 0.2989969140625 0.7112268520833334 0.29783950625 0.7309027770833333 0.29976851875 0.7340856479166666 0.30381944375000003 0.7352430562500001 0.31172839531249996 0.734375 0.32716049375 0.7152777770833333 0.3337191359375 0.7103587958333333 0.33487654375 0.7063078708333334 0.338348765625 0.7034143520833334 0.3371913578125 0.6990740750000001 0.3375771609375 0.6944444437499999 0.338348765625 0.6938657416666667 0.3385416671875 0.6912615750000001 0.34027777812500004 0.6895254625 0.3404706796875 0.6872106479166666 0.34104938281249997 0.6866319437499999 0.34104938281249997 0.6848958333333334 0.3385416671875 0.6820023145833333 0.338348765625 0.6808449083333333 0.3339120375 0.6802662041666667 0.33159722187499996 0.6788194437499999 0.32966820937499997 0.6788194437499999 0.32947530937499997 0.6779513895833333 0.3123070984375 0.6750578708333334 0.3069058640625 0.6750578708333334 0.3053626546875 0.6762152770833333 0.3030478390625 0.6762152770833333 0.29957561718750003 0.6779513895833333 0.29822530937499997 0.6808449083333333 0.29841820937499997 0.6860532416666667 0.2991898140625 0.6869212958333333 0.30034722187499996 0.69241898125 0.29648919687499997 0.69820601875
0 0.2858796296875 0.5778356479166666 0.2872299375 0.5778356479166666 0.2862654328125 0.5772569437499999 0.2858796296875 0.5778356479166666
0 0.42129629687500003 0.6921296291666666 0.42206790156249996 0.6956018520833334 0.41878857968750005 0.6996527770833333 0.41743827187500004 0.7028356479166666 0.4166666671875 0.7086226854166667 0.41608796249999996 0.7089120375 0.415509259375 0.7207754625 0.4168595671875 0.7337962958333333 0.419367284375 0.7381365750000001 0.4230324078125 0.7398726854166667 0.42496142031249995 0.7418981479166666 0.4299768515625 0.7430555562500001 0.432098765625 0.7447916666666666 0.435956790625 0.7445023145833333 0.43942901250000005 0.7427662041666667 0.44521605 0.734375 0.4440586421875 0.7285879625 0.441358025 0.7251157416666667 0.43942901250000005 0.7201967583333333 0.43942901250000005 0.7161458333333334 0.4407793203125 0.7118055562500001 0.4440586421875 0.7074652770833333 0.44521605 0.7025462958333333 0.4456018515625 0.6953125 0.44695216093749995 0.6947337958333333 0.4498456796875 0.6956018520833334 0.45293209843750004 0.7010995375 0.456983025 0.7034143520833334 0.45794753125 0.7013888895833333 0.45794753125 0.6987847229166667 0.4606481484375 0.6938657416666667 0.4606481484375 0.6918402770833333 0.46141975312500005 0.6909722229166667 0.4627700625 0.6828703708333334 0.463348765625 0.6822916666666666 0.463348765625 0.6788194437499999 0.4627700625 0.6782407416666667 0.4606481484375 0.6640625 0.459490740625 0.6629050916666667 0.4558256171875 0.6623263895833333 0.45351080312500003 0.6579861104166667 0.45331790156249996 0.6553819437499999 0.45273919687499997 0.6550925916666667 0.4513888890625 0.6501736104166667 0.4498456796875 0.6490162041666667 0.4459876546875 0.6487268520833334 0.43885030937499997 0.6501736104166667 0.43190586406250003 0.6568287041666667 0.42746913593749997 0.6585648145833333 0.42380401250000005 0.6629050916666667 0.4114583328125 0.6684027770833333 0.41030092656250006 0.671875 0.41030092656250006 0.6782407416666667 0.416473765625 0.6834490750000001 0.41820987656249997 0.6880787041666667 0.42129629687500003 0.6921296291666666
0 0.1614583328125 0.7161458333333334 0.157600309375 0.7222222229166667 0.15625 0.7262731479166666 0.15625 0.7306134249999999 0.157600309375 0.73148148125 0.161651234375 0.7306134249999999 0.16319444375 0.7274305562500001 0.165509259375 0.7248263895833333 0.1662808640625 0.7219328708333334 0.1682098765625 0.7201967583333333 0.16936728437499998 0.7164351854166667 0.17110339531250002 0.7135416666666666 0.17341820937500002 0.7109375 0.180169753125 0.7074652770833333 0.1813271609375 0.7048611104166667 0.1832561734375 0.7034143520833334 0.18672839531250002 0.6984953708333334 0.1886574078125 0.6929976854166667 0.1894290125 0.69241898125 0.1894290125 0.6901041666666666 0.1907793203125 0.6848958333333334 0.1932870375 0.6782407416666667 0.1934799375 0.6686921291666666 0.1927083328125 0.65914351875 0.19000771562500002 0.6498842583333333 0.18904320937500002 0.6487268520833334 0.1853780859375 0.6478587958333333 0.1847993828125 0.6490162041666667 0.1822916671875 0.6504629625 0.1799768515625 0.6539351854166667 0.17283950625 0.6597222229166667 0.171489196875 0.6617476854166667 0.1699459875 0.66695601875 0.1687885796875 0.6684027770833333 0.1668595671875 0.67476851875 0.16473765468749998 0.6773726854166667 0.16473765468749998 0.6788194437499999 0.16415895 0.6791087958333333 0.1622299375 0.6854745375 0.1622299375 0.6970486104166667 0.16300154375 0.7010995375 0.1628086421875 0.7106481479166666 0.1614583328125 0.7161458333333334
0 0.2824074078125 0.6192129625 0.28163580312500003 0.6232638895833333 0.2779706796875 0.6258680562500001 0.2750771609375 0.6322337958333333 0.2752700625 0.6391782416666667 0.2770061734375 0.6429398145833333 0.2779706796875 0.6481481479166666 0.2791280859375 0.6507523145833333 0.2824074078125 0.6527777770833333 0.2862654328125 0.6527777770833333 0.2878086421875 0.6536458333333334 0.2897376546875 0.65625 0.28993055624999997 0.6579861104166667 0.2918595671875 0.6620370375 0.29648919687499997 0.6663773145833333 0.29783950625 0.6660879625 0.3030478390625 0.6603009249999999 0.3101851859375 0.6631944437499999 0.31172839531249996 0.6623263895833333 0.3123070984375 0.6579861104166667 0.31172839531249996 0.6490162041666667 0.30767746875 0.6403356479166666 0.3084490734375 0.63773148125 0.31114969062500003 0.6345486104166667 0.31114969062500003 0.6267361104166667 0.3092206796875 0.6223958333333334 0.30902777812500004 0.6171875 0.31172839531249996 0.6085069437499999 0.311921296875 0.5989583333333334 0.31172839531249996 0.5951967583333333 0.30979938281249997 0.58883101875 0.3063271609375 0.5870949083333333 0.3026620375 0.5870949083333333 0.2999614203125 0.5882523145833333 0.29841820937499997 0.5850694437499999 0.2989969140625 0.58101851875 0.29783950625 0.5755208333333334 0.296296296875 0.5734953708333334 0.293016975 0.5726273145833333 0.285108025 0.5743634249999999 0.28047839531249996 0.5815972229166667 0.2750771609375 0.5859375 0.27334105000000003 0.5899884249999999 0.27334105000000003 0.5963541666666666 0.2752700625 0.61226851875 0.27989969062500003 0.6177662041666667 0.2824074078125 0.6192129625
0 0.31153549375 0.60648148125 0.30902777812500004 0.6137152770833333 0.3092206796875 0.6180555562500001 0.3103780859375 0.6195023145833333 0.31732253125 0.6215277770833333 0.3209876546875 0.6244212958333333 0.3244598765625 0.625 0.3283179015625 0.6223958333333334 0.3339120375 0.6151620375 0.338348765625 0.6125578708333334 0.3414351859375 0.6056134249999999 0.3414351859375 0.5972222229166667 0.3385416671875 0.5870949083333333 0.338348765625 0.5842013895833333 0.33699845625 0.5821759249999999 0.33487654375 0.5760995375 0.33294753125 0.57320601875 0.3279320984375 0.5726273145833333 0.3269675921875 0.5734953708333334 0.325617284375 0.5792824083333333 0.3244598765625 0.58101851875 0.323688271875 0.5862268520833334 0.32137345625 0.5905671291666666 0.3190586421875 0.5862268520833334 0.3184799375 0.5827546291666666 0.3175154328125 0.5813078708333334 0.3144290125 0.5795717583333333 0.313078703125 0.5798611104166667 0.31114969062500003 0.5818865750000001 0.30960648125 0.5870949083333333 0.3103780859375 0.5963541666666666 0.31095679062500003 0.59664351875 0.31172839531249996 0.6012731479166666 0.31153549375 0.60648148125
0 0.2883873453125 0.457175925 0.2872299375 0.4664351854166667 0.2878086421875 0.47858796249999996 0.28915894999999997 0.484375 0.2918595671875 0.4869791666666667 0.294367284375 0.48726851875 0.29783950625 0.48553240833333333 0.29976851875 0.48292824166666665 0.3009259265625 0.47974537083333335 0.30169753125 0.46961805624999997 0.30362654375 0.46903935208333336 0.30381944375000003 0.46817129583333333 0.307098765625 0.46788194375000003 0.30902777812500004 0.46556712916666665 0.3084490734375 0.44878472291666666 0.307098765625 0.44589120416666667 0.307098765625 0.44241898125 0.30555555624999997 0.43865740833333333 0.3043981484375 0.43055555624999997 0.30169753125 0.42505787083333335 0.2988040125 0.42245370416666667 0.2932098765625 0.42100694375000003 0.2910879625 0.42245370416666667 0.2897376546875 0.42534722291666666 0.28915894999999997 0.44878472291666666 0.28896605000000003 0.4513888895833333 0.2883873453125 0.45167824166666665 0.2883873453125 0.457175925
0 0.2658179015625 0.47569444375000003 0.2677469140625 0.4791666666666667 0.26909722187499996 0.484375 0.2717978390625 0.48871527708333334 0.2760416671875 0.48929398125 0.27777777812500004 0.488136575 0.27970679062500003 0.47771990833333333 0.27989969062500003 0.46238425833333335 0.28047839531249996 0.46180555624999997 0.28047839531249996 0.45428240833333333 0.281828703125 0.4470486104166667 0.2824074078125 0.43605324166666665 0.2824074078125 0.4244791666666667 0.27970679062500003 0.41840277708333334 0.2791280859375 0.41840277708333334 0.2775848765625 0.421875 0.2717978390625 0.42303240833333333 0.26716820937499997 0.4279513895833333 0.26658950625 0.43026620416666667 0.26523919687499997 0.43171296249999996 0.2644675921875 0.43865740833333333 0.2613811734375 0.44415509166666667 0.2606095671875 0.44820601875 0.25790894999999997 0.45283564791666664 0.25675154375 0.457175925 0.25675154375 0.46383101875 0.2584876546875 0.4713541666666667 0.2613811734375 0.47453703750000004 0.2658179015625 0.47569444375000003
0 0.6932870375 0.7786458333333334 0.6892361109375 0.7806712958333333 0.688078703125 0.7824074083333333 0.688078703125 0.7870370375 0.6886574078125001 0.7873263895833333 0.688850309375 0.7902199083333333 0.6927083328125 0.7962962958333333 0.699266975 0.7977430562500001 0.7008101859375 0.8000578708333334 0.7029320984375 0.8012152770833333 0.7046682093750001 0.8000578708333334 0.7062114203125 0.7960069437499999 0.70987654375 0.7974537041666667 0.7118055562500001 0.8000578708333334 0.7131558640625 0.8006365750000001 0.717399690625 0.8000578708333334 0.7185570984375 0.796875 0.719135803125 0.7925347229166667 0.721257715625 0.7902199083333333 0.7239583328125 0.7847222229166667 0.7247299375 0.7745949083333333 0.7237654328125 0.7728587958333333 0.722222221875 0.7725694437499999 0.7220293203125 0.7717013895833333 0.7166280859375 0.7711226854166667 0.7145061734375 0.76851851875 0.7133487656249999 0.7653356479166666 0.7100694437499999 0.7630208333333334 0.69540895 0.7638888895833333 0.6934799375 0.7659143520833334 0.6932870375 0.7690972229166667 0.6946373453125 0.7745949083333333 0.6946373453125 0.7769097229166667 0.6932870375 0.7786458333333334
0 0.41203703750000004 0.1504629625 0.4128086421875 0.1620370375 0.4147376546875 0.16724537083333332 0.4185956796875 0.16898148124999998 0.4239969140625 0.16550925833333335 0.42496142031249995 0.16348379583333333 0.42746913593749997 0.1620370375 0.43016975312500005 0.15769675833333335 0.4309413578125 0.15480324166666665 0.43460648125 0.14930555625 0.43942901250000005 0.14930555625 0.44193672812499996 0.15190972291666668 0.44328703750000004 0.15190972291666668 0.4434799375 0.15104166666666666 0.446759259375 0.14901620416666667 0.45408950625 0.13570601875000002 0.45543981406249995 0.12934027708333334 0.45871913593749997 0.12326388958333333 0.45987654375 0.12210648125 0.463348765625 0.12181712916666668 0.4635416671875 0.1229745375 0.46199845625 0.12528935208333333 0.46180555625 0.13020833333333334 0.46006944375 0.13570601875000002 0.46006944375 0.14207175833333335 0.4612268515625 0.14525462916666668 0.46199845625 0.1504629625 0.46257716093749995 0.15075231458333332 0.46257716093749995 0.15364583333333334 0.46932870312499997 0.17013888958333334 0.4704861109375 0.171875 0.4739583328125 0.17216435208333333 0.47878086406250003 0.16753472291666668 0.48456790156249996 0.16579861041666666 0.48668981406249995 0.16348379583333333 0.490740740625 0.16145833333333334 0.4947916671875 0.15509259166666667 0.5001929015625 0.152199075 0.5019290125 0.15017361041666666 0.5032793203125 0.14785879583333333 0.5032793203125 0.14612268541666668 0.50482253125 0.14236111041666666 0.5065586421875 0.13946759166666667 0.5065586421875 0.13715277708333332 0.509259259375 0.13165509166666667 0.5106095671875 0.12557870416666667 0.5123456796875 0.12268518541666666 0.51273148125 0.11805555625 0.5119598765625 0.11458333333333333 0.509259259375 0.10995370416666667 0.50790895 0.10908564791666667 0.5065586421875 0.105324075 0.503858025 0.10127314791666667 0.501350309375 0.09982638958333333 0.49961419687499997 0.09693287083333332 0.49652777812500004 0.09461805625 0.494598765625 0.09201388958333333 0.49112654375 0.09027777708333334 0.48996913593749997 0.08622685208333333 0.485918209375 0.07841435208333333 0.48533950625 0.074074075 0.4826388890625 0.07002314791666667 0.47704475312500005 0.06539351875 0.47010030937499997 0.06307870416666667 0.46739969062500003 0.06018518541666666 0.46585648125 0.05960648125 0.46257716093749995 0.05497685208333333 0.46141975312500005 0.05034722291666667 0.45871913593749997 0.04658564791666667 0.45659722187499996 0.04542824166666667 0.4488811734375 0.04600694375 0.44618055625 0.04745370416666667 0.4446373453125 0.05121527708333333 0.44058642031249995 0.0567129625 0.43885030937499997 0.05758101875 0.4386574078125 0.058449074999999996 0.43402777812500004 0.06018518541666666 0.42881944375 0.066550925 0.42669753125 0.07204861041666667 0.42418981406249995 0.07523148125 0.423418209375 0.07870370416666667 0.4201388890625 0.08333333333333333 0.41898148125 0.08622685208333333 0.4168595671875 0.08767361041666667 0.4166666671875 0.089988425 0.41415895 0.09490740833333335 0.41300154375 0.09895833333333333 0.41415895 0.11024305625 0.4122299375 0.11805555625 0.4114583328125 0.12557870416666667 0.410108025 0.12991898125 0.40991512343750003 0.14033564791666667 0.4108796296875 0.14756944375 0.4114583328125 0.15017361041666666 0.41203703750000004 0.1504629625
0 0.24131944375 0.20023148124999998 0.24131944375 0.2167245375 0.24324845625 0.22164351875000002 0.24402006250000002 0.22598379583333333 0.246527778125 0.22974537083333332 0.2476851859375 0.23350694375 0.2511574078125 0.23553240833333333 0.256365740625 0.23466435208333333 0.26273148125 0.23553240833333333 0.26658950625 0.23263888958333334 0.2712191359375 0.21875 0.2712191359375 0.21730324166666665 0.273919753125 0.21122685208333333 0.2750771609375 0.19965277708333332 0.2791280859375 0.19646990833333333 0.2810570984375 0.19241898124999998 0.2810570984375 0.18923611041666666 0.27970679062500003 0.1817129625 0.27854938281249997 0.18055555625 0.27777777812500004 0.17795138958333334 0.2727623453125 0.17158564791666667 0.26832561718750003 0.17013888958333334 0.26658950625 0.167824075 0.265046296875 0.16724537083333332 0.2606095671875 0.16724537083333332 0.2584876546875 0.167824075 0.25154320937499997 0.175636575 0.24286265468749998 0.18142361041666666 0.24131944375 0.18431712916666668 0.24112654375 0.18778935208333333 0.24209105000000003 0.19357638958333334 0.24209105000000003 0.1973379625 0.24131944375 0.20023148124999998
0 0.574266975 0.2760416666666667 0.58101851875 0.2864583333333333 0.581597221875 0.28848379583333333 0.581597221875 0.2942708333333333 0.5821759265625001 0.29484953750000004 0.5823688265625 0.30179398125 0.58294753125 0.3020833333333333 0.58294753125 0.30439814791666664 0.5842978390625 0.30931712916666665 0.585455246875 0.31105324166666665 0.58584105 0.31452546249999996 0.5868055562500001 0.3151041666666667 0.5881558640625 0.3185763895833333 0.5920138890625 0.31886574166666665 0.5929783953125 0.316550925 0.5935570984375 0.30584490833333333 0.593171296875 0.26533564791666664 0.5929783953125 0.26244212916666665 0.592399690625 0.261863425 0.592399690625 0.25434027708333334 0.594135803125 0.25115740833333333 0.595100309375 0.2479745375 0.595100309375 0.24537037083333332 0.5956790125 0.24479166666666666 0.5956790125 0.2323495375 0.595100309375 0.23177083333333334 0.594328703125 0.22685185208333333 0.5916280859375 0.2245370375 0.59085648125 0.22627314791666667 0.5883487656249999 0.2285879625 0.58699845625 0.23408564791666667 0.5842978390625 0.238136575 0.5823688265625 0.24276620416666667 0.5812114203125 0.24363425833333335 0.5802469140625 0.24826388958333334 0.5796682093750001 0.24855324166666665 0.579475309375 0.25144675833333335 0.5769675921874999 0.25636574166666665 0.5761959875 0.26504629583333333 0.5750385796875 0.26707175833333335 0.5738811734375 0.27199074166666665 0.574266975 0.2760416666666667
0 0.6008873453125 0.3064236104166667 0.60146605 0.30671296249999996 0.60165895 0.30931712916666665 0.6041666671875 0.31278935208333336 0.6043595671875 0.31568287083333335 0.6041666671875 0.3179976854166667 0.6035879625 0.31828703750000004 0.6035879625 0.31973379583333333 0.60165895 0.324074075 0.60146605 0.32957175833333335 0.6008873453125 0.3298611104166667 0.6008873453125 0.3359375 0.6028163578125 0.33940972291666666 0.6066743828125001 0.34259259166666667 0.608989196875 0.3463541666666667 0.609953703125 0.34664351875 0.6116898140625 0.3492476854166667 0.61419753125 0.35040509166666667 0.617669753125 0.35040509166666667 0.6207561734375 0.3489583333333333 0.6217206796875 0.34664351875 0.6269290125 0.3420138895833333 0.6282793203125 0.33883101875 0.6307870375 0.33564814791666664 0.6319444437499999 0.33015046249999996 0.634259259375 0.32754629583333333 0.6356095671875 0.32146990833333333 0.6356095671875 0.30266203750000004 0.637152778125 0.30005787083333335 0.6442901234375 0.300636575 0.652777778125 0.2994791666666667 0.6529706796875 0.2986111104166667 0.6574074078125001 0.29774305624999997 0.6720679015625 0.29108796249999996 0.67283950625 0.28964120416666667 0.6736111109375 0.28327546249999996 0.6736111109375 0.25868055625 0.67476851875 0.2552083333333333 0.6741898140625 0.25173611041666666 0.6711033953125 0.25 0.66415895 0.25 0.66396605 0.24913194375 0.652391975 0.24884259166666667 0.6493055562500001 0.2479745375 0.6506558640625 0.245949075 0.6554783953125 0.245949075 0.6570216046875 0.24565972291666668 0.6574074078125001 0.24479166666666666 0.6720679015625 0.24305555625 0.6739969140625 0.24045138958333334 0.6741898140625 0.23408564791666667 0.673225309375 0.22974537083333332 0.6720679015625 0.22800925833333335 0.6720679015625 0.22685185208333333 0.6701388890625 0.22511574166666665 0.6687885796875 0.22164351875000002 0.6668595671875 0.22019675833333335 0.6658950625 0.21817129583333333 0.66415895 0.21064814791666667 0.663580246875 0.20283564791666667 0.6620370375 0.19820601875000002 0.6593364203125 0.1953125 0.6547067906249999 0.19270833333333334 0.6510416671875 0.19212962916666668 0.6508487656249999 0.191261575 0.63773148125 0.19068287083333332 0.6334876546875 0.18923611041666666 0.6269290125 0.19068287083333332 0.621527778125 0.19502314791666667 0.6194058640625 0.20254629583333333 0.6195987656249999 0.21354166666666666 0.6209490734374999 0.22135416666666666 0.621527778125 0.22164351875000002 0.6222993828125001 0.22627314791666667 0.623649690625 0.22945601875000002 0.623649690625 0.23784722291666668 0.6228780859375 0.238136575 0.621527778125 0.23611111041666666 0.611882715625 0.2323495375 0.6095679015625 0.230324075 0.6062885796875 0.23119212916666668 0.604938271875 0.234375 0.6041666671875 0.2479745375 0.6035879625 0.24826388958333334 0.6041666671875 0.24884259166666667 0.6043595671875 0.2578125 0.6051311734375 0.2601273145833333 0.6062885796875 0.26128472291666666 0.6062885796875 0.26244212916666665 0.603009259375 0.269675925 0.6022376546875 0.2734375 0.6022376546875 0.277488425 0.60165895 0.27777777708333334 0.60165895 0.2942708333333333 0.60146605 0.29774305624999997 0.6008873453125 0.29803240833333333 0.6008873453125 0.3064236104166667
0 0.903742284375 0.28616898125 0.9050925921875 0.28616898125 0.906828703125 0.28819444375000003 0.9066358031249999 0.2913773145833333 0.9054783953125 0.293113425 0.8994984562499999 0.29745370416666667 0.8979552468750001 0.30324074166666665 0.896026234375 0.30555555624999997 0.89544753125 0.30758101875 0.8964120375 0.31047453750000004 0.8993055562500001 0.3151041666666667 0.8994984562499999 0.32320601875 0.9000771609375 0.32349537083333335 0.9002700625 0.3255208333333333 0.9060570984374999 0.33304398125 0.907600309375 0.3411458333333333 0.908757715625 0.34259259166666667 0.9108796296874999 0.3489583333333333 0.9147376546875 0.3532986104166667 0.921296296875 0.3538773145833333 0.936921296875 0.35040509166666667 0.947723765625 0.34519675833333335 0.9540895062500001 0.339988425 0.9552469140625 0.33564814791666664 0.9554398140625 0.32870370416666667 0.95601851875 0.328125 0.9562114203125001 0.32494212916666665 0.9581404328125 0.32146990833333333 0.95794753125 0.316261575 0.9546682093750001 0.31134259166666667 0.9515817906249999 0.308738425 0.9475308640625 0.30324074166666665 0.9471450625 0.30150462916666665 0.94540895 0.2994791666666667 0.9442515437500001 0.29369212916666665 0.94521605 0.28616898125 0.9456018515625001 0.27546296249999996 0.9479166671874999 0.2717013895833333 0.9486882718749999 0.269386575 0.9488811734375 0.265625 0.9498456796875001 0.26475694375 0.9513888890625 0.25839120416666667 0.9535108031249999 0.2552083333333333 0.9533179015625001 0.24826388958333334 0.9527391968750001 0.24768518541666668 0.9459876546875 0.24479166666666666 0.9457947531249999 0.245949075 0.9434799375 0.24826388958333334 0.9432870375 0.25173611041666666 0.9427083328125001 0.2520254625 0.9425154328125 0.2557870375 0.9434799375 0.25723379583333333 0.9434799375 0.25925925833333335 0.938850309375 0.26244212916666665 0.9386574078125 0.26504629583333333 0.9347993828125001 0.27285879583333333 0.9330632718749999 0.27401620416666667 0.9280478390625 0.27430555624999997 0.92669753125 0.27314814791666664 0.9259259265625 0.2708333333333333 0.9220679015625001 0.26504629583333333 0.921296296875 0.26128472291666666 0.9195601859375 0.2578125 0.919367284375 0.25491898125 0.9174382718749999 0.24768518541666668 0.9149305562500001 0.24392361041666666 0.9149305562500001 0.24074074166666665 0.9103009265625 0.238425925 0.9095293203124999 0.23726851875000002 0.9093364203125001 0.23466435208333333 0.907600309375 0.23408564791666667 0.906828703125 0.23755787083333332 0.9041280859375 0.2401620375 0.902777778125 0.246238425 0.9002700625 0.24913194375 0.8987268515625001 0.25607638958333334 0.8948688265625 0.26244212916666665 0.8948688265625 0.2635995375 0.8929398140625 0.265625 0.8921682093750001 0.269675925 0.8910108031249999 0.27199074166666665 0.8908179015625001 0.27777777708333334 0.8890817906249999 0.28414351875 0.8888888890625 0.28703703750000004 0.8902391968750001 0.28964120416666667 0.900848765625 0.28819444375000003 0.903742284375 0.28616898125
0 0.24131944375 0 0.24131944375 0.0017361104166666666 0.23996913593750002 0.003761575 0.23919753125 0.015914352083333333 0.237847221875 0.01851851875 0.2366898140625 0.024016204166666666 0.2351466046875 0.037326389583333335 0.23109567968750003 0.04745370416666667 0.22839506250000002 0.05150462916666666 0.224151234375 0.05150462916666666 0.21894290156250001 0.04745370416666667 0.21180555625 0.0448495375 0.21006944375 0.04340277708333333 0.202739196875 0.042824074999999996 0.1994598765625 0.04716435208333333 0.1994598765625 0.050636574999999996 0.201581790625 0.05381944375 0.20640432031249997 0.057291666666666664 0.206597221875 0.058449074999999996 0.20987654375 0.0604745375 0.21199845625 0.06365740833333333 0.21315586406249998 0.06423611041666667 0.215277778125 0.0723379625 0.21739969062500003 0.074074075 0.217206790625 0.078125 0.21354166718749998 0.07957175833333333 0.21315586406249998 0.08043981458333334 0.21006944375 0.08101851875 0.2092978390625 0.07957175833333333 0.1994598765625 0.07349537083333332 0.191936728125 0.07291666666666667 0.1853780859375 0.07667824166666667 0.1774691359375 0.08738425833333333 0.1768904328125 0.089988425 0.1768904328125 0.11371527708333334 0.1780478390625 0.11776620416666667 0.179205246875 0.1192129625 0.17959105 0.12991898125 0.1819058640625 0.13541666666666666 0.1834490734375 0.13715277708333332 0.1853780859375 0.14785879583333333 0.18923611093749998 0.15653935208333333 0.1925154328125 0.15769675833333335 0.20331790156250001 0.15856481458333332 0.20601851875000002 0.16550925833333335 0.2077546296875 0.16637731458333332 0.213348765625 0.17447916666666666 0.21817129687499998 0.1776620375 0.22164351875000002 0.17824074166666665 0.226080246875 0.17650462916666668 0.23109567968750003 0.17621527708333332 0.2370756171875 0.17824074166666665 0.23958333281250002 0.17824074166666665 0.2472993828125 0.175636575 0.25 0.17303240833333333 0.2519290125 0.17245370416666667 0.256365740625 0.16724537083333332 0.2606095671875 0.16550925833333335 0.2609953703125 0.16464120416666667 0.26658950625 0.16290509166666667 0.2679398140625 0.16145833333333334 0.2677469140625 0.15769675833333335 0.2658179015625 0.15075231458333332 0.26523919687499997 0.1504629625 0.2644675921875 0.14612268541666668 0.2644675921875 0.14033564791666667 0.2654320984375 0.13888888958333334 0.26716820937499997 0.14178240833333333 0.2689043203125 0.14236111041666666 0.2714120375 0.14496527708333332 0.2737268515625 0.14554398124999998 0.2752700625 0.14756944375 0.27970679062500003 0.15075231458333332 0.2872299375 0.15104166666666666 0.2897376546875 0.1504629625 0.2908950625 0.14930555625 0.2932098765625 0.14149305625 0.296296296875 0.136863425 0.30169753125 0.13396990833333333 0.30169753125 0.13310185208333333 0.303240740625 0.13165509166666667 0.305169753125 0.1310763895833333 0.30902777812500004 0.12355324166666667 0.31172839531249996 0.120949075 0.3144290125 0.11631944375 0.3144290125 0.1151620375 0.3155864203125 0.113425925 0.3165509265625 0.10706018541666666 0.3171296296875 0.10648148125 0.3177083328125 0.09866898125 0.32040894999999997 0.08854166666666667 0.32040894999999997 0.08420138958333333 0.3190586421875 0.07783564791666667 0.3175154328125 0.07638888958333333 0.31172839531249996 0.066261575 0.30960648125 0.06452546249999999 0.3063271609375 0.05960648125 0.30362654375 0.04774305625 0.3009259265625 0.04224537083333334 0.28896605000000003 0.04224537083333334 0.2845293203125 0.0448495375 0.27353394999999997 0.04774305625 0.26909722187499996 0.04745370416666667 0.2679398140625 0.04629629583333333 0.26697530937499997 0.043113425000000004 0.2673611109375 0.03790509166666667 0.26909722187499996 0.03587962916666666 0.2712191359375 0.029224537499999998 0.2731481484375 0.027199075 0.2750771609375 0.021701389583333335 0.2824074078125 0.012152777083333333 0.2824074078125 0.005208333333333333 0.28163580312500003 0.003761575 0.27970679062500003 0.00289351875 0.272955246875 0.003761575 0.2613811734375 0.0031828708333333333 0.25887345625 0.0020254625 0.2561728390625 0.0020254625 0.2559799375 0 0.24131944375 0
0 0.021026234375 0.19386574166666665 0.0214120375 0.20138888958333334 0.02256944375 0.206886575 0.0250771609375 0.20833333333333334 0.028549382812500003 0.2089120375 0.03800154375 0.20804398124999998 0.0428240734375 0.2089120375 0.0432098765625 0.21006944375 0.0418595671875 0.214988425 0.040316357812499995 0.2265625 0.0418595671875 0.23784722291666668 0.0470679015625 0.24565972291666668 0.0559413578125 0.24942129583333333 0.057098765625000006 0.25173611041666666 0.061728395312499997 0.25144675833333335 0.06327160468750001 0.24768518541666668 0.0636574078125 0.24305555625 0.062885803125 0.23408564791666667 0.0636574078125 0.22685185208333333 0.0646219140625 0.22540509166666667 0.06770833281250001 0.22395833333333334 0.06905864218749999 0.2207754625 0.06905864218749999 0.21585648124999998 0.069830246875 0.21354166666666666 0.0696373453125 0.20920138958333334 0.07021605 0.20746527708333332 0.07040895 0.19589120416666667 0.07118055625 0.19212962916666668 0.0731095671875 0.18663194375 0.079668209375 0.17534722291666668 0.08101851875 0.17100694375 0.08101851875 0.167824075 0.0842978390625 0.16145833333333334 0.08487654375 0.15798611041666666 0.0837191359375 0.15625 0.0837191359375 0.15480324166666665 0.0812114203125 0.15133101875000002 0.079475309375 0.15075231458333332 0.0748456796875 0.15075231458333332 0.070794753125 0.15335648124999998 0.0661651234375 0.15451388958333334 0.061149690624999996 0.15451388958333334 0.05729166718749999 0.15277777708333332 0.055169753125 0.14988425833333335 0.053047839062500005 0.14872685208333333 0.0524691359375 0.14670138958333334 0.0499614203125 0.144675925 0.047260803125 0.14033564791666667 0.0432098765625 0.13802083333333334 0.03915895 0.13744212916666668 0.0329861109375 0.14033564791666667 0.0279706796875 0.14583333333333334 0.0271990734375 0.15075231458333332 0.027777778125000003 0.15104166666666666 0.02835648125 0.15480324166666665 0.027777778125000003 0.15682870416666667 0.02449845625 0.16116898124999998 0.02237654375 0.167824075 0.0231481484375 0.17476851875000002 0.02237654375 0.1796875 0.0214120375 0.1817129625 0.021026234375 0.19386574166666665
0 0.53915895 0.34056712916666665 0.53915895 0.3611111104166667 0.5416666671875 0.36631944375000003 0.5437885796875 0.3767361104166667 0.550347221875 0.37962962916666665 0.5538194437499999 0.379050925 0.55574845625 0.37702546249999996 0.5592206796875 0.36603009166666667 0.5617283953125 0.36284722291666666 0.5644290125 0.35734953750000004 0.5644290125 0.35127314791666664 0.5636574078125001 0.35011574166666665 0.5632716046875 0.34693287083333335 0.562885803125 0.33506944375000003 0.5617283953125 0.32783564791666664 0.5524691359375 0.31944444375000003 0.546296296875 0.31915509166666667 0.5437885796875 0.32060185208333336 0.5418595671875 0.32349537083333335 0.5410879625 0.32696759166666667 0.53915895 0.3304398145833333 0.53896605 0.33275462916666665 0.5383873453125 0.33304398125 0.5383873453125 0.33940972291666666 0.53915895 0.34056712916666665
0 0.4627700625 0.27256944375000003 0.46739969062500003 0.2757523145833333 0.4737654328125 0.27777777708333334 0.485918209375 0.277199075 0.4870756171875 0.2751736104166667 0.488233025 0.2751736104166667 0.48842592656250006 0.27633101875 0.48668981406249995 0.28038194375000003 0.4864969140625 0.28443287083333335 0.485918209375 0.28472222291666666 0.485918209375 0.296875 0.4864969140625 0.29716435208333336 0.48668981406249995 0.30121527708333334 0.4876543203125 0.30381944375000003 0.49556327187500004 0.30381944375000003 0.49768518593750005 0.30526620416666667 0.49903549375 0.3070023145833333 0.500578703125 0.31307870416666667 0.50289351875 0.3151041666666667 0.5040509265625001 0.3185763895833333 0.506365740625 0.32089120416666667 0.5084876546875 0.32609953750000004 0.5084876546875 0.32754629583333333 0.5098379625 0.32899305624999997 0.5109953703125 0.33246527708333334 0.515239196875 0.3376736104166667 0.51658950625 0.3382523145833333 0.51851851875 0.3420138895833333 0.5202546296875 0.34259259166666667 0.5217978390625 0.34490740833333333 0.5258487656249999 0.34490740833333333 0.52835648125 0.34027777708333334 0.5295138890625 0.339699075 0.529899690625 0.3382523145833333 0.5381944437499999 0.32841435208333336 0.543016975 0.31915509166666667 0.5451388890625 0.3177083333333333 0.5457175921874999 0.31539351875 0.54783950625 0.31192129583333333 0.5499614203125 0.3046875 0.555169753125 0.296875 0.5565200625 0.285300925 0.5574845671875 0.28443287083333335 0.5603780859375 0.28587962916666665 0.5644290125 0.2864583333333333 0.5690586421875 0.27806712916666665 0.5709876546875 0.269675925 0.5729166671875 0.26475694375 0.5731095671875 0.26128472291666666 0.5744598765625 0.25925925833333335 0.575617284375 0.24942129583333333 0.575617284375 0.24334490833333333 0.5763888890625 0.2421875 0.5763888890625 0.23350694375 0.575617284375 0.23206018541666668 0.575617284375 0.22974537083333332 0.5723379625 0.22395833333333334 0.571759259375 0.22164351875000002 0.571759259375 0.21614583333333334 0.5731095671875 0.21180555625 0.575617284375 0.206886575 0.575617284375 0.20225694375 0.5748456796875 0.19965277708333332 0.5727237656249999 0.19791666666666666 0.571759259375 0.1953125 0.5665509265625001 0.18923611041666666 0.5644290125 0.18518518541666668 0.5626929015625 0.18402777708333332 0.5609567906249999 0.18055555625 0.5574845671875 0.17795138958333334 0.5480324078125001 0.17621527708333332 0.5364583328125 0.175925925 0.5345293203125 0.17708333333333334 0.531635803125 0.18113425833333335 0.5310570984375 0.183738425 0.529899690625 0.1854745375 0.529899690625 0.18778935208333333 0.527777778125 0.18923611041666666 0.527777778125 0.19010416666666666 0.5260416671875 0.19212962916666668 0.523919753125 0.18894675833333335 0.5231481484375 0.18576388958333334 0.5192901234375 0.1854745375 0.5177469140625 0.183738425 0.5140817906249999 0.17418981458333332 0.5138888890625 0.171875 0.511188271875 0.16753472291666668 0.5081018515625 0.16579861041666666 0.5065586421875 0.16377314791666667 0.5032793203125 0.16261574166666665 0.4978780859375 0.16261574166666665 0.49440586406250003 0.16377314791666667 0.49228395 0.16637731458333332 0.48784722187499996 0.16840277708333332 0.485918209375 0.17158564791666667 0.4864969140625 0.17245370416666667 0.48668981406249995 0.175636575 0.489776234375 0.1817129625 0.489776234375 0.1854745375 0.4890046296875 0.18663194375 0.48456790156249996 0.18923611041666666 0.4772376546875 0.191261575 0.47704475312500005 0.19212962916666668 0.4720293203125 0.1953125 0.47183642031249995 0.19849537083333332 0.471257715625 0.19878472291666668 0.471257715625 0.20804398124999998 0.47067901250000005 0.21035879583333333 0.46855709843750004 0.21325231458333332 0.467206790625 0.21788194375 0.4666280859375 0.21817129583333333 0.46643518593750005 0.22048611041666666 0.4654706796875 0.22164351875000002 0.46527777812500004 0.22366898124999998 0.4627700625 0.22685185208333333 0.4635416671875 0.23871527708333332 0.4627700625 0.23958333333333334 0.46257716093749995 0.2421875 0.46199845625 0.24247685208333333 0.46141975312500005 0.24739583333333334 0.46141975312500005 0.2598379625 0.46199845625 0.26996527708333334 0.46257716093749995 0.27025462916666665 0.4627700625 0.27256944375000003
0 0.2833719140625 0.010416666666666666 0.281828703125 0.010995370833333332 0.28163580312500003 0.012442129166666668 0.28260030937499997 0.013888889583333335 0.2843364203125 0.012152777083333333 0.2833719140625 0.010416666666666666
0 0.28260030937499997 0.00491898125 0.283757715625 0.0057870375 0.2845293203125 0.005208333333333333 0.28163580312500003 0.004629629166666666 0.27970679062500003 0.00289351875 0.27777777812500004 0.003761575 0.27642746875 0.005208333333333333 0.2789351859375 0.006076389583333333 0.281828703125 0.006076389583333333 0.28260030937499997 0.00491898125
0 0.18267746875 0 0.18267746875 0.0017361104166666666 0.1815200625 0.004629629166666666 0.1815200625 0.011574075 0.18730709843749999 0.017361110416666665 0.1915509265625 0.02893518541666667 0.1934799375 0.030671295833333334 0.19463734531250002 0.0332754625 0.1979166671875 0.035011574999999996 0.1994598765625 0.037326389583333335 0.2038966046875 0.03935185208333333 0.2058256171875 0.041666666666666664 0.21180555625 0.04340277708333333 0.2146990734375 0.04571759166666667 0.21701388906250002 0.04629629583333333 0.22048611093749998 0.04976851875 0.2253086421875 0.05150462916666666 0.228009259375 0.05150462916666666 0.23070987656250003 0.04976851875 0.23456790156250001 0.041666666666666664 0.23572530937499997 0.03674768541666666 0.2366898140625 0.022569443749999998 0.23996913593750002 0.012152777083333333 0.2393904328125 0.010995370833333332 0.23919753125 0 0.18267746875 0
0 0.018518518749999997 0 0.018518518749999997 0.0017361104166666666 0.017168209375 0.0031828708333333333 0.016975309375 0.005208333333333333 0.015239196875 0.008391204166666666 0.013888889062500001 0.015335647916666667 0.013695987500000001 0.019675925 0.0144675921875 0.021990741666666664 0.0158179015625 0.023726852083333336 0.020061728125 0.02633101875 0.021797839062499998 0.029224537499999998 0.021797839062499998 0.03587962916666666 0.02237654375 0.03616898125 0.02256944375 0.03935185208333333 0.02237654375 0.04253472291666667 0.021797839062499998 0.04340277708333333 0.02237654375 0.04369212916666666 0.02237654375 0.04658564791666667 0.0241126546875 0.05005787083333334 0.027006173437499996 0.05179398125 0.030285493749999996 0.05613425833333333 0.03125 0.06018518541666666 0.031828703125 0.06915509166666665 0.0345293203125 0.07291666666666667 0.0353009265625 0.07667824166666667 0.0372299375 0.07957175833333333 0.0383873453125 0.08420138958333333 0.0416666671875 0.08825231458333334 0.0435956796875 0.09403935208333333 0.046489196875 0.09895833333333333 0.047839506250000004 0.09895833333333333 0.057098765625000006 0.09519675833333333 0.059606481249999996 0.09317129583333333 0.0671296296875 0.089699075 0.0696373453125 0.08680555625 0.071759259375 0.0859375 0.0731095671875 0.08304398125 0.082561728125 0.0760995375 0.0856481484375 0.07204861041666667 0.08680555625 0.0682870375 0.0881558640625 0.066261575 0.09567901250000001 0.06423611041666667 0.097608025 0.0604745375 0.09895833281250001 0.05439814791666667 0.0987654328125 0.04658564791666667 0.0978009265625 0.03935185208333333 0.09895833281250001 0.03761574166666667 0.109953703125 0.03935185208333333 0.11342592656249999 0.03877314791666667 0.1149691359375 0.037326389583333335 0.11824845625 0.025462962500000002 0.121527778125 0.019965277083333333 0.1217206796875 0.011284722916666667 0.12345679062499999 0.007523147916666667 0.1269290125 0.00491898125 0.12750771562500002 0 0.018518518749999997 0
0 0.669367284375 0.6782407416666667 0.6749614203125 0.6857638895833333 0.6820987656249999 0.6875 0.6842206796875 0.6895254625 0.6857638890625 0.6895254625 0.6892361109375 0.6915509249999999 0.691358025 0.6938657416666667 0.6959876546875 0.6956018520833334 0.699652778125 0.6953125 0.7013888890625 0.6938657416666667 0.702739196875 0.6854745375 0.7033179015625 0.6851851854166667 0.703510803125 0.6808449083333333 0.70408950625 0.6805555562500001 0.704475309375 0.6707175916666667 0.70408950625 0.6666666666666666 0.703510803125 0.6660879625 0.7033179015625 0.6608796291666666 0.702739196875 0.6605902770833333 0.7013888890625 0.6521990750000001 0.6979166671875 0.6417824083333333 0.69425154375 0.6403356479166666 0.6927083328125 0.6380208333333334 0.6911651234375 0.6403356479166666 0.6896219140625 0.640625 0.686921296875 0.6469907416666667 0.6873070984375 0.6524884249999999 0.6851851859375 0.6568287041666667 0.683063271875 0.65914351875 0.68074845625 0.6600115750000001 0.6803626546875 0.66116898125 0.675347221875 0.6629050916666667 0.671489196875 0.6655092583333333 0.669367284375 0.6695601854166667 0.669367284375 0.6715856479166666 0.6687885796875 0.671875 0.669367284375 0.6724537041666667 0.669367284375 0.6782407416666667
0 0.5709876546875 0.10098379583333333 0.5715663578125 0.10329861041666667 0.5709876546875 0.11776620416666667 0.5719521609375 0.12037037083333332 0.5738811734375 0.12239583333333333 0.5821759265625001 0.1270254625 0.58487654375 0.1270254625 0.5900848765625 0.12876157500000002 0.590277778125 0.12962962916666668 0.59471450625 0.1328125 0.595100309375 0.13396990833333333 0.5987654328125 0.1310763895833333 0.6008873453125 0.12442129583333333 0.6022376546875 0.12210648125 0.6051311734375 0.120949075 0.61033950625 0.120949075 0.612847221875 0.11863425833333333 0.6195987656249999 0.120949075 0.6242283953125 0.11487268541666666 0.6257716046875 0.10995370416666667 0.627507715625 0.10763888958333333 0.628858025 0.10416666666666667 0.6290509265625001 0.10069444375 0.6296296296875 0.10011574166666667 0.6280864203125 0.08767361041666667 0.624421296875 0.07696759166666665 0.6242283953125 0.074074075 0.6222993828125001 0.06944444375 0.6194058640625 0.066261575 0.61612654375 0.06018518541666666 0.613811728125 0.058449074999999996 0.6134259265625001 0.057291666666666664 0.61033950625 0.05555555625 0.6037808640625 0.05555555625 0.5958719140625 0.052083333333333336 0.58584105 0.05150462916666666 0.58101851875 0.05497685208333333 0.5779320984375 0.06018518541666666 0.577546296875 0.066550925 0.5769675921874999 0.06712962916666668 0.5769675921874999 0.07320601875 0.5754243828125001 0.074074075 0.5709876546875 0.074074075 0.5684799375 0.081886575 0.5665509265625001 0.08506944375 0.566358025 0.089699075 0.5671296296875 0.09432870416666667 0.5696373453125 0.0995370375 0.5709876546875 0.10098379583333333
0 0.7478780859375 0.18142361041666666 0.7478780859375 0.183738425 0.7438271609375 0.1953125 0.7438271609375 0.19849537083333332 0.74324845625 0.19878472291666668 0.7438271609375 0.20572916666666666 0.746527778125 0.2109375 0.7478780859375 0.21701388958333334 0.7478780859375 0.21990740833333333 0.7484567906249999 0.22019675833333335 0.750578703125 0.23090277708333332 0.7511574078125001 0.23119212916666668 0.751350309375 0.23379629583333333 0.7530864203125 0.23611111041666666 0.7540509265625001 0.24131944375 0.7561728390625 0.24334490833333333 0.7571373453125 0.24565972291666668 0.7596450625 0.24768518541666668 0.7613811734375 0.25347222291666666 0.7640817906249999 0.25665509166666667 0.76658950625 0.25665509166666667 0.7698688265625 0.25347222291666666 0.7746913578125 0.24652777708333332 0.7839506171874999 0.23755787083333332 0.7862654328125 0.23090277708333332 0.7878086421875 0.2285879625 0.7883873453125 0.21730324166666665 0.7897376546875 0.21527777708333332 0.7916666671875 0.21614583333333334 0.7922453703125 0.21875 0.7916666671875 0.22598379583333333 0.7910879625 0.22627314791666667 0.7910879625 0.2285879625 0.7916666671875 0.22887731458333332 0.7918595671875 0.24450231458333332 0.7926311734375 0.24739583333333334 0.7957175921874999 0.25318287083333335 0.7957175921874999 0.25462962916666665 0.7970679015625 0.2557870375 0.802276234375 0.25694444375 0.8038194437499999 0.25925925833333335 0.8053626546875 0.2601273145833333 0.8072916671874999 0.2635995375 0.8109567906249999 0.26678240833333333 0.8126929015625001 0.269386575 0.815972221875 0.2717013895833333 0.8184799375 0.27546296249999996 0.8190586421875 0.27980324166666665 0.8209876546875 0.28211805624999997 0.8244598765625 0.2789351854166667 0.825617284375 0.2751736104166667 0.827546296875 0.27314814791666664 0.8296682093750001 0.2679398145833333 0.8337191359375 0.26533564791666664 0.8354552468750001 0.26215277708333334 0.838348765625 0.25925925833333335 0.840277778125 0.25057870416666667 0.8418209875 0.24884259166666667 0.842399690625 0.25 0.8468364203125001 0.2523148145833333 0.84857253125 0.2557870375 0.8518518515625001 0.25839120416666667 0.8522376546875 0.25954861041666666 0.8560956796875001 0.26070601875 0.8582175921875 0.25694444375 0.8595679015625001 0.25607638958333334 0.8603395062500001 0.25318287083333335 0.86419753125 0.24768518541666668 0.8655478390625 0.23784722291666668 0.8649691359375 0.23263888958333334 0.8630401234375 0.22685185208333333 0.8616898140625 0.22511574166666665 0.8603395062500001 0.21875 0.8584104937499999 0.21585648124999998 0.856867284375 0.20920138958333334 0.8543595671875 0.20572916666666666 0.85165895 0.1854745375 0.85146605 0.175636575 0.8503086421875 0.17042824166666665 0.8476080250000001 0.16579861041666666 0.8476080250000001 0.16319444375 0.8470293203124999 0.16261574166666665 0.8470293203124999 0.152488425 0.8478009265625 0.14988425833333335 0.8497299375 0.14756944375 0.8503086421875 0.1426504625 0.8541666671874999 0.13310185208333333 0.8549382718749999 0.12789351875 0.8557098765625 0.12731481458333332 0.8557098765625 0.12355324166666667 0.8549382718749999 0.12239583333333333 0.8549382718749999 0.12008101875 0.8541666671874999 0.1192129625 0.8505015437500001 0.11805555625 0.8449074078125 0.11284722291666666 0.8331404328125 0.11226851875 0.8231095671875 0.11545138958333333 0.8196373453125 0.12008101875 0.8196373453125 0.12152777708333334 0.8184799375 0.12355324166666667 0.8182870375 0.1267361104166667 0.8165509265625 0.12905092499999998 0.8157793203124999 0.13628472291666668 0.8146219140625 0.13946759166666667 0.813078703125 0.14120370416666667 0.8109567906249999 0.1464120375 0.8072916671874999 0.14670138958333334 0.8036265437500001 0.14004629583333333 0.8024691359375 0.13599537083333332 0.80169753125 0.13541666666666666 0.8009259265625 0.13165509166666667 0.79976851875 0.12962962916666668 0.79976851875 0.12760416666666666 0.7991898140625 0.1270254625 0.7970679015625 0.11660879583333333 0.792438271875 0.109375 0.785108025 0.10127314791666667 0.7827932093750001 0.09982638958333333 0.7791280859375 0.09982638958333333 0.77642746875 0.10127314791666667 0.7750771609375 0.105613425 0.7750771609375 0.11660879583333333 0.77642746875 0.12586805625 0.77642746875 0.13396990833333333 0.777777778125 0.136574075 0.7779706796875 0.140625 0.777777778125 0.14293981458333332 0.7771990734374999 0.14322916666666666 0.7760416671875 0.14756944375 0.7727623453125 0.14930555625 0.765239196875 0.14872685208333333 0.759259259375 0.15133101875000002 0.7575231484375 0.15364583333333334 0.7559799375 0.15393518541666668 0.7546296296875 0.15538194375 0.7530864203125 0.15856481458333332 0.7492283953125 0.16348379583333333 0.748649690625 0.16579861041666666 0.74517746875 0.171875 0.74517746875 0.175636575 0.746527778125 0.17795138958333334 0.7467206796875 0.17997685208333333 0.7478780859375 0.18142361041666666
0 0.721257715625 0 0.721257715625 0.0017361104166666666 0.720100309375 0.0020254625 0.71778549375 0.006076389583333333 0.7154706796875 0.0078125 0.711419753125 0.014467591666666666 0.7100694437499999 0.015335647916666667 0.7089120375 0.01851851875 0.7089120375 0.019675925 0.71199845625 0.02633101875 0.7172067906249999 0.033854166666666664 0.7172067906249999 0.03935185208333333 0.7164351859375 0.04050925833333333 0.7131558640625 0.041666666666666664 0.702739196875 0.04340277708333333 0.69540895 0.049479166666666664 0.69425154375 0.05179398125 0.6927083328125 0.05960648125 0.6911651234375 0.0625 0.6875 0.06568287083333334 0.6842206796875 0.07146990833333335 0.6832561734375 0.07754629583333333 0.68267746875 0.07783564791666667 0.6813271609375 0.0839120375 0.6780478390625 0.09143518541666666 0.6761188265625 0.09837962916666668 0.6759259265625001 0.10300925833333333 0.675347221875 0.10329861041666667 0.675347221875 0.10619212916666668 0.6761188265625 0.10792824166666667 0.6761188265625 0.11631944375 0.6780478390625 0.11979166666666667 0.6819058640625 0.12152777708333334 0.69425154375 0.12152777708333334 0.6988811734375 0.11834490833333335 0.7033179015625 0.11747685208333333 0.71392746875 0.10850694375 0.7166280859375 0.10763888958333333 0.7168209875 0.10677083333333333 0.7185570984375 0.10879629583333333 0.717399690625 0.11226851875 0.7146990734374999 0.1151620375 0.7118055562500001 0.12152777708333334 0.7062114203125 0.12905092499999998 0.7052469140625 0.1348379625 0.7046682093750001 0.13512731458333332 0.7046682093750001 0.14525462916666668 0.7052469140625 0.14554398124999998 0.7062114203125 0.14901620416666667 0.7077546296875 0.14959490833333333 0.7112268515625 0.15393518541666668 0.71199845625 0.15798611041666666 0.71199845625 0.168113425 0.7133487656249999 0.17129629583333333 0.715277778125 0.17332175833333335 0.7154706796875 0.17534722291666668 0.7185570984375 0.17708333333333334 0.720100309375 0.1796875 0.7229938265625 0.18113425833333335 0.72665895 0.18489583333333334 0.7310956796875 0.18605324166666665 0.7345679015625 0.18113425833333335 0.734760803125 0.17881944375 0.7364969140625 0.17476851875000002 0.7366898140625 0.17216435208333333 0.7384259265625001 0.1698495375 0.7393904328125 0.16493055625 0.7413194437499999 0.16145833333333334 0.7430555562500001 0.15509259166666667 0.74710648125 0.14930555625 0.7550154328125 0.14756944375 0.756365740625 0.14554398124999998 0.7584876546875 0.144386575 0.763117284375 0.1348379625 0.7633101859375 0.13194444375 0.7638888890625 0.13136574166666667 0.7638888890625 0.12210648125 0.76273148125 0.11805555625 0.7613811734375 0.11603009166666665 0.7598379625 0.09809027708333334 0.7606095671875 0.09375 0.7619598765625 0.09143518541666666 0.7644675921874999 0.08275462916666668 0.77334105 0.06973379583333333 0.78414351875 0.06394675833333334 0.7845293203125 0.0625 0.7872299375 0.05931712916666666 0.788580246875 0.05555555625 0.793016975 0.05150462916666666 0.8030478390625 0.050636574999999996 0.807098765625 0.05121527708333333 0.8109567906249999 0.05005787083333334 0.813078703125 0.04571759166666667 0.8128858031249999 0.03125 0.8101851859375 0.02575231458333333 0.807098765625 0.0234375 0.8038194437499999 0.022569443749999998 0.8036265437500001 0.021701389583333335 0.8018904328125 0.02112268541666667 0.7999614203125 0.019097222916666667 0.796489196875 0.019097222916666667 0.7947530859375 0.021412037499999998 0.7932098765625 0.021701389583333335 0.7907021609375 0.024305556250000002 0.7883873453125 0.024884258333333336 0.7872299375 0.027199075 0.7835648140625 0.030381943749999998 0.7791280859375 0.028645833333333332 0.7758487656249999 0.024305556250000002 0.7725694437499999 0.022569443749999998 0.7710262343750001 0.022858795833333334 0.7679398140625 0.024305556250000002 0.7658179015625 0.030960647916666664 0.7640817906249999 0.033854166666666664 0.7623456796875 0.04137731458333334 0.7606095671875 0.04224537083333334 0.7584876546875 0.0448495375 0.7571373453125 0.040798610416666665 0.7571373453125 0.03819444375 0.75790895 0.03443287083333334 0.75790895 0.02893518541666667 0.7596450625 0.021990741666666664 0.7596450625 0.015335647916666667 0.75790895 0.008391204166666666 0.7488425921874999 0.004629629166666666 0.748649690625 0.003761575 0.74517746875 0.0020254625 0.7447916671875 0 0.721257715625 0