0 0.4484953703125 0.14756944375 0.45119598749999995 0.14959490833333333 0.45293209843750004 0.15306712916666668 0.456983025 0.15509259166666667 0.46257716093749995 0.16174768541666668 0.46527777812500004 0.16290509166666667 0.47067901250000005 0.16290509166666667 0.47704475312500005 0.15769675833333335 0.4801311734375 0.15162037083333332 0.48379629687500003 0.14756944375 0.48476080312500003 0.14236111041666666 0.48533950625 0.14178240833333333 0.485918209375 0.13599537083333332 0.48784722187499996 0.13252314791666667 0.49382716093749995 0.12644675833333333 0.494598765625 0.12210648125 0.4940200625 0.12152777708333334 0.49305555625 0.11487268541666666 0.49209105 0.113136575 0.4918981484375 0.10995370416666667 0.48919753125 0.1035879625 0.48919753125 0.10214120416666667 0.48476080312500003 0.09403935208333333 0.48128857968750005 0.08333333333333333 0.4772376546875 0.07523148125 0.471257715625 0.07262731458333334 0.46257716093749995 0.07262731458333334 0.45659722187499996 0.07465277708333334 0.45273919687499997 0.08101851875 0.450617284375 0.0879629625 0.45003857968750005 0.08825231458333334 0.45003857968750005 0.089699075 0.4481095671875 0.09375 0.4481095671875 0.09519675833333333 0.44540895 0.10040509166666665 0.44521605 0.10271990833333335 0.4434799375 0.10619212916666668 0.4434799375 0.10763888958333333 0.4421296296875 0.109375 0.44058642031249995 0.11776620416666667 0.440007715625 0.11805555625 0.4386574078125 0.12326388958333333 0.4386574078125 0.12557870416666667 0.43807870312499997 0.12586805625 0.4375 0.12876157500000002 0.43730709843750004 0.13049768541666668 0.43807870312499997 0.13310185208333333 0.443865740625 0.13715277708333332 0.4484953703125 0.14756944375
0 0.46682098749999995 0.38194444375000003 0.46932870312499997 0.3802083333333333 0.474151234375 0.37442129583333333 0.4747299375 0.3767361104166667 0.47704475312500005 0.37847222291666666 0.4791666671875 0.38223379583333333 0.4797453703125 0.38483796249999996 0.48128857968750005 0.386574075 0.48456790156249996 0.38773148125 0.4949845671875 0.3810763895833333 0.49710648125 0.37702546249999996 0.4982638890625 0.3767361104166667 0.500385803125 0.37297453750000004 0.503858025 0.3695023145833333 0.507330246875 0.36371527708333334 0.5158179015625 0.35619212916666665 0.519097221875 0.34375 0.52044753125 0.33275462916666665 0.5212191359375 0.33159722291666666 0.5214120375 0.324363425 0.52334105 0.3220486104166667 0.527777778125 0.31915509166666667 0.5310570984375 0.31886574166666665 0.5331790125 0.3177083333333333 0.5331790125 0.316550925 0.535108025 0.31365740833333333 0.5353009265625001 0.31163194375000003 0.5364583328125 0.3101851854166667 0.53800154375 0.30266203750000004 0.53896605 0.300636575 0.5397376546875 0.293113425 0.5372299375 0.28616898125 0.5358796296875 0.2789351854166667 0.5345293203125 0.277488425 0.5331790125 0.27372685208333336 0.5291280859375 0.2711226854166667 0.5275848765625 0.2734375 0.5237268515625 0.27546296249999996 0.51658950625 0.28443287083333335 0.515239196875 0.28472222291666666 0.5129243828125001 0.28819444375000003 0.5084876546875 0.2907986104166667 0.5011574078125001 0.28327546249999996 0.49382716093749995 0.28240740833333333 0.49054783906250005 0.28414351875 0.48668981406249995 0.2890625 0.4864969140625 0.29108796249999996 0.48398919687499997 0.2942708333333333 0.4826388890625 0.2994791666666667 0.4801311734375 0.30410879583333333 0.4791666671875 0.30758101875 0.4791666671875 0.3101851854166667 0.47858796249999996 0.31047453750000004 0.4793595671875 0.3229166666666667 0.48379629687500003 0.332175925 0.48379629687500003 0.33564814791666664 0.478973765625 0.34375 0.4772376546875 0.34461805624999997 0.47434413593749997 0.3492476854166667 0.4699074078125 0.35214120416666667 0.46836419687499997 0.35474537083333335 0.4666280859375 0.35503472291666666 0.4654706796875 0.35792824166666665 0.46257716093749995 0.36053240833333333 0.46180555625 0.363425925 0.45929783906250005 0.3671875 0.458526234375 0.37702546249999996 0.46006944375 0.37991898125 0.46315586406250003 0.38194444375000003 0.46682098749999995 0.38194444375000003
0 0.8458719140625 0.14785879583333333 0.8476080250000001 0.15393518541666668 0.8483796296874999 0.16145833333333334 0.8495370375 0.16377314791666667 0.85165895 0.17216435208333333 0.8533950625 0.17418981458333332 0.8560956796875001 0.17476851875000002 0.8624614203125001 0.17100694375 0.8640046296874999 0.171875 0.8649691359375 0.17505787083333332 0.8655478390625 0.18605324166666665 0.8661265437500001 0.18634259166666667 0.8667052468750001 0.18923611041666666 0.8692129625 0.19097222291666668 0.869598765625 0.19212962916666668 0.8732638890625 0.19241898124999998 0.874421296875 0.19097222291666668 0.8786651234375 0.1895254625 0.8819444437499999 0.1895254625 0.885223765625 0.19097222291666668 0.8863811734375 0.1932870375 0.8885030859375 0.19444444375 0.8902391968750001 0.19791666666666666 0.8944830250000001 0.199363425 0.8975694437499999 0.1973379625 0.8993055562500001 0.19357638958333334 0.9000771609375 0.1895254625 0.8996913578125 0.17621527708333332 0.9000771609375 0.17332175833333335 0.9010416671874999 0.17216435208333333 0.9047067906249999 0.17505787083333332 0.906828703125 0.18315972291666668 0.906828703125 0.18518518541666668 0.9074074078125 0.1854745375 0.9079861109375 0.18807870416666667 0.912615740625 0.19010416666666666 0.9187885796874999 0.1895254625 0.921875 0.18692129583333333 0.9313271609375 0.18489583333333334 0.934027778125 0.183449075 0.9342206796875001 0.18258101875000002 0.9421296296874999 0.17939814791666667 0.9456018515625001 0.175925925 0.946759259375 0.17274305625 0.9471450625 0.15798611041666666 0.9440586421875 0.14901620416666667 0.9440586421875 0.14004629583333333 0.9407793203124999 0.13425925833333335 0.940007715625 0.1310763895833333 0.9415509265625 0.1229745375 0.9413580250000001 0.12065972291666666 0.9407793203124999 0.11892361041666667 0.9367283953125 0.11400462916666668 0.9342206796875001 0.11226851875 0.9301697531249999 0.105613425 0.93267746875 0.10445601875 0.9365354937499999 0.10098379583333333 0.9398148140625 0.09982638958333333 0.94232253125 0.09722222291666666 0.9457947531249999 0.09548611041666667 0.9479166671874999 0.09317129583333333 0.9533179015625001 0.089699075 0.9540895062500001 0.08767361041666667 0.95601851875 0.08564814791666667 0.956597221875 0.08275462916666668 0.9546682093750001 0.07002314791666667 0.950617284375 0.06423611041666667 0.950617284375 0.06018518541666666 0.9481095671875 0.05787037083333334 0.946759259375 0.0526620375 0.9425154328125 0.04774305625 0.934992284375 0.042824074999999996 0.932098765625 0.03674768541666666 0.9301697531249999 0.035300925000000004 0.9249614203125001 0.035011574999999996 0.920524690625 0.03761574166666667 0.9176311734375 0.03819444375 0.9151234562499999 0.041666666666666664 0.9133873453125 0.042824074999999996 0.9122299375 0.04629629583333333 0.9079861109375 0.05034722291666667 0.906828703125 0.04803240833333333 0.9060570984374999 0.04195601875 0.904899690625 0.03819444375 0.9016203703125001 0.035300925000000004 0.9002700625 0.035300925000000004 0.899884259375 0.036458333333333336 0.8967978390625 0.03819444375 0.8944830250000001 0.041666666666666664 0.8904320984374999 0.04369212916666666 0.88580246875 0.05150462916666666 0.8834876546875 0.052951389583333335 0.8832947531249999 0.05410879583333333 0.8802083328125001 0.05700231458333334 0.8788580250000001 0.06018518541666666 0.8780864203125001 0.06915509166666665 0.877507715625 0.06944444375 0.877507715625 0.07494212916666668 0.8780864203125001 0.07523148125 0.8790509265625 0.07986111041666667 0.8821373453125 0.08449074166666667 0.8821373453125 0.08651620416666667 0.88271605 0.08680555625 0.88290895 0.089988425 0.8834876546875 0.09027777708333334 0.884259259375 0.09461805625 0.8834876546875 0.10069444375 0.88290895 0.10098379583333333 0.88271605 0.10908564791666667 0.8782793203124999 0.11082175833333333 0.8713348765625 0.11805555625 0.856867284375 0.11805555625 0.8543595671875 0.1192129625 0.8481867281250001 0.12528935208333333 0.846257715625 0.12905092499999998 0.8478009265625 0.136863425 0.8474151234375 0.14004629583333333 0.846257715625 0.14236111041666666 0.8458719140625 0.14785879583333333
0 0 0.23350694375 0.0017361109374999999 0.23350694375 0.0032793203125000003 0.23726851875000002 0.004629629687499999 0.23871527708333332 0.0115740734375 0.24045138958333334 0.011766975 0.24131944375 0.0125385796875 0.24045138958333334 0.0192901234375 0.23871527708333332 0.025270062500000003 0.230613425 0.028935185937500003 0.22771990833333333 0.0304783953125 0.22511574166666665 0.030671296874999997 0.22309027708333332 0.0324074078125 0.21903935208333333 0.035686728125 0.21585648124999998 0.0470679015625 0.21527777708333332 0.0486111109375 0.2129629625 0.050733025 0.21151620416666667 0.05362654375 0.206886575 0.056327160937499995 0.20023148124999998 0.058641975 0.19820601875000002 0.062114196875000006 0.19241898124999998 0.0652006171875 0.18923611041666666 0.0657793203125 0.18634259166666667 0.066358025 0.16464120416666667 0.06442901250000001 0.1582754625 0.0597993828125 0.15075231458333332 0.0597993828125 0.14699074166666665 0.0613425921875 0.14525462916666668 0.06442901250000001 0.14409722291666668 0.066358025 0.14178240833333333 0.06828703750000001 0.1385995375 0.0684799375 0.1348379625 0.06905864218749999 0.13425925833333335 0.06828703750000001 0.12760416666666666 0.06500771562499999 0.12326388958333333 0.060378085937500006 0.12268518541666666 0.05767746875 0.12442129583333333 0.053819443749999994 0.12905092499999998 0.0518904328125 0.13339120416666667 0.05169753125 0.13541666666666666 0.049768518750000004 0.136863425 0.0489969140625 0.14091435208333333 0.048418209375 0.14120370416666667 0.048225309375 0.14756944375 0.047453703125 0.14930555625 0.045910493749999996 0.14988425833333335 0.0432098765625 0.14756944375 0.0432098765625 0.14409722291666668 0.044367284374999996 0.14091435208333333 0.044367284374999996 0.13599537083333332 0.042438271875 0.125 0.040509259375 0.120949075 0.033757715625000004 0.11400462916666668 0.0279706796875 0.11400462916666668 0.02237654375 0.11776620416666667 0.0196759265625 0.11805555625 0.015239196875 0.120949075 0.0125385796875 0.12442129583333333 0.0125385796875 0.12557870416666667 0.0106095671875 0.12789351875 0.0084876546875 0.13628472291666668 0.0040509265624999995 0.14091435208333333 0.0023148140625 0.14525462916666668 0 0.14583333333333334 0 0.23350694375
0 0.2949459875 0.1817129625 0.2957175921875 0.19010416666666666 0.296296296875 0.19039351875000002 0.296875 0.19357638958333334 0.29841820937499997 0.1953125 0.29841820937499997 0.1973379625 0.30034722187499996 0.20052083333333334 0.3026620375 0.20167824166666665 0.305169753125 0.20138888958333334 0.307098765625 0.199074075 0.307098765625 0.1953125 0.3084490734375 0.19270833333333334 0.3126929015625 0.1854745375 0.3146219140625 0.18402777708333332 0.318865740625 0.18431712916666668 0.3238811734375 0.1895254625 0.32735339531249996 0.1895254625 0.3312114203125 0.18778935208333333 0.33506944375000003 0.18923611041666666 0.3375771609375 0.183449075 0.3375771609375 0.17332175833333335 0.338348765625 0.17245370416666667 0.3395061734375 0.168113425 0.3395061734375 0.15538194375 0.3385416671875 0.152199075 0.338348765625 0.1484375 0.3377700625 0.14785879583333333 0.33892746875 0.14178240833333333 0.338348765625 0.13599537083333332 0.3375771609375 0.13541666666666666 0.336419753125 0.13194444375 0.33487654375 0.13049768541666668 0.3323688265625 0.12991898125 0.32773919687499997 0.13194444375 0.32542438281249997 0.13599537083333332 0.32118055624999997 0.13570601875000002 0.3175154328125 0.13194444375 0.31095679062500003 0.13049768541666668 0.307098765625 0.1307870375 0.3049768515625 0.13194444375 0.301311728125 0.13599537083333332 0.30034722187499996 0.13599537083333332 0.2991898140625 0.13802083333333334 0.29648919687499997 0.14785879583333333 0.296296296875 0.1504629625 0.2957175921875 0.15075231458333332 0.2957175921875 0.15306712916666668 0.2926311734375 0.16174768541666668 0.2926311734375 0.171875 0.296296296875 0.175636575 0.296296296875 0.17881944375 0.2949459875 0.1817129625
0 0.3177083328125 0 0.3177083328125 0.0017361104166666666 0.316358025 0.002314814583333333 0.3103780859375 0.011574075 0.30902777812500004 0.019097222916666667 0.30902777812500004 0.028645833333333332 0.3084490734375 0.029513889583333335 0.30902777812500004 0.029803241666666664 0.3092206796875 0.03240740833333333 0.31732253125 0.035011574999999996 0.3175154328125 0.03587962916666666 0.3200231484375 0.03674768541666666 0.32040894999999997 0.03761574166666667 0.3260030859375 0.03761574166666667 0.33101851875 0.0332754625 0.3339120375 0.02835648125 0.34220679062500003 0.022858795833333334 0.3478009265625 0.015914352083333333 0.35455246875 0.010706018749999999 0.356867284375 0.0098379625 0.36033950625 0.0057870375 0.36033950625 0 0.3177083328125 0
0 0.07021605 0.04542824166666667 0.0709876546875 0.04976851875 0.0738811734375 0.05381944375 0.07735339531249999 0.05555555625 0.081597221875 0.05931712916666666 0.08506944375 0.0604745375 0.088348765625 0.059895833333333336 0.08892746875 0.05815972291666667 0.08892746875 0.05005787083333334 0.0904706796875 0.046875 0.09182098749999999 0.04600694375 0.09953703750000001 0.04658564791666667 0.1041666671875 0.0448495375 0.10628857968750001 0.042824074999999996 0.1113040125 0.041666666666666664 0.11342592656249999 0.03935185208333333 0.11689814843749999 0.037326389583333335 0.1190200625 0.033854166666666664 0.1269290125 0.028067129166666666 0.1282793203125 0.023726852083333336 0.1282793203125 0.017361110416666665 0.1271219140625 0.011284722916666667 0.1269290125 0.005208333333333333 0.125578703125 0.0034722229166666663 0.1226851859375 0.00289351875 0.11342592656249999 0.010127314583333333 0.108796296875 0.011574075 0.10551697499999999 0.010127314583333333 0.10223765468749998 0.005497685416666666 0.0987654328125 0.004629629166666666 0.09567901250000001 0.010706018749999999 0.09375 0.011574075 0.092399690625 0.016782408333333332 0.0904706796875 0.019097222916666667 0.090277778125 0.022569443749999998 0.089313271875 0.024016204166666666 0.083526234375 0.0234375 0.0808256171875 0.02633101875 0.0779320984375 0.027199075 0.0738811734375 0.030671295833333334 0.07040895 0.035011574999999996 0.07021605 0.03761574166666667 0.0696373453125 0.03790509166666667 0.0696373453125 0.045138889583333335 0.07021605 0.04542824166666667
0 0.0040509265624999995 0.113136575 0.008294753125 0.11487268541666666 0.010416667187500001 0.11747685208333333 0.01658950625 0.11834490833333335 0.0250771609375 0.11371527708333334 0.027777778125000003 0.113136575 0.0293209875 0.11111111041666667 0.031828703125 0.10966435208333333 0.043981481249999996 0.10474537083333332 0.0518904328125 0.1035879625 0.0696373453125 0.1035879625 0.0779320984375 0.09895833333333333 0.08506944375 0.09837962916666668 0.08680555625 0.09548611041666667 0.086419753125 0.09143518541666666 0.084490740625 0.08825231458333334 0.08101851875 0.08449074166666667 0.076581790625 0.08130787083333332 0.073688271875 0.07754629583333333 0.07233796249999999 0.07378472291666666 0.06732253125 0.06712962916666668 0.06442901250000001 0.06510416666666667 0.060378085937500006 0.06510416666666667 0.05767746875 0.066550925 0.054205246875 0.07002314791666667 0.050733025 0.07638888958333333 0.048418209375 0.07783564791666667 0.0408950625 0.0859375 0.0260416671875 0.0917245375 0.021797839062499998 0.09606481458333334 0.0212191359375 0.09809027708333334 0.019483025 0.10040509166666665 0.0144675921875 0.09982638958333333 0.012152778125 0.09837962916666668 0.010416667187500001 0.09837962916666668 0.0084876546875 0.09664351875 0.0071373453125 0.097511575 0.0059799375 0.10590277708333334 0.002507715625 0.10879629583333333 0.002507715625 0.11053240833333335 0.0040509265624999995 0.113136575
0 0.3522376546875 0.339699075 0.3535879625 0.3420138895833333 0.36033950625 0.347511575 0.36091820937499997 0.3492476854166667 0.36612654375 0.35619212916666665 0.3717206796875 0.36805555624999997 0.375 0.370949075 0.3769290125 0.371238425 0.3800154328125 0.3654513895833333 0.3800154328125 0.35648148125 0.3782793203125 0.35300925833333335 0.3780864203125 0.35127314791666664 0.375578703125 0.34809027708333334 0.37422839531249996 0.34288194375000003 0.37229938281249997 0.339988425 0.37229938281249997 0.3385416666666667 0.37017746875 0.3333333333333333 0.36709105000000003 0.32725694375000003 0.3668981484375 0.32465277708333334 0.36419753125 0.32089120416666667 0.3560956796875 0.316261575 0.35165894999999997 0.31915509166666667 0.3508873453125 0.3203125 0.3508873453125 0.32957175833333335 0.35146605000000003 0.3298611104166667 0.3522376546875 0.339699075
0 0.0063657406250000005 0.25144675833333335 0.0063657406250000005 0.2554976854166667 0.0052083328125 0.25810185208333336 0.0040509265624999995 0.26388888958333334 0.0040509265624999995 0.27372685208333336 0.0052083328125 0.2789351854166667 0.0144675921875 0.28703703750000004 0.0202546296875 0.28819444375000003 0.0275848765625 0.29195601875 0.031828703125 0.296875 0.034722221875 0.29832175833333335 0.0364583328125 0.30121527708333334 0.040509259375 0.300925925 0.0451388890625 0.29369212916666665 0.045910493749999996 0.28848379583333333 0.0476466046875 0.2864583333333333 0.0495756171875 0.28587962916666665 0.050733025 0.28616898125 0.0543981484375 0.2913773145833333 0.0675154328125 0.292824075 0.07040895 0.29542824166666665 0.074266975 0.296875 0.0837191359375 0.29716435208333336 0.08680555625 0.2986111104166667 0.088348765625 0.300636575 0.093364196875 0.30266203750000004 0.09567901250000001 0.30497685208333336 0.0987654328125 0.30584490833333333 0.10300925937500001 0.30555555624999997 0.106867284375 0.29774305624999997 0.1070601859375 0.2945601854166667 0.1076388890625 0.29398148125 0.1082175921875 0.27922453750000004 0.108989196875 0.27401620416666667 0.1095679015625 0.2734375 0.109760803125 0.26909722291666666 0.11033950625 0.26851851875 0.11033950625 0.26417824166666665 0.1095679015625 0.261574075 0.10783179062499999 0.2598379625 0.1076388890625 0.25810185208333336 0.1051311734375 0.25491898125 0.10030864218749999 0.245949075 0.10030864218749999 0.24450231458333332 0.097608025 0.238425925 0.09567901250000001 0.230613425 0.0900848765625 0.22540509166666667 0.086419753125 0.21701388958333334 0.08391203750000001 0.21556712916666668 0.0823688265625 0.2129629625 0.076581790625 0.21006944375 0.07638888906249999 0.20920138958333334 0.0719521609375 0.20746527708333332 0.063850309375 0.20746527708333332 0.06346450625 0.20833333333333334 0.061149690624999996 0.2089120375 0.059413579687499996 0.21151620416666667 0.0565200625 0.21325231458333332 0.054591049999999995 0.21701388958333334 0.0518904328125 0.22569444375 0.05169753125 0.23321759166666667 0.0511188265625 0.23350694375 0.050347221875 0.23784722291666668 0.046875 0.24160879583333333 0.042631173437499996 0.2401620375 0.0383873453125 0.23611111041666666 0.0339506171875 0.22974537083333332 0.029706790625 0.22800925833333335 0.0271990734375 0.230613425 0.027006173437499996 0.2323495375 0.023919753125000002 0.238136575 0.0198688265625 0.24074074166666665 0.0196759265625 0.24160879583333333 0.015625 0.24305555625 0.0040509265624999995 0.24334490833333333 0.0032793203125000003 0.2442129625 0.0032793203125000003 0.2479745375 0.0050154328125 0.24884259166666667 0.0063657406250000005 0.25144675833333335
0 0.386766975 0.07320601875 0.390625 0.07204861041666667 0.3952546296875 0.07523148125 0.4010416671875 0.08506944375 0.40277777812500004 0.0859375 0.40489969062500003 0.08622685208333333 0.40817901250000005 0.08333333333333333 0.4172453703125 0.07060185208333333 0.419367284375 0.06915509166666665 0.4207175921875 0.066550925 0.42283950625 0.06481481458333334 0.42631172812499996 0.05960648125 0.42746913593749997 0.05555555625 0.42746913593749997 0.048611110416666665 0.4268904328125 0.04803240833333333 0.4261188265625 0.04340277708333333 0.42283950625 0.03877314791666667 0.4207175921875 0.03761574166666667 0.4185956796875 0.03472222291666667 0.4147376546875 0.03472222291666667 0.41203703750000004 0.0370370375 0.4079861109375 0.03761574166666667 0.40547839531249996 0.035011574999999996 0.3967978390625 0.03211805625 0.39023919687499997 0.027199075 0.386766975 0.02835648125 0.38368055624999997 0.03153935208333333 0.3821373453125 0.03414351875 0.381365740625 0.03877314791666667 0.38175154375 0.046875 0.3809799375 0.058738425000000004 0.3821373453125 0.06770833333333333 0.386766975 0.07320601875
0 0.3728780859375 0.3492476854166667 0.37345679062500003 0.3492476854166667 0.3730709875 0.34693287083333335 0.3728780859375 0.3492476854166667
0 0.369598765625 0.3359375 0.36709105000000003 0.332175925 0.36631944375000003 0.33015046249999996 0.36631944375000003 0.32783564791666664 0.3651620375 0.32957175833333335 0.3649691359375 0.33680555624999997 0.369598765625 0.34027777708333334 0.37017746875 0.33796296249999996 0.369598765625 0.3359375
0 0.36284722187499996 0.32609953750000004 0.3634259265625 0.324363425 0.3624614203125 0.324074075 0.36284722187499996 0.32609953750000004
0 0.3595679015625 0.32060185208333336 0.35783179062500003 0.32060185208333336 0.35898919687499997 0.32175925833333335 0.3595679015625 0.32175925833333335 0.3595679015625 0.32060185208333336
0 0.33892746875 0.261574075 0.33892746875 0.26417824166666665 0.3395061734375 0.26446759166666667 0.3396990734375 0.26909722291666666 0.34027777812500004 0.269386575 0.341242284375 0.27633101875 0.34510030937499997 0.28009259166666667 0.3489583328125 0.28038194375000003 0.350115740625 0.2789351854166667 0.3535879625 0.277199075 0.3562885796875 0.27314814791666664 0.35783179062500003 0.2679398145833333 0.36033950625 0.26533564791666664 0.36091820937499997 0.26273148125 0.3634259265625 0.25925925833333335 0.3653549375 0.25434027708333334 0.3684413578125 0.25173611041666666 0.367669753125 0.24508101875000002 0.3643904328125 0.24247685208333333 0.3634259265625 0.24045138958333334 0.35667438281249997 0.23668981458333332 0.3478009265625 0.23697916666666666 0.343171296875 0.23929398124999998 0.3396990734375 0.24247685208333333 0.3385416671875 0.24739583333333334 0.338348765625 0.2554976854166667 0.3375771609375 0.25694444375 0.3375771609375 0.25954861041666666 0.33892746875 0.261574075
0 0.23109567968750003 0.09519675833333333 0.23263888906250002 0.09114583333333333 0.232831790625 0.08825231458333334 0.2316743828125 0.08738425833333333 0.23070987656250003 0.08738425833333333 0.230516975 0.08825231458333334 0.2301311734375 0.0917245375 0.23148148124999998 0.09317129583333333 0.230516975 0.09403935208333333 0.23109567968750003 0.09519675833333333
0 0.156828703125 0.1015625 0.1574074078125 0.1035879625 0.15914351875 0.10445601875 0.16107253125 0.10792824166666667 0.16300154375 0.10966435208333333 0.16338734531250002 0.11226851875 0.16473765468749998 0.11400462916666668 0.16473765468749998 0.1151620375 0.17013888906250002 0.11197916666666667 0.17283950625 0.10763888958333333 0.1761188265625 0.0957754625 0.176311728125 0.0917245375 0.173225309375 0.08159722291666666 0.17283950625 0.07552083333333333 0.17091049375 0.0723379625 0.16936728437499998 0.06452546249999999 0.1662808640625 0.058449074999999996 0.165509259375 0.0546875 0.1612654328125 0.05439814791666667 0.1583719140625 0.05700231458333334 0.156828703125 0.059895833333333336 0.155671296875 0.06394675833333334 0.15528549375 0.074363425 0.15470679062499998 0.07725694375 0.1541280859375 0.07754629583333333 0.1529706796875 0.08680555625 0.1529706796875 0.09403935208333333 0.1539351859375 0.09606481458333334 0.1541280859375 0.09837962916666668 0.156828703125 0.1015625
0 0.17534722187500001 0.06915509166666665 0.1761188265625 0.06973379583333333 0.1761188265625 0.07175925833333333 0.17669753125 0.07204861041666667 0.1776620375 0.08101851875 0.1799768515625 0.08680555625 0.18074845625 0.09432870416666667 0.1834490734375 0.10069444375 0.1851851859375 0.10677083333333333 0.1853780859375 0.10966435208333333 0.186921296875 0.113136575 0.188850309375 0.11458333333333333 0.193865740625 0.11487268541666666 0.19540895 0.11574074166666667 0.1998456796875 0.11487268541666666 0.2019675921875 0.113136575 0.20254629687499998 0.11082175833333333 0.20408950625000002 0.109375 0.2062114203125 0.10445601875 0.21026234531250002 0.10127314791666667 0.2125771609375 0.10098379583333333 0.213348765625 0.09895833333333333 0.213348765625 0.08362268541666666 0.2125771609375 0.08304398125 0.211419753125 0.07928240833333335 0.206597221875 0.07638888958333333 0.2054398140625 0.07465277708333334 0.2054398140625 0.07002314791666667 0.20601851875000002 0.06944444375 0.2054398140625 0.06452546249999999 0.2019675921875 0.058449074999999996 0.20138888906250002 0.05613425833333333 0.196759259375 0.04918981458333334 0.1932870375 0.04658564791666667 0.1828703703125 0.04369212916666666 0.1780478390625 0.044270833333333336 0.171875 0.04774305625 0.171489196875 0.05237268541666666 0.173225309375 0.05758101875 0.1741898140625 0.06510416666666667 0.17534722187500001 0.06915509166666665
0 0.58487654375 0.6273148145833333 0.5850694437499999 0.6302083333333334 0.58699845625 0.6345486104166667 0.5916280859375 0.6400462958333333 0.5949074078125001 0.6412037041666667 0.597608025 0.6403356479166666 0.5997299375 0.6313657416666667 0.6008873453125 0.6290509249999999 0.6039737656249999 0.6267361104166667 0.604938271875 0.6238425916666667 0.604938271875 0.6192129625 0.6024305562500001 0.6134259249999999 0.6022376546875 0.6105324083333333 0.60050154375 0.6082175916666667 0.5993441359375 0.6047453708333334 0.596257715625 0.6038773145833333 0.592399690625 0.6050347229166667 0.5877700625 0.6102430562500001 0.585455246875 0.6180555562500001 0.5842978390625 0.6192129625 0.5842978390625 0.6270254625 0.58487654375 0.6273148145833333
0 0.6961805562500001 0.14496527708333332 0.6979166671875 0.14583333333333334 0.6981095671875 0.14756944375 0.70601851875 0.15104166666666666 0.7085262343750001 0.15451388958333334 0.7100694437499999 0.15972222291666668 0.7145061734375 0.16145833333333334 0.7202932093750001 0.1620370375 0.7247299375 0.167824075 0.72665895 0.17621527708333332 0.7283950625 0.17997685208333333 0.7285879625 0.18431712916666668 0.7291666671875 0.18460648124999998 0.7285879625 0.18923611041666666 0.7301311734375 0.19212962916666668 0.7413194437499999 0.19646990833333333 0.7482638890625 0.19357638958333334 0.751350309375 0.19097222291666668 0.7555941359375 0.19097222291666668 0.759259259375 0.18923611041666666 0.7604166671875 0.18692129583333333 0.765239196875 0.183449075 0.7654320984375 0.18258101875000002 0.770061728125 0.18258101875000002 0.77044753125 0.183449075 0.77237654375 0.18402777708333332 0.77449845625 0.183449075 0.777391975 0.17939814791666667 0.7785493828125001 0.17476851875000002 0.7804783953125 0.17100694375 0.7804783953125 0.16898148124999998 0.7824074078125001 0.16174768541666668 0.7810570984375 0.15075231458333332 0.782600309375 0.14959490833333333 0.783757715625 0.15104166666666666 0.7853009265625001 0.15740740833333333 0.7870370375 0.1582754625 0.7899305562500001 0.1620370375 0.7935956796875 0.16348379583333333 0.7970679015625 0.16348379583333333 0.800347221875 0.16174768541666668 0.80169753125 0.15856481458333332 0.80169753125 0.15277777708333332 0.8009259265625 0.15075231458333332 0.7986111109375 0.14930555625 0.7957175921874999 0.14380787083333332 0.7951388890625 0.14004629583333333 0.7945601859375 0.13946759166666667 0.794367284375 0.13570601875000002 0.792438271875 0.13049768541666668 0.792438271875 0.12644675833333333 0.7951388890625 0.12152777708333334 0.796489196875 0.1151620375 0.7999614203125 0.11197916666666667 0.8009259265625 0.11197916666666667 0.8011188265625 0.11111111041666667 0.8144290125 0.11024305625 0.8157793203124999 0.10619212916666668 0.8155864203125001 0.09866898125 0.8144290125 0.09432870416666667 0.8107638890625 0.08738425833333333 0.809027778125 0.08651620416666667 0.807098765625 0.08362268541666666 0.8030478390625 0.08101851875 0.8013117281250001 0.07870370416666667 0.79976851875 0.074074075 0.7970679015625 0.0723379625 0.7918595671875 0.07204861041666667 0.7899305562500001 0.07089120416666667 0.7864583328125 0.0723379625 0.7758487656249999 0.0859375 0.7727623453125 0.08825231458333334 0.769483025 0.08940972291666666 0.7663966046875 0.08825231458333334 0.763117284375 0.08449074166666667 0.7596450625 0.082175925 0.75675154375 0.07725694375 0.7552083328125 0.07175925833333333 0.7546296296875 0.06510416666666667 0.7519290125 0.05613425833333333 0.7492283953125 0.05410879583333333 0.7478780859375 0.05410879583333333 0.74710648125 0.05555555625 0.7440200625 0.05758101875 0.7430555562500001 0.05960648125 0.7405478390625 0.06105324166666667 0.7397762343750001 0.06365740833333333 0.7332175921874999 0.07378472291666666 0.7320601859375 0.078125 0.731867284375 0.08159722291666666 0.730902778125 0.08275462916666668 0.7272376546875 0.08304398125 0.7233796296875 0.08101851875 0.720100309375 0.08072916666666667 0.7154706796875 0.08304398125 0.7100694437499999 0.08825231458333334 0.7029320984375 0.10503472291666666 0.702739196875 0.113136575 0.7019675921874999 0.11371527708333334 0.7011959875 0.11747685208333333 0.6994598765625 0.12008101875 0.6979166671875 0.1270254625 0.6946373453125 0.13165509166666667 0.6934799375 0.1348379625 0.6932870375 0.13715277708333332 0.69425154375 0.14033564791666667 0.69521605 0.14149305625 0.6961805562500001 0.14496527708333332
0 0.548225309375 0.3029513895833333 0.5484182093750001 0.3177083333333333 0.5489969140625 0.3179976854166667 0.5495756171874999 0.32089120416666667 0.550347221875 0.33159722291666666 0.5530478390625 0.33796296249999996 0.55574845625 0.3414351854166667 0.55767746875 0.3454861104166667 0.5609567906249999 0.347511575 0.56539351875 0.347511575 0.5690586421875 0.3454861104166667 0.5696373453125 0.34403935208333336 0.5723379625 0.34172453750000004 0.573688271875 0.33738425833333335 0.5750385796875 0.33564814791666664 0.575617284375 0.32957175833333335 0.5763888890625 0.328125 0.5763888890625 0.32465277708333334 0.5779320984375 0.3220486104166667 0.581983025 0.324074075 0.5823688265625 0.32783564791666664 0.5850694437499999 0.3298611104166667 0.5883487656249999 0.32783564791666664 0.5916280859375 0.32378472291666666 0.595100309375 0.3220486104166667 0.605902778125 0.3203125 0.61033950625 0.31741898125 0.610725309375 0.31597222291666666 0.61226851875 0.31452546249999996 0.61419753125 0.30439814791666664 0.61419753125 0.29253472291666666 0.610725309375 0.27546296249999996 0.6078317906249999 0.27228009166666667 0.608989196875 0.26909722291666666 0.6109182093750001 0.26678240833333333 0.6195987656249999 0.2635995375 0.6197916671875 0.26273148125 0.6230709875 0.26070601875 0.6242283953125 0.25810185208333336 0.623649690625 0.25752314791666664 0.6234567906249999 0.25491898125 0.6213348765625 0.25173611041666666 0.6195987656249999 0.25057870416666667 0.6105324078125001 0.25 0.61033950625 0.24913194375 0.60648148125 0.24768518541666668 0.594135803125 0.24768518541666668 0.5883487656249999 0.24913194375 0.5881558640625 0.25 0.5837191359375 0.25086805625 0.5779320984375 0.25491898125 0.5750385796875 0.25896990833333333 0.5738811734375 0.26128472291666666 0.5734953703125 0.26417824166666665 0.573688271875 0.269386575 0.5748456796875 0.27285879583333333 0.5748456796875 0.2760416666666667 0.5709876546875 0.27690972291666666 0.5644290125 0.26851851875 0.559992284375 0.26533564791666664 0.55574845625 0.26533564791666664 0.5530478390625 0.26678240833333333 0.551311728125 0.269675925 0.5499614203125 0.27054398125 0.5489969140625 0.27372685208333336 0.546489196875 0.27806712916666665 0.546296296875 0.28153935208333336 0.5457175921874999 0.28182870416666667 0.5457175921874999 0.2951388895833333 0.546296296875 0.29542824166666665 0.546489196875 0.29803240833333333 0.548225309375 0.3029513895833333
0 0.2332175921875 0.1385995375 0.237847221875 0.14293981458333332 0.24189814843750002 0.14207175833333335 0.244598765625 0.14091435208333333 0.248456790625 0.13715277708333332 0.2517361109375 0.13223379583333333 0.2530864203125 0.1328125 0.2536651234375 0.13570601875000002 0.2540509265625 0.14756944375 0.2550154328125 0.14988425833333335 0.2552083328125 0.152488425 0.2606095671875 0.15943287083333332 0.2619598765625 0.16290509166666667 0.26408179062500003 0.16435185208333333 0.2644675921875 0.16550925833333335 0.274884259375 0.16898148124999998 0.2750771609375 0.1698495375 0.2870370375 0.17158564791666667 0.289544753125 0.17013888958333334 0.2916666671875 0.16579861041666666 0.292438271875 0.160300925 0.2935956796875 0.1582754625 0.294367284375 0.1542245375 0.2951388890625 0.15306712916666668 0.2951388890625 0.15104166666666666 0.2970679015625 0.1464120375 0.2991898140625 0.13541666666666666 0.301311728125 0.13396990833333333 0.30169753125 0.1328125 0.307098765625 0.12962962916666668 0.307098765625 0.12789351875 0.3092206796875 0.12413194375 0.31095679062500003 0.12384259166666665 0.3144290125 0.12586805625 0.316936728125 0.1310763895833333 0.318865740625 0.13165509166666667 0.3209876546875 0.13454861041666666 0.325617284375 0.13396990833333333 0.325617284375 0.13310185208333333 0.33101851875 0.12586805625 0.3323688265625 0.12065972291666666 0.33294753125 0.10966435208333333 0.3356481484375 0.10214120416666667 0.33584105000000003 0.08825231458333334 0.3356481484375 0.08651620416666667 0.3321759265625 0.08101851875 0.3258101859375 0.07638888958333333 0.3231095671875 0.07291666666666667 0.3229166671875 0.06973379583333333 0.323688271875 0.06741898125 0.32040894999999997 0.06163194375 0.3171296296875 0.05758101875 0.31172839531249996 0.05584490833333333 0.3049768515625 0.05613425833333333 0.30169753125 0.05758101875 0.3015046296875 0.058449074999999996 0.2957175921875 0.06018518541666666 0.29340277812500004 0.066261575 0.291473765625 0.06510416666666667 0.2793209875 0.06278935208333333 0.2771990734375 0.05815972291666667 0.2770061734375 0.05324074166666667 0.273919753125 0.04918981458333334 0.26909722187499996 0.04658564791666667 0.2604166671875 0.04542824166666667 0.2552083328125 0.046875 0.25135030937499997 0.049479166666666664 0.2472993828125 0.0546875 0.244598765625 0.05584490833333333 0.24305555625 0.058449074999999996 0.23996913593750002 0.06018518541666666 0.238811728125 0.0625 0.2366898140625 0.06336805625 0.2332175921875 0.06712962916666668 0.23186728437499998 0.07002314791666667 0.23186728437499998 0.08449074166666667 0.2293595671875 0.08854166666666667 0.22916666718749998 0.0957754625 0.22858796250000002 0.09606481458333334 0.228009259375 0.10763888958333333 0.2312885796875 0.12384259166666665 0.23186728437499998 0.12413194375 0.2332175921875 0.1385995375
0 0.40682870312499997 0.08159722291666666 0.40817901250000005 0.08159722291666666 0.4074074078125 0.08101851875 0.40682870312499997 0.08159722291666666
0 0.3761574078125 0 0.3761574078125 0.0017361104166666666 0.375 0.002314814583333333 0.37364969062500003 0.005497685416666666 0.37345679062500003 0.012731481250000001 0.374421296875 0.019386575 0.3773148140625 0.026620370833333334 0.3802083328125 0.030671295833333334 0.38387345625 0.03211805625 0.386766975 0.02893518541666667 0.390625 0.02835648125 0.39351851875 0.029513889583333335 0.3948688265625 0.031828704166666666 0.40335648125 0.035011574999999996 0.4041280859375 0.03616898125 0.4074074078125 0.03761574166666667 0.4104938265625 0.03761574166666667 0.41608796249999996 0.03472222291666667 0.4185956796875 0.029513889583333335 0.41898148125 0.015335647916666667 0.42206790156249996 0.005208333333333333 0.42206790156249996 0 0.3761574078125 0
0 0.46199845625 0.46527777708333334 0.46392746875 0.46903935208333336 0.46932870312499997 0.47337962916666665 0.47280092656250006 0.47453703750000004 0.48379629687500003 0.47453703750000004 0.485918209375 0.47193287083333335 0.48842592656250006 0.47077546249999996 0.49016203750000004 0.46759259166666667 0.4918981484375 0.4664351854166667 0.49440586406250003 0.46209490833333333 0.49652777812500004 0.46064814791666664 0.4978780859375 0.45804398125 0.5054012343750001 0.4513888895833333 0.5098379625 0.441550925 0.5123456796875 0.43865740833333333 0.5140817906249999 0.4348958333333333 0.5158179015625 0.433738425 0.5212191359375 0.4241898145833333 0.5214120375 0.42274305624999997 0.5225694437499999 0.421875 0.5231481484375 0.41840277708333334 0.5250771609375 0.41464120416666667 0.5271990734374999 0.4123263895833333 0.527777778125 0.410011575 0.53125 0.40567129583333333 0.5343364203125 0.40422453750000004 0.535108025 0.40306712916666665 0.5362654328125 0.4001736104166667 0.5364583328125 0.39728009166666667 0.5408950625 0.39091435208333336 0.540509259375 0.38715277708333334 0.5362654328125 0.386574075 0.535108025 0.38859953750000004 0.532600309375 0.390625 0.531635803125 0.3932291666666667 0.5250771609375 0.402488425 0.5196759265625001 0.40711805624999997 0.515239196875 0.40914351875 0.5129243828125001 0.41261574166666665 0.5113811734375 0.41290509166666667 0.5065586421875 0.41695601875 0.4758873453125 0.41550925833333335 0.4704861109375 0.41724537083333335 0.46643518593750005 0.42158564791666664 0.46527777812500004 0.425925925 0.463348765625 0.42853009166666667 0.46257716093749995 0.43171296249999996 0.46199845625 0.4320023145833333 0.46180555625 0.43460648125 0.4581404328125 0.44241898125 0.45794753125 0.45283564791666664 0.45929783906250005 0.456886575 0.4612268515625 0.45949074166666665 0.46199845625 0.46527777708333334
0 0.61226851875 0.3776041666666667 0.6153549375 0.37847222291666666 0.6195987656249999 0.38252314791666664 0.620563271875 0.38252314791666664 0.6277006171874999 0.38078703750000004 0.6336805562500001 0.37702546249999996 0.6475694437499999 0.3726851854166667 0.6543209875 0.36776620416666667 0.6647376546875 0.36805555624999997 0.665509259375 0.36689814791666664 0.6660879625 0.36255787083333335 0.668016975 0.36053240833333333 0.67091049375 0.359375 0.67091049375 0.35850694375000003 0.6701388890625 0.35474537083333335 0.6682098765625 0.35098379583333333 0.66705246875 0.35040509166666667 0.6612654328125 0.3414351854166667 0.6603009265625001 0.3414351854166667 0.657600309375 0.33883101875 0.6541280859375 0.3385416666666667 0.64949845625 0.3414351854166667 0.6477623453125 0.34403935208333336 0.644097221875 0.34693287083333335 0.6427469140625 0.3492476854166667 0.6388888890625 0.35127314791666664 0.6373456796875 0.3532986104166667 0.6269290125 0.355324075 0.61709105 0.355324075 0.608989196875 0.35358796249999996 0.6070601859375 0.355324075 0.606867284375 0.35879629583333333 0.6062885796875 0.35908564791666664 0.6060956796875 0.36284722291666666 0.6074459875 0.3645833333333333 0.608989196875 0.37355324166666665 0.61226851875 0.3776041666666667
0 0.4826388890625 0 0.48244598749999995 0.0020254625 0.48070987656249997 0.002314814583333333 0.4793595671875 0.003761575 0.4783950625 0.006076389583333333 0.4733796296875 0.011863425 0.4699074078125 0.020833333333333332 0.4699074078125 0.023726852083333336 0.46932870312499997 0.024016204166666666 0.46932870312499997 0.03125 0.4699074078125 0.03153935208333333 0.4699074078125 0.0332754625 0.47318672812499996 0.04340277708333333 0.4739583328125 0.046875 0.4739583328125 0.0526620375 0.47453703750000004 0.052951389583333335 0.4758873453125 0.0604745375 0.48244598749999995 0.06973379583333333 0.48398919687499997 0.07320601875 0.48495370312499997 0.07349537083333332 0.48746142031249995 0.07754629583333333 0.489776234375 0.07899305625 0.4957561734375 0.07986111041666667 0.49922839531249996 0.07783564791666667 0.501350309375 0.06684027708333334 0.5052083328125 0.06105324166666667 0.50887345625 0.059895833333333336 0.5154320984375 0.06452546249999999 0.5196759265625001 0.06510416666666667 0.5260416671875 0.0682870375 0.5279706796875 0.06539351875 0.5310570984375 0.06278935208333333 0.5368441359375 0.060763889583333335 0.540509259375 0.05237268541666666 0.5410879625 0.04629629583333333 0.5408950625 0.03935185208333333 0.53915895 0.036458333333333336 0.5372299375 0.029803241666666664 0.5324074078125001 0.022569443749999998 0.5304783953125 0.016782408333333332 0.5291280859375 0.015046295833333334 0.527777778125 0.0034722229166666663 0.5260416671875 0.0014467583333333332 0.5260416671875 0 0.4826388890625 0
0 0.1780478390625 0.3654513895833333 0.17862654375 0.36574074166666665 0.17862654375 0.3671875 0.18074845625 0.3726851854166667 0.1834490734375 0.37557870416666667 0.18769290156250001 0.37818287083333335 0.188078703125 0.3802083333333333 0.1886574078125 0.3804976854166667 0.188850309375 0.38339120416666667 0.1894290125 0.38339120416666667 0.19097222187500001 0.37991898125 0.1940586421875 0.37702546249999996 0.19598765468749998 0.3726851854166667 0.1979166671875 0.359375 0.1979166671875 0.3541666666666667 0.196759259375 0.347800925 0.1940586421875 0.34288194375000003 0.1911651234375 0.34027777708333334 0.1894290125 0.33709490833333333 0.18827160468749998 0.33680555624999997 0.18576388906250002 0.33391203750000004 0.1834490734375 0.33449074166666665 0.1799768515625 0.33738425833333335 0.1761188265625 0.34288194375000003 0.1749614203125 0.34577546249999996 0.17534722187500001 0.34837962916666665 0.177276234375 0.35185185208333336 0.1780478390625 0.3654513895833333
0 0.565007715625 0.6362847229166667 0.565007715625 0.63773148125 0.5655864203125 0.6380208333333334 0.5657793203125 0.6403356479166666 0.5677083328125 0.6429398145833333 0.5709876546875 0.6417824083333333 0.571759259375 0.6409143520833334 0.571759259375 0.6368634249999999 0.573688271875 0.6290509249999999 0.575617284375 0.6264467583333333 0.5758101859375 0.625 0.5783179015625 0.62210648125 0.57908950625 0.6197916666666666 0.57908950625 0.61226851875 0.5802469140625 0.6090856479166666 0.5804398140625 0.6050347229166667 0.581597221875 0.6012731479166666 0.581597221875 0.5957754625 0.5783179015625 0.5946180562500001 0.5769675921874999 0.5954861104166667 0.575617284375 0.5992476854166667 0.5731095671875 0.6032986104166667 0.57040895 0.6050347229166667 0.5690586421875 0.6073495375 0.5644290125 0.6111111104166667 0.5626929015625 0.6140046291666666 0.5597993828125001 0.6157407416666667 0.5597993828125001 0.6166087958333333 0.55767746875 0.6192129625 0.5570987656249999 0.6215277770833333 0.5569058640625 0.6270254625 0.55767746875 0.6296296291666666 0.56346450625 0.6328125 0.565007715625 0.6362847229166667
0 0.6776620375 0 0.6776620375 0.0017361104166666666 0.675347221875 0.0034722229166666663 0.6734182093750001 0.007523147916666667 0.673225309375 0.010127314583333333 0.672260803125 0.011284722916666667 0.671489196875 0.014178241666666667 0.6720679015625 0.019386575 0.673225309375 0.02112268541666667 0.6734182093750001 0.024016204166666666 0.6741898140625 0.024884258333333336 0.6741898140625 0.029513889583333335 0.673225309375 0.03211805625 0.671489196875 0.03414351875 0.6703317906249999 0.0390625 0.671489196875 0.046875 0.6695601859375 0.05439814791666667 0.669367284375 0.058738425000000004 0.6687885796875 0.05902777708333333 0.6687885796875 0.07783564791666667 0.671489196875 0.08043981458333334 0.6774691359375 0.08304398125 0.68074845625 0.08564814791666667 0.6873070984375 0.08622685208333333 0.6894290125 0.08709490833333335 0.6927083328125 0.09027777708333334 0.6965663578125 0.08680555625 0.699652778125 0.08564814791666667 0.7038966046875 0.08738425833333333 0.706597221875 0.089699075 0.7067901234375 0.08883101875 0.711419753125 0.0859375 0.71199845625 0.08420138958333333 0.7150848765625 0.08246527708333334 0.715277778125 0.08130787083333332 0.7168209875 0.07986111041666667 0.720100309375 0.07841435208333333 0.7239583328125 0.082175925 0.72665895 0.08304398125 0.728009259375 0.08304398125 0.73148148125 0.08072916666666667 0.7326388890625 0.07899305625 0.7332175921874999 0.074074075 0.7359182093750001 0.06915509166666665 0.73726851875 0.06423611041666667 0.7399691359375 0.060763889583333335 0.74112654375 0.05584490833333333 0.7418981484375 0.05526620416666667 0.7418981484375 0.04774305625 0.7413194437499999 0.04716435208333333 0.7399691359375 0.0390625 0.7399691359375 0.036458333333333336 0.740740740625 0.03414351875 0.7442129625 0.035011574999999996 0.7476851859375 0.03964120416666667 0.7478780859375 0.041666666666666664 0.750385803125 0.0448495375 0.7517361109375 0.04571759166666667 0.7557870375 0.0448495375 0.7571373453125 0.04253472291666667 0.759259259375 0.04137731458333334 0.7606095671875 0.03848379583333333 0.7638888890625 0.03616898125 0.7644675921874999 0.03443287083333334 0.7671682093750001 0.031828704166666666 0.7689043203125 0.02633101875 0.77044753125 0.024016204166666666 0.7706404328125 0.021990741666666664 0.7752700625 0.0135995375 0.7785493828125001 0.0098379625 0.7804783953125 0.00491898125 0.779899690625 0.004340277083333333 0.7793209875 0 0.6776620375 0
0 0.8296682093750001 0.089988425 0.831597221875 0.09201388958333333 0.8304398140625 0.09461805625 0.8304398140625 0.09722222291666666 0.831597221875 0.10127314791666667 0.8321759265625 0.1015625 0.8321759265625 0.10387731458333334 0.831597221875 0.10416666666666667 0.8321759265625 0.109375 0.8342978390625 0.113136575 0.83603395 0.11371527708333334 0.838348765625 0.11660879583333333 0.844328703125 0.11892361041666667 0.8497299375 0.11979166666666667 0.8616898140625 0.11631944375 0.8680555562500001 0.113136575 0.8707561734375 0.109375 0.871527778125 0.105613425 0.8734567906249999 0.10127314791666667 0.8734567906249999 0.097511575 0.8726851859375 0.09548611041666667 0.8742283953125 0.09288194375 0.875 0.08825231458333334 0.875 0.08362268541666666 0.8742283953125 0.07928240833333335 0.8742283953125 0.06973379583333333 0.8730709875 0.06741898125 0.869598765625 0.06394675833333334 0.864776234375 0.06336805625 0.8553240734375 0.06915509166666665 0.8543595671875 0.06770833333333333 0.8543595671875 0.06539351875 0.8549382718749999 0.06481481458333334 0.8543595671875 0.059895833333333336 0.853009259375 0.0567129625 0.8497299375 0.05555555625 0.8449074078125 0.05613425833333333 0.84085648125 0.06018518541666666 0.8416280859375 0.06423611041666667 0.840277778125 0.06770833333333333 0.8377700625 0.07060185208333333 0.8348765437500001 0.08130787083333332 0.8331404328125 0.07870370416666667 0.83294753125 0.06915509166666665 0.8317901234375 0.06741898125 0.8296682093750001 0.07089120416666667 0.829475309375 0.0723379625 0.8277391968750001 0.07349537083333332 0.8263888890625 0.07783564791666667 0.8258101859375 0.08564814791666667 0.827546296875 0.08883101875 0.8279320984374999 0.09114583333333333 0.8296682093750001 0.089988425
0 0.7054398140625 0.29803240833333333 0.706597221875 0.300636575 0.7100694437499999 0.30121527708333334 0.7137345671875 0.30005787083333335 0.7160493828125001 0.30179398125 0.7185570984375 0.30555555624999997 0.720100309375 0.3101851854166667 0.723186728125 0.31452546249999996 0.7285879625 0.31452546249999996 0.7332175921874999 0.3107638895833333 0.737847221875 0.30931712916666665 0.7445987656249999 0.30931712916666665 0.7472993828125001 0.30671296249999996 0.7484567906249999 0.30410879583333333 0.7484567906249999 0.292824075 0.7472993828125001 0.28877314791666664 0.7438271609375 0.28327546249999996 0.7384259265625001 0.2789351854166667 0.733989196875 0.2795138895833333 0.729938271875 0.2864583333333333 0.7272376546875 0.28848379583333333 0.72550154375 0.28559027708333334 0.7253086421875 0.2835648145833333 0.722608025 0.27922453750000004 0.7206790125 0.27777777708333334 0.7166280859375 0.277488425 0.7135416671875 0.2789351854166667 0.7118055562500001 0.28182870416666667 0.7092978390625 0.28327546249999996 0.7054398140625 0.28877314791666664 0.7052469140625 0.29253472291666666 0.7046682093750001 0.29369212916666665 0.7052469140625 0.29398148125 0.7054398140625 0.29803240833333333