0 1 0.8358775625 0.9979478078125 0.8291838312500001 0.9972854999999999 0.82908234375 0.9964040515624999 0.8255153916666667 0.99574174375 0.8254139041666666 0.9945205171874999 0.8200299229166668 0.9924030875 0.8155872 0.99155364375 0.8110446166666667 0.9908913359374999 0.8109431270833334 0.9905909390625001 0.8058963541666666 0.9895568499999999 0.8049534666666667 0.9873089125 0.7963724895833334 0.9819932046875 0.7920280000000001 0.9777288343749999 0.7921589770833334 0.97769683125 0.7931346104166667 0.9717385578125001 0.8002619979166667 0.9686634109375 0.8067525916666667 0.9677844562500001 0.8112264291666667 0.9653789937499999 0.8155644062499999 0.964677303125 0.81869265625 0.9623924781250001 0.8213822041666667 0.9586230203125 0.82874694375 0.9588495390625 0.8299582979166666 0.9576874359374999 0.8329179416666667 0.957970584375 0.8344321375 0.9591105546875 0.8382348083333333 0.96160714375 0.841264825 0.964606021875 0.8492744979166668 0.9656401109375 0.8502173875000001 0.9663196656249999 0.8538514520833334 0.965472715625 0.8573496583333333 0.9655342812500001 0.8605458375 1 0.8490881458333334 1 0.8358775625
0 0.9798831515625 0.7853311729166667 0.9808359843750001 0.7846927520833333 0.9803509437500001 0.7832456729166667 0.9797452671875 0.7834470229166667 0.9793907328125 0.7861382020833333 0.9797305109375 0.7879552333333333 0.9813456515625001 0.7874183 0.9798831515625 0.7853311729166667
0 0.9546933390625 0.7882369083333334 0.95381926875 0.7824158520833334 0.9543683156249999 0.7819116645833333 0.9537453890625001 0.7785804375 0.9530830828125 0.7784789479166666 0.9522755109375 0.7787474145833334 0.951751090625 0.7805300749999999 0.9530535718750001 0.7874953687499999 0.9538857671875001 0.788505375 0.9546933390625 0.7882369083333334
0 0.9561582296875001 0.7719883541666667 0.9535755 0.7776719208333333 0.9558529484375 0.7772364770833333 0.957039678125 0.7755553041666666 0.9567565296874999 0.7740411104166667 0.9625301578125001 0.7705134166666666 0.96236026875 0.7696048999999999 0.9602847140625 0.7699732270833334 0.9591743046874999 0.7703423687500001 0.959009353125 0.77232719375 0.9580565171875 0.7729656145833333 0.9580638953125 0.7707115104166667 0.9561582296875001 0.7719883541666667
0 0.9754832875 0.7652423187499999 0.9767438953124999 0.7673965625 0.9772929421875001 0.766892375 0.9761529734375 0.7630897020833333 0.9754832875 0.7652423187499999
0 0 0.2739745895833333 0.002311125 0.27655776666666665 0.0027075328125 0.27867764166666664 0.00534200625 0.28359180624999997 0.009365103125 0.28675768541666663 0.011667178125 0.28760071249999997 0.017142903125 0.28706703541666667 0.0224807421875 0.28464920833333335 0.0261394359375 0.28471958125 0.0286113984375 0.2864711270833334 0.0303397984375 0.28653987291666666 0.032004190625 0.28855988125000004 0.0377556875 0.2917945041666667 0.0462770515625 0.29378665625 0.0515508828125 0.29332009583333335 0.054264121875 0.2917747854166667 0.055699501562499996 0.28454265208333335 0.0568296015625 0.28255864375 0.06363731875 0.2799738375 0.0672960125 0.28004421041666666 0.082494584375 0.2753133020833333 0.08925305 0.27017155416666666 0.0903018953125 0.26660623333333333 0.0923848265625 0.26398379791666665 0.09260885156250001 0.25715436666666663 0.08977736875 0.24201242291666666 0.0875294328125 0.23343144583333333 0.0864953421875 0.23248855833333334 0.085702528125 0.22824881458333335 0.08492696093749999 0.22754164583333333 0.085476009375 0.22703745833333333 0.0847398234375 0.22310055208333335 0.08532087499999999 0.22162072916666667 0.08486783906249999 0.21919801874999997 0.08562615625 0.21637260833333333 0.085431640625 0.21418561875 0.085980690625 0.2136814291666667 0.0850179859375 0.20853317083333334 0.085283884375 0.20651478750000002 0.083634246875 0.19998656458333333 0.084350690625 0.19235010625 0.08489973906250001 0.19184591666666667 0.0840502953125 0.18730333333333335 0.08338798593749999 0.18720184375 0.0826764265625 0.18454341041666666 0.0796947984375 0.18006631666666667 0.0754131796875 0.17666471666666667 0.0724143015625 0.16865504374999998 0.0702328640625 0.16616358958333333 0.06560408906250001 0.1631990625 0.064747265625 0.16091058333333336 0.064641384375 0.1580508 0.065190434375 0.1575466125 0.0648087796875 0.15091852916666668 0.06355555 0.14651017916666667 0.058611625 0.14300708958333336 0.05682659531249999 0.14263550625 0.053497809375000004 0.13859548333333332 0.049329450000000004 0.1357995625 0.049102931249999995 0.13458820625 0 0.15091185416666666 0 0.2739745895833333
0 0.528916884375 0.35303613125 0.5276489 0.3531359916666667 0.524967665625 0.35370566875 0.5228281031249999 0.3560252625 0.520245375 0.3617088291666667 0.5149494078125 0.3689377041666667 0.5141024578125 0.3724359104166667 0.512221415625 0.374991225 0.512238665625 0.37852380208333336 0.5135657734375 0.38676756875 0.5175421109375 0.39541729166666667 0.5240125453125 0.3990562416666667 0.526533759375 0.40336473125 0.5287472015625 0.4048805541666667 0.53043621875 0.4081790375 0.5325930296875 0.40939201875000003 0.5366973828125 0.41413920833333334 0.5390560859375 0.415285075 0.54031669375 0.41743931874999995 0.5465286046875 0.4208425479166667 0.5548727015625 0.4241802895833333 0.5583615046875 0.42334214375 0.561025490625 0.41923988958333336 0.5614366515625 0.41685154999999996 0.5606438375 0.41261180833333333 0.5594152328125 0.40948192916666665 0.5576622062500001 0.4081347125 0.5556580359375001 0.40429766875 0.5536686203125 0.39595241249999996 0.551285290625 0.393528075 0.5488847125 0.38757115833333333 0.546361003125 0.37522187916666666 0.5429682109375 0.373133125 0.5414810859375 0.36976752500000004 0.537174840625 0.3650874520833333 0.5326494546875 0.35694191875 0.528916884375 0.35303613125
0 0.7054480859375001 0.49088768541666666 0.7019765328124999 0.49525840624999995 0.70220554375 0.5045105520833333 0.700866175 0.5088157833333333 0.6967716921875 0.5098552770833333 0.6956095890625 0.5128149229166666 0.695215675 0.5187358375 0.6963162640625 0.5257682479166667 0.695823846875 0.526575275 0.69626950625 0.5312520916666666 0.691904240625 0.5446048604166667 0.6913650640625 0.5508957333333334 0.6901143265624999 0.5545281729166667 0.6897450390625 0.5617275604166667 0.6883490390625 0.5657299541666667 0.6882530296875 0.5686568541666667 0.6861627171875 0.5735333916666666 0.6850351109374999 0.5835581895833334 0.6851262390625 0.5909261833333334 0.68611356875 0.5973529166666667 0.6842103953125 0.6066705479166666 0.6856261375 0.6142415208333334 0.6887111546875 0.6135376104166668 0.6901096484375 0.6175760041666667 0.6905306812500001 0.6209743499999999 0.689023915625 0.6324118541666667 0.6906661765625 0.6411941791666667 0.6943962531250001 0.6370591791666667 0.6953564640625001 0.6341666520833333 0.6951299453125 0.6329552958333333 0.6963733046875 0.6315769645833333 0.6971316234375 0.6287515541666667 0.6963289359375 0.6187251270833334 0.696932121875 0.6104829895833334 0.6974811703125 0.6099788 0.6965726015625 0.5970925916666666 0.6971216484375 0.5965884020833333 0.6968705046875 0.5940985750000001 0.697419553125 0.5935943854166666 0.69823200625 0.583031025 0.7055124015625001 0.5680658270833334 0.7084029046875 0.5651749291666667 0.709508378125 0.5619124458333334 0.7105178421875 0.5615768625 0.7121477375 0.55653171875 0.7137382515625 0.5547163145833333 0.7147870953125001 0.55115099375 0.7168134 0.5482257208333333 0.717281190625 0.5461402208333334 0.7167862796875 0.5389064604166667 0.7190784828125001 0.53396280625 0.7278386265625 0.5246173125 0.7283630484375 0.5228346520833334 0.72924938125 0.5161067104166667 0.7285451984375 0.5111941708333333 0.7266764203125 0.5012004875 0.7246402468750001 0.4983390770833333 0.7182264421875 0.49500296458333337 0.71629615 0.49500133749999997 0.7135976671875001 0.4920384375 0.70985771875 0.4903867520833333 0.7054480859375001 0.49088768541666666
0 0.0863400046875 0.17431889166666667 0.0873814703125 0.173007675 0.0872509625 0.16886941875 0.09039998906249999 0.16621424375 0.09170735468749999 0.16288464375 0.0949376359375 0.16181077708333333 0.0973357203125 0.15972690416666666 0.097027946875 0.1569342375 0.097956153125 0.15501734583333335 0.09882035312500001 0.15505171666666667 0.10054137656249999 0.1573745666666667 0.1022082625 0.16743536458333336 0.104318315625 0.17413219375000002 0.10382589687499999 0.17493922083333333 0.10478860000000001 0.18008748125000001 0.1041435421875 0.18351856875 0.1089422046875 0.18739161458333334 0.11010679999999999 0.19247275833333333 0.11142403906250001 0.19492984166666666 0.11395263124999999 0.19698422708333335 0.1168357578125 0.19634743125 0.12062984218749999 0.19026116458333334 0.1211862671875 0.18750287083333333 0.12462581875 0.18410778333333333 0.1253521328125 0.18225800833333333 0.129599253125 0.17859445208333333 0.13145566875 0.17476066250000002 0.13359523125 0.17244106875 0.13421566406250002 0.16773150833333333 0.1365472484375 0.15955811458333333 0.1392998671875 0.15478306875 0.141784090625 0.14398561458333334 0.15045809375000002 0.14335370416666665 0.15283155312500002 0.13999136041666665 0.153880396875 0.13642603958333333 0.15483323124999998 0.13578761666666667 0.1545894625 0.13104368333333333 0.155170515625 0.12956386041666665 0.1549193703125 0.12707403333333334 0.15546841718749999 0.12656984375 0.15478886249999999 0.12293577916666668 0.154956259375 0.11580350625000001 0.1529422171875 0.10617977916666667 0.1516249796875 0.10372269583333332 0.1494681671875 0.1025097125 0.1492416484375 0.10129835833333334 0.0550862921875 0.1325991125 0.055265590625000006 0.13543449166666666 0.055661998437500006 0.1375543625 0.06502542812499999 0.14634320208333335 0.06737924687499999 0.15778396249999999 0.0695286796875 0.16125105 0.069868459375 0.16306808541666667 0.0774542375 0.16923123541666665 0.0817112296875 0.17135436458333334 0.0842472 0.17115463958333335 0.0863400046875 0.17431889166666667
0 0.1503279671875 0.8697158041666667 0.14830166250000001 0.8726410791666667 0.14423918593750001 0.8727049395833333 0.13950702343750002 0.8749214145833334 0.1378845046875 0.8777124520833334 0.1380642640625 0.8844076541666667 0.13732319531249998 0.8907656416666666 0.1392732296875 0.9023406354166668 0.1387808109375 0.9031476625 0.14102874999999998 0.9117286395833334 0.14295166406249998 0.9139843729166667 0.1525785 0.9127140395833333 0.15988112968749998 0.9173629958333334 0.1635964515625 0.9177362083333332 0.1670606296875 0.91561959375 0.1679322078125 0.9133998604166667 0.1677376921875 0.9112128708333334 0.168432003125 0.9103387270833333 0.168592021875 0.9054605604166667 0.167077775 0.8927757020833333 0.1675455671875 0.8906902 0.1668093828125 0.8867532958333334 0.16705065624999998 0.8834564416666667 0.166080575 0.8805622854166667 0.1641330328125 0.87702808125 0.161976221875 0.8758150958333334 0.1614345515625 0.8740651791666667 0.1553999078125 0.8693163625 0.1503279671875 0.8697158041666667
0 0.6818229296875 0.17418190833333333 0.6808134671875 0.17451749166666666 0.6804343078125 0.17593019791666667 0.6818648046875 0.1789929583333333 0.6829382749999999 0.17670611041666667 0.6818229296875 0.17418190833333333
0 0.7329559921875 0.17583992291666667 0.7294646953125 0.16863727916666665 0.7288023859375 0.16853578958333332 0.725973396875 0.16143463541666667 0.7249393093750001 0.16049174583333334 0.7238633453125 0.15473780625 0.7193527140625 0.1420840625 0.7167674921875 0.13972683958333335 0.7141182625 0.13932088333333334 0.7074558078125001 0.14153573333333333 0.70214259375 0.14523203333333334 0.7006899640625 0.1489315875 0.7002714234375 0.15357403125 0.6993752203125 0.15451529166666667 0.6997642500000001 0.15888926874999998 0.6950493359375 0.164638325 0.690664328125 0.16641772708333333 0.690043896875 0.17112728958333331 0.6889704265625001 0.1734141375 0.6897066125 0.17735104375 0.6875030421874999 0.18162190416666668 0.6870524984374999 0.18723998125 0.6875621656249999 0.18996553124999999 0.687069746875 0.19077255833333334 0.6876040390625 0.19477658125000002 0.6859766359374999 0.2078625125 0.6857206078125 0.21566757916666665 0.6841547203125 0.21876145625 0.683856815625 0.22175547083333333 0.6853636843750001 0.23669443750000002 0.684726003125 0.23787142083333332 0.68453398125 0.24372521875 0.6859177187500001 0.252271825 0.6888033375 0.25967581875 0.6933853546875001 0.2681241916666667 0.6966648875 0.26960726874999996 0.7022858765625 0.2687036375 0.706454234375 0.27149955833333334 0.7108122265625 0.28677736249999997 0.7139464953125 0.2886303979166666 0.7161845625 0.2914246916666666 0.7215396515625 0.29253944375 0.7274019140625 0.28833895416666666 0.732552615625 0.2814800333333333 0.73486206875 0.28006895625 0.7372109015625 0.27542813958333334 0.738914675 0.2742184125 0.7406012 0.26947610833333335 0.7441293859375 0.26540822708333334 0.7476403203124999 0.25780776666666666 0.7471700359375 0.25185247708333336 0.7448334640625001 0.24394429374999999 0.7426200234375 0.24242847291666667 0.7407931203125 0.23724583958333334 0.741292915625 0.23418470625 0.7422457484375 0.23354628541666667 0.7454095296875 0.2263828979166667 0.7441636765624999 0.21972044166666665 0.7408595171875 0.21695889166666668 0.7402045875 0.21460329791666669 0.736900428125 0.21184174583333334 0.73475099375 0.20837465833333332 0.7341280671875 0.20504342916666665 0.7370825796875 0.20020126458333334 0.739593921875 0.19872307083333332 0.7409012890625 0.19539347291666667 0.7390251328125 0.18765389583333333 0.738306196875 0.18724956666666664 0.7371416 0.18216842291666666 0.7346450109375 0.17913840625 0.73393345 0.17647997291666667 0.7329559921875 0.17583992291666667
0 0.8952144375 0.334841175 0.8941803484375 0.33389828541666666 0.8875252703125 0.33385902916666665 0.8844476296874999 0.33230883333333333 0.8768397203125 0.332908 0.8695715859375 0.3353241979166667 0.8665678234374999 0.33760942083333334 0.8592110578125001 0.3406984125 0.855311090625 0.34392489374999996 0.8535186843749999 0.34580741666666664 0.8502022640625 0.3555948645833333 0.849306059375 0.3565361270833333 0.8451795750000001 0.3585512520833333 0.833420553125 0.35988707291666666 0.831199734375 0.36062535625 0.8294073281250001 0.3625078770833333 0.8351686953125 0.37152918333333335 0.8359935140625 0.37479329375 0.8385147296875 0.37910178333333333 0.8407281703124999 0.38061760625 0.8419887765625 0.38277185 0.8450097890625001 0.38401920624999997 0.8463270250000001 0.38647628958333335 0.847984040625 0.39075040624999996 0.8498528203125 0.40074408749999996 0.853836534375 0.40713970625 0.8544914640625001 0.40949529791666667 0.8572465765624999 0.4127610375 0.8602995906249999 0.4130327604166667 0.8638277765625 0.40896487708333334 0.86272469375 0.3938916791666667 0.8641674515625001 0.3844054416666667 0.863123490625 0.37767586875 0.8644628609374999 0.37337063958333333 0.8659967453125 0.37125239374999996 0.8702684921875001 0.3688673125 0.8742004640625 0.36466519583333334 0.8834702734375 0.3580452520833333 0.8865552921875001 0.35734134375 0.8892291468750001 0.3590257708333333 0.9071975859375 0.3530523916666667 0.91765661875 0.35279206458333334 0.920483115625 0.35185243125 0.922332153125 0.3502727479166667 0.9232923625 0.3473802208333333 0.921423584375 0.3373865395833333 0.917141965625 0.3339849395833333 0.913111490625 0.33307316458333336 0.9106395296875001 0.33132162083333333 0.9069808359374999 0.33125124791666666 0.8952144375 0.334841175
0 0.7018035328125001 0.32805028541666664 0.69788631875 0.3277441895833333 0.696642959375 0.32912252291666666 0.6962884265625 0.3318137 0.6947225375 0.3349075791666667 0.694134109375 0.33864150625 0.6947570359374999 0.3419727333333333 0.694427128125 0.3459423833333333 0.6923688203125 0.3498432875 0.6931641296875 0.36212382083333333 0.6922605484375 0.3653191875 0.6921497828125001 0.37275429583333336 0.6910689359375 0.3772952520833333 0.6911674390625 0.38240913958333334 0.689530165625 0.3897083875 0.68945878125 0.3939137604166667 0.6880061515625 0.3976133145833333 0.687233078125 0.4049469375 0.6856105609375 0.407737975 0.6832789765625 0.41591136875 0.68284568125 0.42506202291666667 0.68089325625 0.43182271041666664 0.6765747484375 0.4396916375 0.676599375 0.44097010833333333 0.674161909375 0.44628372083333334 0.6741225281250001 0.44951345833333334 0.67676438125 0.45217351874999995 0.6831535578125 0.45423116041666667 0.6867556203125 0.45399869375 0.6979483453124999 0.44963448333333333 0.7021560859375 0.4492006666666667 0.7051598484375 0.4469154479166667 0.7066691078125 0.4435187291666667 0.7094143484375001 0.4409977854166666 0.7108349734375 0.43827386458333334 0.7169877609374999 0.4333334645833334 0.7190066875000001 0.43266229791666666 0.7190386921874999 0.4316866645833333 0.7214614015625 0.43088126666666665 0.7239481203125 0.4281246020833333 0.7242460234375 0.4251305833333333 0.7226185187499999 0.4118400479166667 0.7205084671875001 0.40514321875000003 0.71953100625 0.4045031708333333 0.7159584531250001 0.3957192145833333 0.7141463046875 0.38602836875 0.715291159375 0.3795361479166666 0.7191271203125 0.37826093125 0.7228226984375 0.3670607791666667 0.722401665625 0.3636624354166667 0.7229507140625 0.36315824583333334 0.721251825 0.35407308125000003 0.7205895171875001 0.35397159166666664 0.7194815484375 0.34919328541666667 0.7175906390625 0.3459619208333333 0.7167978234375 0.341722175 0.7195184375 0.33792276041666663 0.720946440625 0.33294473124999996 0.7206386671875 0.3301520666666667 0.721131084375 0.32934503750000005 0.71918354375 0.3258108333333333 0.7179056875 0.32012401041666666 0.7156676203125001 0.31732971666666665 0.7138505875 0.3179337666666667 0.7092883140625 0.32105875833333336 0.7067695921875 0.3247910583333333 0.7018035328125001 0.32805028541666664
0 0.693092821875 0 0.692906665625 0.0006583124999999999 0.6911142578125 0.0025408354166666664 0.6913826515625 0.008563239583333333 0.6937266 0.014217316666666667 0.6968166046875 0.02959498333333333 0.69719825625 0.03622306458333333 0.6989119015624999 0.04080002083333333 0.6996308375 0.04120434791666667 0.7023465671875 0.047699825 0.707113228125 0.05254850416666667 0.7073963765625 0.054062697916666666 0.7100948578125 0.057025597916666664 0.713472896875 0.06362256458333333 0.7184734515625 0.06742849375 0.7199039484374999 0.07049125416666667 0.72246454375 0.07157000416666667 0.724242196875 0.07419569166666666 0.723749778125 0.07500272083333333 0.7241461859375 0.07712259166666667 0.7248651234375 0.07752691875 0.7255200515625 0.07988251458333333 0.72111041875 0.08038344791666667 0.72098240625 0.08428597916666666 0.719263875 0.09000391875 0.720751003125 0.09336951666666667 0.71986794375 0.0932343 0.7201699500000001 0.09484933958333334 0.7224153953125 0.09538952916666667 0.7245500734375 0.10336482708333333 0.7241142843749999 0.10447469375 0.724833221875 0.10487902291666668 0.7256014093750001 0.10784029375 0.7281866328125 0.11019751875 0.726096321875 0.11507405416666666 0.7268891375 0.11931379791666667 0.7260175609374999 0.12153353333333333 0.7263819640625 0.12462903750000001 0.7269236359375 0.12637895416666667 0.7296787453125 0.12964469375 0.7317567953124999 0.13731715416666665 0.7356986359375 0.13890172083333333 0.7403422671875 0.16373450833333333 0.74209529375 0.16508172499999998 0.744042834375 0.16861593125000002 0.7453773203125 0.17460559166666664 0.7460962578125 0.17500991875 0.7468078171875 0.17766835208333334 0.751330709375 0.17777309583333334 0.757220090625 0.18289186875 0.76344675625 0.1817868875 0.7667976750000001 0.17906459375 0.76726546875 0.17697909375 0.7703578624999999 0.17402107708333334 0.7703332374999999 0.17274260624999999 0.773489640625 0.16783332291666667 0.7752968015625 0.1614425916666667 0.7751589171875 0.1595584416666667 0.77812080625 0.15246217083333333 0.7773427453124999 0.14371421458333333 0.782242303125 0.13436546875 0.7828873609375 0.13093437708333333 0.7824096984375 0.12723319583333334 0.7837490687499999 0.1229279625 0.784536896875 0.11108613125 0.7916819 0.10227757291666667 0.7913174953125 0.09918206666666667 0.7918665453125 0.09867787916666666 0.7901110250000001 0.08928987291666667 0.7889636765625 0.08774130625000001 0.7879443421875 0.08229020625 0.7872820359375 0.08218871666666666 0.7860361828125 0.0755262625 0.784169896875 0.07357336666666667 0.783943378125 0.0723620125 0.7799449093749999 0.07047460624999999 0.7794598671874999 0.06902752708333333 0.7771331671875 0.06690602916666667 0.776138459375 0.06273340208333333 0.7749344812500001 0.060881995833333334 0.772058734375 0.059264685416666664 0.771258540625 0.057279045833333334 0.768269534375 0.05505605625 0.7669522953125 0.05259897291666667 0.7641898078125 0.05158733958333333 0.7625254140625 0.04956732916666667 0.75691918125 0.045962750000000004 0.75294284375 0.037313029166666664 0.7473858625 0.03626539375 0.744396853125 0.03404240625 0.7431288687500001 0.03414226458333333 0.7409474312500001 0.03165081041666667 0.739573565625 0.028890889583333336 0.7370424796874999 0.018795716666666667 0.7351195640625 0.016539983333333334 0.73124731875 0 0.693092821875 0
0 0.5281647125 0.03708980208333333 0.5250969421875 0.04132628958333333 0.5198723625 0.044349793750000005 0.515839496875 0.06177370208333333 0.5161226453125 0.06328789791666667 0.514783275 0.06759312916666667 0.51500979375 0.06880448541666667 0.5135571640625 0.07250404166666667 0.5120183953125 0.08491717708333332 0.5141703234375 0.09642505416666666 0.5148892593750001 0.09682938125 0.516305 0.10440035416666667 0.5175089796875 0.10625176041666666 0.5187868359375 0.11193858125 0.5208303875 0.1125458875 0.5236741312500001 0.11513883333333334 0.525784184375 0.12183566041666666 0.5275618359375 0.12446134791666667 0.5300338 0.12621289375 0.5327495296875 0.13270837083333334 0.535221490625 0.13445991666666668 0.5366519890625 0.13752267708333335 0.53961636875 0.13846719375 0.5409336078125 0.14092427708333333 0.5453284859374999 0.14493155416666664 0.5475345484374999 0.14870148125 0.5503782921875 0.151294425 0.552882259375 0.1520703375 0.563373296875 0.15083437708333333 0.563745078125 0.15167577708333332 0.570003746875 0.1495951625 0.5700357515625 0.14861952916666665 0.572603725 0.147444175 0.57353193125 0.14552728125 0.57488855 0.144754625 0.576784346875 0.13769109791666667 0.5787860234375 0.13348735416666668 0.5788254046875 0.13025761666666666 0.5755335078125 0.11494706875 0.5698460187500001 0.10976117708333333 0.5684475250000001 0.10572278333333333 0.56361675625 0.07644890416666666 0.5627279296875 0.07513605833333334 0.5586728296875 0.07294581458333332 0.5528819515625 0.07294093125000001 0.5517912328125 0.07169520208333333 0.5510796734375 0.06903676875 0.5512963203125001 0.06446144166666666 0.5521678999999999 0.06224170833333333 0.5519167546875 0.05975188125 0.552731703125 0.057229310416666665 0.55233529375 0.055109435416666665 0.5528843421875 0.05460524791666667 0.552633196875 0.052115420833333335 0.5531822453124999 0.05161123125 0.5528990968749999 0.050097035416666665 0.55368941875 0.04629599166666667 0.5532930109375 0.04417612083333333 0.5555925921875 0.03697836041666667 0.5563090359375 0.029341902083333333 0.55851260625 0.02507104166666667 0.5582860875 0.023859685416666665 0.5597387171875 0.020160129166666665 0.55986673125 0.016257595833333333 0.559204425 0.016156108333333332 0.5580324484375 0.01332906875 0.5550114390625 0.012081712500000001 0.5536055671875 0.010297425 0.5450694484375 0.012813483333333332 0.531281734375 0.03541025625 0.5281647125 0.03708980208333333
0 0.8279301765625 0.39130543125 0.8290036453124999 0.38901857916666666 0.8276470281250001 0.38979123541666666 0.8277775343749999 0.39392949166666663 0.8264209156250001 0.39470214583333335 0.8234072828125001 0.3912006854166667 0.8174465171874999 0.39028728333333335 0.8154669703125 0.3877287125 0.81399709375 0.3878956895833333 0.8092083015625 0.3898093270833333 0.8066083234375 0.39196031666666664 0.804897171875 0.39542415000000003 0.8005934203124999 0.3987848645833333 0.7940861 0.4064164416666667 0.7877954265625 0.4094726895833333 0.7854219687499999 0.4128350333333334 0.783646809375 0.41825013333333333 0.784181103125 0.4222541541666667 0.783688684375 0.4230611833333333 0.786534921875 0.43369491458333337 0.7892580296875 0.4379362875 0.7899695890625 0.44059471875 0.7896003015625 0.44779410833333333 0.7906196343749999 0.45324520833333337 0.7994586421875 0.4638167083333334 0.8028514343750001 0.4659054645833333 0.8085856828125 0.46560751041666665 0.810781875 0.4635907541666667 0.8176462234375 0.4613087895833334 0.8195445109374999 0.46228605 0.8218219609374999 0.46185060624999996 0.8221937421875 0.46269200416666667 0.826603375 0.46219107291666667 0.8312789078125 0.45967175624999995 0.8330466890625001 0.4565107625 0.837350440625 0.4531500479166667 0.8388597000000001 0.44975333125 0.8404182109375 0.4489135604166667 0.8421367390625001 0.44319562083333336 0.8417723359375 0.44010011666666665 0.8423213828125 0.43959592708333334 0.84033934375 0.4289965666666667 0.8396770374999999 0.42889507708333335 0.8383425515624999 0.42290541875 0.8382046671875001 0.42102126666666667 0.8410532953125 0.41331931875 0.84114930625 0.41039241875 0.83892599375 0.4030899145833333 0.8350875421874999 0.39632434375 0.832470315625 0.39494275208333335 0.830434140625 0.39208134166666664 0.8282133234375 0.39281962291666667 0.8279301765625 0.39130543125
0 0.4953125 0.21458333333333332 0.0015625 0.0020833333333333333
0 0.5508733078125 0.18490465833333333 0.5495954515625 0.17921783541666667 0.54893314375 0.17911634583333333 0.5462174140625 0.17262086875000002 0.5449715609375 0.16595841458333332 0.5451635828125 0.16010461458333333 0.543043659375 0.14762110208333334 0.54066770625 0.14294265833333333 0.53805048125 0.14156107083333333 0.53601430625 0.13869966041666668 0.531781940625 0.13785500416666666 0.5305779625 0.13600359791666666 0.523713615625 0.13828556458333333 0.5201780515625 0.14460755 0.5199540265625 0.15143698333333333 0.5188731796875 0.1559779375 0.521180240625 0.17290254375 0.517620053125 0.17794605625 0.51236346875 0.18194519583333332 0.5075944171875 0.1954322 0.5048418 0.20020725 0.506257540625 0.20777822083333333 0.5084242234375 0.21477788541666668 0.5102585046875 0.2177064145833333 0.5125803203125 0.23012280833333335 0.5132992578125 0.23052713541666667 0.514973521875 0.23833382916666668 0.516889059375 0.24284366875 0.51661578125 0.24711615416666666 0.5129275796874999 0.25606220416666664 0.5136637656249999 0.2599991104166667 0.51287344375 0.26380015416666663 0.513649009375 0.26450732083333334 0.5140454171875 0.26662719166666665 0.513545621875 0.26968832708333335 0.51428180625 0.27362523125 0.51574430625 0.27571235833333335 0.516455865625 0.2783707916666666 0.5192109781250001 0.28163653125 0.525228375 0.2828527708333333 0.5256001546875 0.2836941708333333 0.5366648656249999 0.28323249375 0.5424311171875 0.2819589083333333 0.546210446875 0.28038085208333335 0.550716090625 0.27695301874999995 0.554251653125 0.27063103125 0.5588139265625001 0.26750603749999996 0.56212296875 0.25997269375000004 0.565134109375 0.25543336666666666 0.5674336906249999 0.24823560833333333 0.5681008828125 0.23804220416666666 0.5709421328125 0.23259436041666665 0.572096859375 0.23188882083333334 0.5730570703125 0.22899629375 0.5711390390625 0.21644566666666665 0.5713236828125 0.21284597291666665 0.573091465625 0.20968497916666667 0.574317575 0.20477406874999998 0.5749232531249999 0.20457271875000002 0.57345088125 0.19669890833333334 0.56894274375 0.19208595416666666 0.5607685375 0.18965672916666668 0.5590228875000001 0.18605540625 0.5543547328125 0.1863206166666667 0.5508733078125 0.18490465833333333
0 0.220387009375 0.17671970416666666 0.2191657828125 0.17133572083333334 0.217274871875 0.16810435416666666 0.21645005312499999 0.16484024375 0.2153913375 0.16261888333333333 0.21389683437499998 0.1615073875 0.20945519687499997 0.16298395208333333 0.206904471875 0.16769188541666666 0.2047402828125 0.16873300833333332 0.2030291328125 0.17219684166666666 0.19820095937499999 0.17734021875 0.195603475 0.18753199375 0.19604175625 0.1944629145833333 0.19484764999999998 0.19839819166666667 0.1943429703125 0.21175421875 0.193648659375 0.21262836458333334 0.1938998046875 0.21511819166666665 0.192705696875 0.21905346874999998 0.1929888453125 0.2205676625 0.19144758125 0.22494001249999998 0.1912555609375 0.23079381041666666 0.1902387203125 0.2333835 0.187816009375 0.2341889 0.184996890625 0.232874425 0.1823944203125 0.2269846270833333 0.1752124265625 0.22068724375 0.172457315625 0.21742150625 0.1721741671875 0.21590731041666666 0.1690719 0.21307864375 0.16804518906250002 0.20988164791666666 0.1673828828125 0.20978015833333333 0.1663315453125 0.20530469166666665 0.163066765625 0.19931340416666668 0.1562811796875 0.19513589166666667 0.1523885921875 0.19610827083333332 0.1514923875 0.19704953125 0.149136178125 0.20394445208333334 0.14824984531250002 0.21067239583333333 0.146797215625 0.21437194999999998 0.14582225 0.2217726875 0.1447487796875 0.22405953958333333 0.144581384375 0.23119181041666667 0.143160759375 0.23391573125 0.142136540625 0.238759525 0.14060265624999999 0.24087776875 0.1394651796875 0.24511588541666668 0.1375841390625 0.24767120208333332 0.1366805578125 0.25086656875 0.1347995171875 0.2534218833333333 0.1338959359375 0.25661725 0.1325393171875 0.25738990625 0.1306509 0.2621993270833333 0.1293509109375 0.26327482083333337 0.1282946890625 0.2690942479166667 0.12701932656249998 0.2714482125 0.12673867187500001 0.2779748083333333 0.125318046875 0.28069872916666666 0.125076771875 0.28399558541666664 0.12438246093750001 0.2848697291666667 0.1248354984375 0.28729243958333334 0.1241190546875 0.29492890000000005 0.1252762734375 0.30226415 0.12478385624999999 0.3030711770833333 0.125350153125 0.3060995645833334 0.1249316125 0.31074201041666666 0.1257490546875 0.31626022708333335 0.125256634375 0.3170672541666667 0.1276917109375 0.33008932500000004 0.1284106484375 0.33049365208333337 0.1302548 0.3392088645833333 0.1333496890625 0.3442916354166667 0.13721765156250001 0.34204078541666666 0.13829112187499998 0.3397539375 0.13908144375 0.33595289375 0.1410191140625 0.3337004145833333 0.141026490625 0.33144631041666667 0.142769646875 0.32700684375000005 0.143358075 0.32327291666666663 0.14678775625 0.3140911458333333 0.15188920625 0.30467528125 0.160907871875 0.2955655104166667 0.16177945 0.29334577916666665 0.164669953125 0.2904548791666667 0.16522637812500002 0.28769658541666665 0.1681735109375 0.285108525 0.170798115625 0.2842360083333333 0.171686940625 0.28554885416666664 0.1720833484375 0.28766872499999996 0.171236396875 0.2911669291666667 0.169178090625 0.29506783333333336 0.168259753125 0.30277141041666666 0.1659995546875 0.3067394333333333 0.1642957796875 0.30794916041666665 0.16432040625 0.3092276333333333 0.16243936718750002 0.31178294791666666 0.15949223437499999 0.31437100833333337 0.155715396875 0.32398985208333336 0.1529627796875 0.3287649020833333 0.15237435 0.3324988291666667 0.1504293015625 0.3370054125 0.1507690796875 0.33882244375 0.1500600140625 0.3442048 0.1491318078125 0.34612169375 0.14955284062500002 0.3495200375 0.149109675 0.35288400833333333 0.1518525234375 0.36869874583333334 0.15417184687500002 0.37307435208333334 0.15603813125 0.3750272479166667 0.1618487515625 0.38660549791666665 0.163973559375 0.3887941125 0.16855308125 0.38920169791666664 0.1707098921875 0.39041468125 0.17553318125 0.3955661979166667 0.18074300625 0.39705090416666666 0.185573675 0.3999483145833333 0.1885134296875 0.3996143604166667 0.1905816078125 0.4015001375 0.1889713515625 0.39174217708333336 0.18861183125 0.3783517791666667 0.1899758265625 0.37532501875 0.1902171 0.37202816250000004 0.1927432 0.3660417583333333 0.19270132499999998 0.3612307083333333 0.19387080625 0.35601696041666664 0.1937156734375 0.35060023333333334 0.194328728125 0.3481447791666667 0.1977682796875 0.3447496875 0.1990756453125 0.3414200895833333 0.198112940625 0.3362718291666667 0.1970862296875 0.3330748333333334 0.1963672921875 0.33267050833333334 0.19482104375 0.32096128125 0.1941587359375 0.32085979166666667 0.1929695140625 0.314500175 0.1934619328125 0.31369314583333335 0.1928956359375 0.3106647583333333 0.192233328125 0.31056326875 0.191351878125 0.30699631875000005 0.19068957343749998 0.30689483125 0.1881831125 0.29807813333333333 0.1880846078125 0.29296424375 0.19061070625 0.2869778395833333 0.1904161921875 0.28479085000000004 0.191319771875 0.28159548333333334 0.1919820796875 0.2816969729166667 0.1931540546875 0.2845240104166667 0.195911659375 0.2958305375 0.1965739671875 0.2959320270833333 0.1972855265625 0.29859046041666665 0.19869139687499998 0.30037474999999997 0.2084487421875 0.3032426729166666 0.21118660312499998 0.30297583333333333 0.2115583859375 0.3038172333333333 0.2150471890625 0.3029790895833333 0.2225344640625 0.3040283520833333 0.2264590546875 0.30208034166666664 0.22675695937499998 0.299086325 0.22475029531250001 0.28720849374999996 0.22529934218749997 0.28670430416666665 0.22476505000000002 0.28270028125 0.2259025265625 0.2784621666666667 0.22621518593749998 0.2709599395833333 0.22686024374999997 0.26752885 0.228716659375 0.26369506249999997 0.23385260625 0.26134435208333334 0.2349260765625 0.25905750208333334 0.2339461234375 0.2503766645833333 0.2314002828125 0.24478970416666668 0.23158492812499998 0.24119001041666666 0.2321093484375 0.23940735 0.2338131234375 0.23819762291666666 0.2367110046875 0.23305261666666668 0.23758258125 0.23083288541666666 0.23727480625 0.22804021875 0.2378238546875 0.22753602916666665 0.23699165781249998 0.22652602291666665 0.23560054375 0.22023352499999999 0.23284543124999998 0.21696778541666667 0.2253950453125 0.20464799791666666 0.22486075312499998 0.200643975 0.2265226515625 0.19462319791666666 0.2247105015625 0.18493235416666665 0.223991565625 0.18452802708333332 0.22342526875000002 0.1814996375 0.2213890953125 0.17863822499999998 0.2210493171875 0.17682119375 0.220387009375 0.17671970416666666
0 0.5753453671875 0 0.5752154515625 0.0008618395833333333 0.570306021875 0.004423904166666667 0.5678439296875 0.00845904375 0.569816096875 0.013271720833333334 0.569139034375 0.017678443749999998 0.5663297875 0.022150654166666665 0.5608713109375 0.026216908333333334 0.5597412109375 0.02820091875 0.559330046875 0.03058925833333333 0.5576508984374999 0.03307745625 0.5571757296875 0.0374170625 0.5556098406250001 0.04051093958333333 0.55467425625 0.044681937500000005 0.5549919015625 0.053261287500000004 0.554297590625 0.05413543125 0.5532979984375 0.060257697916666665 0.5536377765625 0.06207472916666667 0.5524756734375 0.065034375 0.55260618125 0.06917263125 0.554585725 0.07173120208333333 0.56014270625 0.0727788375 0.563939284375 0.07473335833333333 0.5648847406249999 0.07634904166666666 0.5699174015625 0.10555580625 0.5718649421875 0.10909001041666667 0.5742802765625 0.11053871875 0.575767403125 0.11390431666666667 0.5767448625 0.11454436875 0.57850038125 0.12393237083333333 0.5791626890625 0.12403386041666667 0.5796157265625 0.12645657291666665 0.5826859890625 0.13026087291666666 0.586022153125 0.13204678958333332 0.5891170406249999 0.13712956041666666 0.5904589046875001 0.14086511666666668 0.5930441281250001 0.14322233750000002 0.5957499859375 0.14393113333333335 0.5981333156249999 0.14635547291666665 0.6008958062499999 0.14736710625 0.6041605828125001 0.15335839583333336 0.6065759171875 0.1548071 0.6082969390625 0.15712995208333333 0.6105990125 0.15797297916666667 0.6139745578125 0.15652915833333333 0.6154838171875 0.15313244166666667 0.6187781046875 0.15010731041666667 0.6204646296874999 0.14536500416666664 0.62532480625 0.13924599375 0.628675725 0.1365237 0.6314037171875 0.13047017916666667 0.63229005 0.12374223541666667 0.6336860484375 0.11973984166666667 0.6340725859375 0.11607303125 0.6352026859375 0.11408902083333333 0.6369803375 0.11671470833333333 0.6383148234375 0.12270437083333333 0.64031899375 0.12654141458333334 0.64264569375 0.12866291458333332 0.6464275171875 0.13512564583333334 0.65116955 0.13869585416666666 0.6551753984375 0.13832915416666666 0.658873471875 0.1351697875 0.6590507375 0.13382419999999998 0.660786515625 0.1316388375 0.6651715234375 0.12985943541666667 0.6663508734375 0.13043236875 0.67010069375 0.13787073541666667 0.6755936671875 0.14086963541666667 0.6787033109375 0.14144419583333334 0.6803677046875001 0.14346420625 0.6864417296875 0.14498328541666666 0.6868135125 0.14582468541666668 0.69465531875 0.14418277083333333 0.697110034375 0.14240173541666667 0.69734393125 0.1413589875 0.6995647484374999 0.14062070416666667 0.6999365296875 0.14146210416666666 0.705589521875 0.1395828375 0.7058234171875 0.13854008958333336 0.7124858734374999 0.13632523958333334 0.7160953140624999 0.13383866875 0.7177325875 0.12653942083333333 0.7172130484375 0.1180271875 0.7178261046875 0.11557173125 0.7174764546875 0.10796801458333333 0.7181141375 0.10679103333333333 0.716868284375 0.10012857708333334 0.71498475 0.09464310625 0.7164767609375 0.08771381041666666 0.7159670953124999 0.0849882625 0.716491515625 0.08320560208333333 0.7158292078125 0.08310411250000001 0.71371915625 0.07640728541666666 0.7117962421875 0.07415155208333334 0.711399834375 0.07203168125 0.7107375265625 0.07193019166666666 0.709474425 0.06173515833333333 0.7088121171874999 0.06163366875 0.7065494250000001 0.05756090208333333 0.70387556875 0.055876475 0.6987198796875 0.04665381875 0.69806495 0.044298225000000004 0.6974026421875 0.0441967375 0.6952359593749999 0.03719707083333333 0.6940048640625001 0.026026406250000002 0.691537784375 0.013979966666666668 0.6860300828125 0 0.5946244 0 0.594607009375 0.00020532500000000002 0.5897369609374999 0.0005376520833333333 0.5892939609375001 0 0.5753453671875 0
0 0.8862171859375 0.15255334166666668 0.878124234375 0.15170542916666668 0.877752453125 0.15086402916666666 0.874440915625 0.15035658333333332 0.8710087421875 0.15149756666666667 0.8696274984375 0.15099175 0.8691744609375001 0.14856903958333334 0.8704744484375 0.14749354583333335 0.8708043562500001 0.14352389583333333 0.8733230781250001 0.1397915958333333 0.873241821875 0.1382102875 0.8745491875000001 0.13488068541666667 0.8741847843749999 0.13178518125 0.8747338328125001 0.13128099166666668 0.8736012390625 0.12522421458333333 0.87073286875 0.12135279791666667 0.8624774046875 0.11734226458333333 0.86015070625 0.11522076249999999 0.8580185203124999 0.11528625208333333 0.8559503421875 0.113400475 0.850651884375 0.1125885625 0.8470498203125001 0.11282102916666667 0.8400402093749999 0.11547294791666667 0.8304232453125 0.1225299625 0.8211361875 0.12561732916666665 0.8088379874999999 0.13324402083333334 0.8044529796875001 0.135023425 0.8038719296875 0.13650324791666665 0.7999719609375 0.13972972916666665 0.79805891875 0.14326067916666665 0.79335138125 0.14675562708333334 0.7893554046875 0.15290901041666669 0.7893726531249999 0.15644158749999998 0.7923173953125 0.17218921041666665 0.7934893703125 0.17501624791666667 0.7973918296875 0.17983055416666666 0.797958125 0.18285894166666666 0.79522275625 0.19116656875 0.7944570609375 0.19624608333333335 0.7960426921875 0.20472557291666668 0.796761628125 0.2051299 0.7975298171875 0.20809117291666668 0.8007945953125001 0.2140824625 0.8033281765625 0.23221842083333336 0.8042096234375 0.23578537083333334 0.80604390625 0.23871389791666667 0.807661540625 0.24621775208333335 0.810569290625 0.24685943124999998 0.8157963640625001 0.2518767145833333 0.8233476468750001 0.2509747104166667 0.8307142843750001 0.25367240208333336 0.8345748687500001 0.25367565625 0.8381129250000001 0.25539445625 0.8424339234374999 0.25556631875 0.8469174359375 0.2589008020833333 0.8481780437499999 0.26105504583333333 0.8515142062500001 0.2628409625 0.8544539609375 0.26250700833333335 0.8550276359375 0.2632812916666667 0.86532415625 0.25985834375 0.865356159375 0.25888271041666666 0.868675075 0.25713605 0.8700636968750001 0.2553877625 0.8802223328125001 0.2500806625 0.881150540625 0.24816376875 0.8818276031250001 0.24375704791666666 0.8845802203125 0.23898199791666666 0.8844423359375 0.23709785 0.88595159375 0.23370113333333334 0.8863947609375 0.2303371625 0.890050959375 0.22236674583333332 0.8904374953125 0.21869993541666669 0.8883421984375 0.20749489791666667 0.8886080984375001 0.20547651458333333 0.8910209390625001 0.19888443125000002 0.8982545734375 0.18940307708333334 0.8987543703125 0.18634194583333336 0.9001429921874999 0.18459365625000002 0.89985984375 0.18307946249999998 0.9010046984375 0.17658724166666667 0.9003251421874999 0.172953175 0.901228725 0.16975780833333334 0.8997415984374999 0.16639220833333335 0.8975281562499999 0.1648763875 0.896009028125 0.16248641875 0.8936503234375 0.16134055208333334 0.8906120640624999 0.15656062083333333 0.8862171859375 0.15255334166666668
0 0.294144578125 0.86243554375 0.2874476265625 0.8575852395833333 0.28332851875 0.8573462604166667 0.2799776015625 0.8600685541666666 0.2796550703125 0.8617840979166667 0.27641741249999996 0.8651120708333334 0.27502141406249997 0.8691144645833333 0.2728252203125 0.87113121875 0.2672313515625 0.8813541104166667 0.26669217500000003 0.8876449833333333 0.2670664484375 0.8965271708333333 0.2637007765625 0.9037576749999999 0.26209550625 0.9100812895833333 0.2616449625 0.9156993666666666 0.26212262656249996 0.9194005520833334 0.2616302078125 0.9202075770833333 0.262196503125 0.9232359666666666 0.265695178125 0.9281845041666668 0.2667612703125 0.9281517604166667 0.269718275 0.9313503833333333 0.2716485671875 0.9313520125 0.2739752671875 0.9334735125000001 0.2784095265625 0.9342510520833333 0.28374736562499997 0.9318332229166667 0.2856677890625 0.9260481708333334 0.2853600140625 0.9232555020833334 0.2859090625 0.9227513145833334 0.28621434218749997 0.9175031937499999 0.2884179140625 0.9132323333333333 0.2886838125 0.91121395 0.29067811250000003 0.9092643104166667 0.292332634375 0.9054976395833333 0.2961119625 0.9039195854166666 0.3009081328125 0.8997518416666667 0.3039832796875 0.8932612479166667 0.3042491796875 0.8912428645833333 0.306130221875 0.8886875479166666 0.3065241359375 0.8827666333333333 0.3070731828125 0.88226244375 0.3056008109375 0.8743886333333334 0.3049385046875 0.8742871437499999 0.3043722078125 0.87125875625 0.3017131078125 0.8650661187500001 0.2995316703125 0.8625746604166667 0.294144578125 0.86243554375
0 0.3434359796875 0.8634191354166667 0.34026970625 0.8625417333333334 0.339009096875 0.8603874895833333 0.33440495000000003 0.8587014333333334 0.326821665625 0.8605790729166666 0.326449884375 0.8597376708333333 0.3219516171875 0.8609114000000001 0.3192063765625 0.8634323416666666 0.3161386078125 0.86766883125 0.31416155625000003 0.8731510479166666 0.3140335421875 0.8770535770833334 0.3148263578125 0.8812933229166667 0.3169191609375 0.8844575729166666 0.31765534687499997 0.8883944791666667 0.31675914375 0.8893357375 0.3141419171875 0.88795415 0.308319034375 0.8889248999999999 0.30386264375 0.894909675 0.3017403296875 0.9007618458333333 0.3016714390625 0.91300800625 0.3054212578125 0.9204463729166666 0.307573184375 0.93195425 0.3101362734375 0.9410737895833333 0.317665421875 0.9469341 0.317891940625 0.94814545625 0.3216811421875 0.9523540833333333 0.326947596875 0.9541416270833333 0.32849873125 0.9555559625 0.3327310984375 0.9564006187499999 0.33691421093749996 0.9546883291666667 0.337955678125 0.9533771145833333 0.34167588437499996 0.94345543125 0.349638328125 0.9401650875 0.352787353125 0.9375099124999999 0.35392483124999996 0.9332717958333333 0.35691134375 0.9274539958333333 0.35939806406249997 0.92469733125 0.3599544890625 0.9219390375 0.3614563703125 0.920796425 0.36418436249999997 0.9147429041666667 0.3641671125 0.9112103270833334 0.359636740625 0.88698321875 0.3521469734375 0.8778931666666666 0.34998029062499997 0.8708935020833334 0.3480893796875 0.8676621354166667 0.3446399578125 0.8652705395833333 0.3434359796875 0.8634191354166667
0 0.39981537500000003 0.12479096875 0.3972695328125 0.11920400833333332 0.3925915078125 0.11368253541666666 0.3918799484375 0.11102410208333334 0.39110438125 0.11031693541666666 0.3874703140625 0.11152503541666667 0.389183959375 0.11610198958333333 0.3881104890625 0.11838883958333332 0.38901656406249996 0.1232342625 0.3885241453125 0.1240412875 0.3888885484375 0.12713679583333332 0.388470009375 0.1317792375 0.3873965390625 0.1340660875 0.38728577343750004 0.14150119791666665 0.3858897734375 0.14550359166666665 0.38700761093749997 0.15606857916666667 0.3884381078125 0.15913133958333334 0.3907401828125 0.15997436874999998 0.39800093593749997 0.159812275 0.4029768671875 0.16233973124999998 0.4056581 0.16177005625 0.40876774375 0.16234461666666666 0.409599940625 0.16335462083333332 0.414785140625 0.16356085625 0.416594796875 0.1652109125 0.41896087812499994 0.16410267291666666 0.4202042375 0.16272433958333332 0.4189362515625 0.1628242 0.4168114453125 0.16063558333333333 0.415622221875 0.15427596666666668 0.41313300937499997 0.14899184583333333 0.412679971875 0.14656913541666666 0.412017665625 0.14646764583333333 0.4091886765625 0.13936648958333334 0.40565799687500004 0.13539358541666668 0.4025704859375 0.12805670625 0.39981537500000003 0.12479096875
0 0.46946073125 0.051136895833333335 0.46337195 0.054126029166666666 0.45653960624999995 0.055432360416666666 0.4517581921875 0.05509189375 0.4393541109375 0.05985880416666667 0.43816738125 0.061539975 0.438071371875 0.06446687499999999 0.436246959375 0.06732502916666668 0.4353680046875 0.07179886875 0.43386612343750003 0.07294147916666667 0.43128339374999997 0.07862504375 0.42784384218750005 0.08202013125 0.4253743734375 0.08830937708333333 0.42314617656250003 0.09130176458333333 0.41950473437499997 0.09476396875 0.41947272968749993 0.09573960208333333 0.40663286093749995 0.10161637708333333 0.40618969531250004 0.10498034791666666 0.4073542921875 0.11006149375 0.408073228125 0.11046582083333334 0.40923782500000006 0.11554696666666667 0.4113552546875 0.11998968958333332 0.41310827968749997 0.12133690416666668 0.41614654062499995 0.1261168375 0.41680147031250003 0.12847243125 0.42061529531249997 0.13395953124999999 0.42249883125 0.13944500208333332 0.42464826406249995 0.14291209375 0.42510130156250003 0.14533480416666666 0.42969069375 0.15152906875 0.434206209375 0.15388792083333333 0.44026548125 0.15991521041666665 0.447220953125 0.16500123749999998 0.44739084374999993 0.16590975625 0.4507023796875 0.16641720000000002 0.4587780828125 0.16373253333333335 0.4612648015625 0.16097586875 0.46277405937499994 0.1575791520833333 0.4625795453125 0.15539216250000001 0.4636037625 0.15054837083333333 0.463263984375 0.14873133541666667 0.4639016671875 0.1475543520833333 0.463197484375 0.14264181666666667 0.4635593953125 0.13769653333333334 0.4641084421875 0.13719234374999997 0.46380066875 0.1343996770833333 0.46434971718750007 0.1338954875 0.464073946875 0.13012718958333333 0.46259419843750005 0.12450748333333334 0.4616167375 0.12386743333333333 0.4609938109375 0.12053620416666666 0.46172012812499996 0.11868642916666668 0.47432610000000003 0.11385240208333333 0.48383967656250004 0.11197639375 0.48704533281250006 0.10962405416666667 0.48727922812499996 0.10858130416666666 0.49100192812500004 0.1067004125 0.48981270468749993 0.10034079583333333 0.4880596796875 0.09899357916666666 0.48641741875 0.09021125208333333 0.48413009999999995 0.0848600125 0.48149313281249995 0.07190505833333334 0.48083082499999996 0.07180356875 0.48009463906249994 0.06786666458333333 0.474946328125 0.056389904166666664 0.473168675 0.05376421458333334 0.46946073125 0.051136895833333335
0 0.306663725 0.05668533541666666 0.301906934375 0.057623339583333336 0.300978728125 0.05954023333333334 0.304580790625 0.05930776666666667 0.30804496875 0.057191152083333335 0.306663725 0.05668533541666666
0 0.165413003125 0.16025533125000002 0.1685078921875 0.16533810416666667 0.17333118125 0.17048962083333336 0.173670959375 0.17230665416666666 0.17659596093750002 0.17648090833333333 0.1823720828125 0.18099400416666667 0.18498193125 0.18462969791666667 0.18932755625 0.18608003333333334 0.19425173906249998 0.17800975624999998 0.1964479328125 0.175993 0.19899865781249998 0.17128506666666665 0.198833653125 0.16008165833333335 0.20512921093749997 0.14673051666666667 0.2059589140625 0.13969973541666666 0.20789658437499997 0.13744725625 0.21207969843750002 0.13573496875 0.21463291718750002 0.139067825 0.215765509375 0.1451246 0.21568674843750002 0.15158407708333332 0.2165041890625 0.15710229375 0.2157138671875 0.16090333750000002 0.2165633125 0.16544592083333332 0.2174841421875 0.16578313333333333 0.21776729062500003 0.16729732708333334 0.22189626875 0.17332298750000003 0.2224059359375 0.1760485375 0.22572734374999998 0.18234266458333334 0.2271652171875 0.18315132083333333 0.2284824546875 0.18560840625 0.2310430515625 0.18668715416666667 0.234475225 0.18554617291666667 0.2378261421875 0.18282387708333334 0.24232440937500002 0.18165015208333332 0.24652477187500002 0.18347043958333334 0.2515080796875 0.18374379166666666 0.254982128125 0.18741385833333332 0.25913573125 0.19471799166666667 0.261551065625 0.19616669791666666 0.265364890625 0.20165379791666668 0.26890294843749996 0.20337259791666668 0.27884005156249997 0.21293571875 0.2836140875 0.21553029375000002 0.28672373281249997 0.21610485416666667 0.29260324375 0.21543694375 0.2946788 0.21506861666666666 0.29560700624999997 0.21315172083333334 0.29625206406250004 0.20972063333333332 0.3000289015625 0.20010179166666667 0.29974575312499996 0.19858759583333332 0.300536075 0.19478655208333334 0.30013966718749996 0.19266668125 0.30126976562499996 0.19068266875 0.3011958890625 0.18684725416666667 0.30293166718750003 0.18466189375 0.3044162984375 0.17998670416666668 0.303581609375 0.17093591041666667 0.303805634375 0.16410647916666665 0.30517700937500003 0.1588256125 0.3096900296875 0.153143675 0.3110293984375 0.14883844166666668 0.309209871875 0.14140170416666667 0.3096037859375 0.13548078958333332 0.310684634375 0.13093983333333334 0.312105259375 0.12821591041666666 0.317676996875 0.12475533333333333 0.320259725 0.11907176875 0.3178418984375 0.10958227499999999 0.317179590625 0.10948078541666666 0.3164114015625 0.10651951458333334 0.3147125125 0.09743434791666666 0.3128216015625 0.09420298125 0.308054940625 0.08935430416666666 0.307205496875 0.08481172083333334 0.305775 0.08174895833333333 0.2978346890625 0.07827698541666667 0.28840974531249997 0.07948020208333334 0.28783607187500004 0.07870591875 0.28204519375000003 0.07870103333333334 0.28003364531249997 0.07711809583333333 0.2796938671875 0.07530106249999999 0.2787164078125 0.07466101041666667 0.278182115625 0.07065698958333333 0.282234721875 0.06480644791666666 0.2873140390625 0.062152897916666665 0.29705413593749996 0.06148824375 0.29956547968749997 0.06001005 0.300065275 0.05694891666666667 0.29525185781249996 0.057584083333333334 0.2946215546875 0.05650696041666667 0.2909062328125 0.05613374791666667 0.2842437765625 0.05834859583333333 0.283121053125 0.05807850416666667 0.2828945359375 0.056867147916666666 0.1748243234375 0.09279372083333333 0.1749632640625 0.09435585625 0.16994057499999998 0.09731224375 0.1678822671875 0.10121315 0.15815942031250002 0.10541037916666667 0.1575217390625 0.1065873625 0.1577507515625 0.11583950833333333 0.15725833125 0.11664653541666666 0.1606733609375 0.13834944375 0.161732075 0.14057080416666665 0.165413003125 0.16025533125000002
0 0.3704251984375 0.12587641458333335 0.3708893015625 0.12491796666666667 0.3699302859375 0.11864265416666667 0.370479334375 0.11813846458333334 0.36883707499999996 0.1093561375 0.36780298437500003 0.10841324999999999 0.3672539375 0.10891743749999999 0.3674263203125 0.11786674166666668 0.3706517171875 0.12708777083333334 0.3712007640625 0.12658358125 0.3704251984375 0.12587641458333335
0 0.41166770937499997 0.05973452083333333 0.4065145109375 0.05855265416666667 0.398357553125 0.05965600833333333 0.3948441234375 0.05921567916666667 0.3944723421875 0.05837428125 0.385249290625 0.05951037916666667 0.3804974890625 0.07652996041666667 0.3810884125 0.08083682083333334 0.38059599375 0.08164384791666666 0.383710625 0.09829998541666667 0.3864657359375 0.101565725 0.3903829515625 0.10187181875000001 0.41160629843749996 0.09610304583333333 0.41763844843750003 0.09281107291666667 0.419834640625 0.09079431875 0.42400788437500003 0.08329534791666666 0.4263173359375 0.08188427083333334 0.431290771875 0.07637093958333334 0.43528675000000006 0.07021755625000001 0.43785222968750004 0.06100141458333333 0.4370520375 0.059015775 0.4359046875 0.05746720833333333 0.43458007343749994 0.05726423125 0.423192834375 0.05944145 0.417635853125 0.05839381666666667 0.41166770937499997 0.05973452083333333
0 0.3483545921875 0.05601398541666667 0.34921879218749996 0.05604835625 0.350405521875 0.054367185416666665 0.3506886703125 0.05588137916666667 0.3541454703125 0.05601886875 0.3582005703125 0.0582091125 0.3609458109375 0.055688170833333335 0.3613815984375 0.05457830416666667 0.360758671875 0.051247075 0.3575111421875 0.048788364583333334 0.3566616984375 0.04424578125 0.355110565625 0.04283144791666667 0.35291437187499997 0.04484820416666667 0.351082584375 0.049960464583333336 0.350696046875 0.053627274999999995 0.3483545921875 0.05601398541666667
0 0.41258604375 0.052030943749999996 0.41295782656249996 0.052872345833333334 0.41667314843750003 0.053245556250000006 0.42892458749999995 0.05110270833333333 0.43036246250000004 0.051911364583333335 0.43039446562499994 0.050935729166666666 0.43382663906249996 0.049794747916666666 0.43686240468750004 0.046533893750000006 0.43729819531249997 0.04542402708333334 0.4366186390625 0.04178996041666667 0.43683528593750004 0.03721463333333333 0.4384578046875 0.034423595833333334 0.4421805046875 0.0325427 0.44376364218750003 0.03298140208333333 0.44511288125000004 0.034462852083333335 0.44577768281249996 0.04260512708333333 0.4484022859375 0.0417326125 0.446250359375 0.030224735416666666 0.4428895703125 0.027160345833333332 0.4413630640625 0.027024483333333335 0.4331987265625 0.030381945833333333 0.43025897031250004 0.0307159 0.42815879062500006 0.029805754166666667 0.42399780781249996 0.024755727083333335 0.4213953359375 0.018865927083333334 0.41898000468749996 0.017417220833333334 0.41792128906250003 0.015195860416666667 0.4159663703125 0.013915760416666667 0.41573985156250004 0.012704404166666666 0.381725759375 0.024011958333333337 0.3818884 0.030069520833333332 0.380566278125 0.03790733125 0.3818933859375 0.04615109791666667 0.38254831562499997 0.048506691666666664 0.38384092812500004 0.049685302083333334 0.38764488125 0.04938571875 0.38980169375 0.05059870416666667 0.40063250781250004 0.051179775000000004 0.401666596875 0.05212266458333333 0.41258604375 0.052030943749999996
0 0.1484326125 0.35729073125 0.14449077187499998 0.3557061645833333 0.144062359375 0.354561925 0.1421320671875 0.35456029791666666 0.1386900234375 0.3499145958333333 0.1345216640625 0.347118675 0.130887596875 0.34832677500000003 0.12888592031249999 0.3525305166666667 0.12916906875 0.3540447125 0.1284107484375 0.35687012083333336 0.13022289843749998 0.36656096666666665 0.1284231140625 0.37069759375 0.1264041875 0.37136876041666667 0.1196899875 0.3629858770833333 0.11799359218750001 0.3619414979166667 0.11611992812500001 0.36224270833333333 0.113091540625 0.36324945833333333 0.11135576250000001 0.36543481875 0.1095806046875 0.37084991875 0.10983174843750002 0.37333974583333335 0.1093393296875 0.37414677291666665 0.11279373906250001 0.39261994375 0.1136284296875 0.4016707375 0.1157778625 0.40513782708333335 0.1186216078125 0.4077307708333333 0.1240358203125 0.41718914999999995 0.1283174375 0.42059074999999996 0.1320893890625 0.4212668 0.1356988296875 0.41878022708333335 0.13973668125 0.41743789583333335 0.1479428921875 0.41889148541666665 0.15529227968749998 0.41805659791666666 0.160081071875 0.4161429604166667 0.1620753734375 0.4141933208333333 0.164133678125 0.41029241666666666 0.1627499421875 0.40174581249999997 0.163069978125 0.3919894791666667 0.1621072734375 0.38684121875 0.1613883359375 0.38643689166666667 0.16056351875 0.38317277916666664 0.155715603125 0.3767427916666667 0.1535661703125 0.3732757020833333 0.1532263921875 0.37145866875 0.152564084375 0.37135718125 0.1484326125 0.35729073125