0 0.7550154328125 0.1151620375 0.7552083328125 0.11979166666666667 0.7532793203125 0.12557870416666667 0.7478780859375 0.13165509166666667 0.746527778125 0.13773148124999998 0.7440200625 0.14149305625 0.742669753125 0.14814814791666667 0.74324845625 0.15190972291666668 0.7440200625 0.15306712916666668 0.749614196875 0.15769675833333335 0.7519290125 0.16116898124999998 0.7517361109375 0.16550925833333335 0.74903549375 0.17158564791666667 0.749421296875 0.17939814791666667 0.748649690625 0.18489583333333334 0.7478780859375 0.1854745375 0.7472993828125001 0.18865740833333333 0.7472993828125001 0.19270833333333334 0.7478780859375 0.19415509166666667 0.754436728125 0.19965277708333332 0.7552083328125 0.203125 0.7552083328125 0.21440972291666668 0.75790895 0.21932870416666667 0.7598379625 0.2207754625 0.762152778125 0.22106481458333332 0.763117284375 0.222511575 0.7654320984375 0.23726851875000002 0.7671682093750001 0.23871527708333332 0.769097221875 0.23900462916666668 0.7760416671875 0.23871527708333332 0.778742284375 0.23755787083333332 0.780671296875 0.23495370416666667 0.7868441359375 0.230324075 0.7893518515625 0.22685185208333333 0.7951388890625 0.22424768541666668 0.7970679015625 0.21961805625 0.7989969140625 0.22106481458333332 0.7995756171874999 0.22366898124999998 0.8015046296874999 0.22540509166666667 0.8042052468750001 0.230613425 0.8086419749999999 0.23148148124999998 0.8175154328125 0.2285879625 0.8186728390625 0.22945601875000002 0.821759259375 0.23524305625 0.8238811734375 0.24160879583333333 0.8292824078125 0.24450231458333332 0.8323688265625 0.25115740833333333 0.8362268515625001 0.254050925 0.8381558640625 0.25665509166666667 0.8425925921875 0.25694444375 0.8458719140625 0.2557870375 0.853009259375 0.2552083333333333 0.85455246875 0.25289351875 0.8562885796874999 0.2520254625 0.8576388890625 0.25 0.8576388890625 0.24884259166666667 0.8611111109375 0.24479166666666666 0.8643904328125 0.24305555625 0.8699845671875 0.24189814791666667 0.871527778125 0.23726851875000002 0.8717206796875001 0.23206018541666668 0.8740354937499999 0.22627314791666667 0.8748070984374999 0.22540509166666667 0.8815586421875 0.22366898124999998 0.884259259375 0.2207754625 0.8861882718749999 0.2167245375 0.8861882718749999 0.21325231458333332 0.8873456796875001 0.21035879583333333 0.888117284375 0.203125 0.8888888890625 0.20196759166666667 0.8890817906249999 0.19965277708333332 0.8908179015625001 0.19675925833333335 0.8915895062500001 0.19010416666666666 0.8929398140625 0.18692129583333333 0.8975694437499999 0.18113425833333335 0.90142746875 0.17939814791666667 0.9029706796875001 0.17708333333333334 0.9054783953125 0.175636575 0.9060570984374999 0.17245370416666667 0.9047067906249999 0.167824075 0.9035493828125001 0.16695601875000002 0.902777778125 0.16377314791666667 0.8996913578125 0.15769675833333335 0.8981481484374999 0.1504629625 0.8952546296874999 0.14554398124999998 0.89351851875 0.144675925 0.89351851875 0.14322916666666666 0.8942901234375 0.14236111041666666 0.8993055562500001 0.14120370416666667 0.9145447531249999 0.14236111041666666 0.9174382718749999 0.140625 0.9185956796875001 0.136574075 0.9182098765625 0.12991898125 0.9176311734375 0.12934027708333334 0.9174382718749999 0.12413194375 0.9168595671875 0.12326388958333333 0.9185956796875001 0.11863425833333333 0.9220679015625001 0.113425925 0.9187885796874999 0.10214120416666667 0.9195601859375 0.10040509166666665 0.9239969140625 0.0957754625 0.9261188265625 0.09143518541666666 0.9255401234375 0.08767361041666667 0.920524690625 0.08043981458333334 0.9182098765625 0.07494212916666668 0.9128086421875 0.07378472291666666 0.9047067906249999 0.074074075 0.9025848765625 0.07667824166666667 0.8981481484374999 0.07957175833333333 0.8979552468750001 0.08043981458333334 0.8964120375 0.08043981458333334 0.8962191359375 0.07957175833333333 0.8937114203125001 0.07870370416666667 0.8915895062500001 0.074074075 0.8896604937499999 0.07175925833333333 0.888117284375 0.06799768541666666 0.8875385796874999 0.06423611041666667 0.8823302468750001 0.058449074999999996 0.8809799375 0.052951389583333335 0.8786651234375 0.05034722291666667 0.8769290125 0.046875 0.8769290125 0.03819444375 0.877507715625 0.03674768541666666 0.8769290125 0.03240740833333333 0.8730709875 0.029224537499999998 0.8726851859375 0.025462962500000002 0.871527778125 0.023726852083333336 0.8707561734375 0.019965277083333333 0.8707561734375 0.01851851875 0.8717206796875001 0.017071758333333336 0.874421296875 0.015335647916666667 0.872492284375 0.011574075 0.87017746875 0.010416666666666666 0.8663194437499999 0.005208333333333333 0.8634259265625 0.0066550916666666664 0.8589891968750001 0.006365741666666667 0.8543595671875 0.0078125 0.8526234562499999 0.009259258333333333 0.8495370375 0.008969908333333334 0.8470293203124999 0.007523147916666667 0.842399690625 0.0078125 0.8410493828125001 0.010416666666666666 0.8385416671874999 0.011863425 0.837384259375 0.014178241666666667 0.8342978390625 0.016203704166666666 0.83294753125 0.019097222916666667 0.83294753125 0.02054398125 0.8323688265625 0.020833333333333332 0.8321759265625 0.023148147916666664 0.831597221875 0.0234375 0.8308256171874999 0.02835648125 0.8283179015625001 0.03211805625 0.821759259375 0.024305556250000002 0.8196373453125 0.024305556250000002 0.8165509265625 0.02575231458333333 0.8144290125 0.029224537499999998 0.8136574078125 0.03443287083333334 0.813078703125 0.03472222291666667 0.813078703125 0.037326389583333335 0.8117283953125 0.04021990833333333 0.8092206796875001 0.04224537083333334 0.8072916671874999 0.045138889583333335 0.8042052468750001 0.04658564791666667 0.8005401234375 0.04542824166666667 0.796489196875 0.04542824166666667 0.7945601859375 0.05613425833333333 0.794367284375 0.06134259166666667 0.7937885796875 0.06163194375 0.793402778125 0.06394675833333334 0.781828703125 0.06568287083333334 0.7791280859375 0.06741898125 0.7785493828125001 0.06886574166666667 0.7741126546875 0.07349537083333332 0.7717978390625 0.074074075 0.7696759265625001 0.07638888958333333 0.7619598765625 0.08101851875 0.7546296296875 0.09143518541666666 0.7532793203125 0.09837962916666668 0.751350309375 0.1015625 0.7511574078125001 0.10850694375 0.7530864203125 0.11168981458333334 0.7532793203125 0.113136575 0.7550154328125 0.1151620375
0 0.3101851859375 0.8828125 0.31211419687499997 0.8831018520833334 0.3123070984375 0.8839699083333333 0.3142361109375 0.8845486104166667 0.3155864203125 0.8868634249999999 0.3157793203125 0.8909143520833334 0.3165509265625 0.8938078708333334 0.3182870375 0.8967013895833333 0.3184799375 0.9004629625 0.32040894999999997 0.9053819437499999 0.32040894999999997 0.9068287041666667 0.3209876546875 0.9071180562500001 0.3223379625 0.9146412041666667 0.3248456796875 0.9192708333333334 0.3269675921875 0.9265046291666666 0.3312114203125 0.93258101875 0.3379629625 0.93460648125 0.34220679062500003 0.9401041666666666 0.34510030937499997 0.95601851875 0.347608025 0.9612268520833334 0.3557098765625 0.9652777770833333 0.358796296875 0.9626736104166667 0.3595679015625 0.9615162041666667 0.3616898140625 0.9516782416666667 0.36612654375 0.9395254625 0.36709105000000003 0.9288194437499999 0.369598765625 0.9224537041666667 0.36824845625 0.9024884249999999 0.3688271609375 0.8998842583333333 0.37017746875 0.8993055562500001 0.37152777812500004 0.8969907416666667 0.3717206796875 0.89351851875 0.3703703703125 0.8903356479166666 0.3690200625 0.8897569437499999 0.3668981484375 0.8862847229166667 0.3655478390625 0.88570601875 0.363233025 0.8816550916666667 0.35590277812500004 0.8764467583333333 0.3570601859375 0.8735532416666667 0.36033950625 0.8706597229166667 0.36284722187499996 0.8663194437499999 0.3630401234375 0.86429398125 0.36226851875 0.8596643520833334 0.36091820937499997 0.8579282416666667 0.36033950625 0.8556134249999999 0.35783179062500003 0.8527199083333333 0.3560956796875 0.8472222229166667 0.353009259375 0.8425925916666667 0.3508873453125 0.84085648125 0.3493441359375 0.8376736104166667 0.3458719140625 0.8359375 0.344328703125 0.8339120375 0.3381558640625 0.8324652770833333 0.3346836421875 0.8368055562500001 0.3314043203125 0.8385416666666666 0.3279320984375 0.83883101875 0.32735339531249996 0.8402777770833333 0.3250385796875 0.8420138895833333 0.3231095671875 0.84664351875 0.320794753125 0.8498263895833333 0.3146219140625 0.8518518520833334 0.31346450625 0.8538773145833333 0.309992284375 0.8556134249999999 0.30902777812500004 0.8576388895833333 0.307098765625 0.8587962958333333 0.3065200625 0.8637152770833333 0.3063271609375 0.8747106479166666 0.3072916671875 0.8802083333333334 0.307098765625 0.8842592583333333 0.3101851859375 0.8828125
0 0.58487654375 0.11053240833333335 0.5850694437499999 0.11255787083333332 0.5868055562500001 0.11631944375 0.58699845625 0.11863425833333333 0.5881558640625 0.12065972291666666 0.5896990734374999 0.12152777708333334 0.5954861109375 0.12181712916666668 0.597222221875 0.12268518541666666 0.5995370375 0.12644675833333333 0.60146605 0.13454861041666666 0.6039737656249999 0.13715277708333332 0.6043595671875 0.1385995375 0.6066743828125001 0.14004629583333333 0.6078317906249999 0.14207175833333335 0.6114969140625 0.14525462916666668 0.6195987656249999 0.14612268541666668 0.6232638890625 0.14554398124999998 0.625578703125 0.14380787083333332 0.626350309375 0.14236111041666666 0.6304012343750001 0.13946759166666667 0.6359953703125 0.13165509166666667 0.6388888890625 0.13020833333333334 0.6390817906249999 0.12905092499999998 0.6408179015625 0.12731481458333332 0.6429398140625 0.11689814791666667 0.644097221875 0.11458333333333333 0.6481481484375 0.11197916666666667 0.64834105 0.11111111041666667 0.6516203703125 0.11024305625 0.6535493828125001 0.10792824166666667 0.6543209875 0.10300925833333333 0.6539351859375 0.09288194375 0.6502700625 0.08043981458333334 0.648919753125 0.07349537083333332 0.64737654375 0.07002314791666667 0.6427469140625 0.06423611041666667 0.641975309375 0.06163194375 0.636188271875 0.05439814791666667 0.634259259375 0.04918981458333334 0.6321373453125 0.046875 0.6315586421875 0.045138889583333335 0.6300154328125 0.043113425000000004 0.6269290125 0.0410879625 0.6168981484375 0.04224537083333334 0.6151620375 0.04340277708333333 0.6116898140625 0.04774305625 0.609375 0.05439814791666667 0.6086033953125 0.05497685208333333 0.5987654328125 0.05497685208333333 0.5929783953125 0.05758101875 0.59278549375 0.058449074999999996 0.5875771609375 0.06018518541666666 0.58699845625 0.06423611041666667 0.5856481484375 0.06799768541666666 0.5842978390625 0.06973379583333333 0.5831404328125 0.074074075 0.58294753125 0.089988425 0.5835262343750001 0.10503472291666666 0.5842978390625 0.11024305625 0.58487654375 0.11053240833333335
0 0.5098379625 0.14670138958333334 0.5104166671875 0.14699074166666665 0.5113811734375 0.15190972291666668 0.513117284375 0.15393518541666668 0.5144675921874999 0.15740740833333333 0.5183256171874999 0.16174768541666668 0.5243055562500001 0.16348379583333333 0.530671296875 0.1698495375 0.5362654328125 0.17158564791666667 0.5432098765625 0.17042824166666665 0.54976851875 0.16579861041666666 0.5499614203125 0.16464120416666667 0.5509259265625001 0.16435185208333333 0.5526620375 0.16174768541666668 0.5538194437499999 0.14988425833333335 0.5543981484375 0.14930555625 0.5543981484375 0.14583333333333334 0.555169753125 0.14409722291666668 0.555169753125 0.12268518541666666 0.5570987656249999 0.12065972291666666 0.5582561734375 0.11574074166666667 0.5582561734375 0.10503472291666666 0.5570987656249999 0.10069444375 0.5543981484375 0.097511575 0.546489196875 0.09432870416666667 0.5414737656249999 0.08738425833333333 0.535686728125 0.08535879583333333 0.531828703125 0.08709490833333335 0.526813271875 0.09288194375 0.5206404328125 0.097511575 0.5202546296875 0.09866898125 0.51658950625 0.10127314791666667 0.5133101859375 0.105324075 0.5106095671875 0.10966435208333333 0.5104166671875 0.11226851875 0.5098379625 0.11255787083333332 0.5090663578125 0.12210648125 0.5084876546875 0.125 0.50790895 0.12528935208333333 0.50790895 0.13946759166666667 0.5084876546875 0.13975694375 0.5084876546875 0.14178240833333333 0.5098379625 0.14670138958333334
0 0.432098765625 0.109375 0.4328703703125 0.109375 0.4322916671875 0.10879629583333333 0.432098765625 0.109375
0 0.5640625 0.03958333333333333 0.00078125 0.0010416666666666667
0 0.581597221875 0 0.581597221875 0.0017361104166666666 0.5850694437499999 0.004050925 0.5850694437499999 0.0055555562499999996 0.5842978390625 0.006365741666666667 0.5850694437499999 0.0070601854166666665 0.5850694437499999 0.011574075 0.5856481484375 0 0.581597221875 0
0 0.5734953703125 0 0.5734953703125 0.0017361104166666666 0.58101851875 0.0017361104166666666 0.58101851875 0 0.5734953703125 0
0 0.5549768515625 0 0.5549768515625 0.0017361104166666666 0.5582561734375 0.0020254625 0.558641975 0 0.5549768515625 0
0 0.4793595671875 0 0.4791666671875 0.0020254625 0.4758873453125 0.003761575 0.47434413593749997 0.006076389583333333 0.46855709843750004 0.0078125 0.4670138890625 0.010127314583333333 0.4627700625 0.011863425 0.46257716093749995 0.015914352083333333 0.463348765625 0.019386575 0.46508487656249997 0.02054398125 0.4654706796875 0.022858795833333334 0.46778549375 0.02575231458333333 0.46913580312500003 0.03125 0.46739969062500003 0.04021990833333333 0.4660493828125 0.04224537083333334 0.4654706796875 0.04918981458333334 0.4666280859375 0.07986111041666667 0.46739969062500003 0.08101851875 0.46932870312499997 0.09114583333333333 0.471257715625 0.09519675833333333 0.4739583328125 0.09837962916666668 0.4747299375 0.09693287083333332 0.478009259375 0.09519675833333333 0.4793595671875 0.09317129583333333 0.48572530937499997 0.089988425 0.48784722187499996 0.08709490833333335 0.4947916671875 0.08506944375 0.4972993828125 0.07957175833333333 0.501350309375 0.07378472291666666 0.5071373453125 0.07175925833333333 0.507330246875 0.07089120416666667 0.5125385796875 0.06712962916666668 0.5171682093750001 0.0604745375 0.5206404328125 0.058738425000000004 0.5246913578125 0.05815972291666667 0.529899690625 0.05410879583333333 0.53028549375 0.052951389583333335 0.5345293203125 0.05121527708333333 0.542438271875 0.04340277708333333 0.542438271875 0.0390625 0.540509259375 0.035011574999999996 0.53896605 0.03356481458333334 0.5370370375 0.029513889583333335 0.534722221875 0.027199075 0.5329861109375 0.026909722916666667 0.531828703125 0.0234375 0.5291280859375 0.019386575 0.529899690625 0.015625 0.5293209875 0.011863425 0.5285493828125001 0.0135995375 0.5260416671875 0.015625 0.5250771609375 0.011574075 0.5217978390625 0.00868055625 0.5225694437499999 0.00491898125 0.5179398140625 0.00289351875 0.51658950625 0.0014467583333333332 0.51658950625 0 0.4793595671875 0
0 0.8904320984374999 0 0.8904320984374999 0.0017361104166666666 0.8915895062500001 0.002314814583333333 0.8921682093750001 0.005208333333333333 0.8950617281250001 0.007233795833333333 0.8973765437500001 0.012152777083333333 0.8937114203125001 0.015914352083333333 0.8883101859375 0.02575231458333333 0.888117284375 0.02835648125 0.8875385796874999 0.028645833333333332 0.8863811734375 0.032986110416666665 0.8863811734375 0.037326389583333335 0.8856095671875 0.03964120416666667 0.8854166671874999 0.044270833333333336 0.8848379625 0.0448495375 0.8840663578125 0.05381944375 0.8848379625 0.05700231458333334 0.888117284375 0.0604745375 0.8894675921875 0.06857638958333333 0.8937114203125001 0.07378472291666666 0.8975694437499999 0.07320601875 0.9002700625 0.06944444375 0.9124228390625 0.06192129583333333 0.918402778125 0.06134259166666667 0.9249614203125001 0.058449074999999996 0.9284336421875 0.06018518541666666 0.9301697531249999 0.06394675833333334 0.9319058640625 0.06597222291666667 0.9375 0.06597222291666667 0.9405864203125001 0.06394675833333334 0.9421296296874999 0.06192129583333333 0.9434799375 0.05815972291666667 0.9434799375 0.0546875 0.9440586421875 0.05410879583333333 0.9425154328125 0.05005787083333334 0.942901234375 0.04918981458333334 0.9457947531249999 0.048611110416666665 0.9465663578125 0.05034722291666667 0.9473379625 0.05815972291666667 0.9479166671874999 0.058449074999999996 0.9498456796875001 0.06539351875 0.9500385796874999 0.06915509166666665 0.9519675921875 0.07320601875 0.953125 0.07349537083333332 0.9558256171874999 0.07725694375 0.9569830250000001 0.07754629583333333 0.9592978390625 0.0760995375 0.959490740625 0.07523148125 0.9660493828125001 0.07175925833333333 0.9726080250000001 0.06307870416666667 0.9731867281250001 0.06134259166666667 0.9783950625 0.05526620416666667 0.981867284375 0.046875 0.9828317906249999 0.03935185208333333 0.9845679015625001 0.037326389583333335 0.9853395062500001 0.033854166666666664 0.9886188265625 0.029224537499999998 0.9893904328125 0.022569443749999998 0.9899691359375 0.021990741666666664 0.9901620375 0.005208333333333333 0.9888117281250001 0 0.8904320984374999 0
0 0.617669753125 0.38396990833333333 0.6197916671875 0.3854166666666667 0.6273148140625 0.3854166666666667 0.6307870375 0.38628472291666666 0.632330246875 0.38773148125 0.6334876546875 0.39033564791666664 0.634259259375 0.39033564791666664 0.638117284375 0.39756944375000003 0.640239196875 0.39988425833333335 0.6448688265625 0.40133101875 0.648919753125 0.39930555624999997 0.648919753125 0.39525462916666665 0.6464120375 0.38744212916666665 0.6462191359375 0.37181712916666665 0.64351851875 0.36747685208333336 0.64158950625 0.36255787083333335 0.64158950625 0.359375 0.6394675921874999 0.35734953750000004 0.6369598765625 0.35127314791666664 0.6321373453125 0.35069444375000003 0.627507715625 0.35214120416666667 0.6251929015625 0.35474537083333335 0.623649690625 0.355324075 0.6222993828125001 0.35792824166666665 0.6195987656249999 0.36053240833333333 0.6188271609375 0.36226851875 0.6188271609375 0.36429398125 0.61824845625 0.3645833333333333 0.61824845625 0.36776620416666667 0.6163194437499999 0.37615740833333333 0.6163194437499999 0.3810763895833333 0.617669753125 0.38396990833333333
0 0.64737654375 0.3619791666666667 0.6487268515625 0.36805555624999997 0.6481481484375 0.37557870416666667 0.64949845625 0.3802083333333333 0.64949845625 0.38339120416666667 0.65142746875 0.38773148125 0.65142746875 0.39033564791666664 0.6520061734375 0.390625 0.6521990734374999 0.39814814791666664 0.6512345671875 0.4001736104166667 0.6502700625 0.40046296249999996 0.652777778125 0.40538194375000003 0.654899690625 0.40740740833333333 0.654899690625 0.410011575 0.6547067906249999 0.4117476854166667 0.653742284375 0.41261574166666665 0.6506558640625 0.41290509166666667 0.6493055562500001 0.4166666666666667 0.6475694437499999 0.417824075 0.64737654375 0.42071759166666667 0.6467978390625 0.42100694375000003 0.6467978390625 0.4273726854166667 0.64737654375 0.42766203750000004 0.647955246875 0.43026620416666667 0.64949845625 0.43113425833333335 0.6508487656249999 0.4348958333333333 0.6547067906249999 0.43663194375000003 0.654899690625 0.43894675833333335 0.656828703125 0.4427083333333333 0.6647376546875 0.44994212916666665 0.6658950625 0.45023148125 0.6682098765625 0.45283564791666664 0.6720679015625 0.45428240833333333 0.675347221875 0.45746527708333334 0.67862654375 0.45109953750000004 0.6805555562500001 0.44473379583333333 0.6842206796875 0.43952546249999996 0.6855709875 0.43865740833333333 0.6876929015625 0.4348958333333333 0.6894290125 0.433449075 0.69039351875 0.43084490833333333 0.6925154328125 0.42939814791666664 0.6946373453125 0.425636575 0.6940586421875 0.418113425 0.688078703125 0.40682870416666667 0.6876929015625 0.40422453750000004 0.688850309375 0.40046296249999996 0.6929012343750001 0.40422453750000004 0.69425154375 0.40625 0.6946373453125 0.40827546249999996 0.6969521609375 0.4114583333333333 0.6998456796875 0.41290509166666667 0.7015817906249999 0.41521990833333333 0.7038966046875 0.4166666666666667 0.70794753125 0.418113425 0.7133487656249999 0.418113425 0.715277778125 0.41550925833333335 0.717399690625 0.402199075 0.7166280859375 0.386863425 0.7154706796875 0.38396990833333333 0.714891975 0.37991898125 0.715277778125 0.37471064791666664 0.7160493828125001 0.37355324166666665 0.7160493828125001 0.3689236104166667 0.715277778125 0.36805555624999997 0.7145061734375 0.3645833333333333 0.7106481484375 0.359375 0.7029320984375 0.35792824166666665 0.7010030859375 0.355613425 0.70794753125 0.34490740833333333 0.70794753125 0.3411458333333333 0.7071759265625001 0.3385416666666667 0.7046682093750001 0.33622685208333336 0.7033179015625 0.33304398125 0.7019675921874999 0.332175925 0.6994598765625 0.32783564791666664 0.6973379625 0.3263888895833333 0.695794753125 0.324074075 0.688850309375 0.32349537083333335 0.6780478390625 0.33304398125 0.6741898140625 0.33883101875 0.6739969140625 0.34085648125 0.6720679015625 0.34461805624999997 0.671489196875 0.3492476854166667 0.6707175921874999 0.35011574166666665 0.6699459875 0.355613425 0.6687885796875 0.35879629583333333 0.6657021609375 0.36226851875 0.6603009265625001 0.3619791666666667 0.6581790125 0.359375 0.6529706796875 0.3576388895833333 0.6512345671875 0.35590277708333334 0.6475694437499999 0.35590277708333334 0.64737654375 0.35821759166666667 0.6467978390625 0.35850694375000003 0.6467978390625 0.3616898145833333 0.64737654375 0.3619791666666667
0 0 0.18807870416666667 0.0017361109374999999 0.18807870416666667 0.0052083328125 0.19039351875000002 0.008294753125 0.19097222291666668 0.0123456796875 0.1932870375 0.01658950625 0.1932870375 0.0196759265625 0.19212962916666668 0.023919753125000002 0.18634259166666667 0.0250771609375 0.17853009166666667 0.027006173437499996 0.17476851875000002 0.027391975000000002 0.171875 0.028549382812500003 0.17100694375 0.0293209875 0.16898148124999998 0.032214506250000004 0.16869212916666668 0.0339506171875 0.16695601875000002 0.0339506171875 0.15306712916666668 0.0345293203125 0.14901620416666667 0.035108025 0.14699074166666665 0.037808642187500005 0.14293981458333332 0.03800154375 0.14149305625 0.0509259265625 0.13136574166666667 0.0524691359375 0.12760416666666666 0.0584490734375 0.11979166666666667 0.0597993828125 0.11631944375 0.0597993828125 0.11226851875 0.058641975 0.10850694375 0.056134259374999995 0.10503472291666666 0.05169753125 0.10271990833333335 0.051311728125 0.1015625 0.0486111109375 0.09982638958333333 0.0457175921875 0.09606481458333334 0.03607253125 0.09606481458333334 0.0343364203125 0.09461805625 0.031057098437500003 0.08767361041666667 0.0271990734375 0.08535879583333333 0.0212191359375 0.08449074166666667 0.0123456796875 0.08622685208333333 0.0052083328125 0.089988425 0.0017361109374999999 0.0957754625 0 0.0957754625 0 0.18807870416666667
0 0.5617283953125 0.3179976854166667 0.5625 0.3220486104166667 0.5646219140625 0.324363425 0.563078703125 0.32841435208333336 0.5657793203125 0.32870370416666667 0.566358025 0.32957175833333335 0.566358025 0.33130787083333335 0.5644290125 0.33246527708333334 0.5623070984375 0.332175925 0.5609567906249999 0.3304398145833333 0.5603780859375 0.3307291666666667 0.5603780859375 0.33940972291666666 0.5623070984375 0.34230324166666665 0.562885803125 0.3460648145833333 0.5625 0.36284722291666666 0.563850309375 0.3671875 0.5677083328125 0.3726851854166667 0.57021605 0.37384259166666667 0.575617284375 0.37355324166666665 0.5814043203125 0.3697916666666667 0.58892746875 0.355324075 0.5910493828125001 0.3532986104166667 0.5910493828125001 0.34837962916666665 0.592399690625 0.34172453750000004 0.5995370375 0.32725694375000003 0.5997299375 0.32465277708333334 0.6003086421875 0.324074075 0.60050154375 0.316550925 0.6018518515625 0.31134259166666667 0.604938271875 0.30815972291666666 0.6060956796875 0.30584490833333333 0.6095679015625 0.30526620416666667 0.6120756171874999 0.30266203750000004 0.6195987656249999 0.30121527708333334 0.621527778125 0.2994791666666667 0.6217206796875 0.29774305624999997 0.6226851859375 0.29658564791666664 0.6230709875 0.293113425 0.6217206796875 0.2907986104166667 0.6207561734375 0.2867476854166667 0.6195987656249999 0.28472222291666666 0.6163194437499999 0.28240740833333333 0.6126543203125 0.2838541666666667 0.61226851875 0.28240740833333333 0.6136188265625 0.2789351854166667 0.6163194437499999 0.27777777708333334 0.6195987656249999 0.2734375 0.6217206796875 0.2679398145833333 0.6242283953125 0.26388888958333334 0.625578703125 0.25954861041666666 0.625385803125 0.25665509166666667 0.6242283953125 0.25318287083333335 0.621527778125 0.25 0.6195987656249999 0.245949075 0.6168981484375 0.23755787083333332 0.612847221875 0.23350694375 0.6082175921874999 0.23466435208333333 0.6062885796875 0.23871527708333332 0.6060956796875 0.24131944375 0.6028163578125 0.24479166666666666 0.5987654328125 0.24334490833333333 0.5956790125 0.24479166666666666 0.59085648125 0.24508101875000002 0.5906635796875 0.245949075 0.5808256171874999 0.24681712916666668 0.5655864203125 0.2520254625 0.5646219140625 0.25318287083333335 0.5636574078125001 0.25723379583333333 0.563078703125 0.2682291666666667 0.5636574078125001 0.26851851875 0.563850309375 0.27141203750000004 0.5682870375 0.2717013895833333 0.56925154375 0.2734375 0.57137345625 0.27488425833333335 0.5721450625 0.27633101875 0.5723379625 0.2789351854166667 0.5729166671875 0.27922453750000004 0.5729166671875 0.2829861104166667 0.5709876546875 0.28443287083333335 0.5679012343750001 0.28240740833333333 0.5644290125 0.2829861104166667 0.563078703125 0.28472222291666666 0.562885803125 0.28703703750000004 0.561149690625 0.2916666666666667 0.56153549375 0.30121527708333334 0.5609567906249999 0.30671296249999996 0.5617283953125 0.31047453750000004 0.5617283953125 0.3179976854166667
0 0.8063271609375 0.5188078708333334 0.809992284375 0.5254629625 0.813078703125 0.5295138895833333 0.8148148140625 0.5300925916666667 0.8175154328125 0.5329861104166667 0.8213734562499999 0.5329861104166667 0.8229166671874999 0.5344328708333334 0.8279320984374999 0.5431134249999999 0.8323688265625 0.5434027770833333 0.8356481484374999 0.5370370375 0.8364197531249999 0.53414351875 0.84085648125 0.5277777770833334 0.8422067906249999 0.5269097229166666 0.8449074078125 0.5153356479166666 0.8456790125 0.51475694375 0.8483796296874999 0.5075231479166666 0.8497299375 0.49305555624999997 0.849151234375 0.48350694375000003 0.8464506171874999 0.47714120416666667 0.8456790125 0.47627314791666664 0.8418209875 0.47714120416666667 0.840277778125 0.4748263895833333 0.8396990734375 0.472511575 0.8379629625 0.47077546249999996 0.8352623453125 0.46961805624999997 0.8304398140625 0.47019675833333335 0.8240740734375 0.4748263895833333 0.8161651234375 0.4765625 0.8142361109375 0.4782986104166667 0.813078703125 0.48003472291666666 0.8109567906249999 0.48755787083333335 0.8086419749999999 0.49131944375000003 0.8063271609375 0.49334490833333333 0.8055555562500001 0.49652777708333334 0.8038194437499999 0.49884259166666667 0.8024691359375 0.50289351875 0.8024691359375 0.5092592583333333 0.80459105 0.51475694375 0.8063271609375 0.5173611104166667 0.8063271609375 0.5188078708333334
0 0.4886188265625 0.5465856479166666 0.49517746875 0.5543981479166666 0.49864969062500003 0.5570023145833333 0.5011574078125001 0.55758101875 0.5019290125 0.55758101875 0.5113811734375 0.5425347229166667 0.5167824078125001 0.5384837958333333 0.520061728125 0.5379050916666667 0.52237654375 0.5358796291666666 0.523919753125 0.5326967583333333 0.5252700625 0.5251736104166667 0.5250771609375 0.5173611104166667 0.5231481484375 0.511863425 0.5206404328125 0.5095486104166667 0.519097221875 0.5057870375 0.5183256171874999 0.5066550916666667 0.5144675921874999 0.5066550916666667 0.513117284375 0.5020254625 0.5119598765625 0.5002893520833334 0.5106095671875 0.49884259166666667 0.5084876546875 0.4982638895833333 0.5017361109375 0.49884259166666667 0.494598765625 0.50289351875 0.4909336421875 0.5066550916666667 0.4893904328125 0.50694444375 0.48630401250000005 0.51070601875 0.48398919687499997 0.5121527770833334 0.48206018593750005 0.5167824083333333 0.481867284375 0.52054398125 0.48128857968750005 0.5208333333333334 0.48070987656249997 0.5289351854166667 0.48128857968750005 0.5318287041666667 0.4864969140625 0.5387731479166666 0.4886188265625 0.5465856479166666
0 0.5138888890625 0.48524305624999997 0.516975309375 0.480613425 0.5158179015625 0.47974537083333335 0.5119598765625 0.480324075 0.511766975 0.4826388895833333 0.5106095671875 0.484375 0.5119598765625 0.4861111104166667 0.5138888890625 0.48524305624999997
0 0.568865740625 0.418113425 0.5661651234375 0.42042824166666665 0.563078703125 0.4270833333333333 0.5636574078125001 0.43692129583333333 0.563078703125 0.4375 0.562885803125 0.44212962916666665 0.5609567906249999 0.44878472291666666 0.561149690625 0.45746527708333334 0.5636574078125001 0.46064814791666664 0.5700231484375 0.4626736104166667 0.5748456796875 0.4664351854166667 0.578510803125 0.46730324166666665 0.581983025 0.4661458333333333 0.58584105 0.46817129583333333 0.5881558640625 0.4704861104166667 0.5896990734374999 0.47077546249999996 0.596257715625 0.47077546249999996 0.600115740625 0.46527777708333334 0.6060956796875 0.464988425 0.6070601859375 0.46383101875 0.6095679015625 0.4632523145833333 0.6095679015625 0.46006944375000003 0.610725309375 0.45804398125 0.612847221875 0.45659722291666666 0.61419753125 0.449074075 0.61709105 0.44473379583333333 0.6234567906249999 0.4429976854166667 0.6305941359375 0.4357638895833333 0.63175154375 0.43287037083333335 0.634259259375 0.4296875 0.638117284375 0.42100694375000003 0.6394675921874999 0.41261574166666665 0.6394675921874999 0.40769675833333335 0.6388888890625 0.4039351854166667 0.6383101859375 0.40335648125 0.638117284375 0.3984375 0.6356095671875 0.39409722291666666 0.6354166671875 0.3923611104166667 0.63290895 0.38859953750000004 0.6309799375 0.38715277708333334 0.6269290125 0.38628472291666666 0.6234567906249999 0.38715277708333334 0.61709105 0.386574075 0.6126543203125 0.38425925833333335 0.610725309375 0.37934027708333334 0.6116898140625 0.36747685208333336 0.6114969140625 0.36082175833333335 0.6095679015625 0.35821759166666667 0.6076388890625 0.3576388895833333 0.6024305562500001 0.35821759166666667 0.6008873453125 0.359375 0.5956790125 0.3671875 0.594328703125 0.36805555624999997 0.5925925921874999 0.37152777708333334 0.5866126546875 0.37702546249999996 0.5841049375 0.37789351875 0.577739196875 0.3773148145833333 0.573688271875 0.378761575 0.5734953703125 0.37962962916666665 0.57040895 0.38136574166666665 0.56925154375 0.3828125 0.566358025 0.394386575 0.563078703125 0.39959490833333333 0.56153549375 0.40769675833333335 0.5625 0.41261574166666665 0.568865740625 0.4140625 0.5690586421875 0.41608796249999996 0.568865740625 0.418113425
0 0.068865740625 0.08420138958333333 0.0696373453125 0.10300925833333333 0.07233796249999999 0.10763888958333333 0.081597221875 0.113136575 0.08506944375 0.11226851875 0.08584105 0.11111111041666667 0.092399690625 0.10850694375 0.099151234375 0.10763888958333333 0.09953703750000001 0.10677083333333333 0.1041666671875 0.10677083333333333 0.10435956718749999 0.10763888958333333 0.10628857968750001 0.10763888958333333 0.10648148125000001 0.10677083333333333 0.11033950625 0.10387731458333334 0.11226851874999999 0.09982638958333333 0.11419753125000001 0.09317129583333333 0.11689814843749999 0.089699075 0.11786265468749998 0.08709490833333335 0.119598765625 0.08564814791666667 0.12094907343750001 0.082175925 0.1217206796875 0.074074075 0.1226851859375 0.07089120416666667 0.1222993828125 0.059895833333333336 0.1242283953125 0.05526620416666667 0.1242283953125 0.05034722291666667 0.11882716093750001 0.042824074999999996 0.11631944375 0.035300925000000004 0.1120756171875 0.035300925000000004 0.111882715625 0.03616898125 0.1057098765625 0.03674768541666666 0.1041666671875 0.03790509166666667 0.09857253125 0.03819444375 0.088348765625 0.030671295833333334 0.077739196875 0.029803241666666664 0.0738811734375 0.03356481458333334 0.0731095671875 0.03616898125 0.07040895 0.03935185208333333 0.07021605 0.04137731458333334 0.0665509265625 0.04658564791666667 0.0655864203125 0.05179398125 0.062885803125 0.05584490833333333 0.061921296875 0.05902777708333333 0.061921296875 0.06423611041666667 0.063078703125 0.06799768541666666 0.0657793203125 0.07291666666666667 0.068865740625 0.08420138958333333
0 0.3840663578125 0.43547453750000004 0.3848379625 0.44733796249999996 0.3854166671875 0.4476273145833333 0.3863811734375 0.45341435208333336 0.39023919687499997 0.45659722291666666 0.3937114203125 0.45775462916666665 0.400848765625 0.4583333333333333 0.40547839531249996 0.456886575 0.4074074078125 0.4513888895833333 0.4074074078125 0.4351851854166667 0.40760030937499997 0.43258101875 0.40817901250000005 0.4320023145833333 0.4083719140625 0.42390046249999996 0.4112654328125 0.4114583333333333 0.4108796296875 0.40740740833333333 0.40933642031249995 0.4045138895833333 0.40682870312499997 0.40306712916666665 0.4035493828125 0.39959490833333333 0.40219907343749994 0.39930555624999997 0.39949845625 0.39930555624999997 0.39756944375000003 0.40046296249999996 0.3939043203125 0.40567129583333333 0.386766975 0.402488425 0.38290894999999997 0.40480324166666665 0.37635030937499997 0.4163773145833333 0.3761574078125 0.42216435208333336 0.3771219140625 0.42505787083333335 0.38194444375000003 0.43084490833333333 0.3840663578125 0.43547453750000004
0 0.5183256171874999 0 0.5183256171874999 0.0026041666666666665 0.51851851875 0.00491898125 0.523919753125 0.010416666666666666 0.52449845625 0.012152777083333333 0.5270061734375 0.015046295833333334 0.5279706796875 0.019675925 0.53125 0.024016204166666666 0.5339506171874999 0.025173610416666665 0.5374228390625 0.02835648125 0.5418595671875 0.03443287083333334 0.543402778125 0.035011574999999996 0.546489196875 0.04050925833333333 0.5511188265625 0.04571759166666667 0.5563271609375 0.05121527708333333 0.5582561734375 0.05150462916666666 0.5605709875 0.050636574999999996 0.5706018515625 0.035011574999999996 0.575617284375 0.031828704166666666 0.5779320984375 0.028645833333333332 0.5796682093750001 0.027777777083333333 0.5842978390625 0.019965277083333333 0.586419753125 0.018229166666666668 0.58892746875 0.006076389583333333 0.5883487656249999 0 0.5183256171874999 0
0 0.21508487656250003 0.5512152770833333 0.21739969062500003 0.5532407416666667 0.21547067968750003 0.5587384249999999 0.21392746875 0.5604745375 0.21277006250000002 0.5656828708333334 0.2125771609375 0.5706018520833334 0.21199845625 0.5708912041666667 0.21199845625 0.5789930562500001 0.21354166718749998 0.5821759249999999 0.2160493828125 0.5833333333333334 0.2166280859375 0.5850694437499999 0.2297453703125 0.5850694437499999 0.24479166718749998 0.5873842583333333 0.24864969062500003 0.5853587958333333 0.25 0.5824652770833333 0.2519290125 0.5813078708333334 0.252507715625 0.5792824083333333 0.2550154328125 0.5772569437499999 0.26523919687499997 0.5778356479166666 0.27256944375000003 0.5706018520833334 0.27777777812500004 0.5558449083333333 0.28047839531249996 0.5538194437499999 0.2824074078125 0.5503472229166667 0.2810570984375 0.5434027770833333 0.281828703125 0.5402199083333333 0.28202160468750004 0.5329861104166667 0.27970679062500003 0.52633101875 0.2770061734375 0.5231481479166666 0.275848765625 0.5202546291666666 0.271990740625 0.5167824083333333 0.26909722187499996 0.5153356479166666 0.2609953703125 0.5153356479166666 0.2555941359375 0.5121527770833334 0.250578703125 0.5141782416666667 0.2478780859375 0.5167824083333333 0.24672067968750003 0.5214120375 0.246527778125 0.5295138895833333 0.2459490734375 0.5298032416666667 0.2457561734375 0.5379050916666667 0.24517746875 0.5381944437499999 0.24517746875 0.5422453708333334 0.2457561734375 0.5431134249999999 0.244598765625 0.5451388895833333 0.24112654375 0.5451388895833333 0.23919753125 0.54195601875 0.2384259265625 0.5387731479166666 0.2366898140625 0.5355902770833333 0.23533950625000002 0.5254629625 0.23341049374999998 0.5219907416666667 0.230902778125 0.5199652770833334 0.22472993749999998 0.5173611104166667 0.2166280859375 0.5182291666666666 0.21508487656250003 0.5199652770833334 0.213348765625 0.52054398125 0.21199845625 0.52256944375 0.21180555625 0.52430555625 0.21006944375 0.5257523145833333 0.21006944375 0.5269097229166666 0.2054398140625 0.5347222229166667 0.2052469140625 0.5431134249999999 0.20601851875000002 0.5465856479166666 0.21122685156249998 0.5503472229166667 0.21508487656250003 0.5512152770833333
0 0.6647376546875 0.6223958333333334 0.6658950625 0.6241319437499999 0.6660879625 0.6267361104166667 0.6672453703125 0.6281828708333334 0.6676311734375 0.6304976854166667 0.6685956796875 0.6316550916666667 0.6739969140625 0.6322337958333333 0.6780478390625 0.6400462958333333 0.681134259375 0.6417824083333333 0.6815200625 0.6429398145833333 0.6832561734375 0.6440972229166667 0.68846450625 0.6461226854166667 0.690007715625 0.6481481479166666 0.6950231484375 0.6501736104166667 0.6961805562500001 0.6548032416666667 0.6988811734375 0.6594328708333334 0.7010030859375 0.6608796291666666 0.7033179015625 0.6643518520833334 0.706983025 0.6655092583333333 0.7100694437499999 0.6707175916666667 0.7133487656249999 0.671875 0.7172067906249999 0.6681134249999999 0.7206790125 0.6629050916666667 0.722608025 0.6579861104166667 0.7233796296875 0.6498842583333333 0.722608025 0.6490162041666667 0.722608025 0.6469907416666667 0.7206790125 0.6429398145833333 0.7206790125 0.6414930562500001 0.718171296875 0.6368634249999999 0.7179783953125 0.6333912041666667 0.717399690625 0.6328125 0.7172067906249999 0.6264467583333333 0.714891975 0.6241319437499999 0.7118055562500001 0.6226851854166667 0.706597221875 0.6226851854166667 0.703510803125 0.625 0.6984953703125 0.6264467583333333 0.6936728390625 0.6264467583333333 0.690972221875 0.6252893520833334 0.6886574078125001 0.6226851854166667 0.6875 0.6223958333333334 0.686149690625 0.6203703708333334 0.6859567906249999 0.6186342583333333 0.684992284375 0.6180555562500001 0.6828703703125 0.6140046291666666 0.6822916671875 0.6125578708333334 0.6820987656249999 0.6047453708333334 0.6809413578125 0.60445601875 0.6793981484375 0.6004050916666667 0.6765046296875 0.5963541666666666 0.672260803125 0.5940393520833334 0.667438271875 0.5951967583333333 0.6668595671875 0.5963541666666666 0.6666666671875 0.6001157416666667 0.6660879625 0.6004050916666667 0.6658950625 0.60445601875 0.6633873453125 0.6099537041666667 0.66300154375 0.6128472229166667 0.66415895 0.6195023145833333 0.6647376546875 0.6197916666666666 0.6647376546875 0.6223958333333334
0 0.39216820937499997 0.14988425833333335 0.39216820937499997 0.15653935208333333 0.3927469140625 0.15682870416666667 0.39351851875 0.17129629583333333 0.3967978390625 0.1796875 0.39756944375000003 0.18026620416666667 0.400848765625 0.18026620416666667 0.40432098749999995 0.17708333333333334 0.4079861109375 0.17708333333333334 0.411651234375 0.17939814791666667 0.41396605 0.17650462916666668 0.4158950625 0.17129629583333333 0.41840277812500004 0.16753472291666668 0.421875 0.16579861041666666 0.42881944375 0.16550925833333335 0.4309413578125 0.16348379583333333 0.4332561734375 0.16290509166666667 0.441358025 0.15393518541666668 0.441358025 0.15277777708333332 0.442901234375 0.15075231458333332 0.4421296296875 0.14670138958333334 0.4440586421875 0.14496527708333332 0.44483024687499995 0.14120370416666667 0.44483024687499995 0.136863425 0.4434799375 0.13396990833333333 0.4425154328125 0.12442129583333333 0.4407793203125 0.11950231458333334 0.43557098749999995 0.11776620416666667 0.43383487656249997 0.1151620375 0.4322916671875 0.11458333333333333 0.43074845625 0.11255787083333332 0.42669753125 0.10474537083333332 0.4245756171875 0.10300925833333333 0.42380401250000005 0.10127314791666667 0.419367284375 0.09924768541666666 0.41319444375 0.09837962916666668 0.40760030937499997 0.09924768541666666 0.40644290156249996 0.10214120416666667 0.4041280859375 0.10416666666666667 0.40142746875 0.11053240833333335 0.40046296249999996 0.1151620375 0.39756944375000003 0.11545138958333333 0.3971836421875 0.11631944375 0.39332561718750003 0.11805555625 0.3904320984375 0.121238425 0.388117284375 0.1267361104166667 0.3875385796875 0.1385995375 0.388117284375 0.13888888958333334 0.38908179062500003 0.14409722291666668 0.39216820937499997 0.14988425833333335
0 0.0271990734375 0.5020254625 0.030285493749999996 0.504050925 0.0343364203125 0.5121527770833334 0.0345293203125 0.51475694375 0.0372299375 0.51851851875 0.03915895 0.5199652770833334 0.0449459875 0.52054398125 0.0491898140625 0.5231481479166666 0.0553626546875 0.5231481479166666 0.060185185937499996 0.5188078708333334 0.062885803125 0.5121527770833334 0.06442901250000001 0.5109953708333334 0.066358025 0.5066550916666667 0.06770833281250001 0.5052083333333334 0.0684799375 0.5020254625 0.0671296296875 0.49797453750000004 0.0665509265625 0.49797453750000004 0.06500771562499999 0.49565972291666666 0.06442901250000001 0.49334490833333333 0.06327160468750001 0.49276620416666667 0.061149690624999996 0.48900462916666665 0.0518904328125 0.48871527708333334 0.0499614203125 0.4895833333333333 0.047260803125 0.488425925 0.045910493749999996 0.4869791666666667 0.043402778125 0.480324075 0.04012345625 0.4788773145833333 0.032600309375 0.4791666666666667 0.0300925921875 0.48292824166666665 0.02334105 0.48582175833333335 0.0214120375 0.48871527708333334 0.0206404328125 0.49131944375000003 0.021797839062499998 0.49334490833333333 0.02256944375 0.49681712916666665 0.0271990734375 0.5020254625
0 0.59085648125 0 0.590277778125 0.004629629166666666 0.5896990734374999 0.00491898125 0.5895061734375 0.012152777083333333 0.5877700625 0.016203704166666666 0.5875771609375 0.019386575 0.5839120375 0.02575231458333333 0.5823688265625 0.03125 0.581597221875 0.03674768541666666 0.5821759265625001 0.0370370375 0.5831404328125 0.04571759166666667 0.5842978390625 0.04918981458333334 0.5883487656249999 0.05439814791666667 0.5916280859375 0.05584490833333333 0.5960648140625 0.05555555625 0.6003086421875 0.05381944375 0.60050154375 0.052951389583333335 0.6070601859375 0.05121527708333333 0.610725309375 0.04803240833333333 0.610725309375 0.04716435208333333 0.6145833328125 0.04224537083333334 0.6168981484375 0.04137731458333334 0.6188271609375 0.0390625 0.6213348765625 0.03761574166666667 0.6242283953125 0.03240740833333333 0.6280864203125 0.012152777083333333 0.6269290125 0.003761575 0.6261574078125001 0.0026041666666666665 0.6261574078125001 0 0.59085648125 0
0 0.3522376546875 0.015335647916666667 0.35165894999999997 0.016782408333333332 0.3522376546875 0.023148147916666664 0.353009259375 0.02054398125 0.3522376546875 0.015335647916666667
0 0.20601851875000002 0 0.20601851875000002 0.0017361104166666666 0.204668209375 0.002314814583333333 0.20331790156250001 0.00491898125 0.204668209375 0.0098379625 0.2073688265625 0.013888889583333335 0.21199845625 0.016493056250000002 0.21624228437499998 0.017071758333333336 0.2164351859375 0.01793981458333333 0.21875 0.019097222916666667 0.219135803125 0.022569443749999998 0.2166280859375 0.024884258333333336 0.210455246875 0.0332754625 0.2092978390625 0.033854166666666664 0.20794753125 0.03761574166666667 0.20601851875000002 0.03964120416666667 0.202739196875 0.050636574999999996 0.202739196875 0.059895833333333336 0.203510803125 0.06423611041666667 0.20447530937499997 0.06568287083333334 0.2054398140625 0.07175925833333333 0.21180555625 0.081886575 0.21199845625 0.0859375 0.2125771609375 0.08622685208333333 0.21277006250000002 0.09432870416666667 0.2145061734375 0.097511575 0.2146990734375 0.0995370375 0.21701388906250002 0.10098379583333333 0.2199074078125 0.1073495375 0.22010030937499997 0.109375 0.2210648140625 0.10966435208333333 0.222608025 0.113425925 0.22453703749999998 0.11458333333333333 0.22743055625 0.11863425833333333 0.2312885796875 0.12008101875 0.23456790156250001 0.11776620416666667 0.235918209375 0.11458333333333333 0.237847221875 0.113425925 0.2393904328125 0.11024305625 0.24189814843750002 0.10763888958333333 0.2438271609375 0.10040509166666665 0.244598765625 0.0995370375 0.2457561734375 0.08420138958333333 0.24672067968750003 0.07986111041666667 0.2478780859375 0.07783564791666667 0.24864969062500003 0.07146990833333335 0.2492283953125 0.07089120416666667 0.2492283953125 0.06741898125 0.2521219140625 0.06105324166666667 0.2552083328125 0.0567129625 0.257330246875 0.05526620416666667 0.25790894999999997 0.05381944375 0.25771605000000003 0.05150462916666666 0.2598379625 0.052083333333333336 0.2598379625 0.05526620416666667 0.2606095671875 0.05613425833333333 0.2606095671875 0.06423611041666667 0.2598379625 0.06539351875 0.2598379625 0.0682870375 0.25868055624999997 0.07089120416666667 0.2584876546875 0.07378472291666666 0.25790894999999997 0.074074075 0.25790894999999997 0.0839120375 0.2584876546875 0.08420138958333333 0.2584876546875 0.08680555625 0.2590663578125 0.08767361041666667 0.2598379625 0.09635416666666667 0.2633101859375 0.1035879625 0.26639660468750004 0.10677083333333333 0.26909722187499996 0.11197916666666667 0.2717978390625 0.11429398125 0.27642746875 0.11429398125 0.2791280859375 0.11082175833333333 0.28125 0.109375 0.2970679015625 0.109375 0.29822530937499997 0.10821759166666665 0.3011188265625 0.10185185208333333 0.30362654375 0.10040509166666665 0.3088348765625 0.09982638958333333 0.3126929015625 0.09548611041666667 0.31385030937499997 0.09288194375 0.3206018515625 0.0879629625 0.3225308640625 0.08506944375 0.3229166671875 0.07754629583333333 0.3223379625 0.074074075 0.32021605000000003 0.07204861041666667 0.3190586421875 0.066261575 0.3171296296875 0.06452546249999999 0.3155864203125 0.05902777708333333 0.3136574078125 0.05700231458333334 0.3136574078125 0.05555555625 0.31211419687499997 0.052951389583333335 0.30979938281249997 0.05121527708333333 0.30979938281249997 0.048611110416666665 0.30902777812500004 0.04658564791666667 0.3069058640625 0.04600694375 0.30555555624999997 0.043113425000000004 0.303240740625 0.041666666666666664 0.3009259265625 0.03790509166666667 0.2986111109375 0.03587962916666666 0.29783950625 0.032986110416666665 0.2918595671875 0.022858795833333334 0.2918595671875 0.011863425 0.29340277812500004 0.008969908333333334 0.294367284375 0.005208333333333333 0.2935956796875 0.0034722229166666663 0.2903163578125 0.0020254625 0.28993055624999997 0 0.20601851875000002 0
0 0.0457175921875 0.456886575 0.0476466046875 0.45949074166666665 0.0491898140625 0.464699075 0.053047839062500005 0.46730324166666665 0.0565200625 0.46817129583333333 0.0569058640625 0.46903935208333336 0.060185185937499996 0.46961805624999997 0.069830246875 0.46903935208333336 0.073688271875 0.4661458333333333 0.07561728437500001 0.46006944375000003 0.0769675921875 0.45775462916666665 0.07908950625 0.45601851875 0.0802469140625 0.45167824166666665 0.0804398140625 0.44646990833333333 0.08101851875 0.44589120416666667 0.07908950625 0.43894675833333335 0.07523148125 0.433738425 0.0738811734375 0.433449075 0.073688271875 0.43258101875 0.06442901250000001 0.42997685208333336 0.0584490734375 0.43113425833333335 0.056327160937499995 0.433449075 0.0509259265625 0.4351851854166667 0.0457175921875 0.4392361104166667 0.0445601859375 0.441550925 0.044367284374999996 0.44473379583333333 0.0437885796875 0.44502314791666664 0.0445601859375 0.45196759166666667 0.0457175921875 0.456886575
0 0 0.6634837958333333 0.0017361109374999999 0.6634837958333333 0.002507715625 0.6652199083333333 0.0084876546875 0.6686921291666666 0.0125385796875 0.6686921291666666 0.015239196875 0.6666666666666666 0.0231481484375 0.6686921291666666 0.025848765625 0.6663773145833333 0.0291280859375 0.6579861104166667 0.0293209875 0.6504629625 0.0271990734375 0.640625 0.0260416671875 0.6383101854166667 0.024691357812500002 0.6325231479166666 0.02044753125 0.6284722229166667 0.0144675921875 0.6290509249999999 0.0129243828125 0.6281828708333334 0.00790895 0.6281828708333334 0.0032793203125000003 0.6333912041666667 0.0030864203125 0.63773148125 0.0040509265624999995 0.6440972229166667 0.0017361109374999999 0.6495949083333333 0 0.6495949083333333 0 0.6634837958333333
0 0.02044753125 0 0.02044753125 0.0017361104166666666 0.0198688265625 0.0020254625 0.0198688265625 0.013888889583333335 0.02044753125 0.014178241666666667 0.021797839062499998 0.024884258333333336 0.02430555625 0.03125 0.02449845625 0.037326389583333335 0.0291280859375 0.040798610416666665 0.0362654328125 0.04021990833333333 0.043016975 0.04253472291666667 0.0499614203125 0.04137731458333334 0.057098765625000006 0.04137731458333334 0.060956790625 0.03761574166666667 0.06828703750000001 0.03848379583333333 0.0709876546875 0.037326389583333335 0.073688271875 0.0332754625 0.0738811734375 0.030092591666666668 0.077739196875 0.021412037499999998 0.0808256171875 0.017071758333333336 0.0856481484375 0.013888889583333335 0.08699845625 0.006365741666666667 0.08680555625 0 0.02044753125 0
0 0.5538194437499999 0.15393518541666668 0.55459105 0.15972222291666668 0.55574845625 0.16290509166666667 0.5570987656249999 0.16377314791666667 0.5592206796875 0.16840277708333332 0.5655864203125 0.17621527708333332 0.5682870375 0.18315972291666668 0.5684799375 0.18836805625 0.5696373453125 0.1932870375 0.571759259375 0.19473379583333333 0.5750385796875 0.199363425 0.5769675921874999 0.20601851875000002 0.5823688265625 0.21527777708333332 0.5881558640625 0.21759259166666667 0.5929783953125 0.21759259166666667 0.6033950625 0.21354166666666666 0.604938271875 0.2089120375 0.61033950625 0.203125 0.61226851875 0.19646990833333333 0.61226851875 0.19039351875000002 0.612847221875 0.1895254625 0.6180555562500001 0.1895254625 0.6195987656249999 0.19039351875000002 0.622492284375 0.1895254625 0.6234567906249999 0.18807870416666667 0.625578703125 0.1796875 0.626350309375 0.17274305625 0.6269290125 0.17216435208333333 0.6269290125 0.16579861041666666 0.626350309375 0.16521990833333333 0.6257716046875 0.1582754625 0.6228780859375 0.14930555625 0.616705246875 0.14785879583333333 0.61419753125 0.14583333333333334 0.608989196875 0.14409722291666668 0.60050154375 0.13396990833333333 0.6003086421875 0.13165509166666667 0.597608025 0.12644675833333333 0.594135803125 0.12442129583333333 0.5850694437499999 0.12239583333333333 0.5802469140625 0.1151620375 0.5748456796875 0.11226851875 0.5709876546875 0.11168981458333334 0.563078703125 0.11545138958333333 0.5603780859375 0.1192129625 0.559027778125 0.12326388958333333 0.559027778125 0.12586805625 0.5584490734374999 0.12615740833333333 0.559027778125 0.14004629583333333 0.55574845625 0.144675925 0.55459105 0.14930555625 0.5538194437499999 0.15393518541666668
0 0.6448688265625 0.14554398124999998 0.64544753125 0.14583333333333334 0.6464120375 0.152199075 0.64834105 0.15393518541666668 0.6508487656249999 0.1542245375 0.6543209875 0.152488425 0.6614583328125 0.15190972291666668 0.6616512343750001 0.15104166666666666 0.6668595671875 0.14930555625 0.6905864203125 0.14930555625 0.6921296296875 0.15017361041666666 0.698688271875 0.15017361041666666 0.7100694437499999 0.14785879583333333 0.7146990734374999 0.14496527708333332 0.7166280859375 0.14178240833333333 0.7185570984375 0.14033564791666667 0.7179783953125 0.13715277708333332 0.7179783953125 0.12789351875 0.7160493828125001 0.1229745375 0.7164351859375 0.11892361041666667 0.71875 0.1151620375 0.7210648140625 0.11371527708333334 0.7224151234375 0.11111111041666667 0.7256944437499999 0.10792824166666667 0.7272376546875 0.105324075 0.728009259375 0.1015625 0.7272376546875 0.10069444375 0.7253086421875 0.08738425833333333 0.7237654328125 0.08420138958333333 0.7133487656249999 0.07378472291666666 0.7085262343750001 0.07204861041666667 0.707561728125 0.07089120416666667 0.6994598765625 0.06915509166666665 0.6959876546875 0.07002314791666667 0.6944444437499999 0.07204861041666667 0.68846450625 0.07494212916666668 0.68074845625 0.07494212916666668 0.67959105 0.07638888958333333 0.6788194437499999 0.07957175833333333 0.6788194437499999 0.081886575 0.6799768515625 0.08362268541666666 0.6805555562500001 0.08651620416666667 0.680169753125 0.089988425 0.6790123453125 0.09201388958333333 0.6780478390625 0.09114583333333333 0.67669753125 0.08680555625 0.6749614203125 0.08535879583333333 0.6720679015625 0.07928240833333335 0.669367284375 0.07667824166666667 0.6647376546875 0.07552083333333333 0.664544753125 0.07638888958333333 0.660108025 0.07783564791666667 0.656828703125 0.08130787083333332 0.656828703125 0.089988425 0.6554783953125 0.09548611041666667 0.654899690625 0.10763888958333333 0.6525848765625 0.11371527708333334 0.64834105 0.1151620375 0.6467978390625 0.11689814791666667 0.64544753125 0.11892361041666667 0.6437114203125 0.12413194375 0.6429398140625 0.12789351875 0.6429398140625 0.13570601875000002 0.64351851875 0.13946759166666667 0.6448688265625 0.14554398124999998
0 0.656828703125 0 0.655671296875 0.00491898125 0.6560570984375 0.01793981458333333 0.654899690625 0.025462962500000002 0.6529706796875 0.03211805625 0.6529706796875 0.04340277708333333 0.6593364203125 0.04803240833333333 0.6603009265625001 0.05005787083333334 0.6628086421875 0.05179398125 0.66415895 0.05410879583333333 0.6678240734374999 0.05584490833333333 0.6703317906249999 0.060763889583333335 0.6793981484375 0.06539351875 0.68074845625 0.06770833333333333 0.683063271875 0.06944444375 0.6842206796875 0.07204861041666667 0.686149690625 0.07320601875 0.6902006171874999 0.07320601875 0.6932870375 0.07175925833333333 0.6956018515625 0.06915509166666665 0.7000385796875 0.06770833333333333 0.7013888890625 0.06597222291666667 0.702739196875 0.06105324166666667 0.7058256171874999 0.058449074999999996 0.7073688265625 0.05902777708333333 0.7081404328125 0.06278935208333333 0.7100694437499999 0.066261575 0.7141203703125 0.06712962916666668 0.7168209875 0.06597222291666667 0.722608025 0.058449074999999996 0.7237654328125 0.05526620416666667 0.7249228390625 0.05584490833333333 0.7258873453125 0.05960648125 0.7253086421875 0.06684027708333334 0.7258873453125 0.07465277708333334 0.72646605 0.07494212916666668 0.72665895 0.07783564791666667 0.7272376546875 0.078125 0.7272376546875 0.0801504625 0.7283950625 0.08304398125 0.7293595671875 0.09143518541666666 0.7320601859375 0.09519675833333333 0.73533950625 0.09635416666666667 0.7484567906249999 0.09230324166666667 0.7546296296875 0.08564814791666667 0.75771605 0.07928240833333335 0.7590663578125 0.07783564791666667 0.763117284375 0.0760995375 0.7633101859375 0.07523148125 0.7696759265625001 0.07320601875 0.773919753125 0.06915509166666665 0.7760416671875 0.06539351875 0.7829861109375 0.06134259166666667 0.7878086421875 0.059895833333333336 0.7908950625 0.056423610416666665 0.7918595671875 0.05237268541666666 0.7916666671875 0.03935185208333333 0.7870370375 0.029803241666666664 0.78125 0.023726852083333336 0.7804783953125 0.01851851875 0.781828703125 0.015625 0.7843364203125 0.015335647916666667 0.7922453703125 0.02054398125 0.797453703125 0.020833333333333332 0.8013117281250001 0.019675925 0.8109567906249999 0.019675925 0.8117283953125 0.018807870833333334 0.8125 0.015335647916666667 0.8117283953125 0.010706018749999999 0.8082561734375 0.005208333333333333 0.800347221875 0.0020254625 0.7957175921874999 0.0020254625 0.7953317906249999 0 0.656828703125 0
0 0.665509259375 0.5092592583333333 0.667438271875 0.5089699083333333 0.6676311734375 0.5081018520833334 0.6720679015625 0.5052083333333334 0.6720679015625 0.50289351875 0.67283950625 0.5020254625 0.6720679015625 0.4939236104166667 0.671489196875 0.49334490833333333 0.671296296875 0.4904513895833333 0.6682098765625 0.4861111104166667 0.6631944437499999 0.484375 0.6574074078125001 0.484375 0.6541280859375 0.48726851875 0.6521990734374999 0.49160879583333333 0.6521990734374999 0.4982638895833333 0.654899690625 0.50491898125 0.6574074078125001 0.5072337958333333 0.665509259375 0.5092592583333333