0 0.097401475 0.6747716208333333 0.0952732984375 0.6774502874999999 0.0923552109375 0.6788576166666667 0.09147649062499999 0.6809771791666667 0.08874780625 0.6830106062500001 0.0872282125 0.6860262479166667 0.084926778125 0.6874622895833333 0.084003328125 0.6991475979166667 0.0832978625 0.7025097854166666 0.0824514359375 0.7033962916666667 0.08005683125 0.7162476604166667 0.0798307703125 0.72487904375 0.08186206406249999 0.7258995395833333 0.08966494375 0.7265714916666667 0.0950335 0.7258955375 0.1003455421875 0.72737743125 0.1034368859375 0.7272127270833334 0.10703621562500001 0.723368 0.1109901328125 0.7217002625000001 0.11485153125 0.7157072604166667 0.11781434843750001 0.7047341854166667 0.11826210781249999 0.6954958479166666 0.116908346875 0.6843217895833333 0.11216080625 0.6770020291666667 0.10455540625 0.6766479125 0.10173420156249999 0.6743560791666667 0.097401475 0.6747716208333333
0 1 0.022975741666666667 0.9628337374999999 0.021245241666666668 0.9648085156249999 0.024423585416666668 0.965731315625 0.028478864583333333 0.9652233296875 0.0321588875 0.9579600812500001 0.04231445 0.9572626906249999 0.045368377083333335 0.9535745500000001 0.05260400208333334 0.9540135859375001 0.059414514583333335 0.956185840625 0.06291069375 0.9569273109375 0.0660316125 0.9564956984374999 0.07465342291666667 0.9558709703125 0.074932975 0.9555604625 0.07893083333333334 0.955572246875 0.08633873125 0.956180828125 0.08667570833333334 0.9561243125000001 0.08883355208333334 0.9581233109375 0.09108710416666667 0.960158315625 0.09982376666666666 0.962116946875 0.10361863750000001 0.9672917375000001 0.11034101041666666 0.967662471875 0.11190147083333332 0.9702861984375 0.11387547291666666 0.9718417984375 0.1173429375 0.9751306218750001 0.11749606875 0.9805718390625 0.11404574375 0.9852150749999999 0.10963234375 0.9920591468750001 0.09976590416666667 0.9923131406250001 0.09792589166666667 0.9949008609375 0.09341678541666668 1 0.09397374791666667 1 0.022975741666666667
0 0.6186080953124999 0.191018775 0.619216675 0.19135575 0.6193657109374999 0.19352316666666666 0.6199742921875 0.19386014166666668 0.619933925 0.19540146041666664 0.622436546875 0.20199941666666668 0.6219124125 0.20629596666666666 0.61967928125 0.21298206041666665 0.6197916593749999 0.22440695833333332 0.615486865625 0.23161387083333332 0.61269294375 0.2518539979166667 0.6086905828125 0.25537131875 0.6085092515625 0.25443695625 0.603838084375 0.25205898541666666 0.6036567546875 0.25112462291666665 0.5993401765625 0.2509236375 0.5978609484375 0.2523979625 0.5978162171875 0.26196370625000004 0.5989042015625 0.2675698770833333 0.601314303125 0.26984257083333335 0.602483021875 0.2723661041666666 0.6059047328125 0.27530317916666663 0.6078472171875 0.2797145791666667 0.61338466875 0.288305675 0.6139367328125 0.2908004979166667 0.617539775 0.29467193333333336 0.6240124625 0.2989856229166667 0.6251892546875 0.30120089166666664 0.6284377109375 0.3028953416666667 0.6467317828125 0.3037471333333333 0.660069053125 0.28955343125 0.6611899828125 0.27818595625 0.6641403640625 0.27554557291666665 0.6684650171875 0.27543829375 0.670218746875 0.26348300625000004 0.6730523875000001 0.2574421520833333 0.67643001875 0.25420438333333334 0.679537509375 0.25342315 0.6810328859375 0.2513323 0.6825245484375 0.2415252875 0.6828313453125 0.22981126666666668 0.6809453765625 0.22324202291666667 0.6744205375 0.2130617520833333 0.67346544375 0.210239525 0.6720346562499999 0.20986426875 0.6686856078125001 0.20415282083333333 0.669596621875 0.20080020416666666 0.6708783734375 0.19900804375 0.6711808078125 0.19531845208333334 0.671813609375 0.19473063750000003 0.672882384375 0.17749658124999998 0.6744342750000001 0.17324788541666666 0.6761271265625 0.17147486874999998 0.6768568109374999 0.16718789166666664 0.6761395625 0.16314217916666665 0.6765308078125 0.15606168541666668 0.6758781484374999 0.14954986666666667 0.6730973125 0.1457167125 0.6682609609375 0.14178785 0.6699420296875 0.1326069375 0.67057483125 0.13201912083333334 0.670808965625 0.12307947291666667 0.668108865625 0.11616368541666668 0.6684560312500001 0.10290834583333333 0.6674847890625 0.10070264791666667 0.6638252312499999 0.09898905625 0.6601054484375 0.09171715 0.6582877796875 0.09039795833333333 0.6523106421875 0.09073693541666666 0.6492515937500001 0.08966858333333333 0.6470954843750001 0.08555587916666667 0.6454672218749999 0.08486278750000001 0.6411506421875 0.08466180208333333 0.635536165625 0.08686950416666667 0.63153380625 0.09038682499999999 0.6306308640625 0.09343117708333333 0.6292963109375 0.10509734375 0.62909818125 0.12052009791666667 0.6307463046875 0.12831282708333333 0.6308468984375 0.13232982499999998 0.6290975296875 0.13626068541666667 0.6227533703125 0.14275536666666666 0.62119340625 0.14731232708333333 0.62126978125 0.15225411666666666 0.6234376734375 0.16377472083333336 0.6232035390624999 0.17271436666666667 0.622498075 0.17607655625 0.6205512296875 0.17968958541666666 0.620273015625 0.18245438541666664 0.6196482875 0.1827339375 0.6183019484375001 0.18699220625 0.6186080953124999 0.191018775
0 0.012790515625000002 0 0.010612271874999999 0.08316903541666668 0.01586639375 0.07900453333333333 0.0177890171875 0.07631629583333334 0.020287928125 0.07519808958333334 0.022730325000000003 0.07623773125 0.0255111609375 0.08007088541666667 0.026268778124999996 0.08257527708333333 0.029476212499999998 0.10155163333333334 0.031467139062499996 0.10411344791666667 0.03534839375 0.10522008333333334 0.038572626562500004 0.10783932291666667 0.0403499265625 0.11069983125 0.0424495203125 0.11697038333333333 0.0522793296875 0.12668725833333333 0.05511668125 0.12836256458333334 0.0598201421875 0.12950748125 0.0684775203125 0.12898465833333334 0.073523784375 0.12489866458333333 0.0744348 0.12154604791666666 0.07655490312499999 0.11917564583333333 0.0770225203125 0.11703693958333333 0.08485398281249999 0.10875967083333334 0.08593825468750001 0.10664967916666666 0.0863456453125 0.09895265833333333 0.08917928593749999 0.09291180416666665 0.088691809375 0.08795087291666667 0.0865679953125 0.08260511250000001 0.0860966671875 0.07702765416666667 0.08782988593749999 0.07371332083333333 0.0953707 0.07653354375 0.098337228125 0.07327663541666667 0.10055421406250001 0.06720706875 0.1008448640625 0.056109575 0.10024435625000001 0.05546433541666666 0.0997568796875 0.05050340416666667 0.099720875 0.044020297916666666 0.0957030203125 0.03241355625 0.095082653125 0.024668681249999998 0.0939623765625 0.020295566666666667 0.0927532875 0.01931335 0.0919875984375 0.017117222916666668 0.0885739609375 0.013871885416666667 0.087800196875 0.011984020833333333 0.0857850515625 0.01034699375 0.0844269265625 0.007197364583333333 0.0816218703125 0.004289 0.08067484999999999 0.0011585104166666668 0.07924874531250001 0 0.0300211859375 0 0.029726037500000003 0.005576352083333333 0.028222590625 0.007975466666666667 0.026159003125000004 0.008188025 0.024192298437500002 0.004701416666666666 0.0195453515625 0.0013986541666666666 0.0184151828125 0 0.012790515625000002 0
0 0.448992459375 0.3652186541666667 0.4520794421875 0.3730783770833333 0.45357045312500005 0.37901195 0.45630284843749996 0.38469468749999997 0.460365434375 0.38673568125 0.46678596875 0.3851827916666667 0.47184030625 0.3807885333333333 0.474206328125 0.3768863833333333 0.476302209375 0.3754407708333333 0.4784465328125 0.37214557916666663 0.4803207171875 0.37130692291666667 0.4859234078125 0.36169132291666667 0.492251421875 0.35581317083333336 0.4937952375 0.3518727375 0.4940815265625 0.34879967083333335 0.49350152812500003 0.3395134770833333 0.4928929484375 0.33917650208333333 0.492965609375 0.33640213125 0.493820109375 0.3352073583333333 0.5043274515625 0.33477067083333334 0.508732840625 0.33158075625 0.517241184375 0.32889051666666663 0.5205945937500001 0.3265775375 0.5210622125000001 0.32443883333333334 0.52092125 0.32196315416666665 0.5176448640625 0.31347733333333333 0.5162749546875001 0.3029198020833333 0.5139536625 0.2972562083333333 0.5132444875 0.29290223541666666 0.509706034375 0.2865646895833333 0.508964565625 0.28344376875 0.507755478125 0.2824615541666667 0.505055378125 0.2755457625 0.5020286234375 0.2732443583333334 0.48971975937499995 0.2717453270833333 0.48600368749999995 0.27218957916666664 0.4838916578125 0.2742517208333333 0.4834321140625 0.27608216041666667 0.4817715546875 0.27662212291666666 0.47895035156250004 0.27433028541666665 0.4776003015625 0.27087239166666666 0.47764067031249996 0.2693310729166667 0.4756658921875 0.26615273125 0.47203055625 0.26351434791666667 0.4676978296875 0.26392989166666664 0.4614182578125 0.2679584625 0.4585684703125 0.27461584375000003 0.45667814062499995 0.276071025 0.45046315625 0.2776334875 0.444538171875 0.28383904374999996 0.44019301093749996 0.2925872770833333 0.43508215781250004 0.29913938333333334 0.4348120171875 0.3015959208333333 0.43288131874999997 0.30459242291666666 0.431978378125 0.307636775 0.430732634375 0.31591204375 0.4296483609375 0.3180220354166667 0.42952725625 0.32264598958333335 0.432142909375 0.32492825208333337 0.43625393749999997 0.3251196666666667 0.44166286250000003 0.32290239583333336 0.4472450453125 0.3219277479166667 0.45213790937500004 0.3236987645833333 0.4516137765625 0.3279953145833333 0.44788155781250005 0.3290560979166666 0.444882734375 0.3335460625 0.44375002031250005 0.33750563749999996 0.4436450640625 0.34151306458333336 0.44572850781250006 0.34840014166666666 0.446337090625 0.34873711875 0.448992459375 0.3652186541666667
0 0.0315867453125 0.23313036458333333 0.0305149078125 0.22690766666666665 0.0314178515625 0.22386331458333333 0.033678915625 0.22396859166666666 0.038902146875 0.22884138333333331 0.040800551562499995 0.22707793958333333 0.0408980859375 0.20763818541666668 0.0402975796875 0.20699294791666667 0.0395846921875 0.19492280833333334 0.038637671875 0.19179232083333334 0.0385209296875 0.1883918479166667 0.0379204234375 0.18774661041666668 0.036901390625 0.17164990208333333 0.035551340625 0.16819200833333334 0.034306246875 0.16072668541666665 0.0343869828125 0.15764404791666667 0.0328717515625 0.1526352625 0.029720178125000003 0.14724165208333334 0.026915121874999996 0.14433328958333333 0.025452042187500003 0.14519108333333333 0.0226345484375 0.15061541250000002 0.01874521875 0.14981704166666668 0.016423928125 0.14415344791666668 0.016021550000000002 0.12808545208333333 0.013913884375 0.12212316666666667 0.011495709375 0.12015873541666666 0.00973051875 0.11683582916666667 0.0056083234375 0.27422814791666666 0.007055878125 0.27396316666666665 0.0083214796875 0.27278753541666667 0.0160523484375 0.26049327083333335 0.017301803125 0.25993416874999997 0.0190430984375 0.25631156875 0.021147051562499998 0.25455769375 0.025459920312500002 0.24704251458333332 0.0286077796875 0.24471996666666668 0.0314575671875 0.23806258541666667 0.0315867453125 0.23313036458333333
0 0.23077717031249997 0.26555284583333333 0.23283268281249997 0.2656485520833333 0.23099886875000003 0.2649458895833333 0.23077717031249997 0.26555284583333333
0 0.2359321015625 0.26517558541666664 0.23630283749999997 0.26673604375 0.23856390156249999 0.26684132083333334 0.2382173875 0.26435607083333335 0.2359321015625 0.26517558541666664
0 0.23611779375 0.25808552083333336 0.2368996328125 0.2596651208333333 0.23874959375000002 0.25975125833333335 0.23883840312500002 0.2563603583333333 0.23696422187500002 0.2571990125 0.23611779375 0.25808552083333336
0 0.22971776875 0.2509974583333333 0.231346034375 0.25169055 0.23239801093749998 0.2508136125 0.2312131453125 0.24890660625 0.2303909390625 0.24886832291666666 0.22971776875 0.2509974583333333
0 0.20961344999999998 0.2642588 0.210524465625 0.2609061833333333 0.21606256875000002 0.25375669375 0.2208386921875 0.25212723541666665 0.22324072031250003 0.25470819375000003 0.22426847656249999 0.25475604583333333 0.2253204546875 0.25387911041666666 0.22560674218750001 0.2508060458333333 0.227110190625 0.24840693125 0.2291818515625 0.24788610833333333 0.2294439171875 0.24573783333333335 0.2316124625 0.24151784791666667 0.2359371140625 0.24141056875 0.2365779890625 0.24051448958333335 0.2359818453125 0.231844825 0.2360868015625 0.22783739791666668 0.23673574999999997 0.22663305416666668 0.23655070781249998 0.21798253125 0.23736112812500001 0.21061291458333334 0.24012210625 0.20734643333333333 0.2403841734375 0.20519815833333332 0.24274212187500002 0.20160427083333332 0.245265253125 0.199561275 0.2453540625 0.19617037499999998 0.2436413515625 0.19084375625 0.23870004531250003 0.19092232291666666 0.23503241406250003 0.18951699583333334 0.2317075875 0.18288075625 0.23269562656249998 0.16872933958333333 0.23424751718749998 0.16448064166666668 0.235714959375 0.15559842083333333 0.2345946828125 0.15122530625000002 0.2312214125 0.14643865 0.22628817968749998 0.14620895208333332 0.2251877609375 0.14893547083333333 0.222459078125 0.15096890000000002 0.2198632828125 0.15578626875 0.2182027234375 0.15632623125 0.21482509218749998 0.15956400208333335 0.2108792484375 0.160923475 0.208964696875 0.16330344791666668 0.20521633125 0.16498075833333334 0.1988318015625 0.17301675625000001 0.19717931718749998 0.17324845625000002 0.19005331875 0.17816353541666666 0.1861434796875 0.18600611875 0.185860903125 0.19679534583333333 0.18499833125 0.19829838333333333 0.18401465156250002 0.20442537291666665 0.18273290312499998 0.20621752916666666 0.1823981734375 0.21114017708333332 0.1802575609375 0.22215153541666668 0.180047646875 0.23016638958333333 0.1807003078125 0.23667821041666667 0.182396871875 0.24262135625 0.18752758281249998 0.24316888749999999 0.1949678015625 0.2419721125 0.1965556953125 0.244206525 0.195515503125 0.25249136041666664 0.193520215625 0.2579539708333333 0.1930240140625 0.26904189166666664 0.1937089703125 0.2743206583333333 0.1970095765625 0.28188168750000003 0.2013423015625 0.28146614375 0.20202354687500002 0.2790287458333333 0.20587686875000002 0.27334401041666667 0.2065823328125 0.26998182083333333 0.20961344999999998 0.2642588
0 0.3969128875 0.32637430416666663 0.398097753125 0.32828130833333335 0.3975934796875 0.33967749375 0.3955137453125 0.3405065791666667 0.3920678125 0.33849429583333335 0.3891577984375 0.3395933604166667 0.3882548578125 0.34263771458333336 0.38834737812500003 0.3469629770833333 0.387706503125 0.34785905625 0.386932740625 0.3459711916666667 0.385715578125 0.3452972395833333 0.38283785937500003 0.34516325 0.380733903125 0.346917125 0.38084693281250004 0.3426014333333333 0.3786989 0.33818046458333334 0.3774898109375 0.33719825000000003 0.3731490125 0.33792205625 0.3735036 0.34009904375000005 0.376260215625 0.34485698958333333 0.376219846875 0.34639830625 0.3788355 0.3486805708333333 0.38039917343749996 0.3518397729166667 0.3828577171875 0.35226288541666667 0.3838451078125 0.35385205833333333 0.39202679375 0.3557762020833334 0.394428821875 0.3583571583333333 0.3962707109375 0.35875156041666667 0.39762883437499996 0.3619011916666667 0.39463000937500003 0.36639115624999996 0.384090375 0.3680608979166667 0.38221619218749997 0.3688995541666667 0.37903603750000003 0.37245515625 0.3789230078125 0.37677084791666665 0.37829827968749996 0.3770504 0.377954175 0.41376248958333334 0.37732944687500003 0.4140420416666667 0.376265034375 0.42325166666666664 0.3765786015625 0.4427105625 0.37853723281249996 0.4465054333333333 0.38076600312500003 0.44784376458333336 0.39162793125 0.44958406666666667 0.3956662984375 0.4525498520833333 0.404545375 0.4514200729166667 0.4093898 0.4550406708333333 0.4109696203125 0.45758334375 0.41469376562500004 0.45683082708333334 0.41851414531250003 0.46811973125 0.4197151578125 0.4694102104166667 0.421238465625 0.4741107333333333 0.4234349421875 0.47668211875 0.423797603125 0.47855084166666667 0.4292102390625 0.48404973333333334 0.4321804796875 0.48850898541666665 0.435691 0.48805515833333335 0.44020942031250004 0.48054955 0.4416805734375 0.47938349166666666 0.44215626406249997 0.47693652291666666 0.44384104375 0.4754717708333333 0.4482427203125 0.46456569166666667 0.4485693765625 0.4599513083333333 0.44946424531250007 0.45721521666666665 0.45285802343750003 0.45336092083333335 0.4535392671875 0.45092352291666665 0.453370371875 0.44165647291666665 0.454083909375 0.4379860208333334 0.45680451875 0.43626085625 0.45968223750000003 0.4363948458333333 0.4635032671875 0.4319431645833333 0.46369703281249997 0.42454483541666665 0.462907121875 0.4232734979166667 0.4629878578125 0.42019086041666664 0.4623873515625 0.41954562083333335 0.4618073546875 0.41025942916666663 0.46048959843750004 0.4055684770833333 0.45596375624999996 0.3976417625 0.45525458125 0.39328778750000004 0.45588738281249996 0.3926999729166667 0.4562221109375 0.38777732291666667 0.45687106093749996 0.38657298125 0.4555048640625 0.3837316145833333 0.45554523125 0.38219029583333336 0.453372975 0.37869411875000003 0.45164411875 0.373984025 0.45149508281250006 0.37181661041666664 0.4498991125 0.3698904604166667 0.4495525984375 0.3674052104166667 0.44875461406249995 0.3664421375 0.44881112968750003 0.36428429166666665 0.44695745468750003 0.35648199375 0.4461594703125 0.3555189208333333 0.4462159859375 0.3533610729166667 0.44447905312499997 0.3489592458333333 0.4443623125 0.34555877291666665 0.443020334375 0.3417926145833333 0.4433308421875 0.3377947604166666 0.445515534375 0.33295824791666667 0.44559627031250004 0.3298756104166667 0.44483865468749995 0.32737121874999997 0.44117909843750003 0.32565762708333335 0.43314644687500004 0.3259008979166667 0.4315181828125 0.32520780416666667 0.429543403125 0.3220294625 0.42942666249999994 0.3186289895833333 0.4302892375 0.31712595625 0.43201874531250006 0.30609545624999995 0.4357391796875 0.297626775 0.43645271875 0.293956325 0.436573821875 0.28933236875 0.43523184531250003 0.28556621041666663 0.43035512656249997 0.28317866666666663 0.4219275203125 0.28278626875 0.41180706093749997 0.2841668895833333 0.40697442187500005 0.28795419166666664 0.406724140625 0.29751036458333335 0.40742524218750004 0.30217260416666664 0.40917024843750005 0.3062661666666667 0.40844056406249996 0.3105531458333333 0.405506328125 0.31257700208333333 0.40396251093749996 0.31651743541666666 0.4021206234375 0.3161230354166667 0.40115745468749997 0.31360907083333334 0.40034332343749995 0.313262525 0.396224221875 0.313379375 0.3953374265625 0.31580720208333335 0.39200823749999997 0.3171953895833333 0.3917623171875 0.3187271375 0.3902750171875 0.320509725 0.3912543328125 0.32240716041666667 0.3969128875 0.32637430416666663
0 0.85430631875 0.023908083333333333 0.8586713390625 0.022259485416666665 0.8616459421875 0.01869431041666667 0.866389771875 0.018297910416666667 0.871472040625 0.02069502291666667 0.8781465687500001 0.017302120833333334 0.8246738453125 0.014812375 0.8280684046875001 0.0199086625 0.8293296453125001 0.02675745833333333 0.8312721281250001 0.031168856249999998 0.8333313546875001 0.038980725 0.8381031140624999 0.045375695833333334 0.8444186921875 0.04783023333333333 0.847603209375 0.03625020208333333 0.8506827687499999 0.0286776 0.8536412234374999 0.025728952083333333 0.85430631875 0.023908083333333333
0 0.5430278875 0.5229909145833334 0.5431688515624999 0.5254665937499999 0.53851318125 0.5382126833333333 0.537888453125 0.5384922375 0.5361670171874999 0.54921446875 0.5361465062499999 0.5578554229166667 0.5371053140625001 0.5683938125 0.54126849375 0.57445180625 0.5488738953125 0.5748059208333333 0.55022394375 0.5782638166666667 0.5509169734375 0.58323431875 0.553056934375 0.58796355 0.560416415625 0.5898494145833334 0.5632133984375 0.5930660395833333 0.570129484375 0.5961658166666666 0.573305275 0.6006346395833333 0.5767673546875 0.6020303958333333 0.5810920078125 0.6019231166666666 0.5837964703125 0.6008144791666666 0.587411946875 0.5963532270833334 0.5883310359375 0.5926923458333333 0.5898183375 0.5909097583333334 0.590761646875 0.5863240854166667 0.59419579375 0.5809284708333333 0.596017825 0.5742232354166668 0.5972915000000001 0.5727393416666666 0.5975616406250001 0.5702828020833334 0.6004517953125 0.5620841020833333 0.6014516203125 0.5553405833333334 0.602725296875 0.5538566895833333 0.605002509375 0.5533454416666667 0.60865028125 0.54765113125 0.6088924890625 0.5384032229166666 0.6081025796875 0.5371318854166667 0.607425696875 0.5315448562499999 0.6050398171875 0.52834736875 0.6042822 0.5258429770833334 0.6020615031250001 0.5241963833333333 0.60069530625 0.5213550145833333 0.5982690578125001 0.5196988479166667 0.5967053812499999 0.5165396458333333 0.5941058765625 0.5136408541666666 0.592038578125 0.50613725 0.5908537109374999 0.5042302416666666 0.5894272890625001 0.49583055833333334 0.5878716859375 0.49236309166666664 0.5839904312499999 0.4912564583333333 0.5795123796875 0.4972207458333333 0.5784119609375 0.4999472666666666 0.5750504765625 0.5025685083333333 0.57481263125 0.50379199375 0.572092021875 0.5055171541666666 0.5703830203125 0.5079066979166666 0.565377125 0.510451375 0.562374590625 0.5072251791666667 0.5616734890624999 0.5025629416666667 0.5595012328125 0.4990667625 0.558965315625 0.4959554145833333 0.55680920625 0.49184271041666666 0.5548549375 0.48002341249999997 0.5518524031250001 0.47679721458333335 0.5472576109375 0.47936103333333335 0.545738015625 0.48237667500000003 0.5456895734375 0.48422625625000004 0.5438153890625 0.48506491041666666 0.5414412953125 0.48927532500000004 0.532388959375 0.48916247916666666 0.5317238640624999 0.49098335 0.528551784375 0.4942306895833333 0.526588790625 0.49846024375000003 0.5240737328125 0.5001949791666667 0.5221511078125001 0.5028832166666667 0.52112335 0.5028353625 0.5168831453125 0.50757616875 0.51575850625 0.5112274791666667 0.5129894546875 0.5148022229166667 0.5114214171875 0.5196674479166666 0.5095149390625 0.52173915625 0.5075438734375 0.5262769749999999 0.5026708656250001 0.5316055958333333 0.5017921453125 0.5337251583333333 0.503988621875 0.5362965458333334 0.5045487609375 0.5384831041666666 0.5069669359375 0.5404475333333333 0.509320521875 0.544878075 0.5119523218750001 0.5465438125 0.5121255796875 0.5477864375 0.5149629296875 0.54946174375 0.52278195625 0.5495171666666666 0.5276468890625 0.5444968104166666 0.5310127359375 0.5338511416666667 0.534273625 0.5272129020833334 0.536788684375 0.5254781666666667 0.5368129046875 0.5245533770833333 0.538924934375 0.5224912375 0.5430278875 0.5229909145833334
0 0.047039628124999996 0.6174888749999999 0.0471886640625 0.6196562916666667 0.051323910937499995 0.6189229145833333 0.05595907343749999 0.6148177770833333 0.05811954375 0.6109060583333333 0.060840153125 0.6091808937500001 0.06425007968749999 0.6047100708333333 0.06537471875 0.6010587604166666 0.06815184375 0.59717575 0.071086078125 0.5951518958333334 0.074117196875 0.5894288729166667 0.0759957421875 0.5805657916666667 0.07565730312499999 0.5777722791666666 0.0673427265625 0.5730641895833333 0.0669881375 0.5708872020833333 0.06746383125 0.5684402354166667 0.0712606375 0.56491334375 0.07393280625000001 0.5650377624999999 0.0760286890625 0.56359215 0.0769154828125 0.5611643229166667 0.0770931015625 0.5543825208333334 0.0780364109375 0.54979685 0.076908059375 0.5457319979166667 0.0745060328125 0.5431510395833333 0.0725796953125 0.5381231145833334 0.0691418375 0.53580256875 0.063378325 0.53584285 0.0563088421875 0.5386000854166666 0.0537291953125 0.5428009291666667 0.052701437500000003 0.5427530770833333 0.04825568125 0.5474843104166667 0.0473608125 0.5502204 0.0450270859375 0.5528894958333334 0.044140290625 0.5553173208333334 0.0422499609375 0.5567725041666667 0.0409278421875 0.5601059791666666 0.040601187500000004 0.5647203666666667 0.0415482078125 0.5678508541666666 0.0441396390625 0.5710579104166666 0.05041485 0.5750537666666666 0.0521840765625 0.5782225375 0.052143707812499995 0.57976385625 0.049398878125000004 0.5824138125 0.0461622078125 0.5881272604166666 0.044263804687500005 0.58989070625 0.0411842453125 0.5974633104166667 0.0410954359375 0.6008542104166666 0.043900493750000005 0.6037625729166667 0.046350960937500005 0.6044939479166668 0.0473383515625 0.60608311875 0.046431046875 0.6171519 0.047039628124999996 0.6174888749999999
0 0.2753699015625 0 0.2753928875 0.000039674999999999995 0.282441859375 0.0059233958333333335 0.284581821875 0.010652627083333333 0.2891884 0.015496710416666667 0.28928899375 0.01951370625 0.28587906875 0.02398453125 0.28172767187500003 0.025334437499999998 0.2791803203125 0.028302225 0.27460974843749997 0.02994125208333333 0.2743073125 0.03363084583333333 0.2730174890625 0.03573126666666667 0.27207417968750003 0.040316939583333336 0.2714494515625 0.040596491666666665 0.271195459375 0.042436504166666666 0.2684425546875 0.04539472083333333 0.2662497890625 0.05053949583333333 0.2642824359375 0.06279347708333333 0.26365334375 0.07109745625 0.2641166015625 0.07698317708333334 0.26485807031249997 0.08010409791666667 0.26605100937500004 0.0817028375 0.2671427046875 0.09502517291666666 0.2726317140625 0.10546585208333334 0.27525544062499996 0.10743985208333333 0.2754286984375 0.10868247708333333 0.2799023875 0.11074261666666667 0.2822317515625 0.11609794583333333 0.2862539703125 0.11968026041666667 0.30227890468749996 0.1207350375 0.310037703125 0.11523214166666666 0.310489175 0.11370996666666668 0.313669328125 0.11015436041666667 0.3156726890625 0.1043834875 0.31821196875 0.1017239625 0.3199532640625 0.09810136458333334 0.3248020484375 0.09369753541666667 0.3283529375 0.09170239166666666 0.333496084375 0.08391723125 0.335031828125 0.0802850625 0.33732518749999996 0.07915728541666667 0.3392397390625 0.0767773125 0.3444350390625 0.07485873541666667 0.34675261874999996 0.07280616458333333 0.35066616875 0.07267974583333332 0.35654642187499996 0.07603993125 0.3631240671875 0.07634619375 0.3736357703125 0.06788508125 0.37514729375 0.06517770208333333 0.375876978125 0.06089072291666667 0.375981934375 0.05688329583333333 0.37472876875 0.049726237500000006 0.3729756890625 0.045940937499999994 0.37168215312499997 0.040325195833333334 0.3682765890625 0.036771593750000005 0.36810333281249996 0.03552896875 0.3652417609375 0.03477845 0.3655119 0.0323219125 0.36661231875 0.02959539166666667 0.36829709843749997 0.028130639583333332 0.3714251 0.018708454166666666 0.3729086890625 0.00920970625 0.37259447031250004 0.0054914 0.3710388703125 0.0020239333333333335 0.369223896875 0 0.2753699015625 0
0 0.4771891453125 0 0.47747040625 0.0008067041666666667 0.47886889843749997 0.0024150166666666666 0.4800053234375 0.006171604166666666 0.480009034375 0.01388776875 0.48061761562500005 0.01422474375 0.48075050468749997 0.0170086875 0.48393437031250003 0.021169245833333336 0.48528441874999995 0.024627141666666668 0.4872871296875 0.034596856249999995 0.490652325 0.03969177708333334 0.4919781546875 0.0440744625 0.4952346828125 0.04546065 0.4956215640625 0.04640458125 0.5012764078124999 0.0426555625 0.5015142531250001 0.04143207708333333 0.5050570703124999 0.03974519583333334 0.5069716203125 0.03736522291666667 0.5107199859375 0.035687914583333334 0.5123482515625 0.03638100625 0.5138957796875 0.040156735416666665 0.51693868125 0.04184161458333333 0.52334306875 0.04090525208333333 0.5301262640625 0.04122108333333333 0.534708621875 0.04698995625 0.5373484953125 0.048347429166666664 0.5402827296875 0.04632357291666667 0.5418507671875 0.041458347916666666 0.5442087156250001 0.0378644625 0.5487873609375 0.03591717291666666 0.5511291625 0.03293981458333333 0.5540553234375001 0.031224220833333333 0.5565300140625 0.031030804166666665 0.558940115625 0.0333035 0.5632163265625 0.0350458 0.5665535890625 0.03334935000000001 0.5682706640624999 0.03065154375 0.5729710640625 0.008339708333333333 0.57329771875 0.0037253250000000003 0.5731768328125 0.003102416666666667 0.5065456546875 0 0.4771891453125 0
0 0.170498528125 0.54762055 0.172421153125 0.5449323125000001 0.173348315625 0.5409631666666667 0.1755087859375 0.5370514479166667 0.1779636171875 0.5297583958333333 0.177871096875 0.5254331333333334 0.17524737031249998 0.52345913125 0.17388924687500001 0.5203095020833334 0.166775684375 0.5168918895833333 0.15838844531250001 0.514958175 0.14624476718749999 0.51501003125 0.14119850312499999 0.5190960270833334 0.140271340625 0.5230651708333334 0.1401297265625 0.53633008125 0.1394727046875 0.5378426875 0.1388355421875 0.5464549291666666 0.1401731546875 0.5582455125 0.1449045484375 0.5661818000000001 0.14631918593749998 0.5671735874999999 0.1476773109375 0.57032321875 0.1523565515625 0.5723929270833333 0.1569432703125 0.5701373729166667 0.1574028140625 0.56830693125 0.16211063750000002 0.5614274229166667 0.16300550625000002 0.5586913312499999 0.1651094609375 0.5569374541666666 0.1664315796875 0.5536039791666667 0.170252609375 0.5491522979166666 0.170498528125 0.54762055
0 0.6594702375 0.053107625 0.66299690625 0.05203727083333333 0.670199278125 0.05206398125 0.67174680625 0.0558397125 0.6731490078125 0.06516418541666666 0.6785374234375 0.07158786875 0.6855180984375 0.07222153541666666 0.6917852328125 0.07652565416666667 0.6942841453125 0.07540744791666666 0.702292575 0.07608896875 0.7071531453125 0.0790930375 0.7095309515625 0.08259878541666667 0.714218265625 0.08436023125 0.7173257578125 0.08357899791666666 0.7182448453125 0.07991811666666666 0.722517346875 0.07394425833333333 0.723436434375 0.07028337708333333 0.726181265625 0.06763342291666666 0.726213559375 0.06640036666666667 0.729172015625 0.06345172083333334 0.7321789125 0.05865349166666667 0.7338842015625 0.04854778541666667 0.7361011859375 0.04247821875 0.737580415625 0.04100389583333333 0.7368389453125 0.037882975 0.7370004171875 0.031717702083333334 0.7404147062499999 0.019222452083333334 0.7452311968750001 0.016051677083333334 0.7499104375 0.018121385416666667 0.752526090625 0.02040365 0.7560527578125 0.019333297916666665 0.757967309375 0.016953322916666666 0.75823745 0.014496785416666666 0.75933786875 0.011770264583333334 0.6374972859375 0.006097241666666667 0.6382277359375 0.007674452083333333 0.6465261640625 0.01299906875 0.6507135671875 0.018132270833333335 0.6514308140625 0.02217798125 0.6512935640624999 0.027418464583333337 0.653804259375 0.03370815625 0.655476603125 0.04057609166666667 0.6544606296875 0.0479361375 0.6572414656250001 0.05176929166666667 0.6594702375 0.053107625
0 0.727491665625 0.3476305416666667 0.7286523125000001 0.35046233958333334 0.7301719062500001 0.3474467 0.7279754296875 0.34487531250000003 0.7282940124999999 0.3405691895833333 0.73203866875 0.33117571875 0.7332161125 0.31765039791666666 0.7340867578125 0.3158391 0.733837128125 0.3096546854166667 0.7326926296875 0.30620636041666666 0.7327652921875 0.30343198958333334 0.732164784375 0.30278674791666665 0.7317338234374999 0.29566797291666663 0.7324392875 0.29230578333333335 0.7352002640624999 0.28903930208333334 0.736095134375 0.2863032104166667 0.7368167437500001 0.28232449583333336 0.7363211953125 0.27767182916666666 0.7306670000000001 0.2656802583333333 0.7233882546875 0.26071176041666666 0.7199988390625001 0.2565416291666667 0.71697208125 0.254240225 0.7142918421875 0.25442406875 0.7115712328125 0.25614923125 0.7100597093750001 0.25885661041666663 0.708169378125 0.26031179375 0.7062063859375 0.26454134791666667 0.7065081703125 0.27659234375 0.705835 0.27872147708333334 0.705395315625 0.2876515520833333 0.7045004453125 0.29038764375 0.7005384546875 0.29236364583333335 0.69947033125 0.2938571104166667 0.697483115625 0.2990114583333333 0.6951413140625 0.3019888145833333 0.6942303 0.30534143541666664 0.688732565625 0.31094960625 0.6860721828125 0.3182330854166667 0.68479850625 0.31971698125 0.6845041453125 0.32309831041666665 0.6812271078125 0.33035307708333334 0.6814040765625 0.33931186458333334 0.68201265625 0.33964884166666665 0.6840072937499999 0.3499268208333334 0.686796203125 0.3534517104166667 0.6923541640625 0.3534018541666667 0.698460478125 0.3481306583333333 0.7007376921875 0.3476194083333333 0.7013866390625 0.3464150645833334 0.70556225625 0.34414036875 0.709286403125 0.34338785208333333 0.710346453125 0.34220265 0.7160292296875 0.34524500208333336 0.7258795484375 0.3463209229166667 0.727491665625 0.3476305416666667
0 0.1478796453125 0 0.14395237968750002 0.005339335416666666 0.13911909218750002 0.024867227083333332 0.1371560984375 0.02909678125 0.1368698109375 0.03216984791666667 0.1362450828125 0.032449399999999996 0.13604324375000001 0.040155989583333336 0.1366518234375 0.040492966666666665 0.13660338125 0.04234255 0.14236689375 0.04230226458333333 0.1440436 0.041145775 0.1483682515625 0.041038495833333334 0.1510807875 0.039621595833333335 0.1541559859375 0.04007342083333333 0.155143375 0.041662591666666665 0.15524396875 0.045679591666666665 0.154087034375 0.05056395625 0.1539336359375 0.05642096458333334 0.1551787296875 0.0638862875 0.1557792359375 0.06453152916666667 0.15579909375 0.0716311625 0.156407675 0.07196813958333334 0.156173540625 0.08090778541666667 0.157237303125 0.08743874791666667 0.156982659375 0.10501934791666666 0.159723128125 0.11039381875 0.1609402875 0.11106777083333334 0.16609893125 0.11840667083333334 0.1672999453125 0.11969714999999999 0.1697584890625 0.12012026249999999 0.1715438625 0.12267250833333333 0.174792315625 0.12436695833333333 0.19085761875 0.12388041666666667 0.195287228125 0.11976570833333335 0.196395721875 0.11673092708333334 0.20003541875000003 0.11134488125 0.20504938906249998 0.10849194166666667 0.20828976875 0.11049465416666666 0.2114413390625 0.11588826666666667 0.2138595140625 0.11785269791666667 0.216632278125 0.12199411458333334 0.22256097343749998 0.12350472083333333 0.22670429531249997 0.12246307708333333 0.230968721875 0.11679748124999999 0.232923640625 0.11287618958333333 0.2341730953125 0.1123170875 0.23653104531250002 0.10872320208333333 0.2394652796875 0.10669934375 0.24169033906249998 0.10032151458333334 0.242955940625 0.09914588541666666 0.2438427359375 0.09671805833333333 0.24458856875 0.09181455000000001 0.24614853124999997 0.08725758958333334 0.2490989125 0.08461720625 0.250763834375 0.07605281875 0.2509172328125 0.07019580833333333 0.24985346874999997 0.06366484791666667 0.249205171875 0.049128602083333334 0.24862888593750002 0.047558572916666667 0.251486746875 0.040592925 0.25179725468749997 0.036595068749999994 0.249887065625 0.030950616666666667 0.2490369296875 0.024120960416666667 0.2459983890625 0.01441165625 0.2437938390625 0.012148533333333333 0.2422382359375 0.008681066666666666 0.24021501875 0.00735230625 0.23630933281250002 0 0.2243065234375 0 0.2180558359375 0.004777354166666667 0.21609284374999999 0.009006908333333334 0.21484338749999998 0.0095660125 0.21161479062500002 0.014971197916666668 0.2103653359375 0.015530302083333334 0.20477071875 0.0248376375 0.2023041015625 0.024722789583333335 0.20115960312499997 0.021274464583333333 0.20144217968749997 0.010485235416666665 0.20207498125 0.009897420833333333 0.20292576874999999 0.0009864875 0.2029516046875 0 0.1478796453125 0
0 0.0161868 0.4203748375 0.0158079921875 0.41912263958333335 0.0121080671875 0.41895036875 0.009935810937500001 0.4154541916666667 0.0095371453125 0.40710236041666664 0.010169945312500001 0.40651454375 0.011693903125 0.39547447708333333 0.0163694328125 0.3898280229166666 0.0198961 0.38875766875 0.0238015765625 0.38893951250000003 0.027336318749999998 0.38756089583333336 0.02839636875 0.38637569374999997 0.030605282812500002 0.3806143895833333 0.0331687828125 0.377030075 0.038601928125000004 0.37388801250000003 0.040730103125 0.3712093458333333 0.0463930203125 0.3671520625 0.054852921875 0.36631140625 0.05535283437500001 0.3629396458333333 0.05467595468749999 0.35735261875 0.05388604375 0.35608128125 0.0532172375 0.35018598749999996 0.051274753125 0.34577458958333335 0.046966246875 0.34526534166666667 0.042935956250000004 0.3419912916666667 0.0424888484375 0.33548904375 0.0418883390625 0.3348438020833333 0.041203385937499996 0.3295650375 0.042300093750000003 0.31912235625 0.040152059375 0.31470138750000004 0.038942971874999996 0.3137191729166667 0.036827231249999995 0.30806514791666667 0.0362993875 0.30464553541666667 0.036815446875000005 0.30065725000000004 0.0356709484375 0.29720892499999996 0.0316648765625 0.2930100833333333 0.027433396875 0.2817020375 0.023527918749999998 0.28152019375 0.023298146875000002 0.2824354125 0.01873565 0.28376617708333335 0.015233201562500001 0.2839117395833333 0.0106222625 0.2870920854166667 0.0051018703125 0.2935653833333333 0.0047052390625 0.3087094166666667 0.0051077296875 0.3090573708333333 0.0060870453125 0.31095480833333333 0.0046221015625 0.31188374166666666 0.0018818749999999999 0.41651015625 0.002084490625 0.41663182291666667 0.0034668359375 0.4188566645833333 0.0040027531249999995 0.4219680125 0.0059856046875 0.42483809166666664 0.0072629921875 0.43107036041666663 0.0094836890625 0.43271695625 0.011744754687500001 0.4328222333333333 0.013050724999999999 0.4301052833333333 0.015795556250000002 0.42745533125 0.0161868 0.4203748375
0 0.62311414375 0.48258435 0.6225136375 0.4819391125 0.6225701531250001 0.47978126666666665 0.6204301921875001 0.47505203333333335 0.6170004078125 0.47242322291666666 0.614425121875 0.46859963958333334 0.6145300796875001 0.46459221250000005 0.61707743125 0.461624425 0.6187299171875 0.461392725 0.6193869390625 0.45988011875 0.6216883734375 0.45844407708333335 0.6229943421875 0.45572712916666663 0.623329071875 0.45080448125 0.623961871875 0.4502166666666667 0.6233532921875 0.44987968958333335 0.623260771875 0.4455544291666667 0.6226764124999999 0.4442926625 0.618613825 0.4422516645833333 0.614792796875 0.44670335 0.6145065093750001 0.4497764145833333 0.6127894359375 0.45247422291666667 0.6111208046875001 0.45332244791666665 0.60708615 0.4580728229166667 0.6043897625 0.4588731958333333 0.595978303125 0.4578642708333333 0.5938824203124999 0.4593098833333333 0.593688653125 0.46670821041666666 0.594297234375 0.4670451875 0.593478740625 0.4747230666666667 0.5913505640625 0.47740173124999996 0.5876139828125 0.48648693958333333 0.5873115484375 0.49017653333333333 0.5879561328125 0.49699661875 0.5885647140625 0.4973335916666667 0.5898098078125 0.5047989166666667 0.591357334375 0.5085746458333333 0.60332710625 0.5230207520833333 0.6123787890625 0.5388741854166667 0.6199879015625 0.5469444645833333 0.620939284375 0.5420505291666667 0.6215720859375 0.5414627145833334 0.62203228125 0.5238916854166666 0.623015959375 0.5177646916666666 0.6232221625000001 0.5020336750000001 0.6244517593750001 0.4943749375 0.62418598125 0.4888070479166667 0.62311414375 0.48258435
0 0.5451462328125001 0.4656825833333333 0.547552621875 0.46023911458333333 0.5519822328124999 0.45612440833333334 0.5533565031250001 0.45865751250000003 0.5537874656249999 0.4657762875 0.5529851171875 0.47283764166666664 0.551038271875 0.47645067083333337 0.5547984234375 0.4821812583333333 0.556752690625 0.49400055625 0.56029114375 0.5003381 0.5610003203125 0.504692075 0.562934728125 0.5094117375 0.5655746015625 0.5107692104166667 0.570556278125 0.509149325 0.5758807546875 0.5022985270833333 0.5794397171875 0.49999512083333336 0.583687996875 0.49494605 0.5858403921875001 0.49134259375 0.5867756296875 0.4870651833333334 0.5897825265625001 0.48226695416666665 0.590701615625 0.4786060729166667 0.593051490625 0.47532045208333334 0.59374080625 0.4725747895833334 0.5939022781250001 0.46640951666666663 0.5932576921875 0.45958943541666664 0.59211319375 0.4561411083333333 0.5922100765625 0.45244194375 0.5930403546874999 0.45217196249999997 0.594019671875 0.4540694 0.5973004203125 0.45453079583333333 0.5996863 0.4577282791666667 0.604010953125 0.45762099791666666 0.611145025 0.45239765625 0.6141922906249999 0.4460581083333333 0.6157081734375 0.43532630625 0.61460404375 0.4303366625 0.6147816640625 0.4235548604166667 0.614024046875 0.42105046875 0.61397254375 0.3994433 0.6128845609375 0.39383712916666663 0.6104583125 0.3921809645833333 0.6081208734375 0.3871338979166667 0.6082096828125 0.3837429958333333 0.61021304375 0.37797212291666665 0.6104633265625 0.36841594791666665 0.6086779515625 0.36586370208333335 0.6069813890625 0.35992055624999997 0.604982390625 0.35766700416666664 0.6030479796875 0.3529473416666667 0.6012222375 0.3519364145833333 0.60104090625 0.3510020541666667 0.59557175625 0.34766100833333335 0.5923636703125 0.34442524166666666 0.5839683578125 0.3427997875 0.5809577499999999 0.33988185416666666 0.576459840625 0.3387465083333333 0.5723003703125 0.3404046770833334 0.572062525 0.34162816041666666 0.5685116359375 0.34362330625 0.56426335625 0.3486723729166667 0.5639851421875 0.351437175 0.5633604156249999 0.35171672708333335 0.560469609375 0.37565601666666665 0.5580712921875 0.38079122291666667 0.5566324328125 0.3807242270833333 0.5548874265625 0.3766306625 0.5552668859375001 0.36214226875000005 0.5559481296875 0.3597048729166667 0.5563635953125 0.3516995895833333 0.556996396875 0.3511117729166667 0.5574199359375 0.342798225 0.5580446625000001 0.34251867291666666 0.558133471875 0.3391277729166667 0.5596288484375 0.3370369229166667 0.56036660625 0.3324416791666666 0.5597660984374999 0.3317964395833333 0.5596493578125 0.32839596666666665 0.555792321875 0.32636454374999996 0.5556109921875 0.32543018125 0.5520681765625 0.3271170625 0.54951275 0.33039311250000003 0.5432574 0.33349689374999997 0.539641921875 0.3379581479166667 0.5374168625 0.34433597708333336 0.5359214859375 0.34642682708333333 0.5359171234375 0.3544512541666667 0.53751309375 0.3563774020833333 0.5390525484375 0.3604613958333333 0.5404671875 0.36145318125 0.541619759375 0.3645932416666666 0.540938515625 0.3670306395833334 0.5381775390625 0.3702971208333333 0.537060971875 0.37364016875 0.53536811875 0.37541318333333334 0.5335299421874999 0.38273494583333334 0.53351750625 0.3910676375 0.5364554515625 0.39675994375 0.5373459578124999 0.40204827916666663 0.5332870828125 0.40772344583333336 0.5311912015625 0.40916905625 0.5292120625 0.41401513958333336 0.528006684375 0.4207490875 0.5267087874999999 0.4231577729166667 0.5265069484375 0.4308643645833333 0.5272484171875 0.43398528333333336 0.52688139375 0.4401409854166667 0.5262001515625 0.44257838541666666 0.5260629 0.44781886666666665 0.5254300984375 0.44840668125 0.5250549999999999 0.45487064791666665 0.5244302734375 0.45515019791666667 0.522995125 0.46279936666666666 0.5221486984375 0.4636858770833333 0.522660396875 0.4677220145833333 0.5240669609374999 0.46902206458333334 0.5326355296874999 0.47189014375 0.54031359375 0.4694698854166666 0.543485675 0.46622254375 0.5451462328125001 0.4656825833333333
0 0.4688311953125 0.2442297291666667 0.47249075156250003 0.24594331875 0.4776295359375 0.2461825875 0.48679490156250005 0.24197973958333333 0.4870246734375 0.24106452083333335 0.49033771562500006 0.24029286041666667 0.4932800234375 0.23796074166666664 0.49331231875 0.23672768541666667 0.49458599531249997 0.23524379166666665 0.49623040625000003 0.23532035625 0.49762889843749997 0.23692867083333333 0.49891435937499995 0.242852675 0.5002886296875 0.24538577916666665 0.50291235625 0.24735978125000002 0.5096471109375 0.24952519374999999 0.5112269328125 0.25206786875 0.5115815203125 0.25424485625 0.515301303125 0.26151676458333334 0.5157403375 0.268327275 0.5170903890625 0.27178517291666665 0.5171183203124999 0.2785765416666666 0.5190608046875 0.2829879416666667 0.5247274328125 0.2866468208333333 0.5317161796875001 0.2869722229166667 0.5350534437500001 0.28527577291666667 0.5375927218750001 0.2826162479166667 0.5376250171875 0.28138319375 0.5391284656249999 0.2789840791666667 0.5391769078124999 0.2771344958333334 0.54566639375 0.26509107083333333 0.547504571875 0.25776930833333334 0.5496731140625 0.25354932291666665 0.550531978125 0.24433012499999998 0.549996059375 0.241218775 0.549198075 0.24025570208333333 0.5493272515625 0.23532348333333333 0.54859385625 0.23189430208333334 0.5515765328125 0.2280208625 0.5524794734375 0.22497650833333335 0.5546237984375 0.22168131458333334 0.5548939374999999 0.21922477708333332 0.5555267390624999 0.21863696041666666 0.55563976875 0.21432127083333335 0.5581268953125 0.20579516458333333 0.562649025 0.20600572083333332 0.56503490625 0.20920320416666666 0.5690813453125 0.21186072708333334 0.5772791796875001 0.21316834375 0.5782584953125001 0.21506578125 0.5794632203125001 0.22407242291666665 0.582022359375 0.22851253124999998 0.5835456640625 0.23321305416666668 0.5863507218749999 0.23612141666666667 0.586918934375 0.23799971041666668 0.5901593140625 0.24000242291666665 0.59113055625 0.24220812291666668 0.598433521875 0.24625183125 0.5986148546875001 0.24718619166666667 0.6014845 0.24762844583333335 0.6059339671874999 0.250613375 0.60962581875 0.2510939104166667 0.612955009375 0.24970572291666665 0.614205115625 0.23340603125 0.6148379171875 0.23281821458333332 0.61582159375 0.22669122291666666 0.617941696875 0.22432082083333332 0.6188527109375 0.22096820416666668 0.6182404203125 0.21291506458333334 0.6198972671874999 0.20465894166666668 0.62053006875 0.204071125 0.62060273125 0.20129675208333334 0.6198128203125 0.2000254145833333 0.6191197921875 0.19505491249999998 0.61675813125 0.19093263958333334 0.616959971875 0.18322604791666666 0.6182901640625 0.17958430625000002 0.62040219375 0.17752216666666668 0.622586884375 0.17268565416666667 0.6228812453125 0.169304325 0.6228210187500001 0.16374600833333333 0.6209189046875 0.15779329166666667 0.6202743171875 0.15097320833333333 0.617936878125 0.14592614166666668 0.6192105546875 0.14444224791666666 0.6198917984375 0.14200485208333333 0.627263715625 0.1355580229166667 0.6285858328125 0.13222454791666666 0.628904415625 0.1279184270833333 0.627594734375 0.1229192125 0.6260068375000001 0.12068480208333333 0.6248704125 0.11692821458333333 0.6216300312499999 0.1149255 0.6192360781249999 0.11203627916666667 0.6120902203125 0.109851725 0.6095068625 0.10633640416666666 0.61175614375 0.09903378125 0.61324344375 0.09725119583333333 0.6148034078125 0.09269423541666666 0.61716943125 0.08879208541666667 0.6173228296875 0.082935075 0.6159808515625 0.07916891666666667 0.611785378125 0.07434397708333333 0.6104030328125 0.0721191375 0.6104434000000001 0.07057781875 0.604897875 0.06229498333333334 0.603753378125 0.058846658333333336 0.6027417671874999 0.05818227708333333 0.5992716140625001 0.05709478541666667 0.5918313953125 0.05829156041666667 0.5904167578124999 0.057299775000000004 0.5874707390625 0.05191573125 0.5839925125 0.051136502083333334 0.5806552468749999 0.05283295416666667 0.5759797203125 0.05847940833333333 0.5755121015625 0.06061811041666666 0.5738031015625 0.06300765416666666 0.57370621875 0.06670682083333333 0.5715215265625 0.07154333333333333 0.5677004984375 0.07599501458333333 0.565959203125 0.0796176125 0.5623760203125 0.0828458125 0.5612513796874999 0.08649712291666667 0.5608520625 0.09388588125000001 0.5602273359375001 0.09416543125 0.559916825 0.09816328958333333 0.5588244796875 0.10058154375 0.557627178125 0.10700722916666666 0.55568840625 0.11031199166666666 0.5545556921875 0.11427156666666667 0.55177049375 0.11846283958333334 0.5478122125 0.12815500625 0.5461032140625 0.13054455 0.5448779781249999 0.13017886041666665 0.5431249 0.12639356041666666 0.5417102609375 0.125401775 0.5384419484375 0.11660769166666667 0.538127728125 0.11288938541666667 0.5392927359375 0.10769675625 0.5397808640624999 0.09691709791666667 0.5394424234375 0.09412358541666667 0.5382414109375 0.09283310625 0.5374918656250001 0.09002044999999999 0.5326958859375 0.08455027083333334 0.5308620703125 0.08384760625 0.528714034375 0.07942663958333333 0.5247321859375 0.07430300625000001 0.5202988640624999 0.07070154999999999 0.5144105359375 0.06764962916666667 0.51031565625 0.06684168541666667 0.5099287734375 0.06589775416666667 0.50355668125 0.0656010625 0.503326909375 0.06651628333333333 0.4991351453125 0.06940750625 0.4988892265625 0.07093925208333333 0.4959146234375 0.07450442708333332 0.48779316250000004 0.07813859791666666 0.48367777187499994 0.0859716125 0.48263386875 0.08654028541666667 0.48149308125 0.09080812291666666 0.480013853125 0.09228244791666666 0.47758324218750003 0.09865070833333332 0.47480611718750004 0.10253371458333334 0.474100653125 0.10589590416666667 0.47415280624999995 0.11176248541666665 0.4754786359375 0.11614517083333334 0.4771068984375 0.1168382625 0.47728015625 0.11808088958333333 0.475184275 0.11952650000000001 0.47514390781250004 0.12106781875 0.4743136265625 0.12133780000000001 0.47407578125 0.12256128541666667 0.471355171875 0.12428644791666667 0.4662766140625 0.12960549791666667 0.46559537031250003 0.13204289583333334 0.46283439218750005 0.13530937499999998 0.46172589999999997 0.13834416041666667 0.46168924375 0.14760163958333333 0.463023146875 0.1516760625 0.46441356406249995 0.15359263958333333 0.4641353515625 0.15635744166666665 0.4635106234375 0.15663699374999998 0.46103157031249997 0.16485483541666665 0.45826251874999996 0.16842958125 0.45671870312499996 0.1723700125 0.45633553281249994 0.17914224374999999 0.4576855828125 0.1826001375 0.457818471875 0.18538408125 0.45842705156249997 0.18572105833333333 0.45850342499999996 0.19066284791666668 0.4581686953125 0.19558549583333334 0.45754396875000003 0.19586504791666667 0.45747130625 0.19863942083333336 0.4565845125 0.2010672479166667 0.45659629687500003 0.20847514583333335 0.4599291984375 0.21480312083333333 0.460001209375 0.2277693375 0.46436186875 0.23414516458333334 0.466896784375 0.23951006458333335 0.46743270312499996 0.24262141458333333 0.4688311953125 0.2442297291666667
0 0.6698928093750001 0.5430952958333334 0.6734194765625 0.54202494375 0.675334028125 0.5396449708333333 0.680529328125 0.5377263916666667 0.6845397625 0.5339008062499999 0.68799005625 0.5278886645833334 0.68799441875 0.5198642375 0.68543528125 0.5154241291666667 0.6797686515625 0.5117652479166667 0.6764599703124999 0.5045124833333333 0.6745820765625 0.4976349729166667 0.6731916578125 0.49571839791666666 0.67014068125 0.49434178333333334 0.6622732124999999 0.4961359416666667 0.6581621859375 0.49594452916666665 0.650806415625 0.5017748270833333 0.643192940625 0.5017289770833333 0.639666271875 0.5027993291666667 0.6345554203125 0.5093514354166666 0.6342449125 0.5133492895833334 0.633620184375 0.5136288416666667 0.6334667859375 0.5194858520833333 0.6342163296875001 0.5222985083333334 0.6348329828125 0.5223272208333333 0.63619110625 0.5254768520833334 0.6407573156249999 0.5318622520833334 0.642502321875 0.5359558166666667 0.64351393125 0.5366201958333333 0.6444448046875 0.5403672125 0.6472337140625 0.5438921041666667 0.6491761984375 0.5483035020833333 0.6566443484375 0.5538981 0.6604088625 0.5516042624999999 0.6633915375 0.5477308229166666 0.6698928093750001 0.5430952958333334
0 0.125485184375 0.5847219104166667 0.1261099125 0.5844423583333334 0.1262875328125 0.5776605583333333 0.1256870234375 0.5770153166666667 0.12555413437500001 0.5742313729166667 0.12298692343749999 0.5700995270833332 0.11908144843749999 0.5699176833333334 0.114667984375 0.5734158645833334 0.1070060703125 0.5752195958333334 0.10344710625 0.5775230020833334 0.099158459375 0.5841133875000001 0.09677192812499999 0.5966564916666666 0.0959093546875 0.5981595291666667 0.09561499375 0.6015408583333334 0.0949902671875 0.6018204104166667 0.0945704390625 0.6178501229166666 0.09517901875 0.6181870958333333 0.0953119078125 0.6209710395833333 0.09930990468749999 0.6254781458333334 0.103412859375 0.6259778229166667 0.106439615625 0.6282792291666667 0.11838581562499999 0.6279095375 0.1236053375 0.62506616875 0.1257254390625 0.6226957666666666 0.1292682546875 0.6210088854166667 0.13013082812500001 0.6195058499999999 0.130671759375 0.5988521833333333 0.1300631796875 0.59851520625 0.12992221718750002 0.5960395270833333 0.12514238125 0.5899528208333333 0.125485184375 0.5847219104166667
0 0.11275975 0.52054964375 0.11338447656249999 0.52027009375 0.113062184375 0.5168600520833333 0.11275975 0.52054964375
0 0.105376696875 0.5038479833333334 0.10763776249999998 0.5039532604166667 0.1060014265625 0.5035684333333333 0.105376696875 0.5038479833333334
0 0.8145203750000001 0.16001750416666666 0.8171763953125 0.16075845208333334 0.8201870031249999 0.16367638541666668 0.8257045968750001 0.16516784791666667 0.8325120140625 0.1645588875 0.8344104171875 0.16279544375 0.8396181531250001 0.152544175 0.8403074703125 0.14979851249999998 0.8400013234375001 0.14577194583333333 0.841323440625 0.14243846666666665 0.8459182343749999 0.13987465208333333 0.8470267265625001 0.13683986666666667 0.8474788484375001 0.11957710208333333 0.8457257703125001 0.11579180208333333 0.844258978125 0.10893343541666667 0.8397492828124999 0.10039018958333333 0.8379235421875 0.09937926250000001 0.8353563312500001 0.09524741666666667 0.8317129218750001 0.09291729791666666 0.8240833000000001 0.093487975 0.823180359375 0.09653232708333334 0.8193512546875 0.10129227291666668 0.8090090984374999 0.10327985 0.7985296875000001 0.11050790625000001 0.7944348078125001 0.10969996666666666 0.78739761875 0.11122414374999999 0.7860916484375 0.11394109375 0.785587375 0.12533727916666665 0.7868324671875 0.13280260208333333 0.7867194359374999 0.13711829375 0.7873280171875 0.13745526875 0.7872752125 0.14732927708333332 0.7878837937500001 0.14766625208333334 0.7880166828124999 0.15045019583333333 0.791982384375 0.15619035833333333 0.796859103125 0.15857789791666665 0.8011676078125 0.15908714791666664 0.8026710578125 0.15668803333333334 0.803582071875 0.15333541458333333 0.8050774484375 0.1512445625 0.807789984375 0.1498276625 0.8104820109374999 0.15705171875 0.8145203750000001 0.16001750416666666