0 0.07638888906249999 0.6715856479166666 0.0779320984375 0.67679398125 0.0812114203125 0.6802662041666667 0.08487654375 0.6799768520833334 0.08680555625 0.6773726854166667 0.0895061734375 0.6759259249999999 0.09085648125 0.6736111104166667 0.093364196875 0.671875 0.09567901250000001 0.6686921291666666 0.0970293203125 0.6631944437499999 0.10030864218749999 0.6565393520833334 0.10030864218749999 0.6510416666666666 0.09567901250000001 0.6461226854166667 0.0812114203125 0.6458333333333334 0.079668209375 0.6469907416666667 0.0779320984375 0.6504629625 0.077739196875 0.6579861104166667 0.0769675921875 0.65914351875 0.07619598749999999 0.6640625 0.07638888906249999 0.6715856479166666
0 0.6369598765625 0.09693287083333332 0.6363811734375 0.09895833333333333 0.6373456796875 0.0995370375 0.63773148125 0.09837962916666668 0.6369598765625 0.09693287083333332
0 0.63290895 0.09461805625 0.6321373453125 0.09548611041666667 0.6354166671875 0.0957754625 0.63387345625 0.09432870416666667 0.63290895 0.09461805625
0 0.6599151234375 0 0.659722221875 0.0020254625 0.656828703125 0.0034722229166666663 0.656828703125 0.008391204166666666 0.6574074078125001 0.010416666666666666 0.6633873453125 0.019675925 0.665509259375 0.020833333333333332 0.6668595671875 0.023726852083333336 0.669367284375 0.025173610416666665 0.6707175921874999 0.029224537499999998 0.6699459875 0.03443287083333334 0.669367284375 0.035300925000000004 0.668016975 0.035300925000000004 0.6608796296875 0.027488425 0.6581790125 0.02575231458333333 0.6502700625 0.024305556250000002 0.6467978390625 0.027488425 0.644097221875 0.03153935208333333 0.6429398140625 0.03414351875 0.6427469140625 0.036458333333333336 0.6421682093750001 0.03674768541666666 0.6421682093750001 0.05179398125 0.6427469140625 0.052083333333333336 0.6427469140625 0.05931712916666666 0.6421682093750001 0.05960648125 0.6421682093750001 0.060763889583333335 0.6427469140625 0.06105324166666667 0.6429398140625 0.06365740833333333 0.644097221875 0.06539351875 0.6471836421875 0.06857638958333333 0.64949845625 0.07262731458333334 0.65142746875 0.074074075 0.6529706796875 0.08275462916666668 0.65528549375 0.08622685208333333 0.6595293203125 0.0879629625 0.6614583328125 0.08825231458333334 0.6647376546875 0.08651620416666667 0.668402778125 0.08680555625 0.6720679015625 0.09114583333333333 0.6780478390625 0.09519675833333333 0.6805555562500001 0.0957754625 0.6832561734375 0.09548611041666667 0.688850309375 0.0879629625 0.6940586421875 0.0859375 0.6994598765625 0.081886575 0.7015817906249999 0.07899305625 0.70408950625 0.07783564791666667 0.709490740625 0.07320601875 0.7121913578125 0.06973379583333333 0.715277778125 0.06915509166666665 0.7204861109375 0.066550925 0.7274305562500001 0.06712962916666668 0.7370756171874999 0.0604745375 0.7403549375 0.05960648125 0.741705246875 0.05700231458333334 0.7430555562500001 0.056423610416666665 0.7438271609375 0.0546875 0.7438271609375 0.052083333333333336 0.7445987656249999 0.05121527708333333 0.7438271609375 0.04658564791666667 0.7399691359375 0.03587962916666666 0.7399691359375 0.024884258333333336 0.740740740625 0.02112268541666667 0.74209105 0.019386575 0.7418981484375 0.016203704166666666 0.7376543203125 0.011574075 0.734375 0.010127314583333333 0.731867284375 0.005497685416666666 0.7287808640625 0.002314814583333333 0.7274305562500001 0.0020254625 0.7272376546875 0 0.702739196875 0 0.702546296875 0.0020254625 0.6994598765625 0.0020254625 0.6965663578125 0.0031828708333333333 0.6925154328125 0.0031828708333333333 0.6886574078125001 0.0020254625 0.6882716046875 0 0.6599151234375 0
0 0.044367284374999996 0.18923611041666666 0.046489196875 0.19010416666666666 0.050733025 0.18923611041666666 0.053047839062500005 0.18778935208333333 0.053240740625000005 0.18692129583333333 0.0553626546875 0.18634259166666667 0.0569058640625 0.18402777708333332 0.0582561734375 0.18460648124999998 0.0584490734375 0.19270833333333334 0.0565200625 0.20023148124999998 0.0565200625 0.20457175833333335 0.05729166718749999 0.20804398124999998 0.0582561734375 0.20920138958333334 0.0584490734375 0.21122685208333333 0.061149690624999996 0.21730324166666665 0.06153549375 0.22424768541666668 0.063078703125 0.22945601875000002 0.0665509265625 0.234375 0.0684799375 0.24276620416666667 0.07040895 0.24565972291666668 0.0837191359375 0.246238425 0.0875771609375 0.24565972291666668 0.0877700625 0.24479166666666666 0.0910493828125 0.24392361041666666 0.09297839531249999 0.24276620416666667 0.0949074078125 0.23784722291666668 0.09567901250000001 0.23726851875000002 0.09567901250000001 0.23611111041666666 0.09895833281250001 0.230613425 0.10281635781250001 0.22829861041666666 0.1066743828125 0.2285879625 0.109760803125 0.23321759166666667 0.11226851874999999 0.23466435208333333 0.11805555625 0.23582175833333335 0.1228780859375 0.23900462916666668 0.1280864203125 0.23871527708333332 0.1296296296875 0.23726851875000002 0.134259259375 0.22945601875000002 0.1354166671875 0.22598379583333333 0.1356095671875 0.222800925 0.1373456796875 0.21932870416666667 0.13811728437499998 0.21440972291666668 0.13811728437499998 0.20283564791666667 0.1373456796875 0.19878472291666668 0.136188271875 0.19646990833333333 0.1354166671875 0.19097222291666668 0.13175154375 0.183449075 0.1315586421875 0.18113425833333335 0.1309799375 0.18055555625 0.1309799375 0.17505787083333332 0.13213734531250002 0.17274305625 0.1379243828125 0.17013888958333334 0.140046296875 0.16840277708333332 0.14158950625 0.16579861041666666 0.14158950625 0.16174768541666668 0.141010803125 0.16116898124999998 0.14081790156250001 0.15682870416666667 0.140239196875 0.15653935208333333 0.140046296875 0.15451388958333334 0.1383101859375 0.15190972291666668 0.13811728437499998 0.1504629625 0.1344521609375 0.14554398124999998 0.1302083328125 0.14525462916666668 0.12403549375 0.14988425833333335 0.1213348765625 0.15335648124999998 0.11689814843749999 0.15538194375 0.11670524687499999 0.15625 0.112847221875 0.15509259166666667 0.1111111109375 0.15306712916666668 0.11033950625 0.14988425833333335 0.10358796249999999 0.136574075 0.10300925937500001 0.12991898125 0.10030864218749999 0.1229745375 0.09953703750000001 0.11805555625 0.095293209375 0.11371527708333334 0.0875771609375 0.11371527708333334 0.08487654375 0.11545138958333333 0.0812114203125 0.11631944375 0.0779320984375 0.12181712916666668 0.0769675921875 0.1267361104166667 0.073688271875 0.12905092499999998 0.07291666718749999 0.1307870375 0.06770833281250001 0.13310185208333333 0.06732253125 0.13425925833333335 0.06153549375 0.13599537083333332 0.058063271875 0.13975694375 0.0565200625 0.14033564791666667 0.056327160937499995 0.14207175833333335 0.05574845625 0.14236111041666666 0.055169753125 0.14901620416666667 0.05169753125 0.15393518541666668 0.0495756171875 0.15538194375 0.0457175921875 0.160300925 0.043016975 0.16753472291666668 0.042631173437499996 0.17216435208333333 0.0437885796875 0.18084490833333333 0.044367284374999996 0.18113425833333335 0.044367284374999996 0.18923611041666666
0 0.6867283953125 0.5011574083333333 0.687885803125 0.50289351875 0.690007715625 0.51070601875 0.69540895 0.5144675916666667 0.707561728125 0.51273148125 0.7100694437499999 0.511863425 0.711419753125 0.5104166666666666 0.7146990734374999 0.5014467583333333 0.7160493828125001 0.49334490833333333 0.7179783953125 0.49131944375000003 0.7199074078125001 0.4861111104166667 0.7199074078125001 0.48003472291666666 0.7172067906249999 0.47193287083333335 0.715277778125 0.46903935208333336 0.71392746875 0.464988425 0.7133487656249999 0.46035879583333333 0.711419753125 0.4557291666666667 0.711419753125 0.45428240833333333 0.7073688265625 0.44675925833333335 0.702546296875 0.44068287083333335 0.6994598765625 0.44068287083333335 0.69540895 0.44502314791666664 0.69540895 0.44646990833333333 0.6934799375 0.44994212916666665 0.6921296296875 0.456886575 0.6907793203125 0.45978009166666667 0.6867283953125 0.46296296249999996 0.6842206796875 0.47627314791666664 0.684027778125 0.484375 0.6859567906249999 0.49131944375000003 0.6859567906249999 0.4982638895833333 0.6867283953125 0.5011574083333333
0 0.5895061734375 0.24855324166666665 0.5896990734374999 0.25173611041666666 0.590277778125 0.2520254625 0.5910493828125001 0.2554976854166667 0.592399690625 0.25665509166666667 0.5939429015625 0.2598379625 0.5979938265625 0.26273148125 0.598186728125 0.2635995375 0.6022376546875 0.26533564791666664 0.6057098765625 0.26475694375 0.608796296875 0.261863425 0.61033950625 0.25810185208333336 0.610725309375 0.24826388958333334 0.606867284375 0.24276620416666667 0.603009259375 0.23292824166666665 0.60165895 0.2323495375 0.5997299375 0.22974537083333332 0.5949074078125001 0.22974537083333332 0.5916280859375 0.23177083333333334 0.5904706796875 0.234375 0.590277778125 0.23668981458333332 0.5896990734374999 0.23697916666666666 0.5895061734375 0.23987268541666668 0.58892746875 0.2401620375 0.58892746875 0.24826388958333334 0.5895061734375 0.24855324166666665
0 0.908757715625 0.2951388895833333 0.9118441359375 0.296875 0.91415895 0.300636575 0.916473765625 0.30266203750000004 0.9176311734375 0.30526620416666667 0.9214891968750001 0.30902777708333334 0.9288194437499999 0.30931712916666665 0.936149690625 0.30410879583333333 0.9394290125 0.30005787083333335 0.9456018515625001 0.28877314791666664 0.9479166671874999 0.2873263895833333 0.950617284375 0.2829861104166667 0.9513888890625 0.27459490833333333 0.9521604937499999 0.27199074166666665 0.9540895062500001 0.27025462916666665 0.9546682093750001 0.26851851875 0.9548611109375 0.2630208333333333 0.9540895062500001 0.253761575 0.9533179015625001 0.25173611041666666 0.9533179015625001 0.23871527708333332 0.9527391968750001 0.238425925 0.952546296875 0.23177083333333334 0.949652778125 0.22685185208333333 0.9469521609375 0.22540509166666667 0.938078703125 0.22337962916666668 0.9286265437500001 0.22569444375 0.925347221875 0.22222222291666668 0.9207175921875 0.22135416666666666 0.9187885796874999 0.22164351875000002 0.9153163578125 0.22395833333333334 0.905671296875 0.22569444375 0.9041280859375 0.22685185208333333 0.9021990734375 0.230324075 0.9020061734375 0.238425925 0.90142746875 0.23871527708333332 0.9002700625 0.24450231458333332 0.9002700625 0.27401620416666667 0.9047067906249999 0.28443287083333335 0.906828703125 0.29253472291666666 0.908757715625 0.2951388895833333
0 0.494598765625 0.6385995375 0.4982638890625 0.6403356479166666 0.5011574078125001 0.6440972229166667 0.516010803125 0.6423611104166667 0.5179398140625 0.6409143520833334 0.519097221875 0.6368634249999999 0.519097221875 0.6319444437499999 0.51658950625 0.6255787041666667 0.5084876546875 0.6163194437499999 0.5046296296875 0.6163194437499999 0.5036651234375 0.6171875 0.4972993828125 0.6183449083333333 0.49382716093749995 0.6215277770833333 0.49209105 0.6255787041666667 0.49209105 0.6307870375 0.49305555625 0.6333912041666667 0.49324845625 0.6362847229166667 0.494598765625 0.6385995375
0 0.36072530937499997 0.230324075 0.3570601859375 0.24160879583333333 0.356867284375 0.24855324166666665 0.3574459875 0.25173611041666666 0.356867284375 0.25665509166666667 0.3562885796875 0.25694444375 0.3541666671875 0.26475694375 0.35165894999999997 0.26880787083333335 0.35165894999999997 0.27256944375000003 0.3535879625 0.27488425833333335 0.3543595671875 0.277199075 0.35783179062500003 0.27980324166666665 0.36612654375 0.28038194375000003 0.37017746875 0.2789351854166667 0.37229938281249997 0.277199075 0.3748070984375 0.2734375 0.37538580312500003 0.2708333333333333 0.3769290125 0.269386575 0.3780864203125 0.26533564791666664 0.3782793203125 0.2601273145833333 0.378858025 0.25954861041666666 0.378858025 0.25289351875 0.3782793203125 0.2523148145833333 0.378858025 0.2479745375 0.3800154328125 0.24710648124999998 0.3821373453125 0.24276620416666667 0.384259259375 0.24189814791666667 0.386188271875 0.23871527708333332 0.3863811734375 0.23263888958333334 0.386188271875 0.22945601875000002 0.3856095671875 0.22887731458333332 0.3854166671875 0.2167245375 0.384259259375 0.21267361041666666 0.3834876546875 0.20428240833333333 0.3815586421875 0.199074075 0.377507715625 0.1953125 0.37345679062500003 0.19299768541666668 0.369598765625 0.19299768541666668 0.3655478390625 0.1953125 0.36226851875 0.20341435208333333 0.36226851875 0.2207754625 0.3614969140625 0.22627314791666667 0.36091820937499997 0.2265625 0.36072530937499997 0.230324075
0 0.91415895 0.4470486104166667 0.9207175921875 0.45254629583333333 0.9307484562499999 0.45659722291666666 0.9421296296874999 0.45659722291666666 0.9440586421875 0.45399305624999997 0.9446373453125 0.45196759166666667 0.94521605 0.44444444375000003 0.9459876546875 0.44415509166666667 0.9481095671875 0.4401041666666667 0.9504243828125001 0.43952546249999996 0.9523533953125 0.44039351875 0.9533179015625001 0.44184027708333334 0.956597221875 0.449363425 0.9583333328125001 0.45023148125 0.9592978390625 0.45254629583333333 0.9614197531249999 0.45399305624999997 0.963348765625 0.45775462916666665 0.9650848765625 0.4583333333333333 0.96585648125 0.46006944375000003 0.9672067906249999 0.4609375 0.969328703125 0.46006944375000003 0.971257715625 0.456886575 0.9726080250000001 0.449074075 0.9733796296874999 0.44849537083333335 0.9745370375 0.44415509166666667 0.9739583328125001 0.4348958333333333 0.9747299375 0.43113425833333335 0.981867284375 0.42071759166666667 0.981867284375 0.41869212916666665 0.9826388890625 0.417824075 0.9832175921875 0.4140625 0.9826388890625 0.41087962916666665 0.9793595671875 0.40653935208333336 0.9774305562500001 0.40162037083333335 0.9772376546875 0.39959490833333333 0.9760802468750001 0.39728009166666667 0.9753086421875 0.38975694375000003 0.9737654328125 0.386863425 0.9697145062500001 0.38252314791666664 0.9648919749999999 0.3810763895833333 0.9621913578125 0.37962962916666665 0.9619984562499999 0.378761575 0.9527391968750001 0.37847222291666666 0.9494598765625 0.3802083333333333 0.9486882718749999 0.38165509166666667 0.9459876546875 0.38339120416666667 0.9442515437500001 0.386574075 0.9434799375 0.38975694375000003 0.9446373453125 0.39351851875 0.9459876546875 0.39525462916666665 0.946759259375 0.40162037083333335 0.94540895 0.40625 0.9446373453125 0.41521990833333333 0.9430941359375 0.41840277708333334 0.940007715625 0.42042824166666665 0.9390432093750001 0.42216435208333336 0.9353780859375 0.42245370416666667 0.9347993828125001 0.42071759166666667 0.9375 0.41521990833333333 0.9375 0.41290509166666667 0.9367283953125 0.4117476854166667 0.9353780859375 0.41087962916666665 0.9338348765625 0.41203703750000004 0.9292052468750001 0.41203703750000004 0.92669753125 0.410300925 0.92476851875 0.410300925 0.9238040125 0.4117476854166667 0.9214891968750001 0.41203703750000004 0.9182098765625 0.4140625 0.916473765625 0.41695601875 0.91415895 0.41869212916666665 0.9114583328125001 0.42303240833333333 0.9101080250000001 0.42766203750000004 0.9103009265625 0.43692129583333333 0.9130015437500001 0.44415509166666667 0.91396605 0.44502314791666664 0.91415895 0.4470486104166667
0 0.046489196875 0.5448495375 0.05362654375 0.5462962958333333 0.0597993828125 0.5462962958333333 0.0675154328125 0.5448495375 0.06770833281250001 0.54398148125 0.0721450625 0.5410879625 0.07291666718749999 0.5387731479166666 0.0748456796875 0.5364583333333334 0.07523148125 0.5332754625 0.0748456796875 0.5295138895833333 0.07233796249999999 0.5260416666666666 0.0709876546875 0.5248842583333333 0.0680941359375 0.5257523145833333 0.0671296296875 0.5251736104166667 0.066358025 0.5231481479166666 0.066358025 0.5182291666666666 0.063078703125 0.5124421291666666 0.0543981484375 0.50694444375 0.0499614203125 0.5098379625 0.0488040125 0.5130208333333334 0.0422453703125 0.5208333333333334 0.03993055625 0.52633101875 0.0397376546875 0.5370370375 0.0418595671875 0.5413773145833333 0.046296296875 0.54398148125 0.046489196875 0.5448495375
0 0.1269290125 0.109375 0.1290509265625 0.10474537083333332 0.13387345625 0.10127314791666667 0.1348379625 0.10763888958333333 0.136188271875 0.11053240833333335 0.13985339531250002 0.11371527708333334 0.14756944375 0.12557870416666667 0.1520061734375 0.12876157500000002 0.1535493828125 0.13136574166666667 0.1550925921875 0.13165509166666667 0.15875771562500002 0.13541666666666666 0.1614583328125 0.136574075 0.1658950625 0.13628472291666668 0.16936728437499998 0.1310763895833333 0.17033179062499998 0.12818287083333332 0.1793981484375 0.120949075 0.182098765625 0.11660879583333333 0.1822916671875 0.1151620375 0.18402777812499999 0.113136575 0.18402777812499999 0.11082175833333333 0.1847993828125 0.109375 0.1847993828125 0.09635416666666667 0.1853780859375 0.09317129583333333 0.1847993828125 0.08130787083333332 0.1822916671875 0.07783564791666667 0.1745756171875 0.07465277708333334 0.17091049375 0.07204861041666667 0.17013888906250002 0.0703125 0.16936728437499998 0.06278935208333333 0.1682098765625 0.06018518541666666 0.16473765468749998 0.058738425000000004 0.1599151234375 0.06018518541666666 0.15702160468749998 0.0625 0.1464120375 0.06423611041666667 0.14043209843749999 0.0625 0.13888888906250002 0.06018518541666666 0.1300154328125 0.05758101875 0.12982253125 0.058449074999999996 0.12750771562500002 0.05902777708333333 0.125578703125 0.06105324166666667 0.125385803125 0.06278935208333333 0.1222993828125 0.06973379583333333 0.1217206796875 0.07378472291666666 0.1217206796875 0.10040509166666665 0.1228780859375 0.10619212916666668 0.125578703125 0.10908564791666667 0.1269290125 0.109375
0 0.010416667187500001 0.5925925916666667 0.0106095671875 0.5951967583333333 0.0125385796875 0.5983796291666666 0.011959876562500001 0.6038773145833333 0.0125385796875 0.6082175916666667 0.0144675921875 0.6096643520833334 0.0196759265625 0.6099537041666667 0.0208333328125 0.6108217583333333 0.021797839062499998 0.6125578708333334 0.021797839062499998 0.6148726854166667 0.02237654375 0.6151620375 0.02256944375 0.6177662041666667 0.02449845625 0.6226851854166667 0.0279706796875 0.6261574083333333 0.032214506250000004 0.6281828708333334 0.0364583328125 0.6316550916666667 0.039544753125 0.6319444437499999 0.042631173437499996 0.6339699083333333 0.0461033953125 0.6331018520833334 0.050347221875 0.6302083333333334 0.051311728125 0.6281828708333334 0.055169753125 0.6244212958333333 0.0582561734375 0.6195023145833333 0.062885803125 0.6073495375 0.066358025 0.6012731479166666 0.06770833281250001 0.6001157416666667 0.071759259375 0.59085648125 0.071759259375 0.5818865750000001 0.0709876546875 0.5807291666666666 0.0709876546875 0.5792824083333333 0.0696373453125 0.5766782416666667 0.06905864218749999 0.5737847229166667 0.0655864203125 0.5688657416666667 0.06442901250000001 0.5593171291666666 0.0625 0.5567129625 0.060378085937500006 0.5555555562500001 0.0511188265625 0.5546875 0.047839506250000004 0.5561342583333333 0.045331790625 0.55960648125 0.044367284374999996 0.5642361104166667 0.03993055625 0.5729166666666666 0.0383873453125 0.5711805562500001 0.037037037499999995 0.5662615750000001 0.035108025 0.5627893520833334 0.035108025 0.5604745375 0.0331790125 0.5564236104166667 0.0295138890625 0.5529513895833333 0.025848765625 0.5523726854166667 0.02334105 0.5532407416666667 0.0189043203125 0.5578703708333334 0.0177469140625 0.5607638895833333 0.0177469140625 0.5627893520833334 0.017168209375 0.5630787041666667 0.017168209375 0.5682870375 0.0154320984375 0.5697337958333333 0.0144675921875 0.5723379625 0.011959876562500001 0.5746527770833333 0.0106095671875 0.5772569437499999 0.010416667187500001 0.5807291666666666 0.0098379625 0.58101851875 0.0098379625 0.5923032416666667 0.010416667187500001 0.5925925916666667
0 0.350115740625 0.113136575 0.3522376546875 0.11429398125 0.359375 0.11197916666666667 0.36207561718750003 0.12181712916666668 0.3636188265625 0.12355324166666667 0.3643904328125 0.12586805625 0.3674768515625 0.12905092499999998 0.36824845625 0.13223379583333333 0.3697916671875 0.13454861041666666 0.3726851859375 0.13570601875000002 0.3815586421875 0.13396990833333333 0.38175154375 0.1328125 0.3854166671875 0.13136574166666667 0.3883101859375 0.12760416666666666 0.390046296875 0.1270254625 0.3948688265625 0.12152777708333334 0.3964120375 0.1171875 0.4020061734375 0.10677083333333333 0.40277777812500004 0.10445601875 0.40277777812500004 0.1015625 0.4035493828125 0.10040509166666665 0.40432098749999995 0.09606481458333334 0.40547839531249996 0.09432870416666667 0.40682870312499997 0.08854166666666667 0.40663580312500003 0.07783564791666667 0.40547839531249996 0.06915509166666665 0.3996913578125 0.0625 0.398919753125 0.059895833333333336 0.398919753125 0.05034722291666667 0.3981481484375 0.048611110416666665 0.3946759265625 0.045138889583333335 0.38368055624999997 0.04224537083333334 0.378858025 0.04340277708333333 0.37364969062500003 0.05179398125 0.369598765625 0.050925925000000004 0.3636188265625 0.052083333333333336 0.3557098765625 0.057291666666666664 0.35165894999999997 0.06394675833333334 0.35146605000000003 0.0760995375 0.3483796296875 0.08130787083333332 0.347608025 0.08449074166666667 0.3470293203125 0.10011574166666667 0.3478009265625 0.10792824166666667 0.3487654328125 0.11053240833333335 0.350115740625 0.113136575
0 0.3250385796875 0.5078125 0.3250385796875 0.5098379625 0.325617284375 0.5101273145833333 0.3269675921875 0.5159143520833334 0.32773919687499997 0.5167824083333333 0.32773919687499997 0.51851851875 0.32966820937499997 0.5208333333333334 0.33082561718750003 0.5240162041666667 0.33294753125 0.5260416666666666 0.3342978390625 0.5298032416666667 0.33506944375000003 0.5306712958333333 0.33699845625 0.5292245375 0.338348765625 0.527488425 0.338348765625 0.5254629625 0.3395061734375 0.5234375 0.34027777812500004 0.519386575 0.34104938281249997 0.5188078708333334 0.3414351859375 0.5159143520833334 0.34220679062500003 0.5150462958333333 0.34239969062500003 0.5112847229166666 0.34297839531249996 0.5109953708333334 0.343171296875 0.5081018520833334 0.3449074078125 0.5031828708333334 0.34510030937499997 0.49971064791666664 0.3456790125 0.49913194375000003 0.3456790125 0.495949075 0.3449074078125 0.49334490833333333 0.34220679062500003 0.48871527708333334 0.341242284375 0.48871527708333334 0.33506944375000003 0.48379629583333333 0.3312114203125 0.48379629583333333 0.3261959875 0.48726851875 0.32040894999999997 0.48900462916666665 0.3196373453125 0.4904513895833333 0.3196373453125 0.49421296249999996 0.3234953703125 0.5023148145833333 0.3250385796875 0.5078125
0 0.49324845625 0.6087962958333333 0.49594907343749994 0.6105324083333333 0.49864969062500003 0.6166087958333333 0.5011574078125001 0.6177662041666667 0.5050154328125 0.6168981479166666 0.50790895 0.6137152770833333 0.5106095671875 0.6047453708333334 0.5106095671875 0.5963541666666666 0.509259259375 0.5891203708333334 0.509259259375 0.5856481479166666 0.5065586421875 0.5795717583333333 0.5011574078125001 0.5795717583333333 0.49594907343749994 0.5824652770833333 0.49324845625 0.5850694437499999 0.49131944375 0.5899884249999999 0.49112654375 0.5951967583333333 0.49054783906250005 0.5954861104166667 0.49131944375 0.6053240750000001 0.49324845625 0.6087962958333333
0 0.10358796249999999 0.28703703750000004 0.1057098765625 0.29021990833333333 0.11246142031249999 0.28761574166666665 0.11612654375 0.28819444375000003 0.119598765625 0.296875 0.120563271875 0.296875 0.1222993828125 0.29832175833333335 0.1228780859375 0.30005787083333335 0.1248070984375 0.30121527708333334 0.126350309375 0.30497685208333336 0.1282793203125 0.3070023145833333 0.1290509265625 0.3098958333333333 0.1315586421875 0.31192129583333333 0.13290895 0.31452546249999996 0.1344521609375 0.3148148145833333 0.1363811734375 0.3177083333333333 0.13888888906250002 0.31915509166666667 0.14043209843749999 0.32175925833333335 0.14834105 0.32696759166666667 0.1512345671875 0.32754629583333333 0.1541280859375 0.324363425 0.154899690625 0.31973379583333333 0.15547839531250002 0.31915509166666667 0.155671296875 0.3151041666666667 0.157600309375 0.31192129583333333 0.1603009265625 0.31539351875 0.1614583328125 0.31886574166666665 0.1624228390625 0.31915509166666667 0.16338734531250002 0.32146990833333333 0.16512345625 0.32233796249999996 0.16936728437499998 0.32146990833333333 0.171489196875 0.31915509166666667 0.1813271609375 0.3203125 0.186149690625 0.31973379583333333 0.188850309375 0.316261575 0.1921296296875 0.31365740833333333 0.1932870375 0.30960648125 0.1932870375 0.30266203750000004 0.1907793203125 0.292824075 0.18576388906250002 0.28472222291666666 0.1834490734375 0.2829861104166667 0.1809413578125 0.27835648125 0.180169753125 0.27430555624999997 0.1793981484375 0.2734375 0.1784336421875 0.26909722291666666 0.17881944375 0.2630208333333333 0.1793981484375 0.26244212916666665 0.17881944375 0.25810185208333336 0.17206790156250001 0.24768518541666668 0.1699459875 0.245949075 0.16898148125 0.24363425833333335 0.1668595671875 0.24247685208333333 0.165509259375 0.23958333333333334 0.1620370375 0.23697916666666666 0.1541280859375 0.23697916666666666 0.1521990734375 0.23524305625 0.14776234531250002 0.23379629583333333 0.1363811734375 0.23379629583333333 0.13348765468749998 0.23611111041666666 0.13348765468749998 0.23726851875000002 0.12847222187500001 0.245949075 0.1248070984375 0.24768518541666668 0.1226851859375 0.25144675833333335 0.1228780859375 0.2554976854166667 0.125385803125 0.25723379583333333 0.126350309375 0.25954861041666666 0.12847222187500001 0.26099537083333335 0.1309799375 0.265625 0.1315586421875 0.269675925 0.1305941359375 0.2711226854166667 0.12982253125 0.2717013895833333 0.1261574078125 0.2708333333333333 0.123649690625 0.26880787083333335 0.1197916671875 0.2679398145833333 0.119598765625 0.26707175833333335 0.112847221875 0.26678240833333333 0.106867284375 0.26996527708333334 0.10358796249999999 0.27546296249999996 0.10358796249999999 0.277488425 0.10281635781250001 0.2789351854166667 0.10281635781250001 0.2829861104166667 0.10358796249999999 0.28703703750000004
0 0.0304783953125 0.31307870416666667 0.0397376546875 0.30815972291666666 0.0416666671875 0.3098958333333333 0.0408950625 0.31307870416666667 0.03800154375 0.316550925 0.035686728125 0.32175925833333335 0.035686728125 0.328125 0.0372299375 0.33391203750000004 0.0372299375 0.34403935208333336 0.0358796296875 0.34837962916666665 0.0358796296875 0.35040509166666667 0.0364583328125 0.35474537083333335 0.0372299375 0.355324075 0.0383873453125 0.35879629583333333 0.0416666671875 0.36024305624999997 0.0489969140625 0.359375 0.055169753125 0.355613425 0.059606481249999996 0.35069444375000003 0.06327160468750001 0.3489583333333333 0.06442901250000001 0.347511575 0.0655864203125 0.34403935208333336 0.066358025 0.33883101875 0.071759259375 0.33159722291666666 0.07291666718749999 0.32783564791666664 0.0744598765625 0.32696759166666667 0.07523148125 0.32465277708333334 0.077546296875 0.32146990833333333 0.077739196875 0.32002314791666664 0.07908950625 0.31886574166666665 0.0804398140625 0.300925925 0.07986111093750001 0.28993055624999997 0.08294753125 0.28211805624999997 0.0831404328125 0.27690972291666666 0.0823688265625 0.27430555624999997 0.07986111093750001 0.2717013895833333 0.0783179015625 0.269386575 0.0783179015625 0.2682291666666667 0.08294753125 0.2601273145833333 0.0831404328125 0.2578125 0.0837191359375 0.25723379583333333 0.0837191359375 0.253761575 0.0821759265625 0.25086805625 0.07233796249999999 0.24681712916666668 0.06770833281250001 0.24768518541666668 0.0657793203125 0.25173611041666666 0.06539351875 0.25810185208333336 0.0636574078125 0.25810185208333336 0.061728395312499997 0.253761575 0.0592206796875 0.2520254625 0.0524691359375 0.25086805625 0.046489196875 0.2520254625 0.041087962500000005 0.25810185208333336 0.0408950625 0.2598379625 0.0397376546875 0.26128472291666666 0.0397376546875 0.26909722291666666 0.033757715625000004 0.27199074166666665 0.030864196875 0.2751736104166667 0.0304783953125 0.277199075 0.0291280859375 0.2789351854166667 0.027777778125000003 0.292824075 0.0271990734375 0.293113425 0.0271990734375 0.29542824166666665 0.02642746875 0.29629629583333333 0.02642746875 0.2986111104166667 0.025270062500000003 0.30266203750000004 0.025270062500000003 0.30960648125 0.025848765625 0.31105324166666665 0.02835648125 0.31307870416666667 0.0304783953125 0.31307870416666667
0 0.769097221875 0.14149305625 0.769097221875 0.15075231458333332 0.7679398140625 0.15914351875000002 0.7679398140625 0.16464120416666667 0.772955246875 0.16724537083333332 0.7750771609375 0.17071759166666667 0.7752700625 0.18229166666666666 0.77642746875 0.18807870416666667 0.777777778125 0.19039351875000002 0.77835648125 0.1932870375 0.781828703125 0.19791666666666666 0.7874228390625 0.19762731458333332 0.7897376546875 0.19878472291666668 0.7918595671875 0.203125 0.7957175921874999 0.207175925 0.80169753125 0.2089120375 0.8072916671874999 0.21383101875000002 0.8136574078125 0.21643518541666668 0.8229166671874999 0.21701388958333334 0.829475309375 0.21527777708333332 0.8350694437499999 0.21122685208333333 0.8371913578125 0.20746527708333332 0.838348765625 0.206886575 0.8422067906249999 0.19675925833333335 0.842399690625 0.19444444375 0.844328703125 0.18923611041666666 0.8449074078125 0.18576388958333334 0.8456790125 0.18518518541666668 0.8456790125 0.18287037083333332 0.8468364203125001 0.17939814791666667 0.8468364203125001 0.16753472291666668 0.8476080250000001 0.16348379583333333 0.8487654328125 0.16145833333333334 0.8487654328125 0.15653935208333333 0.8478009265625 0.14988425833333335 0.849151234375 0.14670138958333334 0.8532021609375 0.14554398124999998 0.8560956796875001 0.14959490833333333 0.8582175921875 0.160011575 0.8603395062500001 0.16493055625 0.8609182093750001 0.16869212916666668 0.862847221875 0.17158564791666667 0.8661265437500001 0.17013888958333334 0.8668981484374999 0.16840277708333332 0.8690200625 0.15972222291666668 0.8722993828125001 0.152488425 0.873649690625 0.14207175833333335 0.8734567906249999 0.13136574166666667 0.8707561734375 0.1192129625 0.8684413578125 0.11284722291666666 0.8688271609375 0.10879629583333333 0.871527778125 0.1035879625 0.871527778125 0.09722222291666666 0.869598765625 0.09085648125 0.8663194437499999 0.08362268541666666 0.8603395062500001 0.07957175833333333 0.8555169749999999 0.07870370416666667 0.8518518515625001 0.07638888958333333 0.8505015437500001 0.074363425 0.8522376546875 0.066261575 0.8522376546875 0.05902777708333333 0.849151234375 0.05381944375 0.8489583328125001 0.05034722291666667 0.8454861109375 0.05005787083333334 0.8439429015625001 0.04658564791666667 0.8420138890625 0.045138889583333335 0.8385416671874999 0.044270833333333336 0.8356481484374999 0.04600694375 0.8331404328125 0.04629629583333333 0.8323688265625 0.04774305625 0.831597221875 0.04658564791666667 0.8314043203124999 0.05150462916666666 0.829475309375 0.05555555625 0.8279320984374999 0.05555555625 0.8244598765625 0.05758101875 0.8229166671874999 0.05960648125 0.82040895 0.06018518541666666 0.818865740625 0.0625 0.8171296296874999 0.06336805625 0.8157793203124999 0.066261575 0.8155864203125001 0.06857638958333333 0.8142361109375 0.07060185208333333 0.8128858031249999 0.07204861041666667 0.8084490734375 0.074074075 0.807098765625 0.07725694375 0.8042052468750001 0.08043981458333334 0.8009259265625 0.08130787083333332 0.7989969140625 0.08304398125 0.7858796296875 0.08130787083333332 0.7791280859375 0.08420138958333333 0.77449845625 0.0917245375 0.773919753125 0.09403935208333333 0.7717978390625 0.09606481458333334 0.7698688265625 0.10040509166666665 0.7698688265625 0.10648148125 0.7710262343750001 0.10850694375 0.7717978390625 0.113136575 0.77044753125 0.11834490833333335 0.7698688265625 0.11863425833333333 0.7696759265625001 0.120949075 0.76851851875 0.1229745375 0.76851851875 0.1270254625 0.7698688265625 0.1307870375 0.7698688265625 0.13975694375 0.769097221875 0.14149305625
0 0.672260803125 0.1504629625 0.671489196875 0.15480324166666665 0.671489196875 0.16232638958333334 0.6734182093750001 0.16550925833333335 0.67669753125 0.16869212916666668 0.67669753125 0.17418981458333332 0.675347221875 0.17737268541666668 0.6749614203125 0.18518518541666668 0.671489196875 0.19820601875000002 0.671489196875 0.21151620416666667 0.6734182093750001 0.21614583333333334 0.6765046296875 0.21875 0.6774691359375 0.2207754625 0.6838348765625 0.22540509166666667 0.687885803125 0.23292824166666665 0.6886574078125001 0.23582175833333335 0.6907793203125 0.23871527708333332 0.6930941359375 0.2401620375 0.6934799375 0.24131944375 0.6977237656249999 0.24334490833333333 0.698688271875 0.24565972291666668 0.7004243828125001 0.246238425 0.702739196875 0.24855324166666665 0.7092978390625 0.25173611041666666 0.7168209875 0.25115740833333333 0.7206790125 0.24884259166666667 0.7253086421875 0.24305555625 0.7258873453125 0.2401620375 0.728009259375 0.23726851875000002 0.7310956796875 0.22829861041666666 0.731867284375 0.22164351875000002 0.7345679015625 0.21701388958333334 0.734760803125 0.21440972291666668 0.73533950625 0.21383101875000002 0.73533950625 0.2089120375 0.7361111109375 0.20659722291666668 0.7399691359375 0.20283564791666667 0.742669753125 0.19646990833333333 0.7418981484375 0.18315972291666668 0.7413194437499999 0.18258101875000002 0.7413194437499999 0.18026620416666667 0.7401620375 0.1776620375 0.7399691359375 0.17505787083333332 0.73919753125 0.1739004625 0.73726851875 0.16116898124999998 0.7361111109375 0.1582754625 0.731867284375 0.152488425 0.728009259375 0.14149305625 0.719328703125 0.13599537083333332 0.7133487656249999 0.1348379625 0.7073688265625 0.13599537083333332 0.7046682093750001 0.13888888958333334 0.702739196875 0.14322916666666666 0.702546296875 0.14554398124999998 0.7019675921874999 0.14583333333333334 0.7011959875 0.15653935208333333 0.699652778125 0.15885416666666666 0.6981095671875 0.15480324166666665 0.696759259375 0.1328125 0.6930941359375 0.12644675833333333 0.6894290125 0.12413194375 0.6853780859375 0.12442129583333333 0.681134259375 0.12760416666666666 0.6774691359375 0.12905092499999998 0.6745756171874999 0.13194444375 0.6734182093750001 0.13541666666666666 0.6707175921874999 0.13917824166666665 0.6703317906249999 0.14409722291666668 0.671296296875 0.14583333333333334 0.671489196875 0.14901620416666667 0.672260803125 0.1504629625
0 0.9581404328125 0.168113425 0.963348765625 0.17158564791666667 0.965277778125 0.17447916666666666 0.96585648125 0.19097222291666668 0.965277778125 0.19560185208333333 0.9646990734375 0.19589120416666667 0.9645061734375 0.20023148124999998 0.96392746875 0.20052083333333334 0.96392746875 0.20341435208333333 0.9645061734375 0.20370370416666667 0.9646990734375 0.20862268541666668 0.965277778125 0.2089120375 0.9654706796875001 0.21701388958333334 0.9691358031249999 0.22800925833333335 0.9704861109375 0.22974537083333332 0.9743441359375 0.22974537083333332 0.9772376546875 0.22771990833333333 0.978009259375 0.22800925833333335 0.9791666671874999 0.23003472291666668 0.9793595671875 0.23466435208333333 0.9801311734375 0.23726851875000002 0.9820601859375 0.23958333333333334 0.9832175921875 0.24305555625 0.9853395062500001 0.2442129625 0.9866898140625 0.24710648124999998 0.99209105 0.25173611041666666 0.994598765625 0.2526041666666667 0.9998070984374999 0.2523148145833333 0.9998070984374999 0.15393518541666668 0.9978780859375 0.15393518541666668 0.9955632718749999 0.14959490833333333 0.99209105 0.14814814791666667 0.9913194437499999 0.14670138958333334 0.98726851875 0.1464120375 0.980902778125 0.14988425833333335 0.9772376546875 0.14814814791666667 0.9753086421875 0.14583333333333334 0.9699074078125 0.144386575 0.9660493828125001 0.14583333333333334 0.9643132718749999 0.14930555625 0.9619984562499999 0.15133101875000002 0.9581404328125 0.1582754625 0.9573688265625 0.16087962916666668 0.9573688265625 0.16550925833333335 0.95794753125 0.16579861041666666 0.9581404328125 0.168113425
0 0.8821373453125 0.45283564791666664 0.8834876546875 0.4554398145833333 0.8896604937499999 0.4554398145833333 0.8942901234375 0.45254629583333333 0.8975694437499999 0.44733796249999996 0.9000771609375 0.43721064791666664 0.90335648125 0.43084490833333333 0.9047067906249999 0.43055555624999997 0.9070216046875 0.42679398125 0.9089506171874999 0.42621527708333334 0.9195601859375 0.41290509166666667 0.9259259265625 0.41290509166666667 0.9280478390625 0.41898148125 0.9322916671874999 0.42505787083333335 0.9359567906249999 0.42621527708333334 0.9394290125 0.4236111104166667 0.94521605 0.41521990833333333 0.9461805562500001 0.40538194375000003 0.946759259375 0.40480324166666665 0.946759259375 0.3958333333333333 0.9448302468750001 0.3923611104166667 0.942901234375 0.390625 0.9359567906249999 0.39207175833333335 0.92959105 0.39120370416666667 0.9214891968750001 0.39178240833333333 0.9174382718749999 0.3880208333333333 0.9158950625 0.38773148125 0.91396605 0.3880208333333333 0.9052854937499999 0.3929398145833333 0.9000771609375 0.3929398145833333 0.8975694437499999 0.39207175833333335 0.894097221875 0.3929398145833333 0.8915895062500001 0.3961226854166667 0.8908179015625001 0.39930555624999997 0.8902391968750001 0.4079861104166667 0.8861882718749999 0.41435185208333336 0.8846450625 0.42071759166666667 0.8834876546875 0.42245370416666667 0.8834876546875 0.42476851875 0.88290895 0.42505787083333335 0.8836805562500001 0.441550925 0.8834876546875 0.44589120416666667 0.8821373453125 0.449074075 0.8821373453125 0.45283564791666664
0 0.28993055624999997 0 0.28993055624999997 0.0017361104166666666 0.2883873453125 0.0034722229166666663 0.28800154375 0.007233795833333333 0.2872299375 0.015046295833333334 0.2872299375 0.023726852083333336 0.28800154375 0.027777777083333333 0.2897376546875 0.03240740833333333 0.2916666671875 0.035300925000000004 0.2918595671875 0.037326389583333335 0.2932098765625 0.04021990833333333 0.296296296875 0.04137731458333334 0.30555555624999997 0.04137731458333334 0.309992284375 0.04050925833333333 0.31385030937499997 0.03790509166666667 0.3175154328125 0.03790509166666667 0.321759259375 0.03587962916666666 0.32542438281249997 0.03211805625 0.32773919687499997 0.027777777083333333 0.33101851875 0.026909722916666667 0.3337191359375 0.024594908333333332 0.33487654375 0.021990741666666664 0.33506944375000003 0.017361110416666665 0.3356481484375 0.016782408333333332 0.3356481484375 0.0078125 0.3342978390625 0.0031828708333333333 0.3331404328125 0.0014467583333333332 0.3331404328125 0 0.28993055624999997 0
0 0.49864969062500003 0.6109664354166667 0.4978780859375 0.6099537041666667 0.49864969062500003 0.609375 0.4978780859375 0.6087962958333333 0.4972993828125 0.6090856479166666 0.4978780859375 0.6128472229166667 0.498456790625 0.6131365750000001 0.49864969062500003 0.6109664354166667
0 0.49440586406250003 0.6047453708333334 0.4940200625 0.6056134249999999 0.494598765625 0.6067708333333334 0.49517746875 0.6050347229166667 0.49440586406250003 0.6047453708333334
0 0.5096450625 0.5972222229166667 0.5098379625 0.6047453708333334 0.5106095671875 0.60648148125 0.5119598765625 0.6076388895833333 0.516975309375 0.6073495375 0.5198688265625 0.6082175916666667 0.5266203703125 0.6073495375 0.5279706796875 0.6059027770833333 0.5343364203125 0.6027199083333333 0.5353009265625001 0.6004050916666667 0.5366512343750001 0.6001157416666667 0.538580246875 0.5963541666666666 0.5435956796875 0.5917245375 0.5470679015625 0.5865162041666667 0.5470679015625 0.5784143520833334 0.546489196875 0.5778356479166666 0.546296296875 0.5737847229166667 0.547260803125 0.5694444437499999 0.5489969140625 0.5671296291666666 0.5491898140625 0.5648148145833333 0.54976851875 0.5645254625 0.54976851875 0.5564236104166667 0.5484182093750001 0.5532407416666667 0.5428240734374999 0.5480324083333333 0.538580246875 0.546875 0.5291280859375 0.546875 0.5258487656249999 0.5480324083333333 0.5231481484375 0.5512152770833333 0.5212191359375 0.5555555562500001 0.5177469140625 0.5584490750000001 0.5133101859375 0.5604745375 0.511188271875 0.5639467583333333 0.5096450625 0.5685763895833333 0.5084876546875 0.5700231479166666 0.5084876546875 0.5723379625 0.50790895 0.5726273145833333 0.50771605 0.5784143520833334 0.5090663578125 0.5839120375 0.5090663578125 0.5951967583333333 0.5096450625 0.5972222229166667
0 0.5457175921874999 0.40509259166666667 0.5457175921874999 0.40711805624999997 0.5489969140625 0.4140625 0.5499614203125 0.418113425 0.5509259265625001 0.41869212916666665 0.5526620375 0.42245370416666667 0.5569058640625 0.42534722291666666 0.562885803125 0.42679398125 0.5657793203125 0.42910879583333333 0.5709876546875 0.42939814791666664 0.5769675921874999 0.42274305624999997 0.5823688265625 0.42274305624999997 0.5868055562500001 0.42071759166666667 0.5896990734374999 0.4114583333333333 0.5910493828125001 0.3929398145833333 0.5885416671875 0.3845486104166667 0.5883487656249999 0.3810763895833333 0.5877700625 0.3804976854166667 0.586419753125 0.37297453750000004 0.5842978390625 0.3695023145833333 0.5837191359375 0.36631944375000003 0.58294753125 0.3654513895833333 0.581983025 0.3645833333333333 0.577739196875 0.3648726854166667 0.5760030859375 0.36747685208333336 0.5731095671875 0.36776620416666667 0.571759259375 0.363136575 0.571759259375 0.35995370416666667 0.5694444437499999 0.35503472291666666 0.56539351875 0.35040509166666667 0.5603780859375 0.35011574166666665 0.5484182093750001 0.35995370416666667 0.5457175921874999 0.36429398125 0.5418595671875 0.375 0.5418595671875 0.38310185208333336 0.5449459875 0.390625 0.5451388890625 0.40422453750000004 0.5457175921874999 0.40509259166666667
0 0.031828703125 0 0.030671296874999997 0.005208333333333333 0.0304783953125 0.012152777083333333 0.031828703125 0.026041666666666668 0.034143518750000004 0.02835648125 0.0353009265625 0.03125 0.03819444375 0.033854166666666664 0.03915895 0.03587962916666666 0.0418595671875 0.03790509166666667 0.051504629687500005 0.03848379583333333 0.0553626546875 0.03935185208333333 0.055555556250000006 0.04021990833333333 0.057098765625000006 0.040798610416666665 0.0597993828125 0.037326389583333335 0.06057098749999999 0.03356481458333334 0.061921296875 0.03240740833333333 0.06423611093750001 0.03211805625 0.06905864218749999 0.03761574166666667 0.07021605 0.03790509166666667 0.0750385796875 0.04600694375 0.078703703125 0.04918981458333334 0.0823688265625 0.05410879583333333 0.0842978390625 0.05526620416666667 0.0875771609375 0.05526620416666667 0.0896990734375 0.05410879583333333 0.09085648125 0.05179398125 0.09297839531249999 0.04976851875 0.09452160468750001 0.043113425000000004 0.0968364203125 0.04021990833333333 0.0978009265625 0.035300925000000004 0.0997299375 0.03240740833333333 0.10146605 0.022569443749999998 0.10223765468749998 0.012442129166666668 0.10300925937500001 0.010995370833333332 0.10358796249999999 0.00289351875 0.1033950625 0 0.031828703125 0
0 0.5900848765625 0.359375 0.5916280859375 0.36226851875 0.59471450625 0.3645833333333333 0.596257715625 0.36689814791666664 0.6028163578125 0.3689236104166667 0.6062885796875 0.3726851854166667 0.612847221875 0.3776041666666667 0.615740740625 0.37644675833333335 0.6163194437499999 0.37181712916666665 0.6178626546875 0.3689236104166667 0.6222993828125001 0.36689814791666664 0.6228780859375 0.3654513895833333 0.6334876546875 0.35590277708333334 0.6354166671875 0.3498263895833333 0.6354166671875 0.34519675833333335 0.634259259375 0.33883101875 0.63175154375 0.33101851875 0.6315586421875 0.32783564791666664 0.6309799375 0.32754629583333333 0.6309799375 0.32494212916666665 0.628858025 0.32175925833333335 0.6269290125 0.31539351875 0.6242283953125 0.31105324166666665 0.6194058640625 0.30758101875 0.6180555562500001 0.30555555624999997 0.6101466046875 0.30121527708333334 0.6060956796875 0.29745370416666667 0.6039737656249999 0.296875 0.6008873453125 0.296875 0.5987654328125 0.29803240833333333 0.5956790125 0.29542824166666665 0.594328703125 0.29629629583333333 0.594328703125 0.29774305624999997 0.592399690625 0.30150462916666665 0.5922067906249999 0.30410879583333333 0.5916280859375 0.30439814791666664 0.590277778125 0.31307870416666667 0.58892746875 0.31597222291666666 0.5875771609375 0.32349537083333335 0.5877700625 0.33275462916666665 0.5883487656249999 0.33478009166666667 0.585455246875 0.33738425833333335 0.58487654375 0.339988425 0.5842978390625 0.34027777708333334 0.5842978390625 0.35040509166666667 0.5850694437499999 0.35098379583333333 0.5875771609375 0.3576388895833333 0.5900848765625 0.359375
0 0.6082175921874999 0.08680555625 0.608796296875 0.08709490833333335 0.609375 0.089699075 0.6109182093750001 0.09143518541666666 0.6163194437499999 0.09259259166666665 0.6199845671875 0.09114583333333333 0.6271219140625 0.09317129583333333 0.628858025 0.09519675833333333 0.6325231484375 0.09693287083333332 0.6369598765625 0.10214120416666667 0.6404320984375 0.10763888958333333 0.6437114203125 0.109375 0.6475694437499999 0.10908564791666667 0.6521990734374999 0.10416666666666667 0.6593364203125 0.0995370375 0.660108025 0.09548611041666667 0.6581790125 0.09143518541666666 0.6529706796875 0.08449074166666667 0.652777778125 0.082175925 0.6500771609375 0.07754629583333333 0.6500771609375 0.07552083333333333 0.6481481484375 0.06973379583333333 0.6462191359375 0.06799768541666666 0.641975309375 0.06018518541666666 0.640239196875 0.05960648125 0.6388888890625 0.05584490833333333 0.636188271875 0.05237268541666666 0.634259259375 0.04774305625 0.633294753125 0.046875 0.6309799375 0.045138889583333335 0.6261574078125001 0.04369212916666666 0.6228780859375 0.04658564791666667 0.6190200625 0.052083333333333336 0.6188271609375 0.05381944375 0.61709105 0.05613425833333333 0.6163194437499999 0.05960648125 0.6155478390625 0.06018518541666666 0.61419753125 0.07204861041666667 0.6095679015625 0.078125 0.6082175921874999 0.08130787083333332 0.6082175921874999 0.08680555625
0 0.83101851875 0.23929398124999998 0.8422067906249999 0.23987268541666668 0.8449074078125 0.24334490833333333 0.846257715625 0.24884259166666667 0.8468364203125001 0.24913194375 0.8489583328125001 0.26533564791666664 0.850115740625 0.26707175833333335 0.8508873453125 0.27025462916666665 0.85165895 0.2789351854166667 0.8543595671875 0.28153935208333336 0.8562885796874999 0.28211805624999997 0.8620756171874999 0.27806712916666665 0.86709105 0.277199075 0.8674768515625001 0.27633101875 0.8734567906249999 0.27459490833333333 0.8809799375 0.26128472291666666 0.8815586421875 0.25925925833333335 0.8815586421875 0.25636574166666665 0.8809799375 0.2557870375 0.8815586421875 0.24884259166666667 0.884259259375 0.24160879583333333 0.8846450625 0.23871527708333332 0.884259259375 0.230324075 0.8815586421875 0.22627314791666667 0.8790509265625 0.2245370375 0.8782793203124999 0.222800925 0.8753858031249999 0.22019675833333335 0.873649690625 0.21412037083333332 0.873649690625 0.20283564791666667 0.8713348765625 0.19878472291666668 0.8676697531249999 0.19473379583333333 0.862847221875 0.19212962916666668 0.8574459875 0.19212962916666668 0.8570601859375 0.191261575 0.8557098765625 0.191261575 0.8555169749999999 0.19212962916666668 0.8526234562499999 0.19415509166666667 0.8497299375 0.19299768541666668 0.8454861109375 0.19386574166666665 0.844328703125 0.1953125 0.8441358031249999 0.1973379625 0.842399690625 0.19965277708333332 0.840277778125 0.207175925 0.8385416671874999 0.21035879583333333 0.8346836421875 0.21556712916666668 0.8323688265625 0.21643518541666668 0.8314043203124999 0.21788194375 0.8265817906249999 0.22106481458333332 0.8258101859375 0.22771990833333333 0.8265817906249999 0.23379629583333333 0.8279320984374999 0.23726851875000002 0.83101851875 0.23929398124999998
0 0.7498070984375 0 0.750578703125 0.0034722229166666663 0.750385803125 0.009259258333333333 0.74517746875 0.015625 0.7413194437499999 0.025462962500000002 0.7413194437499999 0.036458333333333336 0.74517746875 0.04340277708333333 0.7459490734374999 0.04832175833333333 0.746527778125 0.048611110416666665 0.74710648125 0.05121527708333333 0.751350309375 0.05121527708333333 0.7530864203125 0.05005787083333334 0.7536651234375 0.048611110416666665 0.7552083328125 0.04832175833333333 0.7565586421875 0.046875 0.7584876546875 0.04021990833333333 0.7586805562500001 0.032986110416666665 0.7598379625 0.029803241666666664 0.7613811734375 0.02835648125 0.7648533953125 0.029224537499999998 0.76851851875 0.0332754625 0.7727623453125 0.035011574999999996 0.77449845625 0.037326389583333335 0.777391975 0.0390625 0.7797067906249999 0.044270833333333336 0.781828703125 0.05555555625 0.7831790125 0.057291666666666664 0.7845293203125 0.0703125 0.7864583328125 0.07667824166666667 0.7897376546875 0.07986111041666667 0.79398148125 0.07986111041666667 0.8011188265625 0.07638888958333333 0.8043981484374999 0.07204861041666667 0.80459105 0.07089120416666667 0.8065200625 0.06944444375 0.809027778125 0.06915509166666665 0.8128858031249999 0.06597222291666667 0.8177083328125001 0.057291666666666664 0.8229166671874999 0.05555555625 0.8244598765625 0.05410879583333333 0.8263888890625 0.050636574999999996 0.8271604937499999 0.04658564791666667 0.8277391968750001 0.03819444375 0.8283179015625001 0.03790509166666667 0.8283179015625001 0.035011574999999996 0.829475309375 0.030381943749999998 0.829475309375 0.024594908333333332 0.8312114203125001 0.021990741666666664 0.8356481484374999 0.019386575 0.8364197531249999 0.016782408333333332 0.8369984562499999 0.0031828708333333333 0.8364197531249999 0 0.7498070984375 0
0 0.7332175921874999 0 0.7332175921874999 0.0017361104166666666 0.7363040125 0.0034722229166666663 0.7374614203125 0.005208333333333333 0.7418981484375 0.005208333333333333 0.7434413578125 0.0031828708333333333 0.746527778125 0.0020254625 0.7467206796875 0 0.7332175921874999 0
0 0.2530864203125 0.12210648125 0.2550154328125 0.12731481458333332 0.2557870375 0.12789351875 0.2559799375 0.12991898125 0.25868055624999997 0.13425925833333335 0.2609953703125 0.1348379625 0.26427469062500003 0.13715277708333332 0.26601080312500003 0.13975694375 0.2696759265625 0.14293981458333332 0.27044753125 0.14496527708333332 0.26851851875 0.14554398124999998 0.26697530937499997 0.14785879583333333 0.2644675921875 0.14930555625 0.2636959875 0.152199075 0.2590663578125 0.16116898124999998 0.2584876546875 0.16435185208333333 0.2606095671875 0.16724537083333332 0.2636959875 0.16869212916666668 0.265046296875 0.17071759166666667 0.26716820937499997 0.1817129625 0.26716820937499997 0.18923611041666666 0.26523919687499997 0.19502314791666667 0.265046296875 0.20341435208333333 0.2644675921875 0.20370370416666667 0.2644675921875 0.207175925 0.2633101859375 0.21267361041666666 0.26408179062500003 0.22019675833333335 0.265046296875 0.22164351875000002 0.26523919687499997 0.22395833333333334 0.26697530937499997 0.22569444375 0.2679398140625 0.22916666666666666 0.2731481484375 0.23379629583333333 0.27970679062500003 0.234375 0.2862654328125 0.23755787083333332 0.2916666671875 0.23553240833333333 0.29417438281249997 0.23553240833333333 0.29648919687499997 0.23726851875000002 0.300733025 0.23755787083333332 0.3049768515625 0.230613425 0.3069058640625 0.2285879625 0.3088348765625 0.22800925833333335 0.31095679062500003 0.22540509166666667 0.3148148140625 0.22511574166666665 0.3209876546875 0.2265625 0.3244598765625 0.22482638958333334 0.32773919687499997 0.21238425833333335 0.3283179015625 0.21209490833333333 0.3298611109375 0.20341435208333333 0.32947530937499997 0.1953125 0.32658179062500003 0.18894675833333335 0.3263888890625 0.18431712916666668 0.328125 0.18229166666666666 0.3304398140625 0.18489583333333334 0.33506944375000003 0.18692129583333333 0.33699845625 0.18923611041666666 0.3425925921875 0.19097222291666668 0.3449074078125 0.19357638958333334 0.3497299375 0.19444444375 0.3508873453125 0.19270833333333334 0.3543595671875 0.1817129625 0.35667438281249997 0.1796875 0.358796296875 0.17534722291666668 0.3616898140625 0.16521990833333333 0.3634259265625 0.1620370375 0.363811728125 0.14988425833333335 0.3655478390625 0.14670138958333334 0.3688271609375 0.14409722291666668 0.3707561734375 0.14033564791666667 0.3688271609375 0.13339120416666667 0.36631944375000003 0.12876157500000002 0.36284722187499996 0.12586805625 0.35898919687499997 0.12789351875 0.35667438281249997 0.13136574166666667 0.3535879625 0.1328125 0.353009259375 0.13454861041666666 0.35146605000000003 0.13396990833333333 0.3503086421875 0.1310763895833333 0.3503086421875 0.12760416666666666 0.3497299375 0.1270254625 0.3495370375 0.12442129583333333 0.347608025 0.12037037083333332 0.347608025 0.11863425833333333 0.3456790125 0.113136575 0.3456790125 0.11053240833333335 0.34510030937499997 0.10995370416666667 0.3458719140625 0.09895833333333333 0.3456790125 0.08420138958333333 0.34297839531249996 0.08246527708333334 0.3404706796875 0.08333333333333333 0.3385416671875 0.08535879583333333 0.33506944375000003 0.09288194375 0.33294753125 0.09027777708333334 0.33101851875 0.08275462916666668 0.32908950625 0.07899305625 0.3250385796875 0.07638888958333333 0.3248456796875 0.07552083333333333 0.3144290125 0.066550925 0.31114969062500003 0.06481481458333334 0.30459105000000003 0.06452546249999999 0.3005401234375 0.06163194375 0.296296296875 0.06018518541666666 0.2932098765625 0.06163194375 0.291473765625 0.06481481458333334 0.287615740625 0.06799768541666666 0.281828703125 0.06973379583333333 0.2800925921875 0.07204861041666667 0.2775848765625 0.07349537083333332 0.27256944375000003 0.074074075 0.2667824078125 0.08506944375 0.2625385796875 0.08854166666666667 0.2546296296875 0.10098379583333333 0.2532793203125 0.10619212916666668 0.24864969062500003 0.11284722291666666 0.24864969062500003 0.11631944375 0.2530864203125 0.12210648125
0 0.36805555624999997 0 0.3649691359375 0.01475694375 0.364776234375 0.019675925 0.366705246875 0.022858795833333334 0.3713348765625 0.025462962500000002 0.3717206796875 0.026909722916666667 0.3751929015625 0.029513889583333335 0.3802083328125 0.037326389583333335 0.385223765625 0.0390625 0.3856095671875 0.04021990833333333 0.3886959875 0.041666666666666664 0.400848765625 0.04224537083333334 0.40277777812500004 0.04021990833333333 0.4029706796875 0.03848379583333333 0.40547839531249996 0.0332754625 0.40605709843750004 0.029803241666666664 0.40817901250000005 0.02633101875 0.410108025 0.020254629166666666 0.4114583328125 0.018229166666666668 0.4122299375 0.0135995375 0.4128086421875 0.013020833333333334 0.4128086421875 0 0.36805555624999997 0