0 0.33977089843749997 0.16305155208333336 0.336373753125 0.16368813541666669 0.34641195156250004 0.24248920208333333 0.35088517812500003 0.2520615666666667 0.3546936859375 0.27997703124999995 0.3600162 0.28939025 0.3651197515625 0.31315906875 0.3700387328125 0.31874393125 0.3834928078125 0.31492147916666663 0.38550262812499997 0.3093395666666667 0.3824088953125 0.27998883750000003 0.3835615953125 0.24984237708333332 0.37980314531250003 0.23883474791666667 0.37876929062500003 0.22080993958333334 0.36557640468749997 0.20246093958333333 0.3653918359375 0.18427698541666665 0.356756628125 0.15986863541666668 0.3456236203125 0.15284555416666665 0.33977089843749997 0.16305155208333336
0 0.7192895906250001 0.5838349333333334 0.7143706062499999 0.5782500708333332 0.710124175 0.5790457999999999 0.6976617296875001 0.60870891875 0.6922469312499999 0.5902037208333333 0.6847800890625 0.58509629375 0.6819209828125 0.5908373520833333 0.675975978125 0.5919513750000001 0.6711915046875 0.5876426291666667 0.6508086296875 0.5914621312499999 0.6449981328125001 0.5938522708333333 0.6374468375 0.6043765604166667 0.639641225 0.6169786020833333 0.6743431265625001 0.6586248854166666 0.670500225 0.6632489687500001 0.6586102140625 0.6654770125 0.6587024984375 0.6745689895833333 0.67050805625 0.6879726604166667 0.6761496484375 0.7168459541666666 0.68263269375 0.72083640625 0.6938157609375 0.74476731875 0.698381271875 0.7634316625 0.7081770125 0.7824172479166667 0.7114474796875 0.8052282374999999 0.7165431984375 0.8042733625 0.724271228125 0.78720933125 0.730216234375 0.7860953104166666 0.74246755 0.7955114833333333 0.747336475 0.7841885125 0.7514483984375 0.7821166625 0.75708215625 0.7862662625 0.7643300375 0.8057292854166668 0.7708130828125 0.8097197375 0.7818538078125 0.8076508416666666 0.7841748734375 0.7968053104166667 0.783006509375 0.7775043833333334 0.7694444859375 0.7227874750000001 0.7652324484374999 0.6910436562500001 0.7517283156250001 0.6779582749999999 0.743100940625 0.6782736166666666 0.7409988375000001 0.67476355 0.7400572671875 0.6658307208333334 0.7537725281250001 0.6398368125 0.752023896875 0.6232472708333333 0.737443684375 0.5999529416666667 0.7331972515625 0.6007486708333333 0.7291776125 0.61191249375 0.724796671875 0.61143210625 0.7192895906250001 0.5838349333333334
0 0.41956330468749997 0.4435000229166667 0.41915977499999996 0.4396716666666666 0.41433307656249996 0.44317878125000004 0.41956330468749997 0.4435000229166667
0 0.3750717953125 0.11999952083333333 0.368193053125 0.13690440208333332 0.36086071875000003 0.13307309375 0.3590698625 0.12429941041666666 0.3495932 0.12477389791666667 0.347264303125 0.1108957375 0.35025791875 0.10643079791666667 0.3474410390625 0.10435599791666667 0.3452466515625 0.09175395625 0.33563547968749996 0.090952325 0.33809105625 0.08138291041666666 0.34278324375 0.07659967916666667 0.342867696875 0.06096796458333333 0.34107683906249997 0.05219428125 0.33419026406249996 0.04437547083333333 0.329498075 0.04915870208333333 0.3140764078125 0.05074721041666667 0.30540680625 0.05887840833333333 0.29330566406249997 0.10018574166666668 0.2939782140625 0.10656633333333333 0.3031014046875 0.119171325 0.30797816093749997 0.13257204791666666 0.325997746875 0.14741393333333336 0.33230405625000003 0.15794412708333333 0.34178071875 0.15746964166666666 0.34973554375 0.15077370833333334 0.35733689687500003 0.15715725208333334 0.3647192859375 0.17789639375000002 0.36629118125 0.201025675 0.379215046875 0.21682243958333333 0.38450316562500003 0.25877520833333334 0.3856371375 0.31061568333333334 0.381348478125 0.3192272729166667 0.37044226406249997 0.32257228541666666 0.3643205234375 0.33022604791666665 0.3667417046875 0.35319618125 0.375999403125 0.36707729375000003 0.389049946875 0.3594264833333333 0.3977273796875 0.3760189791666667 0.4067582859375 0.37953199374999996 0.4153012078125 0.39484836875 0.4277292609375 0.39772480208333333 0.4505333171875 0.4168754333333334 0.4644331484375 0.40906547708333335 0.4722956890625 0.39327756875000003 0.47068156875 0.37796414375 0.482336953125 0.3406443145833334 0.4809918515625 0.32788312708333334 0.4923860484375 0.31273475208333334 0.48965362187499994 0.2950282395833333 0.47762126718750003 0.2712564708333333 0.4812373765625 0.25626428958333336 0.509179378125 0.2666441895833333 0.5260306 0.26218515416666666 0.5276791140625 0.24495902708333334 0.52391283125 0.20922770625 0.51706848125 0.19359303958333335 0.51643815625 0.17939658749999998 0.5053896 0.15674179375000002 0.4979227578125 0.1516343666666667 0.497115696875 0.14397765416666666 0.5008240890625 0.13807745 0.499344478125 0.12404014375 0.4858403453125 0.11095476458333334 0.46648349375000003 0.10807538124999999 0.4513308453125 0.11221612708333333 0.44471329062500004 0.10694955416666667 0.44738782656250003 0.08302454375 0.4590009859375 0.05352057083333333 0.4598002140625 0.03645359166666667 0.4447742453125 0.017146762500000003 0.43614687031250005 0.017462104166666666 0.43194266406250004 0.010441975 0.4175047921875 0.013147454166666666 0.41529454687499995 0.01095898125 0.3956396296875 0.014642070833333333 0.39202619843750003 0.017921833333333335 0.3877375390625 0.02653342083333333 0.3755785078125 0.026209225 0.3725848921875 0.030674164583333333 0.36700119062500003 0.043432402083333335 0.36790053437500003 0.06018108958333333 0.36486469375 0.07246188541666668 0.36858091718749997 0.091285375 0.37238159375 0.09447714791666666 0.3750717953125 0.11999952083333333
0 0.8602333546875001 0.014771606250000001 0.8607713953125 0.01987608125 0.8706515874999999 0.02322995 0.8663128703125 0.014933704166666667 0.8602333546875001 0.014771606250000001
0 0.870018428125 0 0.872123365625 0.0125435625 0.884601475 0.03232782916666667 0.8852740265625 0.03870842083333333 0.9041428968749999 0.05339116458333334 0.9286376953125 0.04749981666666667 0.9377530515625001 0.03538111458333334 0.9403353062500001 0.0023641270833333334 0.9400458765625 0 0.870018428125 0
0 0.565410725 0.53719315 0.56631006875 0.5539418375 0.5633164546875 0.5584067770833333 0.5632320015625 0.5740384916666667 0.559077853125 0.5839261979166667 0.566771490625 0.59940171875 0.5762059265625 0.6067430895833333 0.57660945625 0.6105714458333333 0.56865463125 0.6172673791666666 0.564500484375 0.6271550854166666 0.5652653171875001 0.6426276541666667 0.5841341890625 0.6573103979166667 0.5919122781249999 0.6571542041666666 0.5958474640625 0.6616220958333333 0.602507246875 0.6590728083333333 0.60442478125 0.64439891875 0.6008430671875 0.6268515520833333 0.6064267671875 0.6140933166666667 0.6004739296875 0.5904836458333332 0.5951514171875 0.5810704250000001 0.5929570296875 0.5684683854166667 0.5808824515625 0.552512475 0.5740381 0.5368778083333333 0.565410725 0.53719315
0 0.31527610156249997 0.16894290416666669 0.3101381546875 0.17771363750000002 0.292841178125 0.18616017499999998 0.2874342140625 0.19237867291666666 0.286365965625 0.20689341458333335 0.2821195328125 0.20768914583333334 0.274694915625 0.19476586041666666 0.2551613265625 0.19842621666666668 0.24465864218750003 0.20559958750000001 0.24278333281250003 0.21245761875 0.250123496875 0.24101261666666665 0.23238076406250002 0.25344665833333335 0.2248294703125 0.2639709479166667 0.22492175468750003 0.27306292499999996 0.219338053125 0.2858211583333333 0.2225162375 0.2995401729166666 0.2184966 0.3107039979166667 0.222389559375 0.3229877479166667 0.2212790859375 0.34531834791666666 0.22521427031250002 0.3497862375 0.2634321625 0.34262467083333337 0.27126031093749997 0.3593763104166667 0.2647428703125 0.38792540833333333 0.27136825781249996 0.4179156729166667 0.2888920296875 0.41983722916666666 0.2966357234375 0.4522205833333333 0.3128644515625 0.4582887875 0.31519335000000004 0.4721669458333333 0.3357185671875 0.4943472541666667 0.34564881718749996 0.5146089583333333 0.3497607390625 0.5125371125 0.3632069828125 0.4839909666666667 0.366999825 0.46245904583333336 0.36542793125 0.43932976458333334 0.358045540625 0.41859062291666665 0.35670043906250004 0.40582943749999995 0.36058556875000003 0.39338949166666665 0.36907843281249997 0.3917980333333333 0.371088253125 0.3862161229166666 0.3674142546875 0.35957677708333335 0.3605699046875 0.3439421104166666 0.3618571140625 0.31507176875000004 0.3455204390625 0.25046420416666665 0.3383069515625 0.19846163125 0.3322196046875 0.17357584375000001 0.3280153984375 0.16655571458333332 0.31527610156249997 0.16894290416666669
0 0.9460160578125001 0.15485587916666665 0.9452168296875 0.17192285833333332 0.938203575 0.18755162291666666 0.9391451468750001 0.19648445416666668 0.9477302953125 0.20398497083333333 0.9731230328124999 0.19839605 0.964891684375 0.12030392291666667 0.9631706921875001 0.12040952916666667 0.9460160578125001 0.15485587916666665
0 0.09172918125 0.192614325 0.10120584218749999 0.19213983958333333 0.114398728125 0.21048884166666668 0.1288365984375 0.20778336041666667 0.1498497984375 0.21816031041666667 0.16683552968749998 0.21497739166666668 0.16535591875 0.20094008541666666 0.1470094234375 0.14191443333333334 0.1457988328125 0.13042936666666666 0.15106345625 0.09821105833333334 0.149852865625 0.08672599166666667 0.1591027328125 0.07588341041666666 0.16240759375 0.06615485 0.160326603125 0.05873685833333333 0.025804090624999998 0.08394473124999999 0.0193739890625 0.10597084166666666 0.022383268749999997 0.1509532875 0.03650989375 0.15351142708333335 0.057649771875 0.14044080208333334 0.061769526562499996 0.16309264583333333 0.0665539984375 0.16740139166666665 0.0767454359375 0.16549163958333332 0.08179893125 0.17235262083333333 0.0860954203125 0.18846472500000003 0.09172918125 0.192614325
0 0.135435425 0.2950368666666667 0.1704829671875 0.29887997708333336 0.18693065625 0.2905925875 0.19725660312499999 0.28995895208333333 0.21293945937499997 0.26619899166666666 0.236803934375 0.24611118958333333 0.23648485468749997 0.22665111875 0.232322875 0.21181513333333332 0.2275384015625 0.2075063875 0.236695984375 0.18757182916666665 0.24483537812499997 0.19905984791666667 0.24908180937500002 0.19826411875 0.268077359375 0.1894992875 0.279160309375 0.17961453333333333 0.30463890625 0.17484015625000002 0.30865854375 0.16367633333333334 0.30610285312499996 0.13943007708333335 0.288882496875 0.10752120833333333 0.2865536 0.09364305 0.2761353671875 0.08518470624999999 0.2725114265625 0.07545319375000001 0.2765310640625 0.06428937083333333 0.28703374843749996 0.05711599791666667 0.29614910625 0.044997297916666665 0.2985941390625 0.03282721041666667 0.1638899140625 0.05806913541666667 0.1641984515625 0.07492853541666666 0.1518204578125 0.08895993541666666 0.14906146874999998 0.1285166625 0.156628428125 0.16743975833333333 0.165709390625 0.18786060833333332 0.1690721421875 0.219763575 0.149538553125 0.22342393125 0.1355542703125 0.2468656 0.1329720171875 0.2798825875 0.135435425 0.2950368666666667
0 0.22906500468750002 0.36988584583333334 0.22258195937499997 0.3658953916666666 0.1983561796875 0.37433897916666664 0.1939330125 0.3816744458333333 0.1897788625 0.39156215208333334 0.186255040625 0.41564631041666666 0.195958496875 0.42553991875 0.20052400625 0.44420426249999995 0.20459370312499997 0.44994827083333333 0.2060733140625 0.463985575 0.21251413437500002 0.4757918875 0.22083026249999999 0.4807401666666667 0.2403638515625 0.4770798104166667 0.2532798859375 0.4681528833333333 0.25998189374999997 0.4577877395833333 0.2703078421875 0.45715410833333336 0.274016234375 0.4512539020833334 0.277766853125 0.4375378416666667 0.2774055484375 0.42589362708333334 0.26908941875000003 0.4209453458333333 0.2657345 0.41376607291666667 0.2625985421875 0.3922312020833333 0.26312875 0.3726119833333333 0.26004285 0.3679849479166667 0.2481528390625 0.37021299166666666 0.24440222031249997 0.38392905208333333 0.2382804796875 0.39158281250000004 0.22906500468750002 0.36988584583333334
0 0.8335605640624999 0 0.8364111046874999 0.027043550000000003 0.8336865109374999 0.03406072708333333 0.8230915421875 0.03214212291666667 0.8201902109375 0.045699037500000005 0.8152290015625001 0.04793003125 0.8048186015625 0.06419537916666666 0.79659475625 0.068339075 0.7924406078125 0.07822678125 0.797955521875 0.13054764583333334 0.8094498343750001 0.14921493958333334 0.8206250687500001 0.14842216041666667 0.8270158296875 0.14332063958333335 0.8646612906250001 0.16359414791666668 0.86921896875 0.15753479791666666 0.8722047515625 0.12834616458333334 0.8674969000000001 0.0836820125 0.8860388609375001 0.054180991666666664 0.88415571875 0.03631533125 0.8757473062500001 0.022275075 0.8665818890624999 0.017485939583333332 0.8656825453125 0.0007372520833333334 0.8654835468750001 0 0.8335605640624999 0
0 0.8124342531250001 0.5390529541666667 0.81055894375 0.5459109833333333 0.8120041609375 0.5924878375 0.8137950187499999 0.6012615229166667 0.8287709281250001 0.60366051875 0.83087303125 0.6071705812499999 0.83882785625 0.6004746479166666 0.8441847640625 0.5773483166666666 0.8449261031249999 0.5186498125 0.8497871953124999 0.48260315 0.8481730734375 0.46728972708333333 0.8376625593749999 0.44973940416666663 0.83323155625 0.43235118125 0.8275055140625 0.41910960416666665 0.822275284375 0.4187883625 0.80489385625 0.44286661666666666 0.8055320125 0.4817867604166667 0.8124342531250001 0.5390529541666667