0 0.9367283953125 0 0.9274691359375 0.010416666666666666 0.9020061734375 0.010416666666666666 0.8927469140625 0.024305556250000002 0.8927469140625 0.02893518541666667 0.9035493828125001 0.042824074999999996 0.9112654328125 0.04629629583333333 0.9081790125 0.04976851875 0.9081790125 0.05555555625 0.9020061734375 0.0625 0.8904320984374999 0.06481481458333334 0.880401234375 0.074074075 0.880401234375 0.07754629583333333 0.8873456796875001 0.08333333333333333 0.88580246875 0.10069444375 0.891975309375 0.11226851875 0.9020061734375 0.11226851875 0.9143518515625001 0.09606481458333334 0.924382715625 0.09143518541666666 0.92669753125 0.10069444375 0.9228395062500001 0.11805555625 0.9259259265625 0.12268518541666666 0.9382716046875 0.11805555625 0.9459876546875 0.1307870375 0.9583333328125001 0.13425925833333335 0.9714506171874999 0.13425925833333335 0.986882715625 0.12615740833333333 0.9953703703125001 0.07986111041666667 0.9992283953125 0.07754629583333333 0.9992283953125 0.05555555625 0.9953703703125001 0.04976851875 0.9938271609375 0.03819444375 0.98148148125 0.027777777083333333 0.9807098765625 0.017361110416666665 0.9768518515625001 0.009259258333333333 0.9783950625 0.004629629166666666 0.965277778125 0 0.9367283953125 0
0 0.20601851875000002 0.5775462958333333 0.211419753125 0.5856481479166666 0.2121913578125 0.5983796291666666 0.2206790125 0.6134259249999999 0.22762345625 0.6111111104166667 0.2384259265625 0.5983796291666666 0.240740740625 0.6099537041666667 0.2546296296875 0.6180555562500001 0.2824074078125 0.6180555562500001 0.2862654328125 0.6134259249999999 0.2870370375 0.5995370375 0.2831790125 0.5891203708333334 0.28163580312500003 0.5682870375 0.2793209875 0.5659722229166667 0.27854938281249997 0.5462962958333333 0.2824074078125 0.5381944437499999 0.2970679015625 0.5358796291666666 0.29783950625 0.52430555625 0.292438271875 0.5150462958333333 0.2831790125 0.5081018520833334 0.2824074078125 0.5023148145833333 0.273919753125 0.49305555624999997 0.27237654375 0.48379629583333333 0.26851851875 0.4791666666666667 0.2623456796875 0.47569444375000003 0.25077160468750004 0.4791666666666667 0.23148148124999998 0.5011574083333333 0.23070987656250003 0.519675925 0.22685185156249998 0.519675925 0.2253086421875 0.5150462958333333 0.2168209875 0.5150462958333333 0.20293209843749999 0.5381944437499999 0.20138888906250002 0.5532407416666667 0.211419753125 0.5601851854166667 0.20601851875000002 0.5694444437499999 0.20601851875000002 0.5775462958333333
0 0.398919753125 0.24884259166666667 0.40432098749999995 0.261574075 0.40432098749999995 0.26851851875 0.3904320984375 0.27546296249999996 0.37654320937499997 0.28819444375000003 0.380401234375 0.31134259166666667 0.4050925921875 0.33564814791666664 0.4128086421875 0.35879629583333333 0.428240740625 0.35879629583333333 0.44058642031249995 0.3414351854166667 0.44521605 0.3414351854166667 0.45293209843750004 0.32870370416666667 0.45987654375 0.32754629583333333 0.4645061734375 0.31944444375000003 0.4645061734375 0.30555555624999997 0.45601851875 0.2916666666666667 0.45756172812499996 0.27546296249999996 0.46296296249999996 0.2604166666666667 0.46296296249999996 0.24768518541666668 0.45447530937499997 0.2245370375 0.46141975312500005 0.21064814791666667 0.4583333328125 0.17708333333333334 0.44907407343749994 0.1620370375 0.4375 0.16550925833333335 0.42978395 0.16087962916666668 0.4112654328125 0.16087962916666668 0.39351851875 0.17245370416666667 0.38966049375 0.18518518541666668 0.39197530937499997 0.19791666666666666 0.398919753125 0.20833333333333334 0.39351851875 0.22337962916666668 0.398919753125 0.24884259166666667
0 0.8788580250000001 0.41550925833333335 0.880401234375 0.43055555624999997 0.8989197531249999 0.44675925833333335 0.9074074078125 0.44675925833333335 0.9135802468750001 0.42245370416666667 0.9236111109375 0.4085648145833333 0.9313271609375 0.39004629583333333 0.9313271609375 0.3726851854166667 0.9251543203124999 0.36226851875 0.9274691359375 0.35879629583333333 0.9359567906249999 0.35995370416666667 0.94521605 0.3726851854166667 0.9521604937499999 0.37615740833333333 0.9583333328125001 0.3726851854166667 0.9552469140625 0.3460648145833333 0.950617284375 0.33449074166666665 0.9436728390625 0.3263888895833333 0.9413580250000001 0.30902777708333334 0.9382716046875 0.30439814791666664 0.9382716046875 0.29629629583333333 0.942901234375 0.28240740833333333 0.9421296296874999 0.2708333333333333 0.9359567906249999 0.26504629583333333 0.9174382718749999 0.2604166666666667 0.9128086421875 0.2557870375 0.9035493828125001 0.2557870375 0.8942901234375 0.27662037083333335 0.884259259375 0.28819444375000003 0.8834876546875 0.2986111104166667 0.8796296296874999 0.29629629583333333 0.875 0.3020833333333333 0.8665123453125 0.33101851875 0.8665123453125 0.34837962916666665 0.8611111109375 0.3645833333333333 0.8603395062500001 0.38773148125 0.869598765625 0.39351851875 0.8711419749999999 0.40740740833333333 0.8788580250000001 0.41550925833333335
0 0 0.34027777708333334 0.00771605 0.33101851875 0.009259259374999999 0.3148148145833333 0.013888889062500001 0.3101851854166667 0.018518518749999997 0.29629629583333333 0.024691357812500002 0.2916666666666667 0.037808642187500005 0.292824075 0.0432098765625 0.28587962916666665 0.0408950625 0.27430555624999997 0.0408950625 0.24305555625 0.034722221875 0.22337962916666668 0.037808642187500005 0.21643518541666668 0.037808642187500005 0.207175925 0.037037037499999995 0.18865740833333333 0.0339506171875 0.17708333333333334 0.0393518515625 0.1620370375 0.031635803125 0.15740740833333333 0.0331790125 0.14351851875000002 0.028549382812500003 0.144675925 0.028549382812500003 0.14814814791666667 0.020061728125 0.15856481458333332 0.013117284375 0.18055555625 0.004629629687499999 0.18981481458333332 0 0.18981481458333332 0 0.34027777708333334
0 0 0.5138888895833333 0.018518518749999997 0.5104166666666666 0.0231481484375 0.5057870375 0.0432098765625 0.4791666666666667 0.0447530859375 0.46990740833333333 0.049382715625000004 0.4664351854166667 0.0524691359375 0.4583333333333333 0.0524691359375 0.449074075 0.0486111109375 0.44444444375000003 0.034722221875 0.44328703750000004 0.023919753125000002 0.417824075 0.0030864203125 0.4201388895833333 0 0.42129629583333333 0 0.48148148125 0.0030864203125 0.48379629583333333 0 0.49652777708333334 0 0.5138888895833333
0 0.10108024687499999 0.14004629583333333 0.1041666671875 0.14583333333333334 0.1057098765625 0.16666666666666666 0.1149691359375 0.1932870375 0.11574074062499999 0.20254629583333333 0.12114197499999999 0.207175925 0.1350308640625 0.20254629583333333 0.1458333328125 0.21064814791666667 0.1628086421875 0.2129629625 0.1774691359375 0.21180555625 0.19135802500000001 0.20601851875000002 0.20138888906250002 0.17129629583333333 0.19135802500000001 0.12731481458333332 0.196759259375 0.12152777708333334 0.1998456796875 0.11226851875 0.196759259375 0.09143518541666666 0.1759259265625 0.05555555625 0.16512345625 0.04629629583333333 0.15277777812499999 0.04745370416666667 0.14351851875 0.03240740833333333 0.1373456796875 0.03356481458333334 0.11882716093750001 0.052083333333333336 0.1072530859375 0.07870370416666667 0.10648148125000001 0.0995370375 0.108796296875 0.11689814791666667 0.10108024687499999 0.1307870375 0.10108024687499999 0.14004629583333333
0 0 0.6261574083333333 0.013117284375 0.625 0.02237654375 0.6157407416666667 0.031635803125 0.5821759249999999 0.0362654328125 0.5370370375 0.025462962500000002 0.5162037041666667 0.0177469140625 0.511574075 0 0.5162037041666667 0 0.6261574083333333
0 0 0.16319444375 0.016975309375 0.15393518541666668 0.025462962500000002 0.14004629583333333 0.025462962500000002 0.1307870375 0.0408950625 0.12615740833333333 0.047839506250000004 0.10300925833333333 0.047839506250000004 0.09490740833333335 0.053240740625000005 0.08333333333333333 0.05169753125 0.06365740833333333 0.0432098765625 0.06365740833333333 0.0362654328125 0.07291666666666667 0.028549382812500003 0.07291666666666667 0.026234567187500002 0.06712962916666668 0.028549382812500003 0.050925925000000004 0.027006173437499996 0.0370370375 0.018518518749999997 0.020833333333333332 0.010802468749999999 0.023148147916666664 0.009259259374999999 0.019675925 0 0.019675925 0 0.09375 0.0030864203125 0.09490740833333335 0 0.10069444375 0 0.16319444375
0 0.1628086421875 0.44444444375000003 0.1759259265625 0.45370370416666667 0.18595679062499998 0.4664351854166667 0.1905864203125 0.46180555624999997 0.196759259375 0.44444444375000003 0.20601851875000002 0.44212962916666665 0.21296296250000002 0.43055555624999997 0.22453703749999998 0.42939814791666664 0.24151234531250002 0.449074075 0.244598765625 0.4710648145833333 0.2476851859375 0.47569444375000003 0.25771605000000003 0.47453703750000004 0.2600308640625 0.46990740833333333 0.259259259375 0.44675925833333335 0.253858025 0.425925925 0.244598765625 0.417824075 0.23379629687499998 0.41550925833333335 0.23148148124999998 0.41087962916666665 0.23996913593750002 0.39814814791666664 0.240740740625 0.3888888895833333 0.20293209843749999 0.39930555624999997 0.19598765468749998 0.417824075 0.18595679062499998 0.41550925833333335 0.1759259265625 0.39930555624999997 0.1574074078125 0.39930555624999997 0.1458333328125 0.4085648145833333 0.13888888906250002 0.4270833333333333 0.1373456796875 0.44212962916666665 0.13966049375 0.44675925833333335 0.15277777812499999 0.4479166666666667 0.1628086421875 0.44444444375000003
0 0.0817901234375 0.5787037041666667 0.07716049375 0.5914351854166667 0.07638888906249999 0.6226851854166667 0.079475309375 0.6261574083333333 0.090277778125 0.6261574083333333 0.09182098749999999 0.6226851854166667 0.1057098765625 0.6180555562500001 0.119598765625 0.6041666666666666 0.12191357968750001 0.5914351854166667 0.125 0.5949074083333333 0.125 0.6041666666666666 0.134259259375 0.6041666666666666 0.13888888906250002 0.5879629625 0.14737654375 0.5775462958333333 0.14737654375 0.5682870375 0.13888888906250002 0.5335648145833333 0.1350308640625 0.5266203708333334 0.12345679062499999 0.46990740833333333 0.1149691359375 0.46296296249999996 0.10030864218749999 0.46180555624999997 0.093364196875 0.46759259166666667 0.0910493828125 0.49421296249999996 0.07716049375 0.49305555624999997 0.0686728390625 0.5 0.058641975 0.5358796291666666 0.055555556250000006 0.5520833333333334 0.056327160937499995 0.5613425916666667 0.079475309375 0.5740740750000001 0.0817901234375 0.5787037041666667
0 0.23456790156250001 0.136574075 0.23611111093749998 0.15625 0.240740740625 0.16666666666666666 0.25 0.16666666666666666 0.2623456796875 0.15277777708333332 0.2638888890625 0.16550925833333335 0.2746913578125 0.175925925 0.2932098765625 0.18518518541666668 0.30555555624999997 0.17939814791666667 0.31172839531249996 0.16087962916666668 0.3125 0.14699074166666665 0.3171296296875 0.13888888958333334 0.3171296296875 0.1307870375 0.31095679062500003 0.1192129625 0.299382715625 0.113425925 0.2870370375 0.09027777708333334 0.26080246875 0.09375 0.25077160468750004 0.08680555625 0.23379629687499998 0.08680555625 0.226080246875 0.09722222291666666 0.226080246875 0.11226851875 0.22916666718749998 0.11458333333333333 0.22916666718749998 0.12268518541666666 0.23456790156250001 0.136574075
0 0.0470679015625 0 0.04012345625 0.0057870375 0.0331790125 0.0057870375 0.026234567187500002 0.012731481250000001 0.024691357812500002 0.01851851875 0.0300925921875 0.025462962500000002 0.034722221875 0.045138889583333335 0.037808642187500005 0.04745370416666667 0.0393518515625 0.06365740833333333 0.0432098765625 0.06481481458333334 0.049382715625000004 0.06018518541666666 0.055555556250000006 0.06712962916666668 0.057870370312499995 0.09490740833333335 0.061728395312499997 0.0995370375 0.07716049375 0.0995370375 0.08333333281250001 0.09490740833333335 0.086419753125 0.09027777708333334 0.086419753125 0.07291666666666667 0.09182098749999999 0.0567129625 0.097222221875 0.052083333333333336 0.12191357968750001 0.04629629583333333 0.1296296296875 0.03356481458333334 0.1535493828125 0.01851851875 0.1520061734375 0.002314814583333333 0.14351851875 0 0.0949074078125 0 0.08487654375 0.008101852083333333 0.07716049375 0 0.0470679015625 0
0 0.222222221875 0.5046296291666666 0.2384259265625 0.4826388895833333 0.24305555625 0.46875 0.240740740625 0.449074075 0.2253086421875 0.43055555624999997 0.2121913578125 0.43055555624999997 0.20910493749999998 0.43865740833333333 0.2052469140625 0.44328703750000004 0.1975308640625 0.44444444375000003 0.1921296296875 0.4548611104166667 0.1921296296875 0.4791666666666667 0.19830246875 0.48726851875 0.19830246875 0.5046296291666666 0.222222221875 0.5046296291666666
0 0.421875 0.26145833333333335 0.00078125 0.0010416666666666667
0 0.2878086421875 0.24305555625 0.2908950625 0.24768518541666668 0.288580246875 0.25462962916666665 0.29398148125 0.26620370416666667 0.2970679015625 0.28587962916666665 0.3024691359375 0.2916666666666667 0.3040123453125 0.29976851875 0.31327160468750004 0.30671296249999996 0.3171296296875 0.31365740833333333 0.32716049375 0.3125 0.3317901234375 0.29629629583333333 0.332561728125 0.28125 0.336419753125 0.28009259166666667 0.34645061718750003 0.29050925833333335 0.3518518515625 0.29050925833333335 0.3796296296875 0.28125 0.4020061734375 0.26504629583333333 0.39197530937499997 0.22337962916666668 0.38966049375 0.19791666666666666 0.384259259375 0.19212962916666668 0.375 0.19212962916666668 0.37345679062500003 0.19675925833333335 0.3688271609375 0.19675925833333335 0.3572530859375 0.18518518541666668 0.34336419687499997 0.15972222291666668 0.33101851875 0.14930555625 0.3186728390625 0.1504629625 0.30555555624999997 0.18402777708333332 0.29783950625 0.18865740833333333 0.28395061718750003 0.18981481458333332 0.273919753125 0.20023148124999998 0.270061728125 0.21412037083333332 0.2708333328125 0.22569444375 0.2831790125 0.24305555625 0.2878086421875 0.24305555625
0 0.7322530859375 0.35995370416666667 0.7584876546875 0.36805555624999997 0.770061728125 0.35879629583333333 0.7878086421875 0.35879629583333333 0.79783950625 0.34953703750000004 0.803240740625 0.332175925 0.8086419749999999 0.3460648145833333 0.8086419749999999 0.37152777708333334 0.8117283953125 0.37615740833333333 0.817901234375 0.37615740833333333 0.829475309375 0.35995370416666667 0.83101851875 0.34953703750000004 0.8356481484374999 0.34490740833333333 0.8371913578125 0.32870370416666667 0.8410493828125001 0.3229166666666667 0.8495370375 0.31944444375000003 0.8518518515625001 0.31365740833333333 0.8510802468750001 0.3020833333333333 0.8464506171874999 0.292824075 0.847222221875 0.2835648145833333 0.8533950625 0.27777777708333334 0.869598765625 0.27430555624999997 0.875 0.26388888958333334 0.8757716046875 0.2523148145833333 0.869598765625 0.24305555625 0.8680555562500001 0.23495370416666667 0.8603395062500001 0.230324075 0.8549382718749999 0.23379629583333333 0.8510802468750001 0.23148148124999998 0.8557098765625 0.2245370375 0.8557098765625 0.19791666666666666 0.8518518515625001 0.19675925833333335 0.8503086421875 0.19212962916666668 0.8503086421875 0.17245370416666667 0.83101851875 0.15393518541666668 0.8186728390625 0.14930555625 0.8125 0.15393518541666668 0.807098765625 0.18518518541666668 0.803240740625 0.18518518541666668 0.8009259265625 0.17708333333333334 0.7908950625 0.16319444375 0.784722221875 0.16319444375 0.7785493828125001 0.17129629583333333 0.7770061734375 0.17824074166666665 0.770061728125 0.18055555625 0.7492283953125 0.21759259166666667 0.75 0.23726851875000002 0.759259259375 0.23958333333333334 0.7584876546875 0.2557870375 0.7453703703125 0.2557870375 0.73919753125 0.2604166666666667 0.7322530859375 0.27314814791666664 0.7322530859375 0.28125 0.7399691359375 0.28819444375000003 0.729938271875 0.324074075 0.7322530859375 0.35995370416666667
0 0.5725308640625 0.03819444375 0.57330246875 0.050925925000000004 0.5779320984375 0.05902777708333333 0.6257716046875 0.06018518541666666 0.6388888890625 0.052083333333333336 0.638117284375 0.03356481458333334 0.63271605 0.020833333333333332 0.6373456796875 0.010416666666666666 0.6334876546875 0.0011574083333333333 0.5671296296875 0.002314814583333333 0.5671296296875 0.013888889583333335 0.5779320984375 0.024305556250000002 0.57716049375 0.03240740833333333 0.5725308640625 0.03819444375
0 0.097222221875 0.27777777708333334 0.10030864218749999 0.28125 0.10185185156250001 0.2916666666666667 0.108024690625 0.2916666666666667 0.11574074062499999 0.29976851875 0.130401234375 0.30555555624999997 0.1373456796875 0.300925925 0.13888888906250002 0.28819444375000003 0.1427469140625 0.28240740833333333 0.1535493828125 0.28240740833333333 0.1574074078125 0.2789351854166667 0.167438271875 0.24768518541666668 0.1682098765625 0.23148148124999998 0.17206790156250001 0.22569444375 0.171296296875 0.22106481458333332 0.1628086421875 0.21643518541666668 0.13348765468749998 0.207175925 0.1280864203125 0.21180555625 0.119598765625 0.21180555625 0.108796296875 0.19444444375 0.1033950625 0.199074075 0.1041666671875 0.20833333333333334 0.10185185156250001 0.2129629625 0.0895061734375 0.21643518541666668 0.08101851875 0.2245370375 0.079475309375 0.2604166666666667 0.0817901234375 0.27314814791666664 0.086419753125 0.27777777708333334 0.097222221875 0.27777777708333334
0 0 0.41203703750000004 0.013888889062500001 0.41203703750000004 0.0300925921875 0.40046296249999996 0.0432098765625 0.39930555624999997 0.0470679015625 0.39120370416666667 0.0540123453125 0.3854166666666667 0.0709876546875 0.3888888895833333 0.08487654375 0.3773148145833333 0.0910493828125 0.37615740833333333 0.0949074078125 0.36805555624999997 0.0856481484375 0.324074075 0.08101851875 0.31365740833333333 0.07638888906249999 0.30902777708333334 0.064043209375 0.30902777708333334 0.057098765625000006 0.2916666666666667 0.049382715625000004 0.29050925833333335 0.0447530859375 0.2951388895833333 0.0231481484375 0.29745370416666667 0.0100308640625 0.31944444375000003 0.009259259374999999 0.33564814791666664 0 0.3414351854166667 0 0.41203703750000004
0 0.316358025 0.041666666666666664 0.33101851875 0.050925925000000004 0.336419753125 0.05555555625 0.3379629625 0.06365740833333333 0.35262345625 0.074074075 0.3557098765625 0.08680555625 0.361882715625 0.09143518541666666 0.371141975 0.09027777708333334 0.388117284375 0.07870370416666667 0.38966049375 0.0567129625 0.3942901234375 0.04629629583333333 0.39737654375 0.04629629583333333 0.40046296249999996 0.05439814791666667 0.3981481484375 0.08912037083333332 0.398919753125 0.09375 0.4035493828125 0.09606481458333334 0.4074074078125 0.09490740833333335 0.40817901250000005 0.08912037083333332 0.4158950625 0.082175925 0.42746913593749997 0.06365740833333333 0.4290123453125 0.05324074166666667 0.4328703703125 0.04629629583333333 0.43672839531249996 0.045138889583333335 0.44367283906250005 0.01851851875 0.46141975312500005 0.010416666666666666 0.46527777812500004 0.0057870375 0.46527777812500004 0.0011574083333333333 0.31172839531249996 0 0.3009259265625 0.021990741666666664 0.29783950625 0.03240740833333333 0.29783950625 0.04629629583333333 0.303240740625 0.041666666666666664 0.316358025 0.041666666666666664
0 0.9390432093750001 0.28819444375000003 0.9390432093750001 0.2951388895833333 0.9459876546875 0.30439814791666664 0.9753086421875 0.29629629583333333 0.9783950625 0.27430555624999997 0.9745370375 0.26273148125 0.9807098765625 0.24305555625 0.9807098765625 0.22916666666666666 0.9629629625 0.199074075 0.953703703125 0.1932870375 0.9459876546875 0.1932870375 0.9375 0.20949074166666665 0.9197530859375 0.23263888958333334 0.9197530859375 0.24305555625 0.9421296296874999 0.26851851875 0.9436728390625 0.2789351854166667 0.9390432093750001 0.28819444375000003
0 0.2145061734375 0.04976851875 0.25 0.06712962916666668 0.2584876546875 0.06481481458333334 0.259259259375 0.052083333333333336 0.2677469140625 0.045138889583333335 0.273919753125 0.03356481458333334 0.27237654375 0.024305556250000002 0.26851851875 0.01851851875 0.26851851875 0.0057870375 0.2584876546875 0 0.229938271875 0.0011574083333333333 0.2229938265625 0.0057870375 0.21064814843750002 0.00694444375 0.20601851875000002 0.011574075 0.20601851875000002 0.02893518541666667 0.211419753125 0.0370370375 0.211419753125 0.04398148125 0.2145061734375 0.04976851875
0 0.29398148125 0.45023148125 0.2862654328125 0.4664351854166667 0.2878086421875 0.4826388895833333 0.2932098765625 0.5011574083333333 0.29783950625 0.50694444375 0.30169753125 0.5358796291666666 0.3063271609375 0.5416666666666666 0.308641975 0.5590277770833333 0.3186728390625 0.5717592583333333 0.3263888890625 0.5729166666666666 0.33101851875 0.5682870375 0.33487654375 0.5590277770833333 0.33487654375 0.5381944437499999 0.34413580312500003 0.5381944437499999 0.351080246875 0.5289351854166667 0.369598765625 0.5289351854166667 0.3796296296875 0.5231481479166666 0.39197530937499997 0.5057870375 0.39737654375 0.49305555624999997 0.39737654375 0.48379629583333333 0.3873456796875 0.4710648145833333 0.3688271609375 0.46527777708333334 0.369598765625 0.45601851875 0.3780864203125 0.43865740833333333 0.3780864203125 0.42939814791666664 0.3726851859375 0.42129629583333333 0.375 0.41087962916666665 0.369598765625 0.38078703750000004 0.36033950625 0.37615740833333333 0.351080246875 0.37615740833333333 0.34413580312500003 0.38078703750000004 0.32716049375 0.37962962916666665 0.32330246875 0.38078703750000004 0.3155864203125 0.3958333333333333 0.3101851859375 0.394675925 0.296296296875 0.38078703750000004 0.2916666671875 0.3958333333333333 0.2878086421875 0.40046296249999996 0.2870370375 0.40972222291666666 0.2878086421875 0.42476851875 0.2916666671875 0.42939814791666664 0.2947530859375 0.44328703750000004 0.29398148125 0.45023148125
0 0.6180555562500001 0.16087962916666668 0.6149691359375 0.16666666666666666 0.6149691359375 0.17939814791666667 0.634259259375 0.20023148124999998 0.6350308640625 0.22337962916666668 0.6481481484375 0.2245370375 0.6620370375 0.21643518541666668 0.6682098765625 0.207175925 0.66898148125 0.20023148124999998 0.6774691359375 0.18865740833333333 0.678240740625 0.17708333333333334 0.691358025 0.17129629583333333 0.6905864203125 0.12615740833333333 0.6820987656249999 0.11226851875 0.6805555562500001 0.0995370375 0.678240740625 0.09722222291666666 0.6790123453125 0.09143518541666666 0.6720679015625 0.07870370416666667 0.6535493828125001 0.07291666666666667 0.6442901234375 0.07870370416666667 0.6334876546875 0.09143518541666666 0.6195987656249999 0.09143518541666666 0.611882715625 0.09606481458333334 0.6018518515625 0.11458333333333333 0.6003086421875 0.12268518541666666 0.61033950625 0.14004629583333333 0.6057098765625 0.15393518541666668 0.6180555562500001 0.16087962916666668
0 0.167438271875 0.3460648145833333 0.171296296875 0.3726851854166667 0.18364197499999999 0.3958333333333333 0.1921296296875 0.39814814791666664 0.2229938265625 0.39004629583333333 0.226080246875 0.3854166666666667 0.2384259265625 0.38425925833333335 0.24151234531250002 0.37615740833333333 0.24151234531250002 0.36689814791666664 0.246141975 0.363425925 0.2561728390625 0.37615740833333333 0.26851851875 0.37962962916666665 0.2824074078125 0.34490740833333333 0.28472222187499996 0.3229166666666667 0.288580246875 0.31365740833333333 0.2878086421875 0.30555555624999997 0.2746913578125 0.2916666666666667 0.2932098765625 0.28240740833333333 0.2932098765625 0.26620370416666667 0.2870370375 0.2523148145833333 0.28395061718750003 0.25115740833333333 0.2731481484375 0.23263888958333334 0.26851851875 0.22916666666666666 0.2561728390625 0.230324075 0.25 0.23495370416666667 0.2476851859375 0.24305555625 0.2438271609375 0.23379629583333333 0.23996913593750002 0.23148148124999998 0.24305555625 0.22337962916666668 0.23996913593750002 0.21990740833333333 0.23919753125 0.2245370375 0.23688271562500002 0.2245370375 0.22839506250000002 0.199074075 0.2206790125 0.18865740833333333 0.20216049374999998 0.1875 0.196759259375 0.19444444375 0.196759259375 0.20601851875000002 0.1936728390625 0.21180555625 0.1975308640625 0.22800925833333335 0.19598765468749998 0.230324075 0.18904320937500002 0.2245370375 0.1774691359375 0.2245370375 0.171296296875 0.23379629583333333 0.1620370375 0.2789351854166667 0.1589506171875 0.2835648145833333 0.1574074078125 0.300925925 0.156635803125 0.31712962916666665 0.1620370375 0.3229166666666667 0.1581790125 0.3333333333333333 0.167438271875 0.3460648145833333
0 0.06327160468750001 0.9664351854166667 0.071759259375 0.96875 0.07716049375 0.9618055562500001 0.08101851875 0.96875 0.0910493828125 0.9699074083333333 0.10030864218749999 0.9490740750000001 0.09567901250000001 0.9351851854166667 0.1057098765625 0.9224537041666667 0.1057098765625 0.90625 0.0987654328125 0.9027777770833333 0.1033950625 0.89351851875 0.10108024687499999 0.8900462958333333 0.0802469140625 0.8854166666666666 0.07716049375 0.8900462958333333 0.079475309375 0.8958333333333334 0.0779320984375 0.9004629625 0.0486111109375 0.9259259249999999 0.049382715625000004 0.9386574083333333 0.057870370312499995 0.9444444437499999 0.057870370312499995 0.9583333333333334 0.06327160468750001 0.9664351854166667