0 0.24616878125000002 0.20524282083333334 0.2133751953125 0.2069492520833333 0.20441985156250003 0.21927822083333334 0.20798840156249998 0.24200963125000002 0.19301242968750001 0.2621336458333333 0.18950200156250002 0.28375054583333337 0.1958521125 0.3372079041666666 0.2045341296875 0.34450750416666664 0.22740512812499997 0.33967762291666664 0.232123140625 0.3647757395833333 0.24165223125000002 0.37189645625 0.2511503 0.393375675 0.26827203437499997 0.4132449354166667 0.28445755 0.40330327708333336 0.2925658203125 0.3911531916666667 0.2955315609375 0.3722607666666667 0.3015521875 0.36446572083333334 0.2971365640625 0.34191319166666667 0.30385307031250003 0.33266646666666666 0.301645259375 0.3213902041666667 0.2847658265625 0.29625087916666665 0.2738159109375 0.2698593666666667 0.2625325859375 0.25528077083333334 0.2526119625 0.21562466041666667 0.24616878125000002 0.20524282083333334
0 0.264992128125 0.6487877416666666 0.2614836625 0.63387198125 0.2576417875 0.6307691354166667 0.2429992265625 0.6390802333333333 0.23903521875 0.6568787500000001 0.23594930937499997 0.660139875 0.2237278015625 0.6522830187499999 0.205092171875 0.6562184770833334 0.19274853281249998 0.6692629833333333 0.19165915625000002 0.6747119291666667 0.19271750781250002 0.6836214895833332 0.20055245156249998 0.691099975 0.191957615625 0.7503228416666666 0.1964042625 0.7585168625 0.2067804296875 0.76545869375 0.218094778125 0.7656787854166667 0.2278351484375 0.78188794375 0.23591239531250002 0.7840963666666667 0.25627123281249997 0.8019772958333333 0.26404609218749997 0.8016401270833333 0.27215436249999997 0.7894900458333333 0.275513596875 0.7666003520833333 0.28192771875 0.7548080375 0.2806580890625 0.7368100333333333 0.2708266109375 0.7271437291666667 0.2680741109375 0.7185919395833333 0.2717047078125 0.7126063395833333 0.2759400796875 0.7117119166666667 0.28462209843749997 0.7190115166666666 0.302652953125 0.7099848812499999 0.30017377968750003 0.6818045229166666 0.2939729 0.6661526208333334 0.283294346875 0.6566652020833333 0.2833854546875 0.6501223458333333 0.268985196875 0.65316338125 0.264992128125 0.6487877416666666
0 0.376995971875 0.4659586375 0.3510681234375 0.49622379791666665 0.3391470390625 0.5274451916666666 0.3397518109375 0.53253636875 0.3530626953125 0.5349442791666666 0.3664336625 0.5451678395833334 0.3926929578125 0.5396224208333333 0.4047342109375 0.5240323270833334 0.4165932484375 0.52152794375 0.42457938593750005 0.5302792229166667 0.434744275 0.5281326104166667 0.43286987187500003 0.5050434291666667 0.4160214640625 0.46554559999999995 0.4054029953125 0.46387383125 0.39569168593750004 0.46983882708333335 0.392696884375 0.46655709791666666 0.376995971875 0.4659586375
0 0.22024250625000003 0.7691393979166666 0.2258095546875 0.7575259666666666 0.23243495468750003 0.7548220979166668 0.22944015156250003 0.75154036875 0.22565836093749997 0.756253175 0.22351063437500002 0.7527925583333333 0.2184281890625 0.7538658666666667 0.2130724203125 0.7745677416666666 0.205993440625 0.7734532291666666 0.20209148125 0.7625347333333334 0.191957615625 0.7503228416666666 0.19120165 0.74395886875 0.19471207968749998 0.7223419708333334 0.19779798906249998 0.7190808437499999 0.199705378125 0.6912788583333334 0.18149426875000002 0.6768585437500001 0.168183384375 0.6744506333333333 0.163221109375 0.6911552395833334 0.167183153125 0.7098893854166667 0.1642484375 0.71442330625 0.15172454375 0.7040208604166666 0.138171359375 0.7068830125000001 0.1394099640625 0.7392395229166666 0.13462990625 0.7428584166666667 0.1226507 0.7297315 0.11372637968749999 0.7277019625 0.10286561093749999 0.7313002541666667 0.10334825156250001 0.7572927916666666 0.10870205625 0.7731235791666666 0.12845612343749999 0.7859133312500001 0.1322068890625 0.79555903125 0.1280316046875 0.8042691041666666 0.108095321875 0.8045650645833333 0.0928169640625 0.8221434916666667 0.09317943437500001 0.8325047291666666 0.1025263109375 0.8527111541666667 0.09580980312500001 0.86195788125 0.0898182359375 0.8919270833333334 0.09235749531250001 0.9279230937499999 0.0991030640625 0.9408505208333333 0.11162695781250001 0.9512529666666667 0.1401851734375 0.95044095625 0.1505923640625 0.94302428125 0.1670492421875 0.9499867145833334 0.17909049531250001 0.9343966208333333 0.1788792171875 0.9253081770833333 0.1827521171875 0.9140525145833334 0.1781853 0.89022719375 0.182662971875 0.8840627083333333 0.19070919375 0.9006296375 0.19179660625 0.9317133541666667 0.20108339687500001 0.94410413125 0.206286009375 0.9586621229166667 0.2278854171875 0.9723669 0.23650735156249997 0.9718508499999999 0.241680903125 0.9642346875 0.2499713890625 0.93899889375 0.248157071875 0.9237253625 0.25457119375000004 0.9119330458333333 0.252454490625 0.8941139291666667 0.2618634140625 0.88560334375 0.257296596875 0.8617780208333333 0.25055102812499996 0.8488505916666667 0.26313696875 0.830536025 0.2607178796875 0.8101713166666666 0.25242935625 0.7988744479166667 0.2461974515625 0.7975810520833334 0.2370618546875 0.78646306875 0.22130085781250003 0.7780489583333333 0.22024250625000003 0.7691393979166666
0 0.5787256562499999 0.32941744791666666 0.56051454375 0.31499713333333335 0.5493513890624999 0.3160498395833333 0.5501674390625 0.33022945833333334 0.5432086296875 0.3447462458333333 0.5432687140625 0.3525618979166667 0.545476525 0.36383816041666667 0.56353644375 0.37698568125 0.5718850515625 0.39609819791666667 0.5818677234375 0.40703729583333337 0.584498090625 0.43649044791666664 0.5893072078125 0.45504570833333335 0.596930875 0.4534357479166667 0.609668009375 0.436393975 0.62161815625 0.42734673749999996 0.622496253125 0.41280934583333334 0.6383483578125 0.4146806041666667 0.64282603125 0.40851611875 0.64500478125 0.39761822708333333 0.6421321125 0.37343513749999996 0.63898611875 0.3688806125 0.6360223421875 0.35124037916666667 0.62304486875 0.33701955 0.619687596875 0.32337658333333336 0.6026259453125 0.31132297291666666 0.584141509375 0.316531225 0.5787256562499999 0.32941744791666666
0 0.635496896875 0.5588023145833334 0.6490500828125 0.5559401625 0.6459661359375 0.5226686270833334 0.64276005625 0.5102984541666666 0.615595565625 0.4716744458333333 0.6024358750000001 0.47053933125 0.583528884375 0.45757069375000003 0.5820770375000001 0.45265840208333336 0.540419215625 0.4601509458333333 0.515369465625 0.47587871875 0.51034710625 0.48476767499999995 0.5199362828125 0.4997040395833333 0.5328536703125 0.5061092166666666 0.5312796921875 0.5220982854166667 0.5088021875 0.5229308979166667 0.5050203953125 0.5276437041666667 0.511583746875 0.5536568458333334 0.5005407609375 0.5703408499999999 0.501054425 0.5819748833333332 0.49542729375 0.5857726625 0.4847467765625 0.6128179041666667 0.48271921874999996 0.6249885895833334 0.47893742812499995 0.6297013958333333 0.4789975125 0.6375170458333332 0.47591160156249995 0.6407781729166667 0.475184696875 0.65658835625 0.47978253750000005 0.6660551729166666 0.4891604375 0.67190309375 0.4986294453125 0.6712081583333334 0.500777171875 0.6746687729166666 0.5140880546875 0.6770766833333333 0.52425294375 0.67493006875 0.53308615625 0.6835024625 0.545792265625 0.6808191958333333 0.5582250515625 0.6977644958333333 0.568389940625 0.6956178833333334 0.5704775828125 0.6912628479166667 0.5824858500000001 0.7265639187499999 0.591107784375 0.7260478687499999 0.5957366484375 0.72115618125 0.6225406312499999 0.7128862875 0.6359135625000001 0.6865771875 0.6448378828125 0.688606725 0.652099078125 0.676635525 0.6515253296875 0.65718584375 0.6559118921875 0.6575642145833334 0.673578315625 0.6747090041666667 0.679356640625 0.67218401875 0.6854082921875 0.6500304645833332 0.6802677265625 0.6067554604166666 0.6743692328125 0.5936491458333334 0.6501685187499999 0.5726653729166666 0.6334693390624999 0.5709730000000001 0.6327133734375 0.5646090291666667 0.635496896875 0.5588023145833334
0 0.83742964375 0 0.8381262734374999 0.0058644625 0.8466260765625 0.026249772916666667 0.8625692890625001 0.02157817291666667 0.8592647937500001 0 0.83742964375 0
0 0.74044278125 0 0.7297919046875 0.022218816666666665 0.7196270171875 0.024365429166666668 0.7048642859375 0.01704522916666667 0.69600005 0.022831339583333332 0.6943659875 0.031004758333333333 0.69890178125 0.06918858541666667 0.71154584375 0.09522233125 0.7449752265625 0.08424856875 0.752236421875 0.07227737083333333 0.7537192921875 0.06283115833333333 0.767363584375 0.05342615 0.773595490625 0.054719547916666667 0.78064344375 0.07019256666666666 0.7936209171875 0.08441339375 0.801940465625 0.08135175416666666 0.82169649375 0.05760884583333334 0.8236038828125001 0.029806858333333335 0.8206258343749999 0 0.74044278125 0
0 0.43326729375 0.42798083958333333 0.42013666406250005 0.44901987916666664 0.42001453125 0.4699212395833333 0.4367718328125 0.5159619229166666 0.4469367203125 0.5138153083333333 0.453955615625 0.5071141729166667 0.45797970781249997 0.49713130625 0.45731485000000005 0.48422447916666667 0.46049187031249994 0.47442049791666663 0.45913113125000005 0.46296534791666666 0.4626105359375 0.45570695625 0.4636398265625 0.4424423604166667 0.46990275625000005 0.4293772520833333 0.4686331265625 0.4113792479166667 0.4568651984375 0.40734077291666665 0.445733065625 0.39403497083333333 0.440650621875 0.39510827916666663 0.43547706875000003 0.4027244395833333 0.43326729375 0.42798083958333333
0 0.7547152078125 0.67062180625 0.750237534375 0.6767862895833333 0.748874834375 0.7018638041666667 0.7420672171875 0.7176533833333333 0.7326893171875 0.7118054625 0.7180467578124999 0.7201165604166667 0.71671508125 0.73083556875 0.7239142281250001 0.7475813791666667 0.7281786578125 0.7688611145833334 0.7231563000000001 0.7777500729166668 0.7156838265625 0.780632825 0.70896731875 0.78987955 0.7110239375 0.7998830208333333 0.7177094203125 0.8049948020833334 0.7148948734375 0.8251600208333334 0.7393068656249999 0.8552322395833334 0.7446916953125 0.8567045208333333 0.749985415625 0.8647196583333333 0.7524956140625 0.8785415104166667 0.7629028046874999 0.8711248354166667 0.7666245125 0.85859638125 0.7672002234375 0.8415134020833333 0.7702861328124999 0.838252275 0.7842017890624999 0.8457513624999999 0.798479915625 0.8636116875000001 0.80622375 0.8776330291666666 0.8090964187499999 0.90181611875 0.8072801390625 0.9230752479166667 0.8147526125000001 0.92019249375 0.8166890625000001 0.9145646645833333 0.814421165625 0.8954727499999999 0.8165999171875 0.8845748583333334 0.80613460625 0.8476432229166666 0.825314921875 0.8409832916666667 0.8361466328124999 0.81521084375 0.8335763500000001 0.7935733416666667 0.8250765484375 0.7731880291666666 0.80865069375 0.7518670895833334 0.8036903828125 0.7320390354166667 0.8005443874999999 0.7274845104166666 0.788231771875 0.7261705104166667 0.7876269984375 0.7210793333333334 0.79643115 0.7074775729166666 0.795403821875 0.68420950625 0.7872664921875 0.6741854333333334 0.778342171875 0.6721558958333333 0.7751961781250001 0.6676013729166667 0.7629436468749999 0.6741030208333334 0.7547152078125 0.67062180625
0 0.491580596875 0 0.49122333593749995 0.0021445041666666668 0.48117861562500003 0.019922416666666668 0.48846887343749995 0.030125372916666667 0.4859877359375 0.038477674999999996 0.48743958281250005 0.04338996875 0.5037142421875 0.06343811458333333 0.5224700390625 0.07513395416666667 0.539411521875 0.07155626458333333 0.5527224046875 0.073964175 0.5605883734375 0.06708415416666667 0.569966271875 0.072932075 0.575744596875 0.07040708958333333 0.5838528671875001 0.05825700625 0.5892086375 0.03755513333333334 0.5872431265625 0.021008808333333334 0.5898754562499999 0.013929297916666666 0.58822081875 0 0.491580596875 0
0 0.4704868609375 0 0.2999241140625 0.0360193125 0.30571215625 0.07785286041666667 0.31236661718750003 0.09732314583333333 0.3165399390625 0.1251457375 0.351269975 0.11781147291666666 0.367848984375 0.10387254583333334 0.3727201515625 0.09371079375 0.37925444218750004 0.09754977916666667 0.3862112875 0.11956565416666667 0.4004894140625 0.13742597916666668 0.410654303125 0.13527936666666665 0.420003140625 0.11895313125000001 0.4340099046875 0.1199093625 0.437640503125 0.1139237625 0.4596644296875 0.10927276666666666 0.461752071875 0.10491772916666667 0.47645471562499997 0.10442228333333332 0.486166025 0.0984572875 0.499750234375 0.08123663125 0.5008396109375 0.07578768333333333 0.49218861562500005 0.05412957916666667 0.482145859375 0.035374831249999995 0.47231438125 0.02570852708333333 0.4866237921875 0 0.4704868609375 0
0 0 0.3611154458333333 0.011585426562499999 0.3356747895833333 0.0158207984375 0.3347803666666667 0.022263979687499998 0.34516221041666667 0.022444234375 0.36860915833333335 0.03242690625 0.37954825625 0.0438323625 0.3732254916666667 0.0486725046875 0.37742224583333334 0.07962074999999999 0.3748007875 0.090421434375 0.36338684583333336 0.089907771875 0.3517528125 0.08461405 0.34373767499999996 0.08022945000000001 0.30682664375 0.0812296796875 0.27138789166666666 0.083862009375 0.26430838125 0.08159411250000001 0.24521646875 0.05421638125 0.23403667708333334 0.041783596875 0.217091375 0.037579249999999995 0.20362729166666668 0.0314384546875 0.19579103958333333 0.012560525 0.20499655833333333 0 0.21958029583333336 0 0.3611154458333333
0 0.7075331421875 0.45617330625 0.7128559250000001 0.4863626 0.7061083921875 0.50996783125 0.7068643578125 0.5163318020833334 0.7174518015625 0.5323620770833333 0.737054675 0.5438790333333333 0.74876251875 0.5401018583333334 0.753633684375 0.52994010625 0.7509122078125 0.5070298083333333 0.75484519375 0.5035898 0.7498247953125 0.47594609375 0.7509451968749999 0.4561386416666667 0.7461671015625 0.42322487708333334 0.7368202265625 0.40301845000000003 0.7321312765625 0.4000944895833333 0.72266226875 0.40078942500000003 0.70777740625 0.4143705833333333 0.7075331421875 0.45617330625
0 0.47325021093749997 0.625683525 0.469014840625 0.6265779479166667 0.456793334375 0.6187210916666667 0.4567332484375 0.6109054416666667 0.46538620625 0.5960308875 0.4668690765625 0.5865846729166667 0.46680899218749994 0.5787690229166667 0.4597610375 0.5632960041666667 0.4481753265625 0.54617181875 0.4336548984375 0.53358155625 0.424881771875 0.5328248104166666 0.41674444062499993 0.5228007395833333 0.40742662812499997 0.52476846875 0.39384241875 0.5419891270833334 0.365888975 0.5478923145833333 0.348827325 0.5358387020833334 0.3386624359375 0.5379853145833333 0.3260764953125 0.5562998833333332 0.32111421875 0.5730044895833333 0.32193026874999997 0.5871841104166666 0.314275578125 0.603152575 0.31448685625 0.6122410208333334 0.3106139578125 0.62349668125 0.3052892109375 0.62984005 0.305742790625 0.6336584333333334 0.3095245828125 0.6289456270833333 0.311672309375 0.6324062416666667 0.3087976765625 0.6447558125 0.3155432453125 0.6576832416666666 0.3208369671875 0.6656983791666666 0.330910746875 0.6700946208333334 0.32994154062500003 0.6911748666666667 0.3353864546875 0.7004628 0.3383502328125 0.7181030354166666 0.333932646875 0.73208316875 0.33568687812500003 0.7395410479166666 0.3519925625 0.7452306895833334 0.3633980203125 0.7389079229166666 0.3779494734375 0.7371396833333334 0.3852707515625 0.7329841333333333 0.39014191875000004 0.72282238125 0.3991573484375 0.7183090645833333 0.39897513125 0.731394775 0.407535015625 0.7595957375 0.4185159546875 0.7716287458333333 0.42477692031250003 0.7950962979166667 0.42892118281249997 0.8007447312499999 0.433488 0.8245700520833333 0.43618041406249997 0.82530619375 0.4422010421875 0.8175111458333333 0.451732096875 0.7880992 0.45890218281250006 0.78267085625 0.46292627656249996 0.7726879895833334 0.490486225 0.77078206875 0.495810971875 0.7644387020833334 0.49590404218749995 0.7213631833333333 0.4930313734375 0.69718009375 0.48928060625 0.6875343937499999 0.4894628234375 0.6744486833333333 0.476696628125 0.6693162979166666 0.47140290625 0.6613011604166666 0.47143393125 0.6469426562499999 0.47491333437499994 0.6396842625 0.47325021093749997 0.625683525
0 0.44417479374999996 0.11776274791666667 0.433918796875 0.12645221875 0.4283517484375 0.13806564791666667 0.42677777031249997 0.15405471666666667 0.42075714375000006 0.16184976250000002 0.41691526718749994 0.15874691875 0.41585691562499993 0.14983735833333334 0.4049360625 0.1456200020833333 0.3926544703125 0.12994749583333334 0.3862713734375 0.12738130416666665 0.38097765 0.11936616666666668 0.37876983750000004 0.10808990416666667 0.372689128125 0.1080693 0.35550534375 0.11691705208333333 0.3459142046875 0.13851334583333333 0.341950196875 0.1563118625 0.3429775234375 0.17957992916666665 0.3393469265625 0.18556552916666666 0.3247043671875 0.19387662708333334 0.31550672031250004 0.21147565416666667 0.3120874 0.2265497 0.31250995625 0.2447265875 0.307850065625 0.26397678125 0.308121428125 0.28088087500000003 0.32678611874999997 0.29911957291666663 0.345572940625 0.29645691041666666 0.3532566921875 0.3026626 0.3453597 0.32390112708333335 0.34777878906250004 0.34426583541666667 0.358759728125 0.35629884375000004 0.3643248125 0.381218075 0.3698608359375 0.38396315 0.39360600625000003 0.43766120208333337 0.4006849859375 0.4387757166666667 0.42007854375000003 0.4046715666666667 0.422197209375 0.385958025 0.426221303125 0.37597515833333334 0.42531414375 0.36833839375 0.4446747140625 0.3851254125 0.44642894687499995 0.39258329166666667 0.46025349374999996 0.4066252354166667 0.4787980140625 0.4092326333333334 0.4827309984375 0.40579262083333334 0.48285313125 0.38489126041666666 0.4857878484375 0.38035733958333334 0.5080230515624999 0.38479478749999996 0.514194871875 0.37827253541666667 0.516676009375 0.36992023125 0.5296244203125 0.36196690416666666 0.54205916875 0.3423795416666667 0.5443891140625 0.33275444375 0.5428771828125 0.32002650208333333 0.5297194562499999 0.282358725 0.5187986015625 0.27814136666666667 0.5181938296874999 0.2730501895833333 0.5093606187499999 0.26447779791666665 0.508453459375 0.25684103124999996 0.4900000484375 0.2476907770833333 0.4918764125 0.23424729791666668 0.4845861578125 0.22404433958333334 0.4862202203125 0.21587092291666668 0.494388575 0.2115364875 0.5001068140625 0.20119585208333335 0.5055847171875001 0.15959261875 0.491457784375 0.14300508541666668 0.4737002546875 0.13240315416666668 0.46755945781249997 0.12456690208333333 0.4580904484375 0.12526183541666666 0.44417479374999996 0.11776274791666667
0 0.09067551562500001 0.13892081666666664 0.08513949374999999 0.13617573958333334 0.08338526093750001 0.12871785833333332 0.08341628437500001 0.11435935416666668 0.0902239015625 0.09856977083333333 0.08946793593749999 0.09220579999999999 0.0758546671875 0.08725230208333333 0.072738853125 0.08399612708333333 0.0120823015625 0.09680553333333333 0.00830001875 0.11065150208333334 0.010023228125 0.13246788958333333 0.0158616390625 0.13775855416666666 0.0241811859375 0.13469691666666667 0.05373570625 0.17151147708333334 0.072220140625 0.16630322291666666 0.0776960796875 0.16123265 0.0864692078125 0.16198939166666668 0.092338640625 0.15292155208333333 0.09067551562500001 0.13892081666666664
0 0.10286599999999999 0.16113617708333333 0.11015625625 0.17133913333333334 0.11611483593750001 0.19226109791666665 0.12289142812500001 0.19083002291666668 0.149726434375 0.168201625 0.152661153125 0.16366770625 0.1519962953125 0.15076087916666667 0.1574121484375 0.13787465625 0.165187009375 0.1375374875 0.17568334531250002 0.16011061875000002 0.2184596015625 0.16934328333333332 0.259603759375 0.15021670833333334 0.2590629984375 0.07987585625 0.2542538796875 0.06132059583333334 0.2572797046875 0.050243820833333334 0.2553196140625 0.04543885833333334 0.0908601875 0.08016927708333334 0.0950349828125 0.08059237083333333 0.0991792453125 0.08624080416666667 0.0968493 0.09586590208333333 0.08704688125 0.10837375416666667 0.08762062968749999 0.12782343541666666 0.08991955 0.13255684375000001 0.09430611562499999 0.13293521666666666 0.09666512031249999 0.145484275 0.1015052625 0.14968102916666667 0.10286599999999999 0.16113617708333333
0 0.2453125 0.4864583333333333 0.0015625 0.0125
0 0.2158696875 0.5130323958333334 0.2137529828125 0.49521327708333335 0.217565796875 0.47614196458333335 0.2156002875 0.4595956395833333 0.21977557343749998 0.45088556875 0.20915710625 0.4492138 0.1997481828125 0.4577243833333334 0.1912464171875 0.4738717333333333 0.1916689734375 0.4920486229166666 0.18516374375 0.51038379375 0.1874626640625 0.5151172020833333 0.1829539671875 0.5356401895833333 0.18367890781250001 0.5563626666666667 0.1927834828125 0.5818391541666668 0.2052472921875 0.58442595 0.2174998234375 0.5779243 0.2201612140625 0.5930189458333334 0.2256061296875 0.6023068791666667 0.2308397671875 0.6025063666666667 0.246812040625 0.6200089229166666 0.257430509375 0.6216806916666666 0.26505417656249997 0.62007073125 0.2675353125 0.6117184291666666 0.2604582984375 0.5740712541666666 0.255013384375 0.5647833208333334 0.2503845171875 0.5696750104166667 0.245544375 0.5654782562499999 0.2404929546875 0.5521930583333333 0.2158696875 0.5130323958333334