0 0.5625 0 0.5640432093750001 0.009259258333333333 0.5578703703125 0.024305556250000002 0.5570987656249999 0.041666666666666664 0.5524691359375 0.06018518541666666 0.5570987656249999 0.082175925 0.5856481484375 0.09490740833333335 0.5995370375 0.09490740833333335 0.6018518515625 0.09143518541666666 0.6057098765625 0.09606481458333334 0.6072530859375 0.10416666666666667 0.615740740625 0.10995370416666667 0.625 0.10879629583333333 0.6373456796875 0.09027777708333334 0.64351851875 0.07754629583333333 0.64351851875 0.06597222291666667 0.64737654375 0.06018518541666666 0.648919753125 0.042824074999999996 0.6535493828125001 0.03587962916666666 0.6535493828125001 0.024305556250000002 0.6458333328125 0.00694444375 0.63580246875 0.00694444375 0.625 0.019675925 0.6111111109375 0.024305556250000002 0.608796296875 0.01851851875 0.6095679015625 0.010416666666666666 0.6033950625 0 0.5625 0
0 0.51466049375 0 0.523919753125 0.01851851875 0.523919753125 0.06597222291666667 0.530864196875 0.09490740833333335 0.5416666671875 0.09143518541666666 0.55169753125 0.08101851875 0.5470679015625 0.052083333333333336 0.5570987656249999 0.03240740833333333 0.5570987656249999 0.019675925 0.5601851859375 0.010416666666666666 0.5578703703125 0 0.51466049375 0
0 0.54783950625 0.23379629583333333 0.5524691359375 0.23495370416666667 0.5524691359375 0.22569444375 0.546296296875 0.22569444375 0.5416666671875 0.230324075 0.5393518515625 0.23379629583333333 0.5447530859375 0.24768518541666668 0.54783950625 0.24768518541666668 0.54783950625 0.23379629583333333
0 0.5486111109375 0.14004629583333333 0.5632716046875 0.16319444375 0.5617283953125 0.17245370416666667 0.5524691359375 0.17708333333333334 0.55169753125 0.1932870375 0.546296296875 0.207175925 0.5524691359375 0.21643518541666668 0.5625 0.21527777708333332 0.57330246875 0.1932870375 0.5856481484375 0.18865740833333333 0.586419753125 0.17708333333333334 0.5918209875 0.17129629583333333 0.597222221875 0.167824075 0.6095679015625 0.17013888958333334 0.6134259265625001 0.16666666666666666 0.615740740625 0.144675925 0.61033950625 0.12847222291666666 0.61033950625 0.113425925 0.601080246875 0.09606481458333334 0.5871913578125 0.0995370375 0.571759259375 0.09375 0.566358025 0.08680555625 0.5563271609375 0.08564814791666667 0.5432098765625 0.09143518541666666 0.534722221875 0.0995370375 0.5339506171874999 0.10879629583333333 0.5378086421875 0.125 0.54398148125 0.13773148124999998 0.5486111109375 0.14004629583333333
0 0.9081790125 0.9108796291666666 0.9120370375 0.8969907416666667 0.9166666671874999 0.8912037041666667 0.9259259265625 0.8900462958333333 0.9290123453125 0.90625 0.9228395062500001 0.9224537041666667 0.9236111109375 0.9513888895833333 0.9313271609375 0.9490740750000001 0.9367283953125 0.9537037041666667 0.9375 0.9733796291666666 0.9413580250000001 0.9768518520833334 0.9436728390625 0.9884259249999999 0.94830246875 0.9965277770833333 0.965277778125 0.9976851854166667 0.9706790125 0.9884259249999999 0.9714506171874999 0.9756944437499999 0.9760802468750001 0.9594907416666667 0.9753086421875 0.9363425916666667 0.983796296875 0.92476851875 0.9822530859375 0.9108796291666666 0.9861111109375 0.8888888895833333 0.9853395062500001 0.8738425916666667 0.990740740625 0.8634259249999999 0.9992283953125 0.8599537041666667 0.9992283953125 0.7013888895833333 0.98148148125 0.7071759249999999 0.9753086421875 0.6990740750000001 0.9621913578125 0.7118055562500001 0.95601851875 0.7118055562500001 0.9421296296874999 0.6979166666666666 0.9375 0.6979166666666666 0.932098765625 0.7037037041666667 0.9251543203124999 0.7349537041666667 0.9081790125 0.7233796291666666 0.8973765437500001 0.7291666666666666 0.88580246875 0.7430555562500001 0.8850308640625 0.76273148125 0.8942901234375 0.7743055562500001 0.9050925921875 0.78125 0.9089506171874999 0.7905092583333333 0.9066358031249999 0.7962962958333333 0.8927469140625 0.7974537041666667 0.8811728390625 0.8055555562500001 0.880401234375 0.8263888895833333 0.8765432093750001 0.8368055562500001 0.8788580250000001 0.8530092583333333 0.875 0.8657407416666667 0.8742283953125 0.9039351854166667 0.8765432093750001 0.9212962958333333 0.9020061734375 0.9166666666666666 0.9081790125 0.9108796291666666
0 0 0.49652777708333334 0.00771605 0.49189814791666664 0.013117284375 0.4791666666666667 0.027006173437499996 0.46064814791666664 0.018518518749999997 0.44212962916666665 0.006172839062499999 0.44444444375000003 0 0.4479166666666667 0 0.4664351854166667 0.006172839062499999 0.4710648145833333 0.009259259374999999 0.4791666666666667 0.006172839062499999 0.48379629583333333 0 0.48379629583333333 0 0.49652777708333334
0 0 0.21643518541666668 0.004629629687499999 0.21643518541666668 0.016975309375 0.19675925833333335 0.0177469140625 0.17013888958333334 0.010802468749999999 0.14930555625 0.0177469140625 0.14004629583333333 0.0231481484375 0.113425925 0.031635803125 0.09606481458333334 0.0339506171875 0.082175925 0.0524691359375 0.050925925000000004 0.049382715625000004 0.025462962500000002 0.0339506171875 0.010416666666666666 0.031635803125 0.004629629166666666 0.0154320984375 0 0.0030864203125 0.0011574083333333333 0 0.002314814583333333 0 0.042824074999999996 0.001543209375 0.04976851875 0.004629629687499999 0.052083333333333336 0 0.06018518541666666 0 0.21643518541666668
0 0.48070987656249997 0.5821759249999999 0.48533950625 0.5925925916666667 0.48533950625 0.5995370375 0.49305555625 0.6145833333333334 0.4953703703125 0.64351851875 0.5100308640625 0.6608796291666666 0.5177469140625 0.6620370375 0.523919753125 0.6539351854166667 0.5270061734375 0.6539351854166667 0.5393518515625 0.6342592583333333 0.5362654328125 0.6134259249999999 0.5285493828125001 0.5960648145833333 0.51080246875 0.5902777770833333 0.5061728390625 0.5856481479166666 0.5100308640625 0.5775462958333333 0.51080246875 0.5682870375 0.5084876546875 0.5567129625 0.5046296296875 0.5509259249999999 0.49228395 0.5416666666666666 0.4861111109375 0.5451388895833333 0.4915123453125 0.5590277770833333 0.48996913593749997 0.5717592583333333 0.48070987656249997 0.5787037041666667 0.48070987656249997 0.5821759249999999
0 0.10185185156250001 0.8287037041666667 0.1072530859375 0.8483796291666666 0.1111111109375 0.8541666666666666 0.1203703703125 0.8530092583333333 0.13811728437499998 0.8321759249999999 0.13580246875 0.8587962958333333 0.13888888906250002 0.8634259249999999 0.1466049375 0.8634259249999999 0.1550925921875 0.8726851854166667 0.1759259265625 0.8726851854166667 0.19135802500000001 0.8587962958333333 0.1936728390625 0.8530092583333333 0.1990740734375 0.8541666666666666 0.20061728437499998 0.8379629625 0.196759259375 0.8321759249999999 0.196759259375 0.8263888895833333 0.1990740734375 0.8240740750000001 0.21064814843750002 0.8287037041666667 0.2168209875 0.8067129625 0.215277778125 0.7974537041666667 0.211419753125 0.7916666666666666 0.21296296250000002 0.7754629625 0.2052469140625 0.7650462958333333 0.19830246875 0.7638888895833333 0.196759259375 0.7604166666666666 0.20601851875000002 0.7291666666666666 0.196759259375 0.7164351854166667 0.18827160468749998 0.7164351854166667 0.17901234531250002 0.7256944437499999 0.171296296875 0.7557870375 0.1666666671875 0.7557870375 0.1643518515625 0.75 0.1666666671875 0.7199074083333333 0.1628086421875 0.7164351854166667 0.1458333328125 0.7129629625 0.1427469140625 0.7210648145833333 0.1311728390625 0.7199074083333333 0.11574074062499999 0.7395833333333334 0.11342592656249999 0.7476851854166667 0.11342592656249999 0.7546296291666666 0.11651234531250002 0.7604166666666666 0.1149691359375 0.7673611104166667 0.1057098765625 0.7789351854166667 0.1072530859375 0.7951388895833333 0.10185185156250001 0.8055555562500001 0.1041666671875 0.8148148145833333 0.10185185156250001 0.8287037041666667
0 0.2986111109375 0.50694444375 0.30555555624999997 0.5104166666666666 0.31172839531249996 0.5011574083333333 0.32021605000000003 0.4976851854166667 0.33487654375 0.47800925833333335 0.336419753125 0.457175925 0.3418209875 0.44328703750000004 0.351080246875 0.4479166666666667 0.3626543203125 0.4479166666666667 0.375 0.43402777708333334 0.378858025 0.417824075 0.384259259375 0.41087962916666665 0.3834876546875 0.39120370416666667 0.375 0.38078703750000004 0.37654320937499997 0.37152777708333334 0.3811728390625 0.3645833333333333 0.3796296296875 0.3541666666666667 0.3726851859375 0.34490740833333333 0.365740740625 0.34490740833333333 0.35648148125 0.35879629583333333 0.3533950625 0.3726851854166667 0.34722222187499996 0.38425925833333335 0.3425925921875 0.38425925833333335 0.34104938281249997 0.3773148145833333 0.336419753125 0.37615740833333333 0.34104938281249997 0.363425925 0.3387345671875 0.35648148125 0.3341049375 0.35300925833333335 0.3225308640625 0.3541666666666667 0.3040123453125 0.3726851854166667 0.3024691359375 0.3854166666666667 0.2970679015625 0.3854166666666667 0.292438271875 0.39004629583333333 0.27854938281249997 0.42129629583333333 0.27854938281249997 0.45254629583333333 0.2862654328125 0.45949074166666665 0.29398148125 0.49652777708333334 0.2986111109375 0.50694444375
0 0.45601851875 0.2789351854166667 0.45987654375 0.27430555624999997 0.47222222187499996 0.30671296249999996 0.486882715625 0.32754629583333333 0.5046296296875 0.3414351854166667 0.513117284375 0.3414351854166667 0.5192901234375 0.3263888895833333 0.520061728125 0.3101851854166667 0.516975309375 0.29629629583333333 0.50771605 0.2789351854166667 0.5054012343750001 0.26504629583333333 0.49922839531249996 0.2557870375 0.48996913593749997 0.24768518541666668 0.48379629687500003 0.24768518541666668 0.47067901250000005 0.230324075 0.4660493828125 0.22916666666666666 0.45987654375 0.2129629625 0.45601851875 0.207175925 0.4498456796875 0.20601851875000002 0.4459876546875 0.199074075 0.441358025 0.199074075 0.42746913593749997 0.21180555625 0.42669753125 0.24074074166666665 0.441358025 0.2708333333333333 0.450617284375 0.2789351854166667 0.45601851875 0.2789351854166667
0 0.575617284375 0.28587962916666665 0.571759259375 0.292824075 0.571759259375 0.31712962916666665 0.582561728125 0.34837962916666665 0.593364196875 0.34953703750000004 0.6041666671875 0.3414351854166667 0.6234567906249999 0.33564814791666664 0.6296296296875 0.32754629583333333 0.64737654375 0.32754629583333333 0.6520061734375 0.31944444375000003 0.6581790125 0.28819444375000003 0.6574074078125001 0.26504629583333333 0.6520061734375 0.25462962916666665 0.6520061734375 0.24884259166666667 0.6581790125 0.24305555625 0.6581790125 0.22916666666666666 0.6504629625 0.21990740833333333 0.63580246875 0.21990740833333333 0.625 0.22800925833333335 0.6149691359375 0.22569444375 0.6134259265625001 0.21759259166666667 0.6188271609375 0.207175925 0.6203703703125 0.1932870375 0.6149691359375 0.175925925 0.604938271875 0.17129629583333333 0.5964506171874999 0.17129629583333333 0.5925925921874999 0.17476851875000002 0.5871913578125 0.18055555625 0.5871913578125 0.19444444375 0.58487654375 0.199074075 0.5748456796875 0.20138888958333334 0.5570987656249999 0.23495370416666667 0.5578703703125 0.2604166666666667 0.571759259375 0.2708333333333333 0.575617284375 0.27777777708333334 0.575617284375 0.28587962916666665
0 0.097222221875 0.10763888958333333 0.108796296875 0.10416666666666667 0.11805555625 0.11689814791666667 0.119598765625 0.12962962916666668 0.12345679062499999 0.13425925833333335 0.1296296296875 0.136574075 0.13888888906250002 0.12152777708333334 0.148919753125 0.12615740833333333 0.1520061734375 0.13888888958333334 0.1481481484375 0.15277777708333332 0.13888888906250002 0.17013888958333334 0.1350308640625 0.19560185208333333 0.13811728437499998 0.20254629583333333 0.13811728437499998 0.21643518541666668 0.145061728125 0.22569444375 0.1458333328125 0.23495370416666667 0.1496913578125 0.24305555625 0.1682098765625 0.238425925 0.17438271562500002 0.230324075 0.18055555625 0.22800925833333335 0.18672839531250002 0.21875 0.1875 0.2129629625 0.19521605 0.20601851875000002 0.1975308640625 0.18518518541666668 0.20987654375 0.175925925 0.20987654375 0.13888888958333334 0.20216049374999998 0.12384259166666665 0.20216049374999998 0.11458333333333333 0.2052469140625 0.10879629583333333 0.2206790125 0.12615740833333333 0.2492283953125 0.12268518541666666 0.25077160468750004 0.11805555625 0.2453703703125 0.07291666666666667 0.240740740625 0.06712962916666668 0.23919753125 0.050925925000000004 0.23070987656250003 0.041666666666666664 0.22916666718749998 0.020833333333333332 0.23148148124999998 0.004629629166666666 0.22916666718749998 0.0011574083333333333 0.2160493828125 0.0011574083333333333 0.20987654375 0.004629629166666666 0.20216049374999998 0 0.17283950625 0.0011574083333333333 0.1643518515625 0.00694444375 0.1666666671875 0.013888889583333335 0.163580246875 0.019675925 0.1535493828125 0.016203704166666666 0.14043209843749999 0.020833333333333332 0.12577160468749998 0.02893518541666667 0.1149691359375 0.041666666666666664 0.07716049375 0.03240740833333333 0.0671296296875 0.0370370375 0.056327160937499995 0.052083333333333336 0.047839506250000004 0.06944444375 0.0486111109375 0.07291666666666667 0.078703703125 0.082175925 0.097222221875 0.10763888958333333
0 0.023919753125000002 0.18981481458333332 0.0331790125 0.21064814791666667 0.042438271875 0.21875 0.046296296875 0.23726851875000002 0.057870370312499995 0.238425925 0.0686728390625 0.22916666666666666 0.0910493828125 0.2245370375 0.10185185156250001 0.24189814791666667 0.11574074062499999 0.24768518541666668 0.12114197499999999 0.26504629583333333 0.1242283953125 0.26504629583333333 0.12577160468749998 0.23148148124999998 0.1296296296875 0.22800925833333335 0.1296296296875 0.21643518541666668 0.13348765468749998 0.20601851875000002 0.1296296296875 0.19444444375 0.134259259375 0.18518518541666668 0.134259259375 0.17708333333333334 0.12345679062499999 0.16666666666666666 0.12654320937500002 0.14930555625 0.12577160468749998 0.13773148124999998 0.1296296296875 0.13541666666666666 0.1226851859375 0.13541666666666666 0.1203703703125 0.13194444375 0.11882716093750001 0.1192129625 0.11033950625 0.10416666666666667 0.0949074078125 0.105324075 0.07638888906249999 0.082175925 0.0625 0.07754629583333333 0.0432098765625 0.07754629583333333 0.0393518515625 0.082175925 0.0324074078125 0.10995370416666667 0.026234567187500002 0.11689814791666667 0.01466049375 0.144675925 0.013888889062500001 0.15393518541666668 0.0192901234375 0.16666666666666666 0.0208333328125 0.18865740833333333 0.023919753125000002 0.18981481458333332
0 0 0.44675925833333335 0.0115740734375 0.44328703750000004 0.0177469140625 0.4375 0.0192901234375 0.43055555624999997 0.028549382812500003 0.425925925 0.0324074078125 0.4201388895833333 0.038580246875 0.394675925 0.042438271875 0.40046296249999996 0.0432098765625 0.4166666666666667 0.0447530859375 0.41203703750000004 0.0509259265625 0.41087962916666665 0.055555556250000006 0.40046296249999996 0.057870370312499995 0.3773148145833333 0.06327160468750001 0.36921296249999996 0.064043209375 0.34375 0.071759259375 0.30439814791666664 0.0779320984375 0.29398148125 0.08487654375 0.29050925833333335 0.09567901250000001 0.2951388895833333 0.111882715625 0.27546296249999996 0.125 0.26504629583333333 0.1203703703125 0.24768518541666668 0.108796296875 0.24652777708333332 0.10185185156250001 0.24189814791666667 0.097222221875 0.22569444375 0.086419753125 0.2245370375 0.0625 0.238425925 0.058641975 0.2442129625 0.057098765625000006 0.26851851875 0.0486111109375 0.27314814791666664 0.037808642187500005 0.25462962916666665 0.037808642187500005 0.22569444375 0.023919753125000002 0.21643518541666668 0.013888889062500001 0.21759259166666667 0.0123456796875 0.230324075 0 0.24305555625 0 0.44675925833333335
0 0.652777778125 0 0.6581790125 0.03240740833333333 0.6581790125 0.041666666666666664 0.6520061734375 0.04745370416666667 0.652777778125 0.05439814791666667 0.66512345625 0.06134259166666667 0.6697530859375 0.07291666666666667 0.6790123453125 0.074074075 0.6882716046875 0.08680555625 0.6990740734374999 0.08680555625 0.70601851875 0.10416666666666667 0.70987654375 0.10416666666666667 0.7160493828125001 0.09375 0.7145061734375 0.03240740833333333 0.7175925921874999 0.024305556250000002 0.7229938265625 0.024305556250000002 0.726080246875 0.03587962916666666 0.7438271609375 0.06018518541666666 0.7554012343750001 0.06712962916666668 0.763117284375 0.06712962916666668 0.7692901234375 0.04976851875 0.7692901234375 0.025462962500000002 0.76466049375 0.010416666666666666 0.766975309375 0.004629629166666666 0.7654320984375 0 0.652777778125 0
0 0.5285493828125001 0.39351851875 0.5470679015625 0.394675925 0.5524691359375 0.39814814791666664 0.5679012343750001 0.3854166666666667 0.5671296296875 0.37615740833333333 0.5617283953125 0.36805555624999997 0.5640432093750001 0.35879629583333333 0.5625 0.34490740833333333 0.5570987656249999 0.32754629583333333 0.5509259265625001 0.31828703750000004 0.5432098765625 0.31828703750000004 0.5293209875 0.3333333333333333 0.5254629625 0.32754629583333333 0.520061728125 0.32754629583333333 0.5138888890625 0.3414351854166667 0.513117284375 0.3726851854166667 0.5246913578125 0.37615740833333333 0.5246913578125 0.39004629583333333 0.5285493828125001 0.39351851875
0 0.516203703125 0.5520833333333334 0.5138888890625 0.5601851854166667 0.51851851875 0.5763888895833333 0.538580246875 0.5821759249999999 0.5486111109375 0.5740740750000001 0.558641975 0.5717592583333333 0.5671296296875 0.5601851854166667 0.575617284375 0.5590277770833333 0.58101851875 0.5636574083333333 0.58101851875 0.54976851875 0.575617284375 0.5335648145833333 0.5671296296875 0.52430555625 0.5594135796875 0.5219907416666667 0.5632716046875 0.5162037041666667 0.5709876546875 0.5150462958333333 0.5748456796875 0.5023148145833333 0.571759259375 0.47800925833333335 0.5748456796875 0.46064814791666664 0.571759259375 0.4548611104166667 0.5709876546875 0.44328703750000004 0.5671296296875 0.4375 0.5601851859375 0.43171296249999996 0.553240740625 0.4351851854166667 0.54783950625 0.4583333333333333 0.5370370375 0.47453703750000004 0.5246913578125 0.47453703750000004 0.5208333328125 0.49189814791666664 0.5138888890625 0.5405092583333333 0.5100308640625 0.5462962958333333 0.51080246875 0.5509259249999999 0.516203703125 0.5520833333333334
0 0.48070987656249997 0.46180555624999997 0.48996913593749997 0.46180555624999997 0.494598765625 0.45023148125 0.49922839531249996 0.44675925833333335 0.5015432093750001 0.46180555624999997 0.509259259375 0.47453703750000004 0.516975309375 0.46875 0.5216049375 0.46990740833333333 0.523919753125 0.47453703750000004 0.5362654328125 0.47337962916666665 0.5470679015625 0.457175925 0.5509259265625001 0.44212962916666665 0.55169753125 0.425925925 0.546296296875 0.41319444375000003 0.5054012343750001 0.41087962916666665 0.49305555625 0.4039351854166667 0.4783950625 0.40277777708333334 0.45447530937499997 0.394675925 0.43672839531249996 0.39699074166666665 0.4375 0.42939814791666664 0.46527777812500004 0.42939814791666664 0.4791666671875 0.449074075 0.48070987656249997 0.46180555624999997
0 0.5725308640625 0.70601851875 0.5925925921874999 0.7233796291666666 0.6003086421875 0.7245370375 0.6057098765625 0.7164351854166667 0.6072530859375 0.6840277770833333 0.6242283953125 0.6840277770833333 0.6280864203125 0.6805555562500001 0.6280864203125 0.6620370375 0.6234567906249999 0.6412037041666667 0.6165123453125 0.6261574083333333 0.6180555562500001 0.6180555562500001 0.6057098765625 0.6053240750000001 0.6095679015625 0.5960648145833333 0.5979938265625 0.5821759249999999 0.58101851875 0.5740740750000001 0.57330246875 0.5763888895833333 0.5555555562500001 0.6284722229166667 0.5563271609375 0.6481481479166666 0.5524691359375 0.6886574083333333 0.5640432093750001 0.6944444437499999 0.5725308640625 0.70601851875
0 0.39197530937499997 0 0.3888888890625 0.002314814583333333 0.38966049375 0.009259258333333333 0.39737654375 0.01851851875 0.3796296296875 0.020833333333333332 0.3726851859375 0.025462962500000002 0.361882715625 0.050925925000000004 0.3611111109375 0.0625 0.3572530859375 0.0682870375 0.3572530859375 0.07754629583333333 0.3611111109375 0.08333333333333333 0.3572530859375 0.10763888958333333 0.3595679015625 0.113425925 0.361882715625 0.15856481458333332 0.365740740625 0.1620370375 0.3981481484375 0.15277777708333332 0.43055555625 0.12962962916666668 0.433641975 0.12037037083333332 0.4375 0.11805555625 0.446759259375 0.13888888958333334 0.4421296296875 0.14814814791666667 0.42669753125 0.15393518541666668 0.42206790156249996 0.16319444375 0.42283950625 0.18055555625 0.428240740625 0.19675925833333335 0.435956790625 0.20138888958333334 0.44367283906250005 0.19444444375 0.44830246875 0.20254629583333333 0.45601851875 0.20254629583333333 0.4660493828125 0.22569444375 0.47222222187499996 0.22916666666666666 0.48148148125 0.24305555625 0.48919753125 0.2442129625 0.5084876546875 0.26504629583333333 0.513117284375 0.26388888958333334 0.5300925921874999 0.23263888958333334 0.5408950625 0.20254629583333333 0.5470679015625 0.19560185208333333 0.5486111109375 0.17708333333333334 0.5601851859375 0.16666666666666666 0.5555555562500001 0.15393518541666668 0.5362654328125 0.14351851875000002 0.5285493828125001 0.13425925833333335 0.527777778125 0.12268518541666666 0.5324074078125001 0.12268518541666666 0.5324074078125001 0.11689814791666667 0.523919753125 0.07638888958333333 0.5231481484375 0.052083333333333336 0.5208333328125 0.045138889583333335 0.523919753125 0.020833333333333332 0.513117284375 0 0.4621913578125 0.0011574083333333333 0.4513888890625 0.00694444375 0.4498456796875 0.019675925 0.4459876546875 0.017361110416666665 0.442901234375 0.00694444375 0.4375 0 0.39197530937499997 0
0 0.6388888890625 0.17939814791666667 0.656635803125 0.1932870375 0.67283950625 0.1932870375 0.6820987656249999 0.18518518541666668 0.6828703703125 0.16666666666666666 0.67669753125 0.15625 0.67669753125 0.14930555625 0.6851851859375 0.136574075 0.6851851859375 0.12615740833333333 0.6759259265625001 0.09606481458333334 0.667438271875 0.07870370416666667 0.659722221875 0.07754629583333333 0.6574074078125001 0.08564814791666667 0.64351851875 0.09490740833333335 0.6296296296875 0.11226851875 0.6296296296875 0.13425925833333335 0.6350308640625 0.15393518541666668 0.6350308640625 0.17129629583333333 0.6388888890625 0.17939814791666667