0 0 0.19805049583333334 0.017075659375 0.20760944583333335 0.0254360890625 0.20503590208333333 0.03373614375 0.19286685416666666 0.041138978124999996 0.18938632083333334 0.045243725 0.17610516666666667 0.05337641093749999 0.167592925 0.0527233671875 0.15457457291666668 0.0562052578125 0.13307282083333333 0.0672107296875 0.12728154791666665 0.066532084375 0.12027988541666666 0 0.140760075 0 0.19805049583333334
0 0.1723956625 0.5359494541666667 0.163138009375 0.5472115125 0.1420846609375 0.5597010499999999 0.1297868546875 0.5718989416666667 0.1190996875 0.598022175 0.12293006875000001 0.6016501354166667 0.1419310453125 0.5958011729166667 0.1623313515625 0.5702932854166666 0.1684116625 0.5684216166666667 0.201699765625 0.5942275708333333 0.21655205312499998 0.5644186895833333 0.21329237031249998 0.5455930375 0.2254145921875 0.5508747333333334 0.23236193906249997 0.5355167979166667 0.2405248109375 0.53180230625 0.24006932499999997 0.5199249041666667 0.23620875468750002 0.5114991895833333 0.2407689890625 0.5100954395833334 0.247472159375 0.5164443708333333 0.261213234375 0.521828625 0.27244645156249997 0.52197605 0.2628403078125 0.5081083979166666 0.25799195625000004 0.49397794166666664 0.2568066171875 0.48713225 0.25989339375 0.46334860208333334 0.2500128875 0.4663900604166667 0.20174906718750002 0.5112908666666667 0.19358619375 0.5150053583333334 0.18188105625 0.5306260958333333 0.1723956625 0.5359494541666667
0 0 0.4944901 0.0066357015625000005 0.48482468333333334 0.020909075 0.48403627708333335 0.03448278125 0.49307733541666665 0.038450346875 0.4882507375 0.0326004578125 0.43597221875 0.017811223437500003 0.41528771666666664 0.021490670312499998 0.39492691458333334 0.0191199921875 0.38123553125 0 0.361259975 0 0.4944901
0 0.895826378125 0.08132001041666667 0.9025597359375 0.09246669375000001 0.9162404375 0.08825544166666667 0.9214235296875 0.09507228958333333 0.9240685718750001 0.09185455833333332 0.94490793125 0.10586964166666667 0.9330545390625 0.03741272708333333 0.9020904937499999 0.04814597291666667 0.895826378125 0.08132001041666667
0 0.8213891734375001 0.081400125 0.809881590625 0.09816181041666666 0.8144391453125 0.15684694999999998 0.8182695265625 0.16047490833333333 0.82950274375 0.16062233541666665 0.8296399265625001 0.15216777916666666 0.8334099343749999 0.14620023333333335 0.855374259375 0.15746549999999998 0.8691619562499999 0.14000193958333332 0.8704542906249999 0.13359532083333334 0.8668982734374999 0.11305824791666666 0.8508468921875 0.10357811666666666 0.8486435828125 0.08622992916666666 0.8442205312500001 0.079179125 0.8356323578125 0.07581396458333334 0.8213891734375001 0.081400125
0 0.45984680312500004 0 0.45717113749999994 0.016856364583333335 0.4421377265625 0.017878731250000002 0.4267695765625 0.026214704166666665 0.428152471875 0.034201343749999995 0.4243522765625 0.0353711375 0.4237596078125 0.03194829166666666 0.41585466406249993 0.046399237499999996 0.422467271875 0.03835490833333333 0.43502300937499994 0.03689347083333334 0.47394969062500003 0.08139367291666666 0.48155008125 0.07905408750000001 0.4928601046875 0.06115145208333333 0.49279973125 0.051555947916666664 0.5047929875 0.05146941666666667 0.5117705203125 0.04090923541666667 0.5176532765624999 0.037896618750000007 0.5204656890625 0.031022083333333332 0.523217728125 0.01455204375 0.5180044500000001 0.0029374416666666666 0.5174958281250001 0 0.45984680312500004 0
0 0.6395521921875 0 0.635489515625 0.006430810416666667 0.639045534375 0.026967883333333335 0.660872678125 0.046687708333333335 0.6741418328125001 0.06784012708333333 0.6807078203125 0.0826436125 0.687987225 0.12006095624999999 0.7107883968750001 0.11304220208333333 0.71492333125 0.10455880208333333 0.716352846875 0.08969762708333334 0.7110188203125001 0.058892016666666665 0.7062006546874999 0.0495593125 0.694147025 0.04005034166666666 0.69639695625 0.0345507125 0.6929314984375 0.028406895833333334 0.6767127484375 0.022583570833333334 0.67228781875 0 0.6395521921875 0
0 0.7177961171875 0.10727977291666665 0.717066265625 0.11231148333333334 0.6904950859375 0.12529778333333333 0.6852653734375 0.14132875208333334 0.677664984375 0.14366833541666668 0.6731349359375 0.1498698375 0.6843352859375 0.2053084 0.6967840265625 0.21709927083333333 0.6974370703125 0.23011762291666665 0.7083053625 0.23278090625 0.71500853125 0.2391298375 0.7186111703125 0.23681909583333333 0.72384088125 0.22078812708333334 0.7282941203125 0.2326366875 0.735194846875 0.24012656666666665 0.7437830203125 0.24349172500000002 0.747583215625 0.24232193333333332 0.751155665625 0.23521343958333332 0.7605038796875 0.23834463958333335 0.799828353125 0.22503785208333332 0.8158961687499999 0.20687241250000002 0.8060019078125 0.17747055416666668 0.8017764125 0.17156069583333336 0.796275015625 0.1444118875 0.7918519640625 0.13736108333333333 0.79285618125 0.11542025833333333 0.7863505671875 0.11021227708333334 0.7679422609375 0.11948408333333332 0.7589891609375 0.11863478125 0.7213987562499999 0.10496903333333334 0.7177961171875 0.10727977291666665
0 0.5656950640625 0.19976709583333332 0.552834775 0.21333989375 0.5416317453125 0.21799021875 0.5349285781249999 0.2116412875 0.5312051906249999 0.19476101875 0.525687359375 0.19525777916666665 0.5181939640625 0.18434505208333332 0.5050455578124999 0.18238364583333333 0.496199453125 0.16828203333333333 0.48992158437500005 0.16901275416666667 0.4865466890625 0.17726219583333333 0.4801014515625 0.18164971875000002 0.4761640734375 0.1912740666666667 0.47476474375000005 0.21093299583333333 0.47750034843750006 0.2221085229166667 0.48842901406249994 0.23436731041666667 0.489614353125 0.24121300208333332 0.48382215781250004 0.25861887708333336 0.48926317968750005 0.27617217708333336 0.48994641093749997 0.29398828125 0.496633146875 0.3279827791666667 0.5012235671874999 0.33137678125000003 0.5132168218750001 0.33129025 0.543223271875 0.3196500145833333 0.55369645 0.3200314 0.5637443265625001 0.31333313541666663 0.574050134375 0.3173713270833333 0.5877308375 0.313160075 0.597688153125 0.2920685520833333 0.5977951484374999 0.27881624374999997 0.6008051171875 0.27308265625 0.6044543765625 0.2479241 0.5947741062499999 0.19201762291666666 0.5858676265625 0.16832050416666666 0.5772492671875 0.16015759375000002 0.5726890328125 0.16156134375 0.5689492109375001 0.17232664166666664 0.5656950640625 0.19976709583333332
0 0.522761375 0 0.5239173921875 0.004722579166666667 0.5358036515625 0.01788835625 0.537019178125 0.029531802083333333 0.5336140968749999 0.03298349166666667 0.5254210375 0.03190022916666667 0.5209513640625001 0.047697239583333335 0.5118308953125 0.05050473958333333 0.5109034875 0.05439550208333333 0.495170409375 0.06524733125 0.4946683015625 0.07621774375 0.4842554984375 0.0854318625 0.47618318750000005 0.1035396125 0.4669255375 0.11480167083333333 0.469068471875 0.12255435208333335 0.48115228749999994 0.13686107916666668 0.48738353593749995 0.158978175 0.5021123968750001 0.17006717083333334 0.5056080406250001 0.18100873958333336 0.5136035421875 0.18095105208333334 0.5199115984375 0.18501808541666667 0.521659421875 0.19048887083333332 0.5323301546875 0.19201120416666667 0.534731021875 0.21050033958333333 0.5406741515625 0.21708322916666667 0.5573648234374999 0.20713838958333333 0.5663947296875 0.18993763125 0.5673687593750001 0.16319905416666666 0.570378728125 0.15746546666666666 0.5787391578125 0.15489192291666667 0.5825695390625001 0.15851988333333333 0.60167483125 0.19950750208333332 0.6059908890625 0.21981061666666665 0.6059442671874999 0.24265843125 0.608649684375 0.24903620625 0.6342330828125 0.23034516458333334 0.6492829265625 0.20167723125 0.6510773703125 0.18430020208333334 0.6638004765625001 0.17918196041666665 0.663679728125 0.15999095 0.6603212671875001 0.14059482291666667 0.6486325640625 0.12856999375 0.6470521125 0.11944240416666667 0.6517797140625 0.11438185000000001 0.6705063265625 0.125442 0.6796267953124999 0.1226345 0.683199246875 0.11552600625000001 0.682911128125 0.09999179999999999 0.6768774375 0.07901565416666667 0.661662903125 0.05125150208333333 0.645778890625 0.03811456666666667 0.6387409828124999 0.039079243750000006 0.62300790625 0.049931075000000005 0.6189799671875 0.04516216458333333 0.6233124578125 0.037819712500000005 0.6228871578125 0.030740064583333334 0.6266269796875 0.019974764583333336 0.630427175 0.018804972916666666 0.6326167296875 0.0037098416666666665 0.6318280875 0 0.522761375 0
0 0.2072615359375 0.63097188125 0.204251565625 0.63670546875 0.20665243125 0.6551946041666666 0.2135531578125 0.6626844833333333 0.2334047359375 0.6709948208333334 0.24153742031249997 0.6624825770833334 0.24603728125000002 0.6514833208333334 0.2436967890625 0.6425896916666667 0.233193425 0.6374105520833333 0.23079255937499998 0.6189214187500001 0.20809838281249998 0.6126878625 0.20204825781250002 0.61935728125 0.2072615359375 0.63097188125
0 0.4155531453125 0.33130946875 0.40270928906250003 0.3172366979166667 0.3844683515625 0.32285170208333336 0.373355884375 0.34189528541666664 0.3653905671875 0.3467507270833333 0.3635659375 0.35933000416666666 0.353836365625 0.38636022708333334 0.3355652421875 0.38717747708333333 0.3312629375 0.39931768125 0.320455021875 0.4062499041666667 0.3159551625 0.41724916041666665 0.3053448015625 0.42532233125 0.2999175328125 0.44021235000000003 0.30285069375 0.45252882499999997 0.31312631562500004 0.4517692625 0.3377658703125 0.4646145520833333 0.3400761734375 0.4687104270833334 0.311392246875 0.47874179791666666 0.302499521875 0.4874880020833333 0.30354767968749996 0.5027882479166667 0.2992755625 0.51972620625 0.30734519374999997 0.5617073458333334 0.31430629374999997 0.5787927291666667 0.3196869421875 0.5867505249999999 0.340207996875 0.5804336458333333 0.34721571562500003 0.5746712166666667 0.35416306406250003 0.55931328125 0.357096225 0.5716297562499999 0.36360183749999997 0.5768377395833333 0.371399784375 0.5756391041666666 0.378300509375 0.5831289833333333 0.389654475 0.6024674208333334 0.3984703921875 0.61177128125 0.40176847968749996 0.6215719 0.41993260781249997 0.6340069583333333 0.42697051718749995 0.6330422812500001 0.43920794843750005 0.6112488854166667 0.4423249125 0.5922629875 0.45430441562499996 0.5597331375 0.4536815578125 0.5515125395833333 0.46499158281249997 0.5336099041666666 0.46202823593750003 0.5164956770833333 0.4539421703125 0.5021601041666667 0.4497468609375 0.501048 0.448956634375 0.49648420625 0.4616193671875 0.4817704583333333 0.4543399625 0.4443531145833333 0.44202840312499997 0.4241076875 0.429382103125 0.41117586666666667 0.41533915468749993 0.3578140854166667 0.41871405 0.34956464375 0.4155531453125 0.33130946875
0 0.6735210328125001 0 0.675952709375 0.022817529166666666 0.679023053125 0.026679445833333332 0.706612203125 0.02419564375 0.7166298921875 0.012699629166666667 0.7323465359375 0.029493366666666666 0.7361467312500001 0.028323575 0.73988655 0.017558275 0.7408695046875 0 0.6735210328125001 0
0 0.4733191453125 0.5863274958333334 0.4681360546875 0.5795106479166667 0.4512176375 0.5835167854166666 0.44536507031249994 0.5913271541666667 0.44221791875000005 0.6055152979166666 0.44439104062499996 0.6180657312500001 0.43794580156249996 0.6224532562499999 0.42551081249999995 0.6431057041666667 0.41725737812499997 0.6324269375 0.41230202968749996 0.6315487895833333 0.40413915781250004 0.63526328125 0.40264926718750005 0.6405289520833333 0.3918111625 0.6426634229166667 0.373814403125 0.6265715583333333 0.3632204765625 0.6069991625 0.35251955625 0.6006790750000001 0.3395988921875 0.60465636875 0.3317241359375 0.6239050666666667 0.3332277828125 0.6510827166666666 0.3387757984375 0.6553837083333334 0.359554784375 0.6598032833333334 0.3670179921875 0.6659182583333333 0.3651933609375 0.6784975354166666 0.35627045 0.6824459854166667 0.3527583734375 0.6991499833333333 0.3547339390625 0.7105594708333334 0.36354985625 0.7198633291666667 0.366345834375 0.7406343625 0.3718938515625 0.7449353520833333 0.3742947171875 0.7634244875 0.3808908921875 0.7830257270833333 0.3849188296875 0.7877946375 0.388277290625 0.8071907645833334 0.3966377203125 0.8046172208333334 0.3988574640625 0.7943198395833334 0.3975815640625 0.7730808895833333 0.4003939765625 0.7662063541666666 0.4059118046875 0.76570959375 0.411094896875 0.77252644375 0.4146207265625 0.7882657645833333 0.41940870468749997 0.7928007125 0.4225092359375 0.8014603875 0.4316900796875 0.8082483895833333 0.4413264078125 0.8269137958333334 0.446874425 0.8312147875 0.44881980468749993 0.8378265208333333 0.467439421875 0.8621389833333333 0.47123961718749996 0.8609691895833333 0.47514680625 0.8465470895833334 0.4835099171875 0.78388465625 0.4914752328125 0.7790292187500001 0.49580772343749996 0.7716867645833333 0.49264681875000005 0.7534315895833333 0.4776902140625 0.7364038916666666 0.476504875 0.7295582020833333 0.47875480625 0.7240585729166666 0.48754053593749996 0.7285646791666667 0.5030596234375 0.7442174708333333 0.5106600125 0.7418778854166667 0.5160104734375001 0.7450379270833333 0.5302536578125 0.73945176875 0.5261049703125 0.7154918499999999 0.525558921875 0.6892211895833333 0.52034564375 0.6776065875 0.5159994 0.6525057208333334 0.501437909375 0.6377599187499999 0.500162009375 0.6165209708333333 0.49154364843750004 0.6083580604166666 0.4774376453125 0.6054896625 0.4733191453125 0.5863274958333334
0 0.3295285171875 0.09340245833333333 0.336047884375 0.13105376041666666 0.35370990468749997 0.15445923333333333 0.3532077953125 0.16542964583333333 0.3475225984375 0.16958321041666666 0.3190526609375 0.15310996041666666 0.306694478125 0.1557123479166667 0.2976041984375 0.16331760208333332 0.3015251421875 0.18133882083333336 0.311328840625 0.19634742291666668 0.3028312296875 0.20737552083333333 0.2959908765625 0.20948114791666667 0.2903358640625 0.21843246666666666 0.29174894687499997 0.23121685833333333 0.28708171875 0.24587291875 0.29040999375 0.26047129166666666 0.28606106875 0.2954593104166667 0.2960019515625 0.30201335625 0.3106704359375 0.30350684583333337 0.32117380156249997 0.3086859854166667 0.33029426875 0.3058784854166667 0.3363142078125 0.2944113104166667 0.3424247078125 0.2973373958333333 0.32979216093749997 0.31684889791666665 0.3272074921875 0.32966213125 0.3294108015625 0.34701031875 0.33574904375000003 0.35587510625 0.3416619875 0.35766024375 0.3599029234375 0.35204523958333334 0.3812306390625 0.3226465875 0.39811886875 0.3138426979166667 0.40783200468749997 0.3144580416666667 0.4116623875 0.3180860020833334 0.41845611875 0.33882818958333333 0.4238065796875 0.3419882354166666 0.4266491796875 0.33991145208333334 0.4299335125 0.3172687520833334 0.428550615625 0.30928211041666664 0.42201481718749995 0.2992763770833333 0.41905146875000004 0.28216214791666666 0.42146876874999994 0.2730057166666667 0.4260591890625 0.27639971874999997 0.4304218671875 0.27385502083333335 0.429236528125 0.26700932708333336 0.4212410234375 0.2670670166666667 0.41473541249999996 0.2618590333333333 0.41084465625 0.24863556875 0.40865778124999996 0.20364181458333333 0.41390392499999995 0.15996527916666667 0.41325088125000004 0.14694692708333335 0.41550081250000004 0.1414473 0.40850952500000004 0.11956416249999999 0.3954982984375 0.10914819791666666 0.3873052390625 0.1080649375 0.3522995015625 0.08158595208333333 0.337828571875 0.08123341041666668 0.3295285171875 0.09340245833333333
0 0.2897787421875 0.09962959791666666 0.2934883765625 0.08406654791666666 0.29300270156249997 0.06739139166666666 0.28930950312500003 0.055308875 0.2873487625 0.05230715416666667 0.202877128125 0.07830957291666667 0.20939840781250002 0.09312682083333333 0.223762340625 0.106731675 0.22852013124999998 0.10646887291666667 0.232092584375 0.09936037708333334 0.2451806171875 0.09172628125 0.2516862296875 0.0969342625 0.25965154687499997 0.09207882291666666 0.2688022015625 0.094069075 0.2829383921875 0.10173522500000001 0.2897787421875 0.09962959791666666
0 0.2609633453125 0.33082550625 0.2665113625 0.3351265 0.26716440625 0.34814485 0.23306964375 0.3454206729166666 0.20730512499999998 0.33532519583333337 0.17062569375 0.3454142520833334 0.169135803125 0.35067992291666666 0.1722967078125 0.3689351 0.1772822421875 0.37461099999999997 0.176780134375 0.3855814125 0.1874810546875 0.3919015 0.20043190625 0.39272195625 0.20111513749999999 0.41053806249999997 0.20336506718749997 0.40503843333333334 0.2079253015625 0.40363468333333336 0.2079554890625 0.4084324354166667 0.21310839375 0.4104515291666667 0.22715402187499997 0.40372442291666666 0.2376272 0.4041058083333333 0.2408950984375 0.4091086770833333 0.2983535140625 0.4034391958333333 0.295192609375 0.3851840166666667 0.305956584375 0.3410107229166667 0.3094082890625 0.3147112166666667 0.307462909375 0.30809948541666665 0.28533121562499997 0.30049102083333334 0.28034568125 0.29481512291666667 0.285408025 0.28244096041666666 0.28694453750000004 0.25432747708333336 0.2831141546875 0.25069951458333334 0.27188093750000003 0.25055208749999996 0.2590508359375 0.26892263958333334 0.25898777968750003 0.31941602083333337 0.2609633453125 0.33082550625
0 0.1518329953125 0.1120486125 0.14169455625 0.10435361875 0.13968008437499999 0.09776315625000001 0.10174722656249999 0.10943981041666667 0.0960922140625 0.11839112708333334 0.0984628921875 0.13208251041666666 0.11080464062499999 0.15712568958333334 0.11357043281250001 0.17309897083333334 0.1250149578125 0.20683066458333332 0.1433162703125 0.21081116875 0.1544891109375 0.20136308958333335 0.161998940625 0.18463024791666666 0.1605419171875 0.13460478125 0.1518329953125 0.1120486125