0 0.6531620890625 0.778925225 0.6537779625 0.8024403041666667 0.66580343125 0.8124750770833333 0.6654205281250001 0.82779634375 0.6712418078125 0.8404743645833334 0.6867388937500001 0.8632965583333333 0.6946019046874999 0.8641076375 0.703785009375 0.8554397479166667 0.7044142609375 0.8495245104166667 0.6937396812500001 0.8311865270833334 0.69194026875 0.7924231145833333 0.6869330015624999 0.78088438125 0.6855031140625 0.75623001875 0.678990990625 0.747115725 0.6726944234375 0.7462317145833333 0.665953365625 0.7583174604166667 0.6597799734375001 0.7621364624999999 0.6531620890625 0.778925225
0 0.9392707609375 0.11579610208333334 0.9406698562500001 0.13927471458333332 0.9462755812499999 0.14372245833333333 0.9627232375 0.1429566375 0.9811068593750001 0.15622692916666667 0.9888774890625 0.15351074375 0.9911347718749999 0.14987408125 0.9895950890625 0.09108638541666667 0.9871530421875001 0.08766852708333334 0.9713346421875 0.08251911041666667 0.9672953578125 0.07799843125 0.96758588125 0.0591499 0.9705648 0.05312526041666667 0.98853463125 0.050596360416666666 0.9879527593749999 0.028379510416666667 0.9816664578125 0.027887414583333332 0.9719290671874999 0.01539173125 0.9584911234375 0.011308666666666667 0.956018284375 0.006715052083333333 0.942703515625 0.0073350020833333335 0.93676309375 0.049990352083333335 0.9388838234374999 0.0710809875 0.9413258687500001 0.07449884583333333 0.9427865515624999 0.10032896458333333 0.9392707609375 0.11579610208333334
0 0 0.0842344 0.0021641078125 0.08526592708333333 0.006418946875 0.09801687916666667 0.0143435453125 0.10117946666666668 0.0229281890625 0.09960256875 0.03352376875 0.08498297708333333 0.0429050140625 0.05393929583333333 0.042504696875 0.03865449375 0.0368373828125 0.03185524375 0.0365602390625 0.02127345833333333 0 0.02297573958333333 0 0.0842344
0 0.1831445859375 0.22869650416666668 0.179074509375 0.22300007083333334 0.1695834671875 0.21991042083333331 0.15883392031250002 0.22865124374999998 0.1396362828125 0.21424166458333332 0.11059549375 0.21323945833333333 0.10448368906250001 0.21940997083333333 0.0982179171875 0.21970171041666667 0.09060125625 0.22829666458333334 0.07352434687500001 0.23497771875 0.07373990312499999 0.24320799791666667 0.0894217515625 0.27308471666666667 0.10060240937500001 0.28080444791666664 0.10795934062500001 0.2922337770833333 0.106485278125 0.29583397291666663 0.09786984062500001 0.2962351166666667 0.0938305578125 0.2917144395833333 0.08361788125 0.2910127645833333 0.0789493453125 0.292407325 0.072899128125 0.30092934375 0.059615153125 0.3027250458333333 0.051153684374999994 0.30900495833333336 0.049802796875 0.3173081708333333 0.0573752828125 0.33696777916666665 0.046933673437500004 0.3574661416666667 0.05297051093750001 0.37837443958333333 0.0516504171875 0.38785340625 0.0470126734375 0.3904237208333334 0.0471974359375 0.39747824375 0.042652075 0.40357581875000004 0.0432371546875 0.42591514375 0.040227442187500004 0.4307640291666667 0.0390305234375 0.4449460125 0.0680097234375 0.44359671041666665 0.07336910156250001 0.4386384208333334 0.0913524046875 0.4366239125 0.10827534531250001 0.4240640854166667 0.11260515156249999 0.40973623333333337 0.119438590625 0.40117774791666666 0.12880645625 0.3995643833333334 0.13384451718749998 0.41227886874999997 0.1173526890625 0.44129925208333337 0.10975344218750001 0.480500275 0.1172951359375 0.4989841291666667 0.13133153749999998 0.4959762020833333 0.1338967578125 0.5040970770833334 0.146736240625 0.5152711354166667 0.1573184421875 0.5300818583333333 0.16828354375000001 0.5295713125 0.1868037203125 0.5181143041666666 0.198059346875 0.49875522708333336 0.2141066828125 0.48270460624999995 0.22594738906249998 0.4856848541666666 0.228156465625 0.45026636458333336 0.22302602343750003 0.4340246166666667 0.2299826390625 0.4301691458333333 0.234021921875 0.43468982500000003 0.263124296875 0.43804353749999997 0.26685564375 0.4308066770833333 0.2645809453125 0.40383727291666666 0.2674366890625 0.39310961666666666 0.26738848125 0.36132779375 0.26150561250000004 0.3462982645833333 0.2674326546875 0.33307323125 0.2672478921875 0.32601870625 0.255913265625 0.31242020833333334 0.23476628125 0.31340483333333335 0.22593528593749998 0.3055757 0.2410146390625 0.2825070229166667 0.2475401421875 0.26219099791666667 0.2345466921875 0.2451381708333333 0.21496615000000002 0.24604986041666665 0.1916542625 0.25419841249999997 0.18604853593749998 0.24975066875 0.1831445859375 0.22869650416666668
0 0.8919427656250001 0.16508725208333336 0.8828828359375 0.17845815416666666 0.8826846937499999 0.20083394791666667 0.8918852125000001 0.22277212916666667 0.8929455765625001 0.23331744583333333 0.9044033796875001 0.2516189625 0.89981384375 0.28597110000000003 0.9046363484375 0.29045530833333333 0.921207178125 0.29439250625 0.9486199359375 0.2931161395833334 0.9581725640625001 0.2985572979166667 0.966757209375 0.2969804 0.976507978125 0.28004576666666664 0.9771372312500001 0.27413052916666664 0.9738195828125 0.267221875 0.9783033578125 0.25877279375 0.9923089656249999 0.25458911458333333 0.9938082234375001 0.25195089791666664 0.9925589796875001 0.2042527 0.9902016171874999 0.2040681625 0.9895241562500001 0.1782015770833333 0.9780355593750001 0.15872430833333334 0.9588071296875 0.143138975 0.94947005625 0.14592809375 0.949148740625 0.16360087083333333 0.9454481875 0.1720134875 0.9340827671874999 0.15723923125 0.89965180625 0.16001956041666665 0.8919427656250001 0.16508725208333336
0 0.12028998906249999 0.04445023125 0.12846093593750002 0.057018849999999996 0.13638553281250002 0.060181435416666665 0.1501314125 0.07602204166666666 0.15721120156249999 0.0768695875 0.1660421953125 0.08469872083333334 0.18875562343750002 0.08364116041666667 0.200288390625 0.07486386875 0.20772029062500003 0.05921438958333333 0.208978796875 0.047383918750000004 0.213616540625 0.044813604166666667 0.21803872656249998 0.0340130125 0.22189324843749997 0.03147916666666666 0.22468740468749998 0.018400002083333332 0.22848033750000002 0.01351465 0.22835164218749998 0.012343454166666667 0.0365602390625 0.02127345833333333 0.036745001562500004 0.028327981250000002 0.0465439796875 0.043175172916666664 0.0502003578125 0.06301711875 0.058617653125 0.08499176666666666 0.0843100015625 0.07790956458333334 0.0927098828125 0.06927814375 0.0970396875 0.054950291666666665 0.10609961718750001 0.0415793875 0.11170534375 0.04602712916666667 0.12028998906249999 0.04445023125
0 0.8638100515625 0 0.8641657953124999 0.0027514854166666666 0.86748344375 0.0096601375 0.877665325 0.009186058333333334 0.8899448296875001 0 0.8638100515625 0
0 0.9885788968749999 0.05228650416666667 0.9682151343750001 0.0532346625 0.9672953578125 0.07799843125 0.9705822124999999 0.08373132916666666 0.9895785078125 0.09045328541666667 0.9885788968749999 0.05228650416666667
0 0 0.3102095395833333 0.012745029687500001 0.30961611666666666 0.0272567171875 0.2948141875 0.035872154687500005 0.29441304375 0.034688615625 0.2791647083333333 0.030433778124999998 0.26641375625 0.0433174328125 0.24933324999999998 0.0479859703125 0.24793868958333334 0.0499661109375 0.23372024166666666 0.056016328125 0.22519822291666666 0.0532047578125 0.20767131666666666 0.04033448125 0.19532150625 0.0417777484375 0.19054555416666666 0.050991646875 0.1830534208333333 0.050146839062500004 0.18073837916666669 0.0471371265625 0.18558726666666667 0.0454167140625 0.17978143124999998 0.04150060625 0.17996376875 0.0094193125 0.18263469583333333 0.0071620296875 0.18627136041666667 0.00089625625 0.18656310208333335 0 0.185768525 0 0.3102095395833333
0 1 0.4883633 0.9949993781250001 0.29743119791666667 0.9925111421875 0.29224970624999996 0.9946529500000001 0.28420396666666664 0.9944912828125 0.27803125833333336 0.9909888718750001 0.26406808125 0.9869495890625 0.25954740416666666 0.982250259375 0.25976620833333336 0.98027011875 0.2739846583333333 0.972024203125 0.28849485 0.97142574375 0.29558583958333334 0.965313940625 0.30175635208333335 0.9672191140624999 0.31461670833333333 0.9642709890625 0.32181710416666665 0.9542738703125 0.32934570416666664 0.9445231 0.3462803375 0.9345567750000001 0.35498469374999997 0.9348647109374999 0.36674223333333333 0.9452621484374999 0.37449843125 0.9085913187499999 0.4115214958333333 0.9049523546874999 0.42228561875000004 0.903909403125 0.44234637083333334 0.899394834375 0.44961969791666667 0.8989503437499999 0.4625894604166667 0.8945897437499999 0.47574155833333337 0.8921343187499999 0.5017540145833334 0.891628240625 0.5123722666666667 0.8969126484375 0.5344927875 0.8982193625000001 0.5544441354166667 0.9068348015625001 0.5540429916666666 0.9291787046875 0.5388763833333333 0.942691615625 0.5158806416666667 0.94448699375 0.49460766874999995 0.949507640625 0.4767160875 0.95862915625 0.4656966895833333 0.9633284874999999 0.4654778854166667 0.9681817859375 0.47113784999999997 0.968612896875 0.48759840416666667 0.9588929203125 0.5057087916666666 0.95797314375 0.5304725604166667 0.9615063484374999 0.5456114895833333 0.964762409375 0.5501686354166666 0.96701969375 0.5465319708333334 0.9795204468750001 0.5447727333333333 0.99636841875 0.5592917166666667 1 0.5668541 1 0.4883633
0 0.8049622 0 0.8045177750000001 0.0008200062499999999 0.802599221875 0.017389966666666666 0.7938164343749999 0.04134265416666667 0.787489075 0.039282889583333334 0.7801629359375 0.0290293125 0.779040984375 0.016132485416666665 0.7749709078125 0.010436054166666665 0.7685819609375 0.006024779166666667 0.7599665234375 0.006425922916666666 0.7561427953125001 0.010135522916666667 0.7516282265625 0.017408852083333332 0.751614846875 0.04683916666666667 0.7468231359375 0.04353071041666667 0.7327559406249999 0.04536288125 0.7281971984375 0.08089077291666666 0.7149748125000001 0.08503798333333333 0.705162453125 0.09962111041666667 0.6957945890625 0.101234475 0.6912184328125 0.10615629583333333 0.69312360625 0.11901665416666667 0.701232965625 0.12923376250000002 0.7000976343749999 0.14576725208333335 0.7025704734375 0.15036086666666665 0.7057957421875 0.15374225833333333 0.72462385625 0.15404278958333334 0.7359276890625 0.16646553541666667 0.72912504375 0.176199775 0.7082244078125 0.18659043125 0.7053378703125001 0.19614233333333334 0.70564580625 0.20789987291666667 0.70047119375 0.21991268541666667 0.7006559546875 0.22696720833333334 0.7080128859375 0.23839653958333334 0.699859353125 0.2564339895833333 0.69926089375 0.26352498333333335 0.71667653125 0.26977721875 0.7100586484375 0.28656598125 0.7102434093750001 0.29362050624999997 0.735046775 0.3124778270833334 0.7475783203125 0.3118943458333333 0.7574830578125 0.30083848124999996 0.7706880328125 0.26608519999999997 0.7812836109375 0.2514656083333333 0.7807601187500001 0.23147779166666668 0.7860579078125001 0.22416799375000002 0.8016299609375 0.21991138125 0.8134706671874999 0.22289162708333335 0.8239604843749999 0.23417508750000002 0.8310094796874999 0.2338468791666667 0.8338344281250001 0.22194346875 0.8277975906249999 0.20103517083333333 0.8204406593750001 0.18960584166666666 0.8184123109374999 0.17204246666666664 0.8043892890625 0.14562007708333333 0.82341554375 0.12354481666666667 0.8375135328125 0.1228884 0.8443777671875001 0.11550566875 0.8553736640625 0.11617087708333333 0.8591973906250001 0.112461275 0.8712844453124999 0.12484755625 0.8759837765625 0.12462875000000001 0.881219978125 0.11496744583333333 0.8881457968750001 0.10993622083333333 0.8902932874999999 0.072166225 0.8893253031249999 0.06514816875 0.877330628125 0.05628915208333333 0.87561021875 0.050483316666666674 0.8879262078125001 0.04166955833333333 0.9027766265625001 0.039800918750000004 0.9025610703125 0.03157064166666666 0.9009022468750001 0.028116314583333336 0.8922560140625 0.027341704166666665 0.878602515625 0.0150283625 0.8660709687500001 0.01561184375 0.8606563421875 0 0.8049622 0
0 0.635431725 0.4313032104166667 0.63110191875 0.4456310645833333 0.6447246234375 0.4567686541666667 0.6533708546875 0.45754326666666667 0.656688503125 0.46445191875 0.6643051640625 0.4558569645833333 0.6679749234375 0.44626859583333334 0.6699858578125 0.4332259 0.673747996875 0.4271647895833333 0.6727800140625 0.4201467354166667 0.6613222125 0.40184521875 0.6533976140625 0.3986826333333333 0.6440913359375 0.40264750625 0.646119684375 0.42021087916666666 0.635431725 0.4313032104166667
0 0.8593821531250001 0.11951579791666668 0.8452841624999999 0.12017221458333333 0.8383891374999999 0.12637919375 0.8313093468750001 0.12553164791666668 0.8204674203125 0.13074521041666667 0.8075221750000001 0.14547420625 0.8183199296874999 0.16851520625 0.822790325 0.18949643958333334 0.8268296078124999 0.19401711666666666 0.8348332078125 0.23013727916666668 0.825588515625 0.23645366041666666 0.8079881140625 0.2231469 0.7907572375 0.2239491875 0.7845838453125 0.22776818958333334 0.78088329375 0.23618080625 0.7828500546875 0.25139267291666667 0.7806543578125 0.25738084375 0.7730069046875 0.26480004375 0.77247003125 0.2742425416666666 0.7641317359375 0.2852254708333334 0.7628424359375 0.2958801916666667 0.7583586625 0.3043292729166666 0.7379815187500001 0.33470774583333335 0.73810469375 0.3394107625 0.744586021875 0.3473493 0.7734286703125 0.37072730000000004 0.7784359359375 0.38226603125 0.7902766421874999 0.3852462791666667 0.7968195578125 0.3955363229166667 0.810380675 0.40432240625000004 0.8139446734375 0.4206370895833333 0.8203952093750001 0.42739987291666665 0.825327509375 0.4660174145833333 0.8360020890625 0.48435539791666665 0.839918196875 0.48417306041666663 0.8474424765625 0.47205084375 0.8512795828125 0.4389109291666667 0.8578974671875 0.4221221666666667 0.8575279437500001 0.4080131208333333 0.863499159375 0.366533525 0.8724051203125001 0.34728385208333334 0.8855043328125 0.3384336229166667 0.888254315625 0.3536090229166666 0.89473564375 0.3615475583333333 0.8991444515625 0.38017728333333334 0.903183734375 0.38469796041666665 0.9164985015625 0.3840780125 0.929597715625 0.37522778333333334 0.930579078125 0.35281552499999996 0.9435243218749999 0.33808652916666665 0.9455968453124999 0.32739533958333333 0.9554707890625 0.3151637208333333 0.9536887890625 0.3070063791666667 0.9488970796875 0.303697925 0.915033784375 0.29821150625000004 0.9031622859375 0.29405550625000004 0.8959285296875 0.28732918958333337 0.8995674953125 0.27656506666666664 0.8991363828125 0.2601045125 0.9021153 0.25407987291666667 0.898766859375 0.2459954666666667 0.8899050703125001 0.23699057708333332 0.8870011203124999 0.2159364125 0.8794594265625 0.19745255625 0.8789975218749999 0.17981624791666664 0.891881178125 0.16273574375 0.906639215625 0.15733984374999999 0.9254673296875 0.157640375 0.9268182156250001 0.1493371625 0.9146079859375 0.13224786875 0.8899585906249999 0.11926931666666667 0.8836928171875 0.11956105625 0.878548996875 0.13274962291666667 0.8593821531250001 0.11951579791666668
0 0.1287862859375 0.09938245833333334 0.1190663109375 0.11749284583333333 0.112862125 0.12013609583333333 0.11301609374999999 0.12601486458333333 0.10558419375000001 0.14166434166666667 0.1065387984375 0.1781127125 0.109794859375 0.18266985833333335 0.1280245125 0.19006138125 0.1204386453125 0.1998320875 0.12381788125 0.20909224791666667 0.13716344375 0.20964805416666668 0.155516271875 0.22174258958333332 0.17497363906250002 0.21612788541666667 0.1797961421875 0.22061209375 0.188917659375 0.20959269791666665 0.1884557546875 0.19195638958333333 0.19682484218750002 0.18214921458333333 0.2026287109375 0.16422116666666667 0.192737353125 0.14584671458333334 0.1933358125 0.13875572500000002 0.20314816875 0.12417259791666665 0.2138977171875 0.115431775 0.21205413125 0.10492292291666666 0.1958969984375 0.08684021458333334 0.1755948234375 0.09013987708333333 0.15194420625 0.0853551375 0.148366828125 0.09847076874999999 0.1287862859375 0.09938245833333334
0 0.3308574734375 0.08997381666666666 0.3094507578125 0.11098272708333333 0.3083770140625 0.12986772291666665 0.3045532875 0.133577325 0.2979795765625 0.122111525 0.29836248125 0.10679025625 0.29341680000000003 0.09760303125 0.29217167499999996 0.08000318958333333 0.28014620625000003 0.06996841875 0.2691811046875 0.07047896458333333 0.264882090625 0.08598257083333333 0.265436378125 0.10714614166666667 0.2632098875 0.11195856041666666 0.25384202031249997 0.11357192708333333 0.2363340015625 0.10379242916666667 0.2295005625 0.11235091458333332 0.23294138593749997 0.12396258333333333 0.2306841015625 0.12759924583333335 0.21411327343750003 0.12366205000000001 0.1986951890625 0.13379743333333333 0.1959010328125 0.14687659791666666 0.2057923921875 0.16525105 0.19318587812500002 0.19291333749999998 0.1913771203125 0.24361662708333334 0.1993017171875 0.24677921249999998 0.20312544531249999 0.24306961249999998 0.224241634375 0.24090923333333333 0.2335171203125 0.23576860833333332 0.2399984484375 0.24370714375 0.24707823750000002 0.24455468958333335 0.2565558984375 0.27707465416666666 0.27834955 0.30078086249999997 0.2800699625 0.3065866958333333 0.2992060109375 0.3186447666666667 0.31688137968749996 0.30487271875000005 0.32368402500000004 0.2951384791666667 0.336338746875 0.2992580125 0.3459529609375 0.3070506791666666 0.3496535140625 0.29863806458333336 0.34850076875 0.2845654833333333 0.327059228125 0.24436225416666665 0.3258756875 0.22911392291666666 0.33574963125 0.21688230416666665 0.34832938593749996 0.24808064583333334 0.36132283906249996 0.26513347291666667 0.3716586875 0.2705381645833333 0.380274125 0.27013702083333335 0.40042233437499997 0.2609585833333333 0.39759335 0.21282560833333333 0.40276796406250004 0.20081279583333334 0.3970390640625 0.1916620375 0.36464983281249996 0.182575425 0.36512511718749996 0.17078141875 0.36904122500000003 0.17059908124999998 0.38812906875 0.15087532708333334 0.3879751 0.14499655833333333 0.360452546875 0.11213959166666668 0.3557532171875 0.11235839791666667 0.3469222234375 0.10452926458333334 0.336709546875 0.10382758958333334 0.3308574734375 0.08997381666666666
0 0.604040315625 0 0.607805965625 0.005270360416666666 0.61465681875 0.027317945833333336 0.6201701640625 0.028238425 0.626942015625 0.017328431249999998 0.6324245687500001 0.017073158333333335 0.636173328125 0.04044236458333333 0.6402741984375 0.047314552083333336 0.6466323515625 0.05055007291666667 0.6491667796875 0.05749519375 0.6591023109374999 0.04761508125 0.6635244984375 0.03681449375 0.66256030625 0 0.604040315625 0
0 0.6788377031249999 0 0.6879275453125 0.0403870125 0.697603346875 0.050531185416666666 0.7110412890625 0.05461425416666667 0.7142973515625 0.05917139791666667 0.72212956875 0.05880672083333334 0.72874745 0.042017958333333334 0.7379921421875 0.03570157708333333 0.7400030765625 0.022658883333333334 0.7453316609375 0.0165248375 0.7449621359374999 0.00241579375 0.7464616234375 0 0.6788377031249999 0
0 0.3733175125 0.27399248958333333 0.35822074531250003 0.26645509791666666 0.3427236609375 0.24363290208333332 0.3425081046875 0.235402625 0.3365810609375 0.24862766041666667 0.338517028125 0.2626637708333333 0.35163365625 0.2844196145833333 0.3525708453125 0.2902619166666666 0.35131233906250003 0.30209238958333334 0.3468593578125 0.31171722916666667 0.3336369703125 0.3158644375 0.33412967031249996 0.3346765 0.34088814218749997 0.35319682291666665 0.345833821875 0.3623840479166667 0.351193196875 0.3574257604166667 0.357458971875 0.35713401875 0.363218665625 0.36746053125 0.372617325 0.36702291875 0.3873311890625 0.38988158125 0.38908239375 0.39686316875000005 0.41090684062499994 0.4217451291666666 0.42423498750000005 0.3916948645833333 0.43020620468750004 0.35021526875000003 0.43384517031250003 0.33945114583333336 0.43482653125 0.3170388875 0.4275311890625 0.30796106458333333 0.42484279375 0.295137175 0.41522857812499997 0.28734450833333336 0.40458479062499997 0.2701822770833333 0.3733175125 0.27399248958333333
0 0.53635338125 0 0.537439190625 0.013255460416666667 0.5416940296874999 0.026006414583333335 0.5399294453125 0.048455143750000006 0.533694465625 0.049922637500000006 0.52890275625 0.046614181250000004 0.520547046875 0.026991041666666667 0.5118392265625 0.023864925 0.5064798515625 0.028823212499999997 0.5066646125000001 0.03587773541666666 0.4993250953125 0.055054472916666666 0.49680808125000003 0.07871542291666667 0.49452000468749996 0.08117633333333334 0.48403018593749997 0.06989287291666665 0.4731882578125 0.07510643541666666 0.472774559375 0.08925195 0.4652502796875 0.10137416458333333 0.46320855156249996 0.11324110625 0.45559189062499994 0.12183606041666667 0.45424100312500004 0.13013927291666666 0.46545245468749996 0.13903475625 0.46112264999999997 0.15336261041666666 0.4760962421875 0.1561969875 0.480949540625 0.16185695208333334 0.481103509375 0.16773572083333335 0.47508408593749996 0.17743349166666667 0.45725474843749997 0.18532677291666666 0.447411596875 0.19873414374999998 0.447688740625 0.2093159291666667 0.4447098234375 0.21534056875 0.447996678125 0.22107346666666666 0.4534792296875 0.22081819375 0.455921275 0.22423605416666667 0.4532810875 0.24319398750000001 0.45497070468749995 0.24782406666666665 0.48226028750000005 0.24184468541666665 0.49300983593750003 0.2331038625 0.500842053125 0.23273918541666666 0.5112394890624999 0.2404953833333333 0.531603253125 0.23954722708333334 0.5400339296875 0.23209156041666665 0.542858878125 0.22018815 0.5499386671875001 0.22103569583333332 0.5524422999999999 0.2268050625 0.5529349984375 0.245617125 0.5472235125 0.2670724354166667 0.5477777984375 0.28823600625 0.5721058765625 0.31888733333333336 0.5754543203125 0.3269717416666667 0.585037740625 0.3335886520833334 0.588109040625 0.3310912729166667 0.5893983406250001 0.32043655625 0.5954177640625 0.31073878125000004 0.60318839375 0.30802259791666664 0.6122791171874999 0.29582744791666665 0.6231210453125 0.29061388541666666 0.6307377062499999 0.28201893125 0.637095859375 0.28525445416666667 0.6448972828125 0.28371402291666664 0.6461865828125 0.27305930208333334 0.6528660546875 0.2586220458333333 0.6647683468750001 0.2639538041666667 0.66862286875 0.26141995625 0.6695118515625 0.2354804375 0.6611561421875 0.21585729583333332 0.6917941671875 0.21796232083333333 0.6964011171875 0.21421625416666668 0.703494284375 0.18563348333333335 0.7008982703125 0.17633685416666667 0.7019412203125001 0.15627610208333334 0.694522703125 0.14249526458333334 0.6981924609375 0.13290689583333334 0.6901138953125 0.12386553958333332 0.6858282640625 0.10993883125000001 0.68019174375 0.10431533541666667 0.681327075 0.08778184375 0.6630974203125 0.08039032083333333 0.6582441218749999 0.07473035833333334 0.6456201953125 0.07178657708333333 0.6402300249999999 0.0755691125 0.63700475625 0.07218772083333333 0.6365120578125001 0.05337565833333333 0.6304752203125 0.0324673625 0.624178653125 0.031583347916666664 0.615686390625 0.036687508333333334 0.6099266953125 0.026360995833333335 0.608021521875 0.013500637499999999 0.600539178125 0 0.53635338125 0
0 0.940167684375 0 0.9543594593750001 0.003260727083333333 0.9608099953125 0.010023510416666666 0.9742787312500001 0.015282329166666667 0.982357296875 0.024323685416666668 0.9878802656250001 0.025611589583333334 0.9872094828125 0 0.940167684375 0
0 0.4934543609375 0 0.3824309203125 0.005169364583333333 0.38944109375 0.021323591666666666 0.3912097140625 0.05891125 0.43262807968750006 0.05345120416666667 0.4425944046875 0.04474684791666667 0.45431193593749997 0.04302408125 0.46699745000000004 0.04831936875 0.4942428609375 0.07059454791666667 0.5025637421875 0.029005549999999998 0.5215284109375 0.0045787812499999995 0.5297901281249999 0 0.4934543609375 0