0 0.034722221875 0.43055555624999997 0.034722221875 0.4351851854166667 0.0470679015625 0.44675925833333335 0.056327160937499995 0.45254629583333333 0.07561728437500001 0.4479166666666667 0.0779320984375 0.4513888895833333 0.1126543203125 0.45254629583333333 0.11882716093750001 0.457175925 0.1280864203125 0.457175925 0.1350308640625 0.4479166666666667 0.13580246875 0.44444444375000003 0.1296296296875 0.43287037083333335 0.12654320937500002 0.41550925833333335 0.1280864203125 0.39930555624999997 0.125 0.39120370416666667 0.1203703703125 0.39004629583333333 0.12114197499999999 0.3773148145833333 0.11651234531250002 0.36921296249999996 0.1149691359375 0.35879629583333333 0.1072530859375 0.355324075 0.08101851875 0.35879629583333333 0.0709876546875 0.36805555624999997 0.058641975 0.36921296249999996 0.0486111109375 0.3773148145833333 0.046296296875 0.39351851875 0.0486111109375 0.417824075 0.0447530859375 0.42476851875 0.034722221875 0.43055555624999997
0 0.7623456796875 0.08101851875 0.7692901234375 0.082175925 0.7746913578125 0.0879629625 0.79783950625 0.08101851875 0.8009259265625 0.07291666666666667 0.803240740625 0.050925925000000004 0.8009259265625 0.0011574083333333333 0.7708333328125 0 0.7638888890625 0.03356481458333334 0.7638888890625 0.045138889583333335 0.7600308640625 0.05787037083333334 0.7600308640625 0.07754629583333333 0.7623456796875 0.08101851875
0 0.5956790125 0.07638888958333333 0.5964506171874999 0.09143518541666666 0.601080246875 0.09837962916666668 0.6149691359375 0.10416666666666667 0.625 0.09375 0.6296296296875 0.07060185208333333 0.634259259375 0.06018518541666666 0.634259259375 0.042824074999999996 0.641975309375 0.02893518541666667 0.641975309375 0.020833333333333332 0.638117284375 0.015046295833333334 0.6481481484375 0.002314814583333333 0.6195987656249999 0.0011574083333333333 0.61419753125 0.00694444375 0.61419753125 0.019675925 0.597222221875 0.019675925 0.5956790125 0.03356481458333334 0.5918209875 0.041666666666666664 0.5910493828125001 0.04629629583333333 0.594135803125 0.05439814791666667 0.5925925921874999 0.06944444375 0.5956790125 0.07638888958333333
0 0.821759259375 0.8888888895833333 0.8325617281250001 0.9108796291666666 0.8302469140625 0.9224537041666667 0.8317901234375 0.9386574083333333 0.8634259265625 0.9386574083333333 0.8726851859375 0.9351851854166667 0.880401234375 0.9293981479166666 0.8950617281250001 0.9074074083333333 0.902777778125 0.9039351854166667 0.9050925921875 0.8981481479166666 0.9166666671874999 0.9039351854166667 0.92978395 0.9039351854166667 0.9367283953125 0.8969907416666667 0.9421296296874999 0.8842592583333333 0.9421296296874999 0.8587962958333333 0.9367283953125 0.8506944437499999 0.924382715625 0.8495370375 0.9158950625 0.8402777770833333 0.9074074078125 0.8414351854166667 0.8989197531249999 0.8287037041666667 0.8950617281250001 0.8136574083333333 0.884259259375 0.8067129625 0.869598765625 0.8055555562500001 0.85648148125 0.79976851875 0.8487654328125 0.8009259249999999 0.8379629625 0.7870370375 0.8271604937499999 0.7835648145833333 0.82021605 0.7870370375 0.8163580250000001 0.7986111104166667 0.8040123453125 0.8101851854166667 0.7986111109375 0.8206018520833334 0.7947530859375 0.8449074083333333 0.8063271609375 0.8634259249999999 0.8109567906249999 0.8784722229166667 0.821759259375 0.8888888895833333
0 0.5046296296875 0 0.49768518593750005 0.004629629166666666 0.496141975 0.010416666666666666 0.5 0.02893518541666667 0.5 0.041666666666666664 0.5046296296875 0.04629629583333333 0.5138888890625 0.03819444375 0.52237654375 0.03587962916666666 0.5331790125 0.011574075 0.5324074078125001 0 0.5046296296875 0
0 0.9382716046875 0.8495370375 0.9390432093750001 0.8541666666666666 0.9421296296874999 0.8553240750000001 0.946759259375 0.8900462958333333 0.932098765625 0.90625 0.9228395062500001 0.9097222229166667 0.9228395062500001 0.9293981479166666 0.9344135796874999 0.9317129625 0.9390432093750001 0.9363425916666667 0.9421296296874999 0.9432870375 0.9421296296874999 0.9571759249999999 0.94521605 0.9618055562500001 0.954475309375 0.9606481479166666 0.9583333328125001 0.9525462958333333 0.9614197531249999 0.9525462958333333 0.9645061734375 0.9479166666666666 0.9614197531249999 0.9386574083333333 0.9668209875 0.9305555562500001 0.9706790125 0.9305555562500001 0.972222221875 0.9386574083333333 0.9753086421875 0.9386574083333333 0.9992283953125 0.9178240750000001 0.9992283953125 0.8807870375 0.98919753125 0.8692129625 0.9884259265625 0.8599537041666667 0.9822530859375 0.8576388895833333 0.9753086421875 0.8483796291666666 0.972222221875 0.8379629625 0.9807098765625 0.8229166666666666 0.9992283953125 0.8055555562500001 0.9992283953125 0.7881944437499999 0.9861111109375 0.7858796291666666 0.9753086421875 0.7754629625 0.94830246875 0.7789351854166667 0.94521605 0.8055555562500001 0.9498456796875001 0.8182870375 0.9305555562500001 0.8148148145833333 0.9236111109375 0.8194444437499999 0.921296296875 0.8356481479166666 0.9251543203124999 0.8368055562500001 0.9305555562500001 0.8483796291666666 0.9382716046875 0.8495370375
0 0.733796296875 0.3414351854166667 0.7430555562500001 0.3541666666666667 0.75 0.3726851854166667 0.7600308640625 0.38078703750000004 0.76851851875 0.38078703750000004 0.7970679015625 0.34375 0.8086419749999999 0.32175925833333335 0.8140432093750001 0.32175925833333335 0.8248456796875001 0.3101851854166667 0.8302469140625 0.28703703750000004 0.8379629625 0.29629629583333333 0.8495370375 0.29745370416666667 0.8734567906249999 0.28587962916666665 0.869598765625 0.27430555624999997 0.86728395 0.25462962916666665 0.8688271609375 0.23379629583333333 0.8634259265625 0.20949074166666665 0.869598765625 0.19675925833333335 0.869598765625 0.18981481458333332 0.8603395062500001 0.17824074166666665 0.8603395062500001 0.17476851875000002 0.865740740625 0.15740740833333333 0.8788580250000001 0.14351851875000002 0.8780864203125001 0.14004629583333333 0.869598765625 0.12962962916666668 0.8634259265625 0.13194444375 0.858796296875 0.14004629583333333 0.8518518515625001 0.14004629583333333 0.8410493828125001 0.1307870375 0.8225308640625 0.1307870375 0.8171296296874999 0.13541666666666666 0.8125 0.1307870375 0.79398148125 0.125 0.7831790125 0.113425925 0.773919753125 0.11689814791666667 0.766975309375 0.113425925 0.7546296296875 0.09143518541666666 0.7445987656249999 0.09375 0.7546296296875 0.13194444375 0.746141975 0.15277777708333332 0.7399691359375 0.15856481458333332 0.7399691359375 0.17013888958333334 0.726080246875 0.20254629583333333 0.7291666671875 0.2129629625 0.722222221875 0.23379629583333333 0.722222221875 0.24652777708333332 0.7175925921874999 0.25694444375 0.7175925921874999 0.27546296249999996 0.711419753125 0.2986111104166667 0.7121913578125 0.31365740833333333 0.7175925921874999 0.3148148145833333 0.73148148125 0.32870370416666667 0.733796296875 0.3414351854166667
0 0.628858025 0.14930555625 0.6296296296875 0.15625 0.6427469140625 0.16550925833333335 0.6574074078125001 0.16550925833333335 0.667438271875 0.15393518541666668 0.67978395 0.15740740833333333 0.683641975 0.1620370375 0.691358025 0.1620370375 0.7168209875 0.14930555625 0.7399691359375 0.15393518541666668 0.7492283953125 0.13541666666666666 0.7484567906249999 0.1192129625 0.7445987656249999 0.10416666666666667 0.7345679015625 0.09606481458333334 0.719135803125 0.09490740833333335 0.7121913578125 0.09027777708333334 0.7052469140625 0.09490740833333335 0.6790123453125 0.09837962916666668 0.66898148125 0.09375 0.6535493828125001 0.07754629583333333 0.64737654375 0.07754629583333333 0.6296296296875 0.10069444375 0.628858025 0.11226851875 0.6257716046875 0.11805555625 0.63271605 0.13888888958333334 0.628858025 0.14930555625
0 0.08487654375 0.35069444375000003 0.08487654375 0.34490740833333333 0.0802469140625 0.34375 0.08487654375 0.35069444375000003
0 0 0.36921296249999996 0.004629629687499999 0.37615740833333333 0.0408950625 0.3726851854166667 0.0524691359375 0.3645833333333333 0.057098765625000006 0.3541666666666667 0.057098765625000006 0.34375 0.0540123453125 0.33912037083333335 0.057098765625000006 0.33680555624999997 0.049382715625000004 0.33564814791666664 0.047839506250000004 0.3298611104166667 0.056327160937499995 0.3101851854166667 0.067901234375 0.29629629583333333 0.067901234375 0.2835648145833333 0.0625 0.27430555624999997 0.053240740625000005 0.269675925 0.025462962500000002 0.27430555624999997 0.013888889062500001 0.29629629583333333 0 0.3101851854166667 0 0.36921296249999996
0 0.255401234375 0.15277777708333332 0.2638888890625 0.167824075 0.26466049375 0.18055555625 0.28472222187499996 0.20254629583333333 0.292438271875 0.20370370416666667 0.3001543203125 0.19444444375 0.31404320937499997 0.17013888958333334 0.3171296296875 0.15509259166666667 0.3225308640625 0.15277777708333332 0.32330246875 0.14583333333333334 0.3209876546875 0.14004629583333333 0.3101851859375 0.13194444375 0.303240740625 0.1307870375 0.28163580312500003 0.113425925 0.2746913578125 0.10300925833333333 0.26851851875 0.07870370416666667 0.26466049375 0.07870370416666667 0.2584876546875 0.09027777708333334 0.23996913593750002 0.105324075 0.240740740625 0.12847222291666666 0.244598765625 0.13773148124999998 0.253858025 0.14351851875000002 0.255401234375 0.15277777708333332
0 0.25 0 0.2453703703125 0.0034722229166666663 0.2438271609375 0.010416666666666666 0.22685185156249998 0.020833333333333332 0.2199074078125 0.03240740833333333 0.215277778125 0.048611110416666665 0.21296296250000002 0.06018518541666666 0.21296296250000002 0.09143518541666666 0.2168209875 0.0995370375 0.23456790156250001 0.10416666666666667 0.2530864203125 0.0879629625 0.26851851875 0.08101851875 0.2692901234375 0.06712962916666668 0.29783950625 0.04050925833333333 0.3171296296875 0.004629629166666666 0.31095679062500003 0 0.25 0
0 0.2160493828125 0.29629629583333333 0.23533950625000002 0.29629629583333333 0.23996913593750002 0.28703703750000004 0.2438271609375 0.28703703750000004 0.246141975 0.29629629583333333 0.23919753125 0.3101851854166667 0.23070987656250003 0.3125 0.23379629687499998 0.324074075 0.22839506250000002 0.33101851875 0.229938271875 0.33680555624999997 0.24151234531250002 0.34259259166666667 0.2438271609375 0.34953703750000004 0.23533950625000002 0.3773148145833333 0.23611111093749998 0.39004629583333333 0.240740740625 0.39930555624999997 0.25077160468750004 0.4039351854166667 0.2600308640625 0.4166666666666667 0.2793209875 0.43171296249999996 0.2870370375 0.43171296249999996 0.2932098765625 0.425925925 0.3009259265625 0.41550925833333335 0.3063271609375 0.40162037083333335 0.31172839531249996 0.39814814791666664 0.316358025 0.38194444375000003 0.3248456796875 0.3726851854166667 0.3248456796875 0.3645833333333333 0.31095679062500003 0.33796296249999996 0.3024691359375 0.33101851875 0.2986111109375 0.31944444375000003 0.332561728125 0.31828703750000004 0.34027777812500004 0.3229166666666667 0.34104938281249997 0.32754629583333333 0.34413580312500003 0.3229166666666667 0.34104938281249997 0.3101851854166667 0.33487654375 0.29976851875 0.32021605000000003 0.2835648145833333 0.307098765625 0.27662037083333335 0.3063271609375 0.27314814791666664 0.3155864203125 0.25462962916666665 0.3155864203125 0.24768518541666668 0.3009259265625 0.23495370416666667 0.29398148125 0.23495370416666667 0.2854938265625 0.24305555625 0.2600308640625 0.2523148145833333 0.2546296296875 0.25694444375 0.2523148140625 0.26620370416666667 0.2453703703125 0.25347222291666666 0.2453703703125 0.23958333333333334 0.240740740625 0.23958333333333334 0.2322530859375 0.2523148145833333 0.23379629687499998 0.25694444375 0.229938271875 0.26504629583333333 0.22453703749999998 0.26851851875 0.2160493828125 0.26620370416666667 0.2121913578125 0.27430555624999997 0.2121913578125 0.28009259166666667 0.2160493828125 0.28703703750000004 0.2160493828125 0.29629629583333333
0 0.3425925921875 0.33101851875 0.3395061734375 0.3229166666666667 0.332561728125 0.31944444375000003 0.321759259375 0.31828703750000004 0.317901234375 0.32175925833333335 0.321759259375 0.33449074166666665 0.3279320984375 0.34027777708333334 0.3341049375 0.3414351854166667 0.3425925921875 0.33101851875
0 0.3155864203125 0.25694444375 0.307098765625 0.27430555624999997 0.32021605000000003 0.28240740833333333 0.336419753125 0.300925925 0.3449074078125 0.3020833333333333 0.34722222187499996 0.269675925 0.3456790125 0.2604166666666667 0.34027777812500004 0.25462962916666665 0.3395061734375 0.24884259166666667 0.3495370375 0.23379629583333333 0.3487654328125 0.21990740833333333 0.3387345671875 0.207175925 0.32947530937499997 0.21527777708333332 0.31327160468750004 0.21990740833333333 0.299382715625 0.22916666666666666 0.303240740625 0.23726851875000002 0.316358025 0.24768518541666668 0.3155864203125 0.25694444375
0 0.76080246875 0.07175925833333333 0.763117284375 0.0682870375 0.7623456796875 0.06365740833333333 0.76080246875 0.07175925833333333
0 0.7708333328125 0.0057870375 0.770061728125 0.015046295833333334 0.7731481484375 0.015046295833333334 0.7731481484375 0.0057870375 0.7708333328125 0.0057870375
0 0.8009259265625 0 0.803240740625 0.03356481458333334 0.8009259265625 0.074074075 0.792438271875 0.08680555625 0.77237654375 0.09027777708333334 0.7638888890625 0.08564814791666667 0.76080246875 0.08680555625 0.76080246875 0.09143518541666666 0.7692901234375 0.10763888958333333 0.7824074078125001 0.10879629583333333 0.799382715625 0.12268518541666666 0.840277778125 0.12731481458333332 0.8557098765625 0.136574075 0.8634259265625 0.10416666666666667 0.869598765625 0.052083333333333336 0.8734567906249999 0.04629629583333333 0.875 0.00694444375 0.8680555562500001 0 0.8009259265625 0
0 0.12654320937500002 0.11689814791666667 0.134259259375 0.10879629583333333 0.13966049375 0.09259259166666665 0.1504629625 0.07754629583333333 0.1666666671875 0.0682870375 0.1682098765625 0.05555555625 0.1774691359375 0.04629629583333333 0.171296296875 0.041666666666666664 0.134259259375 0.04745370416666667 0.125 0.05555555625 0.1226851859375 0.0682870375 0.12345679062499999 0.09027777708333334 0.119598765625 0.10416666666666667 0.119598765625 0.11458333333333333 0.12654320937500002 0.11689814791666667
0 0.1296296296875 0 0.1296296296875 0.01851851875 0.1350308640625 0.03472222291666667 0.13811728437499998 0.0370370375 0.18055555625 0.0370370375 0.1875 0.03125 0.1905864203125 0.015046295833333334 0.1875 0.00694444375 0.17901234531250002 0 0.1296296296875 0
0 0 0.5208333333333334 0.009259259374999999 0.519675925 0.02237654375 0.5104166666666666 0.030864196875 0.5104166666666666 0.047839506250000004 0.5370370375 0.055555556250000006 0.5324074083333333 0.060956790625 0.52430555625 0.061728395312499997 0.49652777708333334 0.0655864203125 0.49189814791666664 0.0655864203125 0.48379629583333333 0.049382715625000004 0.46296296249999996 0.037808642187500005 0.46990740833333333 0.0362654328125 0.47453703750000004 0.0300925921875 0.47453703750000004 0.024691357812500002 0.4664351854166667 0.024691357812500002 0.4479166666666667 0.0208333328125 0.44212962916666665 0.013888889062500001 0.43865740833333333 0.004629629687499999 0.44328703750000004 0 0.44675925833333335 0 0.5208333333333334
0 0 0.30671296249999996 0.005401234374999999 0.30555555624999997 0.01466049375 0.2951388895833333 0.027006173437499996 0.2708333333333333 0.004629629687499999 0.24768518541666668 0 0.24768518541666668 0 0.30671296249999996
0 0.9236111109375 0.6840277770833333 0.9313271609375 0.6851851854166667 0.9405864203125001 0.6944444437499999 0.9513888890625 0.7118055562500001 0.9598765437500001 0.7164351854166667 0.9614197531249999 0.7118055562500001 0.9706790125 0.70601851875 0.9737654328125 0.6932870375 0.9845679015625001 0.6979166666666666 0.9992283953125 0.6944444437499999 0.9992283953125 0.6319444437499999 0.9598765437500001 0.6481481479166666 0.9459876546875 0.64351851875 0.9351851859375 0.6446759249999999 0.92669753125 0.6643518520833334 0.9197530859375 0.6712962958333333 0.9197530859375 0.6770833333333334 0.9236111109375 0.6840277770833333
0 0.21064814843750002 0.58101851875 0.2145061734375 0.5543981479166666 0.2121913578125 0.54398148125 0.21296296250000002 0.53125 0.20679012343749997 0.5173611104166667 0.20833333281250002 0.50694444375 0.1998456796875 0.49421296249999996 0.1921296296875 0.49305555624999997 0.1875 0.49537037083333335 0.18595679062499998 0.5104166666666666 0.1875 0.5613425916666667 0.1921296296875 0.5775462958333333 0.20601851875000002 0.5856481479166666 0.21064814843750002 0.58101851875
0 0.2046875 0.4625 0.003125 0.0010416666666666667
0 0.6388888890625 0.43171296249999996 0.64351851875 0.43171296249999996 0.6458333328125 0.42245370416666667 0.6581790125 0.39930555624999997 0.6581790125 0.35069444375000003 0.6481481484375 0.33680555624999997 0.64351851875 0.33796296249999996 0.6388888890625 0.34722222291666666 0.634259259375 0.36921296249999996 0.6311728390625 0.39814814791666664 0.6350308640625 0.41550925833333335 0.6388888890625 0.4201388895833333 0.6388888890625 0.43171296249999996
0 0.6350308640625 0.6076388895833333 0.64351851875 0.6076388895833333 0.6496913578125 0.5960648145833333 0.6612654328125 0.59375 0.678240740625 0.5671296291666666 0.683641975 0.5474537041666667 0.691358025 0.5358796291666666 0.6921296296875 0.5208333333333334 0.6851851859375 0.50694444375 0.671296296875 0.5023148145833333 0.6504629625 0.519675925 0.64351851875 0.53125 0.63271605 0.5324074083333333 0.6296296296875 0.5358796291666666 0.628858025 0.5636574083333333 0.634259259375 0.5763888895833333 0.6296296296875 0.5949074083333333 0.6350308640625 0.6076388895833333
0 0 0.5902777770833333 0.0177469140625 0.5914351854166667 0.027777778125000003 0.5787037041666667 0.035493826562500004 0.5775462958333333 0.0362654328125 0.5868055562500001 0.0293209875 0.5949074083333333 0.027006173437499996 0.6053240750000001 0.028549382812500003 0.6307870375 0.037037037499999995 0.6319444437499999 0.046296296875 0.6446759249999999 0.0725308640625 0.6620370375 0.08101851875 0.6620370375 0.086419753125 0.6539351854166667 0.0895061734375 0.6192129625 0.08719135781250001 0.5983796291666666 0.09182098749999999 0.5995370375 0.0964506171875 0.6076388895833333 0.1041666671875 0.6076388895833333 0.111882715625 0.5949074083333333 0.11882716093750001 0.5949074083333333 0.130401234375 0.61226851875 0.1458333328125 0.6261574083333333 0.148919753125 0.625 0.1550925921875 0.6087962958333333 0.1535493828125 0.5671296291666666 0.1504629625 0.5520833333333334 0.1481481484375 0.5451388895833333 0.1373456796875 0.5335648145833333 0.12577160468749998 0.53125 0.125 0.52430555625 0.12885802500000001 0.519675925 0.13966049375 0.519675925 0.148919753125 0.5150462958333333 0.1581790125 0.5057870375 0.1628086421875 0.49189814791666664 0.1620370375 0.488425925 0.1535493828125 0.488425925 0.1504629625 0.49189814791666664 0.14043209843749999 0.488425925 0.1296296296875 0.47569444375000003 0.11651234531250002 0.46875 0.11419753125000001 0.46180555624999997 0.097222221875 0.46527777708333334 0.0910493828125 0.457175925 0.0709876546875 0.4513888895833333 0.0524691359375 0.46180555624999997 0.0671296296875 0.4861111104166667 0.0671296296875 0.5138888895833333 0.059413579687499996 0.5300925916666667 0.053240740625000005 0.5370370375 0.047839506250000004 0.5381944437499999 0.035493826562500004 0.5173611104166667 0.024691357812500002 0.5138888895833333 0.009259259374999999 0.52430555625 0.004629629687499999 0.5324074083333333 0 0.5416666666666666 0 0.5902777770833333
0 0.23379629687499998 0.10416666666666667 0.2384259265625 0.10069444375 0.23919753125 0.11226851875 0.23533950625000002 0.11458333333333333 0.23688271562500002 0.12152777708333334 0.246141975 0.14004629583333333 0.2546296296875 0.14583333333333334 0.255401234375 0.15277777708333332 0.263117284375 0.16666666666666666 0.26466049375 0.17939814791666667 0.27854938281249997 0.19675925833333335 0.2862654328125 0.20254629583333333 0.2932098765625 0.20254629583333333 0.3009259265625 0.19212962916666668 0.30555555624999997 0.17939814791666667 0.31172839531249996 0.17476851875000002 0.316358025 0.15509259166666667 0.321759259375 0.15393518541666668 0.3225308640625 0.14583333333333334 0.3155864203125 0.13541666666666666 0.303240740625 0.1307870375 0.27854938281249997 0.10879629583333333 0.273919753125 0.10069444375 0.2692901234375 0.06597222291666667 0.30169753125 0.03587962916666666 0.30555555624999997 0.020833333333333332 0.31404320937499997 0.009259258333333333 0.31327160468750004 0.002314814583333333 0.25 0.0011574083333333333 0.244598765625 0.011574075 0.2253086421875 0.024305556250000002 0.2168209875 0.04629629583333333 0.21296296250000002 0.0625 0.21296296250000002 0.0879629625 0.215277778125 0.09490740833333335 0.23379629687499998 0.10416666666666667
0 0.299382715625 0.12615740833333333 0.3186728390625 0.13541666666666666 0.3263888890625 0.13541666666666666 0.3371913578125 0.12268518541666666 0.34413580312500003 0.12152777708333334 0.3487654328125 0.113425925 0.3572530859375 0.10879629583333333 0.365740740625 0.08449074166666667 0.37577160468750004 0.07291666666666667 0.37422839531249996 0.024305556250000002 0.3703703703125 0.019675925 0.36033950625 0.019675925 0.3487654328125 0.02893518541666667 0.3449074078125 0.021990741666666664 0.3449074078125 0.015046295833333334 0.34104938281249997 0.011574075 0.3125 0.013888889583333335 0.3009259265625 0.03819444375 0.2824074078125 0.05902777708333333 0.2731481484375 0.06481481458333334 0.2708333328125 0.06944444375 0.273919753125 0.09490740833333335 0.27854938281249997 0.10763888958333333 0.299382715625 0.12615740833333333
0 0.5285493828125001 0.18402777708333332 0.5339506171874999 0.18402777708333332 0.5432098765625 0.17708333333333334 0.5447530859375 0.18402777708333332 0.5408950625 0.19444444375 0.5416666671875 0.20601851875000002 0.5486111109375 0.21064814791666667 0.553240740625 0.21990740833333333 0.5601851859375 0.22106481458333332 0.5671296296875 0.21527777708333332 0.5748456796875 0.20138888958333334 0.5763888890625 0.17939814791666667 0.582561728125 0.18518518541666668 0.593364196875 0.18518518541666668 0.5987654328125 0.17708333333333334 0.5995370375 0.16087962916666668 0.5910493828125001 0.14930555625 0.5987654328125 0.144675925 0.5995370375 0.136574075 0.5918209875 0.12268518541666666 0.57716049375 0.12615740833333333 0.5640432093750001 0.14004629583333333 0.553240740625 0.12615740833333333 0.5331790125 0.12731481458333332 0.5270061734375 0.13541666666666666 0.527777778125 0.14583333333333334 0.52237654375 0.15740740833333333 0.5246913578125 0.17939814791666667 0.5285493828125001 0.18402777708333332
0 0.0748456796875 0.136574075 0.07716049375 0.144675925 0.09567901250000001 0.16550925833333335 0.10648148125000001 0.1620370375 0.11805555625 0.14930555625 0.12114197499999999 0.12731481458333332 0.1203703703125 0.10185185208333333 0.1242283953125 0.09143518541666666 0.1242283953125 0.05555555625 0.1149691359375 0.050925925000000004 0.0910493828125 0.04976851875 0.053240740625000005 0.06365740833333333 0.053240740625000005 0.10879629583333333 0.06327160468750001 0.12037037083333332 0.0671296296875 0.13194444375 0.0748456796875 0.136574075
0 0.3503086421875 0.14583333333333334 0.354938271875 0.14583333333333334 0.351080246875 0.13541666666666666 0.3503086421875 0.14583333333333334
0 0.3557098765625 0.12615740833333333 0.354938271875 0.13194444375 0.3595679015625 0.12615740833333333 0.36033950625 0.11805555625 0.3557098765625 0.12615740833333333
0 0.365740740625 0.09606481458333334 0.36419753125 0.10416666666666667 0.3611111109375 0.10648148125 0.3634259265625 0.10995370416666667 0.36033950625 0.11458333333333333 0.3634259265625 0.113425925 0.365740740625 0.09606481458333334
0 0.371141975 0.0879629625 0.37577160468750004 0.082175925 0.37345679062500003 0.08333333333333333 0.371141975 0.0879629625
0 0.41512345625 0.17129629583333333 0.42283950625 0.16550925833333335 0.432098765625 0.1504629625 0.439043209375 0.12731481458333332 0.44830246875 0.10995370416666667 0.45756172812499996 0.10879629583333333 0.4583333328125 0.11458333333333333 0.4621913578125 0.11689814791666667 0.46141975312500005 0.12268518541666666 0.46296296249999996 0.11805555625 0.4660493828125 0.12268518541666666 0.4737654328125 0.11689814791666667 0.4768518515625 0.10879629583333333 0.47608024687499995 0.10416666666666667 0.4791666671875 0.10416666666666667 0.47993827187500004 0.0995370375 0.48379629687500003 0.0995370375 0.48533950625 0.09490740833333335 0.48070987656249997 0.08101851875 0.48379629687500003 0.0567129625 0.48070987656249997 0.03587962916666666 0.4737654328125 0.024305556250000002 0.47067901250000005 0.02893518541666667 0.46913580312500003 0.024305556250000002 0.4645061734375 0.02893518541666667 0.4408070984375 0.02893518541666667 0.439043209375 0.03240740833333333 0.43661805625000005 0.02893518541666667 0.428240740625 0.02893518541666667 0.4328703703125 0.042824074999999996 0.40432098749999995 0.07754629583333333 0.3996913578125 0.0879629625 0.3981481484375 0.10069444375 0.395061728125 0.10416666666666667 0.39351851875 0.11689814791666667 0.37654320937499997 0.14583333333333334 0.37577160468750004 0.14930555625 0.3904320984375 0.16666666666666666 0.3981481484375 0.17129629583333333 0.41512345625 0.17129629583333333
0 0.12885802500000001 0.3958333333333333 0.12885802500000001 0.42129629583333333 0.1350308640625 0.44212962916666665 0.13888888906250002 0.44675925833333335 0.14351851875 0.44675925833333335 0.15277777812499999 0.4351851854166667 0.163580246875 0.4039351854166667 0.1759259265625 0.4039351854166667 0.178240740625 0.41087962916666665 0.182098765625 0.41087962916666665 0.1921296296875 0.39004629583333333 0.2121913578125 0.37847222291666666 0.2121913578125 0.36805555624999997 0.20447530937499997 0.35185185208333336 0.20447530937499997 0.34722222291666666 0.2121913578125 0.33796296249999996 0.21296296250000002 0.332175925 0.20987654375 0.3125 0.2121913578125 0.28819444375000003 0.20679012343749997 0.2789351854166667 0.20601851875000002 0.26620370416666667 0.19830246875 0.26620370416666667 0.18055555625 0.28240740833333333 0.1774691359375 0.28819444375000003 0.1759259265625 0.30902777708333334 0.17206790156250001 0.30902777708333334 0.1658950625 0.300925925 0.15972222187500001 0.3020833333333333 0.155864196875 0.3148148145833333 0.141975309375 0.324074075 0.14043209843749999 0.32870370416666667 0.1427469140625 0.33564814791666664 0.134259259375 0.33680555624999997 0.1203703703125 0.34953703750000004 0.119598765625 0.37152777708333334 0.1242283953125 0.37615740833333333 0.1365740734375 0.37847222291666666 0.12885802500000001 0.3958333333333333
0 0.6820987656249999 0.43865740833333333 0.6828703703125 0.46180555624999997 0.69830246875 0.47800925833333335 0.70987654375 0.48148148125 0.711419753125 0.488425925 0.7168209875 0.49305555624999997 0.7283950625 0.49189814791666664 0.7361111109375 0.47569444375000003 0.7430555562500001 0.46990740833333333 0.7430555562500001 0.45254629583333333 0.746141975 0.44675925833333335 0.7445987656249999 0.43171296249999996 0.736882715625 0.41550925833333335 0.7384259265625001 0.39351851875 0.73533950625 0.38194444375000003 0.7245370375 0.3726851854166667 0.7160493828125001 0.37152777708333334 0.711419753125 0.37615740833333333 0.7013888890625 0.3773148145833333 0.6936728390625 0.39004629583333333 0.683641975 0.39930555624999997 0.683641975 0.40740740833333333 0.6875 0.417824075 0.683641975 0.42476851875 0.6820987656249999 0.43865740833333333
0 0.9220679015625001 0.9976851854166667 0.946759259375 0.9976851854166667 0.94830246875 0.9918981479166666 0.9436728390625 0.9756944437499999 0.9405864203125001 0.9421296291666666 0.9305555562500001 0.9340277770833333 0.9128086421875 0.9398148145833333 0.9035493828125001 0.9479166666666666 0.8989197531249999 0.9583333333333334 0.8989197531249999 0.9710648145833333 0.8850308640625 0.9849537041666667 0.88580246875 0.9976851854166667 0.9104938265625 0.9976851854166667 0.9135802468750001 0.9942129625 0.9220679015625001 0.9976851854166667
0 0.17283950625 0.20254629583333333 0.1774691359375 0.2129629625 0.1774691359375 0.21990740833333333 0.17438271562500002 0.2245370375 0.18364197499999999 0.22337962916666668 0.1921296296875 0.21527777708333332 0.1990740734375 0.21643518541666668 0.20447530937499997 0.22569444375 0.20293209843749999 0.23726851875000002 0.20601851875000002 0.24652777708333332 0.2168209875 0.25925925833333335 0.2229938265625 0.2604166666666667 0.23919753125 0.23379629583333333 0.24305555625 0.21990740833333333 0.2492283953125 0.21064814791666667 0.2530864203125 0.18634259166666667 0.2584876546875 0.17939814791666667 0.26080246875 0.16666666666666666 0.2584876546875 0.15856481458333332 0.25077160468750004 0.15393518541666668 0.240740740625 0.14004629583333333 0.22685185156249998 0.13541666666666666 0.2253086421875 0.11458333333333333 0.21296296250000002 0.10763888958333333 0.20910493749999998 0.09375 0.196759259375 0.08680555625 0.182098765625 0.08680555625 0.1666666671875 0.09606481458333334 0.1658950625 0.10879629583333333 0.171296296875 0.12615740833333333 0.1543209875 0.14120370416666667 0.1442901234375 0.15856481458333332 0.13888888906250002 0.17708333333333334 0.1373456796875 0.20023148124999998 0.13966049375 0.207175925 0.1620370375 0.21064814791666667 0.17283950625 0.20254629583333333
0 0.36033950625 0 0.3518518515625 0.0057870375 0.34722222187499996 0.015046295833333334 0.34722222187499996 0.02893518541666667 0.3533950625 0.02893518541666667 0.3611111109375 0.019675925 0.3703703703125 0.019675925 0.375 0.024305556250000002 0.37422839531249996 0.03935185208333333 0.3780864203125 0.052083333333333336 0.3796296296875 0.07175925833333333 0.388117284375 0.06018518541666666 0.3981481484375 0.05439814791666667 0.41743827187500004 0.02893518541666667 0.4074074078125 0.00694444375 0.40663580312500003 0 0.36033950625 0
0 0.8456790125 0.38078703750000004 0.8518518515625001 0.37615740833333333 0.858796296875 0.37615740833333333 0.865740740625 0.355324075 0.869598765625 0.35300925833333335 0.8703703703125001 0.34375 0.8788580250000001 0.33101851875 0.8780864203125001 0.31597222291666666 0.8811728390625 0.3020833333333333 0.8796296296874999 0.2916666666666667 0.8711419749999999 0.28819444375000003 0.8526234562499999 0.300925925 0.8271604937499999 0.29629629583333333 0.82330246875 0.3125 0.8163580250000001 0.3229166666666667 0.8086419749999999 0.3229166666666667 0.803240740625 0.33796296249999996 0.8040123453125 0.35995370416666667 0.8078703703125001 0.37152777708333334 0.8171296296874999 0.38078703750000004 0.8456790125 0.38078703750000004
0 0.6790123453125 0.3854166666666667 0.6921296296875 0.38425925833333335 0.6975308640625 0.37615740833333333 0.7145061734375 0.36226851875 0.7199074078125001 0.35300925833333335 0.7199074078125001 0.33680555624999997 0.70216049375 0.31365740833333333 0.6828703703125 0.3125 0.671296296875 0.29629629583333333 0.6574074078125001 0.29629629583333333 0.6481481484375 0.32523148125 0.6481481484375 0.33796296249999996 0.655864196875 0.34490740833333333 0.6658950625 0.37152777708333334 0.6790123453125 0.3854166666666667
0 0.37422839531249996 0.15277777708333332 0.3850308640625 0.13194444375 0.39197530937499997 0.12615740833333333 0.40663580312500003 0.07986111041666667 0.4375 0.0370370375 0.4375 0.02893518541666667 0.42129629687500003 0.02893518541666667 0.41358024687499995 0.03356481458333334 0.4020061734375 0.050925925000000004 0.3811728390625 0.0682870375 0.3649691359375 0.09143518541666666 0.3595679015625 0.11226851875 0.351080246875 0.1307870375 0.3487654328125 0.14120370416666667 0.351080246875 0.14930555625 0.3611111109375 0.15393518541666668 0.37422839531249996 0.15277777708333332
0 0.8765432093750001 0.23379629583333333 0.8726851859375 0.23958333333333334 0.8726851859375 0.25462962916666665 0.8796296296874999 0.2604166666666667 0.8966049375 0.261574075 0.8981481484374999 0.26504629583333333 0.8950617281250001 0.26851851875 0.8942901234375 0.28009259166666667 0.902777778125 0.29976851875 0.9135802468750001 0.29976851875 0.9174382718749999 0.2951388895833333 0.9182098765625 0.28819444375000003 0.9305555562500001 0.2708333333333333 0.9351851859375 0.269675925 0.9413580250000001 0.261574075 0.9552469140625 0.25925925833333335 0.9583333328125001 0.2557870375 0.9614197531249999 0.25694444375 0.9621913578125 0.27777777708333334 0.9753086421875 0.30555555624999997 0.9807098765625 0.30439814791666664 0.994598765625 0.2916666666666667 0.9953703703125001 0.27546296249999996 0.9992283953125 0.2708333333333333 0.9992283953125 0.24768518541666668 0.9961419749999999 0.24652777708333332 0.994598765625 0.22800925833333335 0.9899691359375 0.22569444375 0.990740740625 0.21990740833333333 0.9992283953125 0.21180555625 0.9992283953125 0.16666666666666666 0.9884259265625 0.15162037083333332 0.9915123453125 0.14583333333333334 0.994598765625 0.14583333333333334 0.994598765625 0.12268518541666666 0.9768518515625001 0.12152777708333334 0.9675925921875 0.10879629583333333 0.942901234375 0.10879629583333333 0.9382716046875 0.11458333333333333 0.9305555562500001 0.14004629583333333 0.9035493828125001 0.14583333333333334 0.9066358031249999 0.15393518541666668 0.9050925921875 0.16087962916666668 0.9104938265625 0.1620370375 0.9128086421875 0.16666666666666666 0.9112654328125 0.17476851875000002 0.88271605 0.175925925 0.8765432093750001 0.1817129625 0.8780864203125001 0.19212962916666668 0.8711419749999999 0.20254629583333333 0.8711419749999999 0.2245370375 0.8765432093750001 0.23379629583333333
0 0.8503086421875 0.7962962958333333 0.8634259265625 0.7974537041666667 0.865740740625 0.8009259249999999 0.880401234375 0.8009259249999999 0.89351851875 0.8101851854166667 0.8981481484374999 0.8101851854166667 0.9050925921875 0.8020833333333334 0.921296296875 0.8009259249999999 0.9313271609375 0.7789351854166667 0.928240740625 0.7650462958333333 0.9228395062500001 0.7604166666666666 0.9220679015625001 0.7476851854166667 0.9081790125 0.7256944437499999 0.8996913578125 0.7280092583333333 0.891203703125 0.7430555562500001 0.8834876546875 0.7395833333333334 0.865740740625 0.7395833333333334 0.858024690625 0.75 0.8371913578125 0.7569444437499999 0.8364197531249999 0.7777777770833333 0.8379629625 0.7858796291666666 0.8425925921875 0.7916666666666666 0.8503086421875 0.7962962958333333
0 0.884259259375 0.9837962958333333 0.8973765437500001 0.9699074083333333 0.8996913578125 0.9479166666666666 0.8981481484374999 0.9421296291666666 0.8904320984374999 0.9351851854166667 0.8796296296874999 0.9351851854166667 0.8549382718749999 0.9467592583333333 0.83101851875 0.9479166666666666 0.821759259375 0.9641203708333334 0.821759259375 0.9791666666666666 0.8364197531249999 0.9976851854166667 0.8796296296874999 0.9965277770833333 0.884259259375 0.9837962958333333
0 0 0 0 0.02893518541666667 0.005401234374999999 0.03472222291666667 0.0100308640625 0.04629629583333333 0.0177469140625 0.050925925000000004 0.027777778125000003 0.06481481458333334 0.0293209875 0.07175925833333333 0.037808642187500005 0.08101851875 0.043981481249999996 0.0995370375 0.05169753125 0.09837962916666668 0.05169753125 0.06134259166666667 0.055555556250000006 0.05439814791666667 0.0524691359375 0.04050925833333333 0.0470679015625 0.03240740833333333 0.0331790125 0.023148147916666664 0.02237654375 0.004629629166666666 0.01466049375 0 0 0
0 0.5293209875 0.31712962916666665 0.5408950625 0.33101851875 0.546296296875 0.35879629583333333 0.5486111109375 0.36226851875 0.553240740625 0.35879629583333333 0.5570987656249999 0.3645833333333333 0.5524691359375 0.36805555624999997 0.5540123453125 0.375 0.549382715625 0.38425925833333335 0.5570987656249999 0.4039351854166667 0.5601851859375 0.39351851875 0.5609567906249999 0.375 0.5632716046875 0.36574074166666665 0.5671296296875 0.36226851875 0.5679012343750001 0.3333333333333333 0.57716049375 0.31828703750000004 0.579475309375 0.29629629583333333 0.5763888890625 0.292824075 0.5763888890625 0.28240740833333333 0.57330246875 0.2789351854166667 0.5725308640625 0.2708333333333333 0.5779320984375 0.25462962916666665 0.5725308640625 0.24652777708333332 0.571759259375 0.238425925 0.5671296296875 0.22916666666666666 0.5486111109375 0.22916666666666666 0.538580246875 0.23495370416666667 0.5254629625 0.2604166666666667 0.5285493828125001 0.27430555624999997 0.523919753125 0.2789351854166667 0.523919753125 0.300925925 0.5293209875 0.31712962916666665
0 0.5632716046875 0.12268518541666666 0.5679012343750001 0.11805555625 0.5817901234375 0.12152777708333334 0.5895061734375 0.11458333333333333 0.5918209875 0.09837962916666668 0.5910493828125001 0.042824074999999996 0.5956790125 0.027777777083333333 0.5910493828125001 0.019675925 0.578607253125 0.019675925 0.579475309375 0.011574075 0.586419753125 0.010416666666666666 0.5856481484375 0.002314814583333333 0.5486111109375 0 0.5447530859375 0.0057870375 0.5470679015625 0.015046295833333334 0.54398148125 0.020833333333333332 0.5331790125 0.020833333333333332 0.520061728125 0.03819444375 0.51851851875 0.06712962916666668 0.5270061734375 0.11805555625 0.531635803125 0.12152777708333334 0.5632716046875 0.12268518541666666
0 0.645061728125 0.24768518541666668 0.6427469140625 0.25347222291666666 0.6427469140625 0.269675925 0.6458333328125 0.28703703750000004 0.6520061734375 0.2916666666666667 0.6620370375 0.2916666666666667 0.6697530859375 0.29976851875 0.6921296296875 0.3101851854166667 0.696759259375 0.30439814791666664 0.6975308640625 0.29398148125 0.70601851875 0.27430555624999997 0.7083333328125 0.25 0.711419753125 0.24189814791666667 0.711419753125 0.22569444375 0.704475309375 0.20601851875000002 0.700617284375 0.20254629583333333 0.6921296296875 0.20370370416666667 0.683641975 0.21527777708333332 0.6790123453125 0.21527777708333332 0.655864196875 0.19791666666666666 0.64351851875 0.20601851875000002 0.6373456796875 0.23726851875000002 0.6388888890625 0.24305555625 0.6427469140625 0.24305555625 0.645061728125 0.24768518541666668
0 0.9992283953125 0.480324075 0.9992283953125 0.4375 0.990740740625 0.4398148145833333 0.9760802468750001 0.45254629583333333 0.9753086421875 0.46296296249999996 0.9799382718749999 0.46990740833333333 0.986882715625 0.47800925833333335 0.9992283953125 0.480324075
0 0.8495370375 0.47453703750000004 0.8541666671874999 0.45254629583333333 0.8518518515625001 0.42939814791666664 0.85648148125 0.4166666666666667 0.8557098765625 0.41203703750000004 0.8495370375 0.40625 0.8487654328125 0.39351851875 0.8449074078125 0.39004629583333333 0.8364197531249999 0.39004629583333333 0.8348765437500001 0.40740740833333333 0.8410493828125001 0.46759259166666667 0.8425925921875 0.47337962916666665 0.8495370375 0.47453703750000004
0 0.8040123453125 0.43171296249999996 0.8078703703125001 0.4375 0.8140432093750001 0.43865740833333333 0.8209876546875 0.45601851875 0.8186728390625 0.47569444375000003 0.82330246875 0.4976851854166667 0.83101851875 0.5092592583333333 0.8371913578125 0.5092592583333333 0.8356481484374999 0.46180555624999997 0.83101851875 0.417824075 0.8263888890625 0.39930555624999997 0.821759259375 0.394675925 0.821759259375 0.3854166666666667 0.8132716046875 0.38078703750000004 0.80169753125 0.36805555624999997 0.7878086421875 0.36805555624999997 0.7839506171874999 0.375 0.7831790125 0.38425925833333335 0.7878086421875 0.39351851875 0.8125 0.40740740833333333 0.8040123453125 0.43171296249999996